0.00015625		0.407783312579	0.997846294084
0.00046875		0.407259193164	0.997524666764
0.00078125		0.406546115936	0.997088207282
0.00109375		0.405816179225	0.996640539296
0.00140625		0.405134089688	0.99622153463
0.00171875		0.404481595435	0.995820171071
0.00203125		0.403847223518	0.995429483202
0.00234375		0.403224892493	0.995045760331
0.00265625		0.402611051251	0.994666835052
0.00296875		0.402003357422	0.994291277341
0.00328125		0.401400000855	0.993917978568
0.00359375		0.40079962742	0.993546107181
0.00390625		0.400201331709	0.993175106482
0.00421875		0.399604528445	0.992804616345
0.00453125		0.399008802376	0.992434380705
0.00484375		0.398413823704	0.992064195561
0.00515625		0.397819312268	0.991693886662
0.00546875		0.39722506442	0.991323326969
0.00578125		0.396630920718	0.990952416326
0.00609375		0.396036788756	0.990581096047
0.00640625		0.395442588128	0.990209314602
0.00671875		0.394848223104	0.989837010767
0.00703125		0.394253615064	0.989464133868
0.00734375		0.393658699712	0.989090641893
0.00765625		0.393063422145	0.988716498533
0.00796875		0.392467735658	0.988341672482
0.00828125		0.391871601089	0.987966137045
0.00859375		0.391274986372	0.987589869884
0.00890625		0.390677865788	0.987212852567
0.00921875		0.390080218157	0.986835069452
0.00953125		0.389482023878	0.986456505811
0.00984375		0.388883264065	0.986077147299
0.01015625		0.388283922169	0.985696980998
0.01046875		0.387683984836	0.985315995955
0.01078125		0.38708344115	0.984934182718
0.01109375		0.386482281559	0.984551532652
0.01140625		0.38588049734	0.984168037609
0.01171875		0.385278080555	0.983783689902
0.01203125		0.38467502402	0.983398482292
0.01234375		0.384071321191	0.983012407908
0.01265625		0.383466966055	0.982625460187
0.01296875		0.382861953145	0.982237632884
0.01328125		0.38225627762	0.981848920122
0.01359375		0.38164993513	0.981459316311
0.01390625		0.381042921543	0.981068815972
0.01421875		0.380435232847	0.980677413672
0.01453125		0.379826865238	0.980285104087
0.01484375		0.379217815178	0.979891882037
0.01515625		0.378608079363	0.979497742463
0.01546875		0.377997654657	0.97910268039
0.01578125		0.377386538052	0.978706690898
0.01609375		0.37677472664	0.978309769106
0.01640625		0.376162217604	0.977911910167
0.01671875		0.375549008204	0.977513109256
0.01703125		0.374935095783	0.977113361576
0.01734375		0.374320477754	0.976712662349
0.01765625		0.373705151579	0.976311006803
0.01796875		0.373089114753	0.975908390163
0.01828125		0.372472364794	0.97550480764
0.01859375		0.371854899251	0.97510025444
0.01890625		0.371236715702	0.974694725761
0.01921875		0.370617811748	0.97428821679
0.01953125		0.369998185009	0.973880722697
0.01984375		0.369377833114	0.973472238633
0.02015625		0.368756753697	0.973062759724
0.02046875		0.3681349444	0.972652281075
0.02078125		0.367512402868	0.972240797763
0.02109375		0.366889126753	0.971828304843
0.02140625		0.366265113702	0.971414797338
0.02171875		0.365640361364	0.971000270242
0.02203125		0.365014867381	0.970584718519
0.02234375		0.364388629389	0.970168137097
0.02265625		0.36376164502	0.969750520874
0.02296875		0.363133911897	0.969331864711
0.02328125		0.362505427637	0.968912163435
0.02359375		0.361876189847	0.968491411835
0.02390625		0.361246196121	0.968069604666
0.02421875		0.360615444048	0.967646736642
0.02453125		0.359983931202	0.967222802439
0.02484375		0.359351655146	0.966797796696
0.02515625		0.358718613431	0.966371714008
0.02546875		0.358084803596	0.965944548932
0.02578125		0.357450223166	0.965516295984
0.02609375		0.356814869651	0.965086949635
0.02640625		0.356178740549	0.964656504316
0.02671875		0.355541833343	0.964224954414
0.02703125		0.354904145501	0.963792294272
0.02734375		0.354265674476	0.963358518189
0.02765625		0.353626417706	0.962923620418
0.02796875		0.352986372613	0.962487595166
0.02828125		0.352345536602	0.962050436596
0.02859375		0.351703907064	0.961612138822
0.02890625		0.351061481375	0.961172695914
0.02921875		0.350418256891	0.960732101891
0.02953125		0.349774230954	0.960290350725
0.02984375		0.349129400885	0.959847436336
0.03015625		0.348483763989	0.959403352598
0.03046875		0.347837317555	0.958958093331
0.03078125		0.347190058853	0.958511652307
0.03109375		0.346541985135	0.958064023246
0.03140625		0.345893093635	0.957615199816
0.03171875		0.345243381569	0.957165175631
0.03203125		0.344592846135	0.956713944253
0.03234375		0.343941484511	0.95626149919
0.03265625		0.343289293856	0.955807833895
0.03296875		0.342636271309	0.955352941765
0.03328125		0.341982413993	0.954896816144
0.03359375		0.341327719008	0.954439450317
0.03390625		0.340672183436	0.953980837513
0.03421875		0.340015804337	0.953520970901
0.03453125		0.339358578748	0.953059843593
0.03484375		0.338700503692	0.952597448641
0.03515625		0.338041576168	0.952133779039
0.03546875		0.337381793156	0.951668827721
0.03578125		0.336721151613	0.951202587557
0.03609375		0.336059648474	0.950735051355
0.03640625		0.335397280654	0.950266211864
0.03671875		0.334734045045	0.949796061763
0.03703125		0.334069938517	0.949324593673
0.03734375		0.333404957919	0.948851800147
0.03765625		0.332739100076	0.948377673671
0.03796875		0.332072361791	0.947902206666
0.03828125		0.331404739843	0.947425391487
0.03859375		0.330736230989	0.946947220417
0.03890625		0.330066831961	0.946467685673
0.03921875		0.32939653947	0.945986779401
0.03953125		0.328725350199	0.945504493676
0.03984375		0.328053260811	0.945020820502
0.04015625		0.327380267941	0.944535751808
0.04046875		0.326706368201	0.944049279454
0.04078125		0.326031558178	0.943561395222
0.04109375		0.325355834432	0.943072090819
0.04140625		0.324679193499	0.942581357878
0.04171875		0.32400163189	0.942089187953
0.04203125		0.323323146087	0.94159557252
0.04234375		0.322643732548	0.941100502976
0.04265625		0.321963387703	0.940603970639
0.04296875		0.321282107956	0.940105966745
0.04328125		0.320599889682	0.939606482446
0.04359375		0.319916729231	0.939105508814
0.04390625		0.319232622922	0.938603036835
0.04421875		0.318547567047	0.938099057409
0.04453125		0.317861557872	0.937593561351
0.04484375		0.317174591629	0.937086539389
0.04515625		0.316486664526	0.936577982159
0.04546875		0.315797772738	0.93606788021
0.04578125		0.315107912411	0.935556224
0.04609375		0.314417079662	0.935043003892
0.04640625		0.313725270575	0.93452821016
0.04671875		0.313032481207	0.934011832978
0.04703125		0.312338707579	0.933493862429
0.04734375		0.311643945684	0.932974288496
0.04765625		0.310948191482	0.932453101064
0.04796875		0.3102514409	0.931930289918
0.04828125		0.309553689832	0.931405844743
0.04859375		0.308854934141	0.930879755119
0.04890625		0.308155169655	0.930352010525
0.04921875		0.307454392168	0.929822600333
0.04953125		0.30675259744	0.929291513809
0.04984375		0.306049781197	0.92875874011
0.05015625		0.305345939129	0.928224268283
0.05046875		0.30464106689	0.927688087265
0.05078125		0.3039351601	0.927150185881
0.05109375		0.30322821434	0.926610552838
0.05140625		0.302520225158	0.926069176732
0.05171875		0.30181118806	0.925526046037
0.05203125		0.301101098519	0.924981149111
0.05234375		0.300389951966	0.924434474189
0.05265625		0.299677743796	0.923886009386
0.05296875		0.298964469363	0.92333574269
0.05328125		0.298250123983	0.922783661965
0.05359375		0.297534702932	0.922229754946
0.05390625		0.296818201443	0.921674009238
0.05421875		0.296100614711	0.921116412316
0.05453125		0.295381937888	0.92055695152
0.05484375		0.294662166084	0.919995614056
0.05515625		0.293941294366	0.919432386992
0.05546875		0.293219317758	0.918867257256
0.05578125		0.292496231242	0.918300211635
0.05609375		0.291772029753	0.917731236773
0.05640625		0.291046708183	0.917160319169
0.05671875		0.290320261377	0.916587445173
0.05703125		0.289592684137	0.916012600986
0.05734375		0.288863971215	0.915435772655
0.05765625		0.288134117318	0.914856946075
0.05796875		0.287403117104	0.914276106983
0.05828125		0.286670965183	0.913693240956
0.05859375		0.285937656117	0.913108333412
0.05890625		0.285203184416	0.912521369602
0.05921875		0.284467544543	0.911932334612
0.05953125		0.283730730905	0.911341213359
0.05984375		0.282992737863	0.910747990588
0.06015625		0.282253559721	0.910152650869
0.06046875		0.281513190733	0.909555178597
0.06078125		0.280771625097	0.908955557984
0.06109375		0.280028856958	0.908353773062
0.06140625		0.279284880404	0.907749807677
0.06171875		0.278539689468	0.907143645484
0.06203125		0.277793278128	0.90653526995
0.06234375		0.2770456403	0.905924664347
0.06265625		0.276296769846	0.905311811746
0.06296875		0.275546660567	0.904696695022
0.06328125		0.274795306202	0.904079296842
0.06359375		0.274042700433	0.903459599668
0.06390625		0.273288836877	0.90283758575
0.06421875		0.27253370909	0.902213237125
0.06453125		0.271777310564	0.901586535612
0.06484375		0.271019634727	0.900957462807
0.06515625		0.270260674942	0.900326000084
0.06546875		0.269500424504	0.899692128586
0.06578125		0.268738876642	0.899055829224
0.06609375		0.267976024517	0.898417082674
0.06640625		0.267211861221	0.89777586937
0.06671875		0.266446379775	0.897132169502
0.06703125		0.265679573128	0.896485963011
0.06734375		0.264911434159	0.895837229588
0.06765625		0.264141955673	0.895185948662
0.06796875		0.263371130398	0.894532099404
0.06828125		0.262598950989	0.893875660718
0.06859375		0.261825410025	0.893216611237
0.06890625		0.261050500004	0.892554929319
0.06921875		0.260274213348	0.89189059304
0.06953125		0.259496542397	0.891223580193
0.06984375		0.25871747941	0.890553868279
0.07015625		0.257937016563	0.889881434505
0.07046875		0.257155145949	0.889206255776
0.07078125		0.256371859574	0.888528308691
0.07109375		0.255587149359	0.887847569539
0.07140625		0.254801007137	0.88716401429
0.07171875		0.254013424649	0.88647761859
0.07203125		0.253224393548	0.885788357758
0.07234375		0.252433905394	0.885096206778
0.07265625		0.251641951654	0.884401140291
0.07296875		0.250848523697	0.883703132591
0.07328125		0.250053612798	0.88300215762
0.07359375		0.249257210133	0.882298188956
0.07390625		0.248459306778	0.881591199811
0.07421875		0.247659893707	0.880881163024
0.07453125		0.24685896179	0.880168051051
0.07484375		0.246056501795	0.879451835958
0.07515625		0.24525250438	0.878732489417
0.07546875		0.244446960097	0.878009982694
0.07578125		0.243639859385	0.877284286645
0.07609375		0.242831192574	0.876555371705
0.07640625		0.242020949877	0.87582320788
0.07671875		0.241209121394	0.875087764742
0.07703125		0.240395697104	0.874349011415
0.07734375		0.239580666868	0.873606916572
0.07765625		0.238764020425	0.87286144842
0.07796875		0.237945747387	0.872112574694
0.07828125		0.237125837244	0.87136026265
0.07859375		0.236304279353	0.870604479047
0.07890625		0.235481062943	0.869845190147
0.07921875		0.23465617711	0.869082361698
0.07953125		0.233829610811	0.868315958923
0.07984375		0.233001352869	0.867545946515
0.08015625		0.232171391964	0.86677228862
0.08046875		0.231339716634	0.865994948828
0.08078125		0.230506315271	0.865213890162
0.08109375		0.229671176117	0.864429075065
0.08140625		0.228834287267	0.863640465384
0.08171875		0.227995636658	0.862848022367
0.08203125		0.227155212072	0.862051706638
0.08234375		0.22631300113	0.861251478194
0.08265625		0.225468991293	0.860447296382
0.08296875		0.224623169853	0.859639119893
0.08328125		0.223775523935	0.858826906742
0.08359375		0.22292604049	0.858010614256
0.08390625		0.222074706296	0.857190199056
0.08421875		0.22122150795	0.856365617043
0.08453125		0.220366431866	0.855536823382
0.08484375		0.219509464274	0.854703772483
0.08515625		0.218650591212	0.853866417988
0.08546875		0.217789798526	0.853024712746
0.08578125		0.216927071864	0.852178608805
0.08609375		0.216062396673	0.851328057381
0.08640625		0.215195758193	0.850473008851
0.08671875		0.214327141456	0.849613412723
0.08703125		0.213456531279	0.848749217621
0.08734375		0.212583912262	0.847880371264
0.08765625		0.21170926878	0.847006820439
0.08796875		0.210832584982	0.846128510986
0.08828125		0.209953844784	0.845245387769
0.08859375		0.209073031863	0.844357394654
0.08890625		0.208190129658	0.843464474486
0.08921875		0.207305121355	0.84256656906
0.08953125		0.206417989891	0.841663619099
0.08984375		0.205528717943	0.840755564225
0.09015625		0.204637287924	0.839842342929
0.09046875		0.203743681977	0.838923892548
0.09078125		0.20284788197	0.838000149229
0.09109375		0.201949869488	0.8370710479
0.09140625		0.201049625828	0.836136522243
0.09171875		0.200147131992	0.835196504655
0.09203125		0.19924236868	0.834250926219
0.09234375		0.198335316284	0.833299716663
0.09265625		0.19742595488	0.832342804333
0.09296875		0.196514264221	0.831380116147
0.09328125		0.19560022373	0.830411577561
0.09359375		0.19468381249	0.829437112529
0.09390625		0.193765009241	0.828456643458
0.09421875		0.192843792364	0.827470091171
0.09453125		0.191920139879	0.826477374859
0.09484375		0.190994029435	0.825478412033
0.09515625		0.190065438297	0.824473118484
0.09546875		0.189134343342	0.823461408226
0.09578125		0.188200721046	0.822443193448
0.09609375		0.187264547473	0.821418384465
0.09640625		0.186325798269	0.820386889656
0.09671875		0.185384448648	0.819348615412
0.09703125		0.184440473381	0.818303466078
0.09734375		0.183493846785	0.817251343886
0.09765625		0.182544542713	0.8161921489
0.09796875		0.181592534539	0.815125778943
0.09828125		0.180637795147	0.814052129532
0.09859375		0.179680296919	0.812971093805
0.09890625		0.178720011717	0.81188256245
0.09921875		0.177756910876	0.810786423627
0.09953125		0.176790965183	0.809682562885
0.09984375		0.175822144866	0.808570863086
0.10015625		0.174850419577	0.807451204312
0.10046875		0.173875758375	0.806323463776
0.10078125		0.172898129713	0.805187515735
0.10109375		0.171917501416	0.804043231382
0.10140625		0.170933840665	0.802890478754
0.10171875		0.169947113981	0.801729122621
0.10203125		0.1689572872	0.800559024376
0.10234375		0.167964325458	0.799380041922
0.10265625		0.16696819317	0.798192029551
0.10296875		0.165968854003	0.796994837817
0.10328125		0.16496627086	0.795788313408
0.10359375		0.163960405852	0.794572299008
0.10390625		0.162951220279	0.793346633152
0.10421875		0.161938674596	0.792111150081
0.10453125		0.160922728396	0.790865679582
0.10484375		0.159903340376	0.789610046829
0.10515625		0.158880468313	0.788344072207
0.10546875		0.15785406903	0.787067571134
0.10578125		0.156824098368	0.785780353878
0.10609375		0.155790511154	0.784482225355
0.10640625		0.154753261162	0.783172984924
0.10671875		0.153712301087	0.781852426174
0.10703125		0.152667582499	0.780520336692
0.10734375		0.151619055809	0.779176497829
0.10765625		0.150566670231	0.777820684447
0.10796875		0.149510373734	0.776452664656
0.10828125		0.148450113004	0.77507219954
0.10859375		0.147385833395	0.773679042859
0.10890625		0.14631747888	0.772272940751
0.10921875		0.145244992004	0.770853631401
0.10953125		0.144168313827	0.769420844707
0.10984375		0.143087383874	0.767974301916
0.11015625		0.142002140072	0.766513715248
0.11046875		0.14091251869	0.765038787493
0.11078125		0.139818454277	0.763549211592
0.11109375		0.138719879594	0.762044670187
0.11140625		0.137616725542	0.76052483515
0.11171875		0.136508921088	0.758989367082
0.11203125		0.135396393188	0.757437914782
0.11234375		0.134279066704	0.755870114687
0.11265625		0.133156864314	0.754285590274
0.11296875		0.132029706427	0.752683951428
0.11328125		0.130897511078	0.751064793769
0.11359375		0.129760193832	0.749427697941
0.11390625		0.128617667675	0.747772228845
0.11421875		0.127469842895	0.746097934836
0.11453125		0.12631662697	0.744404346857
0.11484375		0.12515792443	0.742690977516
0.11515625		0.123993636729	0.74095732011
0.11546875		0.122823662096	0.73920284757
0.11578125		0.121647895388	0.73742701134
0.11609375		0.12046622792	0.735629240174
0.11640625		0.1192785473	0.733808938851
0.11671875		0.118084737238	0.73196548679
0.11703125		0.116884677359	0.730098236569
0.11734375		0.115678242985	0.728206512332
0.11765625		0.114465304919	0.726289608071
0.11796875		0.113245729205	0.724346785779
0.11828125		0.112019376871	0.722377273458
0.11859375		0.110786103662	0.720380262968
0.11890625		0.109545759743	0.718354907699
0.11921875		0.108298189389	0.716300320052
0.11953125		0.107043230646	0.714215568716
0.11984375		0.105780714971	0.712099675697
0.12015625		0.104510466843	0.709951613104
0.12046875		0.103232303339	0.707770299643
0.12078125		0.101946033686	0.705554596797
0.12109375		0.100651458766	0.703303304653
0.12140625		0.0993483705879	0.701015157341
0.12171875		0.0980365517101	0.698688818038
0.12203125		0.0967157746174	0.696322873482
0.12234375		0.0953858010402	0.693915827946
0.12265625		0.0940463812139	0.691466096594
0.12296875		0.0926972530716	0.688971998156
0.12328125		0.0913381413597	0.686431746824
0.12359375		0.0899687566712	0.68384344327
0.12390625		0.0885887943836	0.681205064671
0.12421875		0.0871979334911	0.678514453607
0.12453125		0.0857958353183	0.675769305665
0.12484375		0.0843821420992	0.67296715558
0.12515625		0.0829564754045	0.670105361676
0.12546875		0.0815184343963	0.667181088376
0.12578125		0.0800675938873	0.664191286462
0.12609375		0.0786035021749	0.661132670741
0.12640625		0.0771256786201	0.658001694684
0.12671875		0.0756336109311	0.654794521538
0.12703125		0.0741267521065	0.651506991304
0.12734375		0.0726045169859	0.648134582832
0.12765625		0.0710662783418	0.644672370151
0.12796875		0.0695113624377	0.641114971941
0.12828125		0.0679390439595	0.637456492801
0.12859375		0.0663485402087	0.633690454655
0.12890625		0.064739004421	0.629809716234
0.12921875		0.0631095180438	0.625806378051
0.12953125		0.061459081768	0.621671669582
0.12984375		0.0597866050576	0.617395814509
0.13015625		0.0580908938595	0.612967868662
0.13046875		0.0563706360906	0.608375523717
0.13078125		0.0546243843919	0.603604867567
0.13109375		0.0528505354926	0.598640089303
0.13140625		0.051047305335	0.593463112649
0.13171875		0.0492126988464	0.588053135912
0.13203125		0.04734447288	0.582386048188
0.13234375		0.0454400903424	0.57643367951
0.13265625		0.0434966628041	0.570162824638
0.13296875		0.0415108778499	0.563533952984
0.13328125		0.0394789058969	0.55649947487
0.13359375		0.0373962788996	0.549001366879
0.13390625		0.0352577298008	0.540967848331
0.13421875		0.033056975932	0.532308612625
0.13453125		0.0307864202796	0.522907784484
0.13484375		0.0284367287124	0.512613158277
0.13515625		0.0259962130374	0.501219069463
0.13546875		0.0234498966045	0.488437741097
0.13578125		0.0207780315188	0.47384826661
0.13609375		0.0179535961163	0.456798120444
0.13640625		0.0149376864663	0.436190882998
0.13671875		0.0116696855438	0.409947655528
0.13703125		0.00809294199665	0.373922534381
0.13734375		0.00456953975781	0.32388569578
0.13765625		0.00169688390643	0.25238523068
0.13796875		0.000142426775099	0.133477401172
0.13828125		1.27516369172e-08	0.0129590788275
0.13859375		4.11339628131e-09	0.0100001287085
0.13890625		4.11315253055e-09	0.0100000000036
0.13921875		4.11315252376e-09	0.01
0.13953125		4.11315252376e-09	0.01
0.13984375		4.11315252376e-09	0.01
0.14015625		4.11315252376e-09	0.01
0.14046875		4.11315252376e-09	0.01
0.14078125		4.11315252376e-09	0.01
0.14109375		4.11315252376e-09	0.01
0.14140625		4.11315252376e-09	0.01
0.14171875		4.11315252376e-09	0.01
0.14203125		4.11315252376e-09	0.01
0.14234375		4.11315252376e-09	0.01
0.14265625		4.11315252376e-09	0.01
0.14296875		4.11315252376e-09	0.01
0.14328125		4.11315252376e-09	0.01
0.14359375		4.11315252376e-09	0.01
0.14390625		4.11315252376e-09	0.01
0.14421875		4.11315252376e-09	0.01
0.14453125		4.11315252376e-09	0.01
0.14484375		4.11315252376e-09	0.01
0.14515625		4.11315252376e-09	0.01
0.14546875		4.11315252376e-09	0.01
0.14578125		4.11315252376e-09	0.01
0.14609375		4.11315252376e-09	0.01
0.14640625		4.11315252376e-09	0.01
0.14671875		4.11315252376e-09	0.01
0.14703125		4.11315252376e-09	0.01
0.14734375		4.11315252376e-09	0.01
0.14765625		4.11315252376e-09	0.01
0.14796875		4.11315252376e-09	0.01
0.14828125		4.11315252376e-09	0.01
0.14859375		4.11315252376e-09	0.01
0.14890625		4.11315252376e-09	0.01
0.14921875		4.11315252376e-09	0.01
0.14953125		4.11315252376e-09	0.01
0.14984375		4.11315252376e-09	0.01
0.15015625		4.11315252376e-09	0.01
0.15046875		4.11315252376e-09	0.01
0.15078125		4.11315252376e-09	0.01
0.15109375		4.11315252376e-09	0.01
0.15140625		4.11315252376e-09	0.01
0.15171875		4.11315252376e-09	0.01
0.15203125		4.11315252376e-09	0.01
0.15234375		4.11315252376e-09	0.01
0.15265625		4.11315252376e-09	0.01
0.15296875		4.11315252376e-09	0.01
0.15328125		4.11315252376e-09	0.01
0.15359375		4.11315252376e-09	0.01
0.15390625		4.11315252376e-09	0.01
0.15421875		4.11315252376e-09	0.01
0.15453125		4.11315252376e-09	0.01
0.15484375		4.11315252376e-09	0.01
0.15515625		4.11315252376e-09	0.01
0.15546875		4.11315252376e-09	0.01
0.15578125		4.11315252376e-09	0.01
0.15609375		4.11315252376e-09	0.01
0.15640625		4.11315252376e-09	0.01
0.15671875		4.11315252376e-09	0.01
0.15703125		4.11315252376e-09	0.01
0.15734375		4.11315252376e-09	0.01
0.15765625		4.11315252376e-09	0.01
0.15796875		4.11315252376e-09	0.01
0.15828125		4.11315252376e-09	0.01
0.15859375		4.11315252376e-09	0.01
0.15890625		4.11315252376e-09	0.01
0.15921875		4.11315252376e-09	0.01
0.15953125		4.11315252376e-09	0.01
0.15984375		4.11315252376e-09	0.01
0.16015625		4.11315252376e-09	0.01
0.16046875		4.11315252376e-09	0.01
0.16078125		4.11315252376e-09	0.01
0.16109375		4.11315252376e-09	0.01
0.16140625		4.11315252376e-09	0.01
0.16171875		4.11315252376e-09	0.01
0.16203125		4.11315252376e-09	0.01
0.16234375		4.11315252376e-09	0.01
0.16265625		4.11315252376e-09	0.01
0.16296875		4.11315252376e-09	0.01
0.16328125		4.11315252376e-09	0.01
0.16359375		4.11315252376e-09	0.01
0.16390625		4.11315252376e-09	0.01
0.16421875		4.11315252376e-09	0.01
0.16453125		4.11315252376e-09	0.01
0.16484375		4.11315252376e-09	0.01
0.16515625		4.11315252376e-09	0.01
0.16546875		4.11315252376e-09	0.01
0.16578125		4.11315252376e-09	0.01
0.16609375		4.11315252376e-09	0.01
0.16640625		4.11315252376e-09	0.01
0.16671875		4.11315252376e-09	0.01
0.16703125		4.11315252376e-09	0.01
0.16734375		4.11315252376e-09	0.01
0.16765625		4.11315252376e-09	0.01
0.16796875		4.11315252376e-09	0.01
0.16828125		4.11315252376e-09	0.01
0.16859375		4.11315252376e-09	0.01
0.16890625		4.11315252376e-09	0.01
0.16921875		4.11315252376e-09	0.01
0.16953125		4.11315252376e-09	0.01
0.16984375		4.11315252376e-09	0.01
0.17015625		4.11315252376e-09	0.01
0.17046875		4.11315252376e-09	0.01
0.17078125		4.11315252376e-09	0.01
0.17109375		4.11315252376e-09	0.01
0.17140625		4.11315252376e-09	0.01
0.17171875		4.11315252376e-09	0.01
0.17203125		4.11315252376e-09	0.01
0.17234375		4.11315252376e-09	0.01
0.17265625		4.11315252376e-09	0.01
0.17296875		4.11315252376e-09	0.01
0.17328125		4.11315252376e-09	0.01
0.17359375		4.11315252376e-09	0.01
0.17390625		4.11315252376e-09	0.01
0.17421875		4.11315252376e-09	0.01
0.17453125		4.11315252376e-09	0.01
0.17484375		4.11315252376e-09	0.01
0.17515625		4.11315252376e-09	0.01
0.17546875		4.11315252376e-09	0.01
0.17578125		4.11315252376e-09	0.01
0.17609375		4.11315252376e-09	0.01
0.17640625		4.11315252376e-09	0.01
0.17671875		4.11315252376e-09	0.01
0.17703125		4.11315252376e-09	0.01
0.17734375		4.11315252376e-09	0.01
0.17765625		4.11315252376e-09	0.01
0.17796875		4.11315252376e-09	0.01
0.17828125		4.11315252376e-09	0.01
0.17859375		4.11315252376e-09	0.01
0.17890625		4.11315252376e-09	0.01
0.17921875		4.11315252376e-09	0.01
0.17953125		4.11315252376e-09	0.01
0.17984375		4.11315252376e-09	0.01
0.18015625		4.11315252376e-09	0.01
0.18046875		4.11315252376e-09	0.01
0.18078125		4.11315252376e-09	0.01
0.18109375		4.11315252376e-09	0.01
0.18140625		4.11315252376e-09	0.01
0.18171875		4.11315252376e-09	0.01
0.18203125		4.11315252376e-09	0.01
0.18234375		4.11315252376e-09	0.01
0.18265625		4.11315252376e-09	0.01
0.18296875		4.11315252376e-09	0.01
0.18328125		4.11315252376e-09	0.01
0.18359375		4.11315252376e-09	0.01
0.18390625		4.11315252376e-09	0.01
0.18421875		4.11315252376e-09	0.01
0.18453125		4.11315252376e-09	0.01
0.18484375		4.11315252376e-09	0.01
0.18515625		4.11315252376e-09	0.01
0.18546875		4.11315252376e-09	0.01
0.18578125		4.11315252376e-09	0.01
0.18609375		4.11315252376e-09	0.01
0.18640625		4.11315252376e-09	0.01
0.18671875		4.11315252376e-09	0.01
0.18703125		4.11315252376e-09	0.01
0.18734375		4.11315252376e-09	0.01
0.18765625		4.11315252376e-09	0.01
0.18796875		4.11315252376e-09	0.01
0.18828125		4.11315252376e-09	0.01
0.18859375		4.11315252376e-09	0.01
0.18890625		4.11315252376e-09	0.01
0.18921875		4.11315252376e-09	0.01
0.18953125		4.11315252376e-09	0.01
0.18984375		4.11315252376e-09	0.01
0.19015625		4.11315252376e-09	0.01
0.19046875		4.11315252376e-09	0.01
0.19078125		4.11315252376e-09	0.01
0.19109375		4.11315252376e-09	0.01
0.19140625		4.11315252376e-09	0.01
0.19171875		4.11315252376e-09	0.01
0.19203125		4.11315252376e-09	0.01
0.19234375		4.11315252376e-09	0.01
0.19265625		4.11315252376e-09	0.01
0.19296875		4.11315252376e-09	0.01
0.19328125		4.11315252376e-09	0.01
0.19359375		4.11315252376e-09	0.01
0.19390625		4.11315252376e-09	0.01
0.19421875		4.11315252376e-09	0.01
0.19453125		4.11315252376e-09	0.01
0.19484375		4.11315252376e-09	0.01
0.19515625		4.11315252376e-09	0.01
0.19546875		4.11315252376e-09	0.01
0.19578125		4.11315252376e-09	0.01
0.19609375		4.11315252376e-09	0.01
0.19640625		4.11315252376e-09	0.01
0.19671875		4.11315252376e-09	0.01
0.19703125		4.11315252376e-09	0.01
0.19734375		4.11315252376e-09	0.01
0.19765625		4.11315252376e-09	0.01
0.19796875		4.11315252376e-09	0.01
0.19828125		4.11315252376e-09	0.01
0.19859375		4.11315252376e-09	0.01
0.19890625		4.11315252376e-09	0.01
0.19921875		4.11315252376e-09	0.01
0.19953125		4.11315252376e-09	0.01
0.19984375		4.11315252376e-09	0.01
0.20015625		4.11315252376e-09	0.01
0.20046875		4.11315252376e-09	0.01
0.20078125		4.11315252376e-09	0.01
0.20109375		4.11315252376e-09	0.01
0.20140625		4.11315252376e-09	0.01
0.20171875		4.11315252376e-09	0.01
0.20203125		4.11315252376e-09	0.01
0.20234375		4.11315252376e-09	0.01
0.20265625		4.11315252376e-09	0.01
0.20296875		4.11315252376e-09	0.01
0.20328125		4.11315252376e-09	0.01
0.20359375		4.11315252376e-09	0.01
0.20390625		4.11315252376e-09	0.01
0.20421875		4.11315252376e-09	0.01
0.20453125		4.11315252376e-09	0.01
0.20484375		4.11315252376e-09	0.01
0.20515625		4.11315252376e-09	0.01
0.20546875		4.11315252376e-09	0.01
0.20578125		4.11315252376e-09	0.01
0.20609375		4.11315252376e-09	0.01
0.20640625		4.11315252376e-09	0.01
0.20671875		4.11315252376e-09	0.01
0.20703125		4.11315252376e-09	0.01
0.20734375		4.11315252376e-09	0.01
0.20765625		4.11315252376e-09	0.01
0.20796875		4.11315252376e-09	0.01
0.20828125		4.11315252376e-09	0.01
0.20859375		4.11315252376e-09	0.01
0.20890625		4.11315252376e-09	0.01
0.20921875		4.11315252376e-09	0.01
0.20953125		4.11315252376e-09	0.01
0.20984375		4.11315252376e-09	0.01
0.21015625		4.11315252376e-09	0.01
0.21046875		4.11315252376e-09	0.01
0.21078125		4.11315252376e-09	0.01
0.21109375		4.11315252376e-09	0.01
0.21140625		4.11315252376e-09	0.01
0.21171875		4.11315252376e-09	0.01
0.21203125		4.11315252376e-09	0.01
0.21234375		4.11315252376e-09	0.01
0.21265625		4.11315252376e-09	0.01
0.21296875		4.11315252376e-09	0.01
0.21328125		4.11315252376e-09	0.01
0.21359375		4.11315252376e-09	0.01
0.21390625		4.11315252376e-09	0.01
0.21421875		4.11315252376e-09	0.01
0.21453125		4.11315252376e-09	0.01
0.21484375		4.11315252376e-09	0.01
0.21515625		4.11315252376e-09	0.01
0.21546875		4.11315252376e-09	0.01
0.21578125		4.11315252376e-09	0.01
0.21609375		4.11315252376e-09	0.01
0.21640625		4.11315252376e-09	0.01
0.21671875		4.11315252376e-09	0.01
0.21703125		4.11315252376e-09	0.01
0.21734375		4.11315252376e-09	0.01
0.21765625		4.11315252376e-09	0.01
0.21796875		4.11315252376e-09	0.01
0.21828125		4.11315252376e-09	0.01
0.21859375		4.11315252376e-09	0.01
0.21890625		4.11315252376e-09	0.01
0.21921875		4.11315252376e-09	0.01
0.21953125		4.11315252376e-09	0.01
0.21984375		4.11315252376e-09	0.01
0.22015625		4.11315252376e-09	0.01
0.22046875		4.11315252376e-09	0.01
0.22078125		4.11315252376e-09	0.01
0.22109375		4.11315252376e-09	0.01
0.22140625		4.11315252376e-09	0.01
0.22171875		4.11315252376e-09	0.01
0.22203125		4.11315252376e-09	0.01
0.22234375		4.11315252376e-09	0.01
0.22265625		4.11315252376e-09	0.01
0.22296875		4.11315252376e-09	0.01
0.22328125		4.11315252376e-09	0.01
0.22359375		4.11315252376e-09	0.01
0.22390625		4.11315252376e-09	0.01
0.22421875		4.11315252376e-09	0.01
0.22453125		4.11315252376e-09	0.01
0.22484375		4.11315252376e-09	0.01
0.22515625		4.11315252376e-09	0.01
0.22546875		4.11315252376e-09	0.01
0.22578125		4.11315252376e-09	0.01
0.22609375		4.11315252376e-09	0.01
0.22640625		4.11315252376e-09	0.01
0.22671875		4.11315252376e-09	0.01
0.22703125		4.11315252376e-09	0.01
0.22734375		4.11315252376e-09	0.01
0.22765625		4.11315252376e-09	0.01
0.22796875		4.11315252376e-09	0.01
0.22828125		4.11315252376e-09	0.01
0.22859375		4.11315252376e-09	0.01
0.22890625		4.11315252376e-09	0.01
0.22921875		4.11315252376e-09	0.01
0.22953125		4.11315252376e-09	0.01
0.22984375		4.11315252376e-09	0.01
0.23015625		4.11315252376e-09	0.01
0.23046875		4.11315252376e-09	0.01
0.23078125		4.11315252376e-09	0.01
0.23109375		4.11315252376e-09	0.01
0.23140625		4.11315252376e-09	0.01
0.23171875		4.11315252376e-09	0.01
0.23203125		4.11315252376e-09	0.01
0.23234375		4.11315252376e-09	0.01
0.23265625		4.11315252376e-09	0.01
0.23296875		4.11315252376e-09	0.01
0.23328125		4.11315252376e-09	0.01
0.23359375		4.11315252376e-09	0.01
0.23390625		4.11315252376e-09	0.01
0.23421875		4.11315252376e-09	0.01
0.23453125		4.11315252376e-09	0.01
0.23484375		4.11315252376e-09	0.01
0.23515625		4.11315252376e-09	0.01
0.23546875		4.11315252376e-09	0.01
0.23578125		4.11315252376e-09	0.01
0.23609375		4.11315252376e-09	0.01
0.23640625		4.11315252376e-09	0.01
0.23671875		4.11315252376e-09	0.01
0.23703125		4.11315252376e-09	0.01
0.23734375		4.11315252376e-09	0.01
0.23765625		4.11315252376e-09	0.01
0.23796875		4.11315252376e-09	0.01
0.23828125		4.11315252376e-09	0.01
0.23859375		4.11315252376e-09	0.01
0.23890625		4.11315252376e-09	0.01
0.23921875		4.11315252376e-09	0.01
0.23953125		4.11315252376e-09	0.01
0.23984375		4.11315252376e-09	0.01
0.24015625		4.11315252376e-09	0.01
0.24046875		4.11315252376e-09	0.01
0.24078125		4.11315252376e-09	0.01
0.24109375		4.11315252376e-09	0.01
0.24140625		4.11315252376e-09	0.01
0.24171875		4.11315252376e-09	0.01
0.24203125		4.11315252376e-09	0.01
0.24234375		4.11315252376e-09	0.01
0.24265625		4.11315252376e-09	0.01
0.24296875		4.11315252376e-09	0.01
0.24328125		4.11315252376e-09	0.01
0.24359375		4.11315252376e-09	0.01
0.24390625		4.11315252376e-09	0.01
0.24421875		4.11315252376e-09	0.01
0.24453125		4.11315252376e-09	0.01
0.24484375		4.11315252376e-09	0.01
0.24515625		4.11315252376e-09	0.01
0.24546875		4.11315252376e-09	0.01
0.24578125		4.11315252376e-09	0.01
0.24609375		4.11315252376e-09	0.01
0.24640625		4.11315252376e-09	0.01
0.24671875		4.11315252376e-09	0.01
0.24703125		4.11315252376e-09	0.01
0.24734375		4.11315252376e-09	0.01
0.24765625		4.11315252376e-09	0.01
0.24796875		4.11315252376e-09	0.01
0.24828125		4.11315252376e-09	0.01
0.24859375		4.11315252376e-09	0.01
0.24890625		4.11315252376e-09	0.01
0.24921875		4.11315252376e-09	0.01
0.24953125		4.11315252376e-09	0.01
0.24984375		4.11315252376e-09	0.01
0.25015625		4.11315252376e-09	0.01
0.25046875		4.11315252376e-09	0.01
0.25078125		4.11315252376e-09	0.01
0.25109375		4.11315252376e-09	0.01
0.25140625		4.11315252376e-09	0.01
0.25171875		4.11315252376e-09	0.01
0.25203125		4.11315252376e-09	0.01
0.25234375		4.11315252376e-09	0.01
0.25265625		4.11315252376e-09	0.01
0.25296875		4.11315252376e-09	0.01
0.25328125		4.11315252376e-09	0.01
0.25359375		4.11315252376e-09	0.01
0.25390625		4.11315252376e-09	0.01
0.25421875		4.11315252376e-09	0.01
0.25453125		4.11315252376e-09	0.01
0.25484375		4.11315252376e-09	0.01
0.25515625		4.11315252376e-09	0.01
0.25546875		4.11315252376e-09	0.01
0.25578125		4.11315252376e-09	0.01
0.25609375		4.11315252376e-09	0.01
0.25640625		4.11315252376e-09	0.01
0.25671875		4.11315252376e-09	0.01
0.25703125		4.11315252376e-09	0.01
0.25734375		4.11315252376e-09	0.01
0.25765625		4.11315252376e-09	0.01
0.25796875		4.11315252376e-09	0.01
0.25828125		4.11315252376e-09	0.01
0.25859375		4.11315252376e-09	0.01
0.25890625		4.11315252376e-09	0.01
0.25921875		4.11315252376e-09	0.01
0.25953125		4.11315252376e-09	0.01
0.25984375		4.11315252376e-09	0.01
0.26015625		4.11315252376e-09	0.01
0.26046875		4.11315252376e-09	0.01
0.26078125		4.11315252376e-09	0.01
0.26109375		4.11315252376e-09	0.01
0.26140625		4.11315252376e-09	0.01
0.26171875		4.11315252376e-09	0.01
0.26203125		4.11315252376e-09	0.01
0.26234375		4.11315252376e-09	0.01
0.26265625		4.11315252376e-09	0.01
0.26296875		4.11315252376e-09	0.01
0.26328125		4.11315252376e-09	0.01
0.26359375		4.11315252376e-09	0.01
0.26390625		4.11315252376e-09	0.01
0.26421875		4.11315252376e-09	0.01
0.26453125		4.11315252376e-09	0.01
0.26484375		4.11315252376e-09	0.01
0.26515625		4.11315252376e-09	0.01
0.26546875		4.11315252376e-09	0.01
0.26578125		4.11315252376e-09	0.01
0.26609375		4.11315252376e-09	0.01
0.26640625		4.11315252376e-09	0.01
0.26671875		4.11315252376e-09	0.01
0.26703125		4.11315252376e-09	0.01
0.26734375		4.11315252376e-09	0.01
0.26765625		4.11315252376e-09	0.01
0.26796875		4.11315252376e-09	0.01
0.26828125		4.11315252376e-09	0.01
0.26859375		4.11315252376e-09	0.01
0.26890625		4.11315252376e-09	0.01
0.26921875		4.11315252376e-09	0.01
0.26953125		4.11315252376e-09	0.01
0.26984375		4.11315252376e-09	0.01
0.27015625		4.11315252376e-09	0.01
0.27046875		4.11315252376e-09	0.01
0.27078125		4.11315252376e-09	0.01
0.27109375		4.11315252376e-09	0.01
0.27140625		4.11315252376e-09	0.01
0.27171875		4.11315252376e-09	0.01
0.27203125		4.11315252376e-09	0.01
0.27234375		4.11315252376e-09	0.01
0.27265625		4.11315252376e-09	0.01
0.27296875		4.11315252376e-09	0.01
0.27328125		4.11315252376e-09	0.01
0.27359375		4.11315252376e-09	0.01
0.27390625		4.11315252376e-09	0.01
0.27421875		4.11315252376e-09	0.01
0.27453125		4.11315252376e-09	0.01
0.27484375		4.11315252376e-09	0.01
0.27515625		4.11315252376e-09	0.01
0.27546875		4.11315252376e-09	0.01
0.27578125		4.11315252376e-09	0.01
0.27609375		4.11315252376e-09	0.01
0.27640625		4.11315252376e-09	0.01
0.27671875		4.11315252376e-09	0.01
0.27703125		4.11315252376e-09	0.01
0.27734375		4.11315252376e-09	0.01
0.27765625		4.11315252376e-09	0.01
0.27796875		4.11315252376e-09	0.01
0.27828125		4.11315252376e-09	0.01
0.27859375		4.11315252376e-09	0.01
0.27890625		4.11315252376e-09	0.01
0.27921875		4.11315252376e-09	0.01
0.27953125		4.11315252376e-09	0.01
0.27984375		4.11315252376e-09	0.01
0.28015625		4.11315252376e-09	0.01
0.28046875		4.11315252376e-09	0.01
0.28078125		4.11315252376e-09	0.01
0.28109375		4.11315252376e-09	0.01
0.28140625		4.11315252376e-09	0.01
0.28171875		4.11315252376e-09	0.01
0.28203125		4.11315252376e-09	0.01
0.28234375		4.11315252376e-09	0.01
0.28265625		4.11315252376e-09	0.01
0.28296875		4.11315252376e-09	0.01
0.28328125		4.11315252376e-09	0.01
0.28359375		4.11315252376e-09	0.01
0.28390625		4.11315252376e-09	0.01
0.28421875		4.11315252376e-09	0.01
0.28453125		4.11315252376e-09	0.01
0.28484375		4.11315252376e-09	0.01
0.28515625		4.11315252376e-09	0.01
0.28546875		4.11315252376e-09	0.01
0.28578125		4.11315252376e-09	0.01
0.28609375		4.11315252376e-09	0.01
0.28640625		4.11315252376e-09	0.01
0.28671875		4.11315252376e-09	0.01
0.28703125		4.11315252376e-09	0.01
0.28734375		4.11315252376e-09	0.01
0.28765625		4.11315252376e-09	0.01
0.28796875		4.11315252376e-09	0.01
0.28828125		4.11315252376e-09	0.01
0.28859375		4.11315252376e-09	0.01
0.28890625		4.11315252376e-09	0.01
0.28921875		4.11315252376e-09	0.01
0.28953125		4.11315252376e-09	0.01
0.28984375		4.11315252376e-09	0.01
0.29015625		4.11315252376e-09	0.01
0.29046875		4.11315252376e-09	0.01
0.29078125		4.11315252376e-09	0.01
0.29109375		4.11315252376e-09	0.01
0.29140625		4.11315252376e-09	0.01
0.29171875		4.11315252376e-09	0.01
0.29203125		4.11315252376e-09	0.01
0.29234375		4.11315252376e-09	0.01
0.29265625		4.11315252376e-09	0.01
0.29296875		4.11315252376e-09	0.01
0.29328125		4.11315252376e-09	0.01
0.29359375		4.11315252376e-09	0.01
0.29390625		4.11315252376e-09	0.01
0.29421875		4.11315252376e-09	0.01
0.29453125		4.11315252376e-09	0.01
0.29484375		4.11315252376e-09	0.01
0.29515625		4.11315252376e-09	0.01
0.29546875		4.11315252376e-09	0.01
0.29578125		4.11315252376e-09	0.01
0.29609375		4.11315252376e-09	0.01
0.29640625		4.11315252376e-09	0.01
0.29671875		4.11315252376e-09	0.01
0.29703125		4.11315252376e-09	0.01
0.29734375		4.11315252376e-09	0.01
0.29765625		4.11315252376e-09	0.01
0.29796875		4.11315252376e-09	0.01
0.29828125		4.11315252376e-09	0.01
0.29859375		4.11315252376e-09	0.01
0.29890625		4.11315252376e-09	0.01
0.29921875		4.11315252376e-09	0.01
0.29953125		4.11315252376e-09	0.01
0.29984375		4.11315252376e-09	0.01
0.30015625		4.11315252376e-09	0.01
0.30046875		4.11315252376e-09	0.01
0.30078125		4.11315252376e-09	0.01
0.30109375		4.11315252376e-09	0.01
0.30140625		4.11315252376e-09	0.01
0.30171875		4.11315252376e-09	0.01
0.30203125		4.11315252376e-09	0.01
0.30234375		4.11315252376e-09	0.01
0.30265625		4.11315252376e-09	0.01
0.30296875		4.11315252376e-09	0.01
0.30328125		4.11315252376e-09	0.01
0.30359375		4.11315252376e-09	0.01
0.30390625		4.11315252376e-09	0.01
0.30421875		4.11315252376e-09	0.01
0.30453125		4.11315252376e-09	0.01
0.30484375		4.11315252376e-09	0.01
0.30515625		4.11315252376e-09	0.01
0.30546875		4.11315252376e-09	0.01
0.30578125		4.11315252376e-09	0.01
0.30609375		4.11315252376e-09	0.01
0.30640625		4.11315252376e-09	0.01
0.30671875		4.11315252376e-09	0.01
0.30703125		4.11315252376e-09	0.01
0.30734375		4.11315252376e-09	0.01
0.30765625		4.11315252376e-09	0.01
0.30796875		4.11315252376e-09	0.01
0.30828125		4.11315252376e-09	0.01
0.30859375		4.11315252376e-09	0.01
0.30890625		4.11315252376e-09	0.01
0.30921875		4.11315252376e-09	0.01
0.30953125		4.11315252376e-09	0.01
0.30984375		4.11315252376e-09	0.01
0.31015625		4.11315252376e-09	0.01
0.31046875		4.11315252376e-09	0.01
0.31078125		4.11315252376e-09	0.01
0.31109375		4.11315252376e-09	0.01
0.31140625		4.11315252376e-09	0.01
0.31171875		4.11315252376e-09	0.01
0.31203125		4.11315252376e-09	0.01
0.31234375		4.11315252376e-09	0.01
0.31265625		4.11315252376e-09	0.01
0.31296875		4.11315252376e-09	0.01
0.31328125		4.11315252376e-09	0.01
0.31359375		4.11315252376e-09	0.01
0.31390625		4.11315252376e-09	0.01
0.31421875		4.11315252376e-09	0.01
0.31453125		4.11315252376e-09	0.01
0.31484375		4.11315252376e-09	0.01
0.31515625		4.11315252376e-09	0.01
0.31546875		4.11315252376e-09	0.01
0.31578125		4.11315252376e-09	0.01
0.31609375		4.11315252376e-09	0.01
0.31640625		4.11315252376e-09	0.01
0.31671875		4.11315252376e-09	0.01
0.31703125		4.11315252376e-09	0.01
0.31734375		4.11315252376e-09	0.01
0.31765625		4.11315252376e-09	0.01
0.31796875		4.11315252376e-09	0.01
0.31828125		4.11315252376e-09	0.01
0.31859375		4.11315252376e-09	0.01
0.31890625		4.11315252376e-09	0.01
0.31921875		4.11315252376e-09	0.01
0.31953125		4.11315252376e-09	0.01
0.31984375		4.11315252376e-09	0.01
0.32015625		4.11315252376e-09	0.01
0.32046875		4.11315252376e-09	0.01
0.32078125		4.11315252376e-09	0.01
0.32109375		4.11315252376e-09	0.01
0.32140625		4.11315252376e-09	0.01
0.32171875		4.11315252376e-09	0.01
0.32203125		4.11315252376e-09	0.01
0.32234375		4.11315252376e-09	0.01
0.32265625		4.11315252376e-09	0.01
0.32296875		4.11315252376e-09	0.01
0.32328125		4.11315252376e-09	0.01
0.32359375		4.11315252376e-09	0.01
0.32390625		4.11315252376e-09	0.01
0.32421875		4.11315252376e-09	0.01
0.32453125		4.11315252376e-09	0.01
0.32484375		4.11315252376e-09	0.01
0.32515625		4.11315252376e-09	0.01
0.32546875		4.11315252376e-09	0.01
0.32578125		4.11315252376e-09	0.01
0.32609375		4.11315252376e-09	0.01
0.32640625		4.11315252376e-09	0.01
0.32671875		4.11315252376e-09	0.01
0.32703125		4.11315252376e-09	0.01
0.32734375		4.11315252376e-09	0.01
0.32765625		4.11315252376e-09	0.01
0.32796875		4.11315252376e-09	0.01
0.32828125		4.11315252376e-09	0.01
0.32859375		4.11315252376e-09	0.01
0.32890625		4.11315252376e-09	0.01
0.32921875		4.11315252376e-09	0.01
0.32953125		4.11315252376e-09	0.01
0.32984375		4.11315252376e-09	0.01
0.33015625		4.11315252376e-09	0.01
0.33046875		4.11315252376e-09	0.01
0.33078125		4.11315252376e-09	0.01
0.33109375		4.11315252376e-09	0.01
0.33140625		4.11315252376e-09	0.01
0.33171875		4.11315252376e-09	0.01
0.33203125		4.11315252376e-09	0.01
0.33234375		4.11315252376e-09	0.01
0.33265625		4.11315252376e-09	0.01
0.33296875		4.11315252376e-09	0.01
0.33328125		4.11315252376e-09	0.01
0.33359375		4.11315252376e-09	0.01
0.33390625		4.11315252376e-09	0.01
0.33421875		4.11315252376e-09	0.01
0.33453125		4.11315252376e-09	0.01
0.33484375		4.11315252376e-09	0.01
0.33515625		4.11315252376e-09	0.01
0.33546875		4.11315252376e-09	0.01
0.33578125		4.11315252376e-09	0.01
0.33609375		4.11315252376e-09	0.01
0.33640625		4.11315252376e-09	0.01
0.33671875		4.11315252376e-09	0.01
0.33703125		4.11315252376e-09	0.01
0.33734375		4.11315252376e-09	0.01
0.33765625		4.11315252376e-09	0.01
0.33796875		4.11315252376e-09	0.01
0.33828125		4.11315252376e-09	0.01
0.33859375		4.11315252376e-09	0.01
0.33890625		4.11315252376e-09	0.01
0.33921875		4.11315252376e-09	0.01
0.33953125		4.11315252376e-09	0.01
0.33984375		4.11315252376e-09	0.01
0.34015625		4.11315252376e-09	0.01
0.34046875		4.11315252376e-09	0.01
0.34078125		4.11315252376e-09	0.01
0.34109375		4.11315252376e-09	0.01
0.34140625		4.11315252376e-09	0.01
0.34171875		4.11315252376e-09	0.01
0.34203125		4.11315252376e-09	0.01
0.34234375		4.11315252376e-09	0.01
0.34265625		4.11315252376e-09	0.01
0.34296875		4.11315252376e-09	0.01
0.34328125		4.11315252376e-09	0.01
0.34359375		4.11315252376e-09	0.01
0.34390625		4.11315252376e-09	0.01
0.34421875		4.11315252376e-09	0.01
0.34453125		4.11315252376e-09	0.01
0.34484375		4.11315252376e-09	0.01
0.34515625		4.11315252376e-09	0.01
0.34546875		4.11315252376e-09	0.01
0.34578125		4.11315252376e-09	0.01
0.34609375		4.11315252376e-09	0.01
0.34640625		4.11315252376e-09	0.01
0.34671875		4.11315252376e-09	0.01
0.34703125		4.11315252376e-09	0.01
0.34734375		4.11315252376e-09	0.01
0.34765625		4.11315252376e-09	0.01
0.34796875		4.11315252376e-09	0.01
0.34828125		4.11315252376e-09	0.01
0.34859375		4.11315252376e-09	0.01
0.34890625		4.11315252376e-09	0.01
0.34921875		4.11315252376e-09	0.01
0.34953125		4.11315252376e-09	0.01
0.34984375		4.11315252376e-09	0.01
0.35015625		4.11315252376e-09	0.01
0.35046875		4.11315252376e-09	0.01
0.35078125		4.11315252376e-09	0.01
0.35109375		4.11315252376e-09	0.01
0.35140625		4.11315252376e-09	0.01
0.35171875		4.11315252376e-09	0.01
0.35203125		4.11315252376e-09	0.01
0.35234375		4.11315252376e-09	0.01
0.35265625		4.11315252376e-09	0.01
0.35296875		4.11315252376e-09	0.01
0.35328125		4.11315252376e-09	0.01
0.35359375		4.11315252376e-09	0.01
0.35390625		4.11315252376e-09	0.01
0.35421875		4.11315252376e-09	0.01
0.35453125		4.11315252376e-09	0.01
0.35484375		4.11315252376e-09	0.01
0.35515625		4.11315252376e-09	0.01
0.35546875		4.11315252376e-09	0.01
0.35578125		4.11315252376e-09	0.01
0.35609375		4.11315252376e-09	0.01
0.35640625		4.11315252376e-09	0.01
0.35671875		4.11315252376e-09	0.01
0.35703125		4.11315252376e-09	0.01
0.35734375		4.11315252376e-09	0.01
0.35765625		4.11315252376e-09	0.01
0.35796875		4.11315252376e-09	0.01
0.35828125		4.11315252376e-09	0.01
0.35859375		4.11315252376e-09	0.01
0.35890625		4.11315252376e-09	0.01
0.35921875		4.11315252376e-09	0.01
0.35953125		4.11315252376e-09	0.01
0.35984375		4.11315252376e-09	0.01
0.36015625		4.11315252376e-09	0.01
0.36046875		4.11315252376e-09	0.01
0.36078125		4.11315252376e-09	0.01
0.36109375		4.11315252376e-09	0.01
0.36140625		4.11315252376e-09	0.01
0.36171875		4.11315252376e-09	0.01
0.36203125		4.11315252376e-09	0.01
0.36234375		4.11315252376e-09	0.01
0.36265625		4.11315252376e-09	0.01
0.36296875		4.11315252376e-09	0.01
0.36328125		4.11315252376e-09	0.01
0.36359375		4.11315252376e-09	0.01
0.36390625		4.11315252376e-09	0.01
0.36421875		4.11315252376e-09	0.01
0.36453125		4.11315252376e-09	0.01
0.36484375		4.11315252376e-09	0.01
0.36515625		4.11315252376e-09	0.01
0.36546875		4.11315252376e-09	0.01
0.36578125		4.11315252376e-09	0.01
0.36609375		4.11315252376e-09	0.01
0.36640625		4.11315252376e-09	0.01
0.36671875		4.11315252376e-09	0.01
0.36703125		4.11315252376e-09	0.01
0.36734375		4.11315252376e-09	0.01
0.36765625		4.11315252376e-09	0.01
0.36796875		4.11315252376e-09	0.01
0.36828125		4.11315252376e-09	0.01
0.36859375		4.11315252376e-09	0.01
0.36890625		4.11315252376e-09	0.01
0.36921875		4.11315252376e-09	0.01
0.36953125		4.11315252376e-09	0.01
0.36984375		4.11315252376e-09	0.01
0.37015625		4.11315252376e-09	0.01
0.37046875		4.11315252376e-09	0.01
0.37078125		4.11315252376e-09	0.01
0.37109375		4.11315252376e-09	0.01
0.37140625		4.11315252376e-09	0.01
0.37171875		4.11315252376e-09	0.01
0.37203125		4.11315252376e-09	0.01
0.37234375		4.11315252376e-09	0.01
0.37265625		4.11315252376e-09	0.01
0.37296875		4.11315252376e-09	0.01
0.37328125		4.11315252376e-09	0.01
0.37359375		4.11315252376e-09	0.01
0.37390625		4.11315252376e-09	0.01
0.37421875		4.11315252376e-09	0.01
0.37453125		4.11315252376e-09	0.01
0.37484375		4.11315252376e-09	0.01
0.37515625		4.11315252376e-09	0.01
0.37546875		4.11315252376e-09	0.01
0.37578125		4.11315252376e-09	0.01
0.37609375		4.11315252376e-09	0.01
0.37640625		4.11315252376e-09	0.01
0.37671875		4.11315252376e-09	0.01
0.37703125		4.11315252376e-09	0.01
0.37734375		4.11315252376e-09	0.01
0.37765625		4.11315252376e-09	0.01
0.37796875		4.11315252376e-09	0.01
0.37828125		4.11315252376e-09	0.01
0.37859375		4.11315252376e-09	0.01
0.37890625		4.11315252376e-09	0.01
0.37921875		4.11315252376e-09	0.01
0.37953125		4.11315252376e-09	0.01
0.37984375		4.11315252376e-09	0.01
0.38015625		4.11315252376e-09	0.01
0.38046875		4.11315252376e-09	0.01
0.38078125		4.11315252376e-09	0.01
0.38109375		4.11315252376e-09	0.01
0.38140625		4.11315252376e-09	0.01
0.38171875		4.11315252376e-09	0.01
0.38203125		4.11315252376e-09	0.01
0.38234375		4.11315252376e-09	0.01
0.38265625		4.11315252376e-09	0.01
0.38296875		4.11315252376e-09	0.01
0.38328125		4.11315252376e-09	0.01
0.38359375		4.11315252376e-09	0.01
0.38390625		4.11315252376e-09	0.01
0.38421875		4.11315252376e-09	0.01
0.38453125		4.11315252376e-09	0.01
0.38484375		4.11315252376e-09	0.01
0.38515625		4.11315252376e-09	0.01
0.38546875		4.11315252376e-09	0.01
0.38578125		4.11315252376e-09	0.01
0.38609375		4.11315252376e-09	0.01
0.38640625		4.11315252376e-09	0.01
0.38671875		4.11315252376e-09	0.01
0.38703125		4.11315252376e-09	0.01
0.38734375		4.11315252376e-09	0.01
0.38765625		4.11315252376e-09	0.01
0.38796875		4.11315252376e-09	0.01
0.38828125		4.11315252376e-09	0.01
0.38859375		4.11315252376e-09	0.01
0.38890625		4.11315252376e-09	0.01
0.38921875		4.11315252376e-09	0.01
0.38953125		4.11315252376e-09	0.01
0.38984375		4.11315252376e-09	0.01
0.39015625		4.11315252376e-09	0.01
0.39046875		4.11315252376e-09	0.01
0.39078125		4.11315252376e-09	0.01
0.39109375		4.11315252376e-09	0.01
0.39140625		4.11315252376e-09	0.01
0.39171875		4.11315252376e-09	0.01
0.39203125		4.11315252376e-09	0.01
0.39234375		4.11315252376e-09	0.01
0.39265625		4.11315252376e-09	0.01
0.39296875		4.11315252376e-09	0.01
0.39328125		4.11315252376e-09	0.01
0.39359375		4.11315252376e-09	0.01
0.39390625		4.11315252376e-09	0.01
0.39421875		4.11315252376e-09	0.01
0.39453125		4.11315252376e-09	0.01
0.39484375		4.11315252376e-09	0.01
0.39515625		4.11315252376e-09	0.01
0.39546875		4.11315252376e-09	0.01
0.39578125		4.11315252376e-09	0.01
0.39609375		4.11315252376e-09	0.01
0.39640625		4.11315252376e-09	0.01
0.39671875		4.11315252376e-09	0.01
0.39703125		4.11315252376e-09	0.01
0.39734375		4.11315252376e-09	0.01
0.39765625		4.11315252376e-09	0.01
0.39796875		4.11315252376e-09	0.01
0.39828125		4.11315252376e-09	0.01
0.39859375		4.11315252376e-09	0.01
0.39890625		4.11315252376e-09	0.01
0.39921875		4.11315252376e-09	0.01
0.39953125		4.11315252376e-09	0.01
0.39984375		4.11315252376e-09	0.01
0.40015625		4.11315252376e-09	0.01
0.40046875		4.11315252376e-09	0.01
0.40078125		4.11315252376e-09	0.01
0.40109375		4.11315252376e-09	0.01
0.40140625		4.11315252376e-09	0.01
0.40171875		4.11315252376e-09	0.01
0.40203125		4.11315252376e-09	0.01
0.40234375		4.11315252376e-09	0.01
0.40265625		4.11315252376e-09	0.01
0.40296875		4.11315252376e-09	0.01
0.40328125		4.11315252376e-09	0.01
0.40359375		4.11315252376e-09	0.01
0.40390625		4.11315252376e-09	0.01
0.40421875		4.11315252376e-09	0.01
0.40453125		4.11315252376e-09	0.01
0.40484375		4.11315252376e-09	0.01
0.40515625		4.11315252376e-09	0.01
0.40546875		4.11315252376e-09	0.01
0.40578125		4.11315252376e-09	0.01
0.40609375		4.11315252376e-09	0.01
0.40640625		4.11315252376e-09	0.01
0.40671875		4.11315252376e-09	0.01
0.40703125		4.11315252376e-09	0.01
0.40734375		4.11315252376e-09	0.01
0.40765625		4.11315252376e-09	0.01
0.40796875		4.11315252376e-09	0.01
0.40828125		4.11315252376e-09	0.01
0.40859375		4.11315252376e-09	0.01
0.40890625		4.11315252376e-09	0.01
0.40921875		4.11315252376e-09	0.01
0.40953125		4.11315252376e-09	0.01
0.40984375		4.11315252376e-09	0.01
0.41015625		4.11315252376e-09	0.01
0.41046875		4.11315252376e-09	0.01
0.41078125		4.11315252376e-09	0.01
0.41109375		4.11315252376e-09	0.01
0.41140625		4.11315252376e-09	0.01
0.41171875		4.11315252376e-09	0.01
0.41203125		4.11315252376e-09	0.01
0.41234375		4.11315252376e-09	0.01
0.41265625		4.11315252376e-09	0.01
0.41296875		4.11315252376e-09	0.01
0.41328125		4.11315252376e-09	0.01
0.41359375		4.11315252376e-09	0.01
0.41390625		4.11315252376e-09	0.01
0.41421875		4.11315252376e-09	0.01
0.41453125		4.11315252376e-09	0.01
0.41484375		4.11315252376e-09	0.01
0.41515625		4.11315252376e-09	0.01
0.41546875		4.11315252376e-09	0.01
0.41578125		4.11315252376e-09	0.01
0.41609375		4.11315252376e-09	0.01
0.41640625		4.11315252376e-09	0.01
0.41671875		4.11315252376e-09	0.01
0.41703125		4.11315252376e-09	0.01
0.41734375		4.11315252376e-09	0.01
0.41765625		4.11315252376e-09	0.01
0.41796875		4.11315252376e-09	0.01
0.41828125		4.11315252376e-09	0.01
0.41859375		4.11315252376e-09	0.01
0.41890625		4.11315252376e-09	0.01
0.41921875		4.11315252376e-09	0.01
0.41953125		4.11315252376e-09	0.01
0.41984375		4.11315252376e-09	0.01
0.42015625		4.11315252376e-09	0.01
0.42046875		4.11315252376e-09	0.01
0.42078125		4.11315252376e-09	0.01
0.42109375		4.11315252376e-09	0.01
0.42140625		4.11315252376e-09	0.01
0.42171875		4.11315252376e-09	0.01
0.42203125		4.11315252376e-09	0.01
0.42234375		4.11315252376e-09	0.01
0.42265625		4.11315252376e-09	0.01
0.42296875		4.11315252376e-09	0.01
0.42328125		4.11315252376e-09	0.01
0.42359375		4.11315252376e-09	0.01
0.42390625		4.11315252376e-09	0.01
0.42421875		4.11315252376e-09	0.01
0.42453125		4.11315252376e-09	0.01
0.42484375		4.11315252376e-09	0.01
0.42515625		4.11315252376e-09	0.01
0.42546875		4.11315252376e-09	0.01
0.42578125		4.11315252376e-09	0.01
0.42609375		4.11315252376e-09	0.01
0.42640625		4.11315252376e-09	0.01
0.42671875		4.11315252376e-09	0.01
0.42703125		4.11315252376e-09	0.01
0.42734375		4.11315252376e-09	0.01
0.42765625		4.11315252376e-09	0.01
0.42796875		4.11315252376e-09	0.01
0.42828125		4.11315252376e-09	0.01
0.42859375		4.11315252376e-09	0.01
0.42890625		4.11315252376e-09	0.01
0.42921875		4.11315252376e-09	0.01
0.42953125		4.11315252376e-09	0.01
0.42984375		4.11315252376e-09	0.01
0.43015625		4.11315252376e-09	0.01
0.43046875		4.11315252376e-09	0.01
0.43078125		4.11315252376e-09	0.01
0.43109375		4.11315252376e-09	0.01
0.43140625		4.11315252376e-09	0.01
0.43171875		4.11315252376e-09	0.01
0.43203125		4.11315252376e-09	0.01
0.43234375		4.11315252376e-09	0.01
0.43265625		4.11315252376e-09	0.01
0.43296875		4.11315252376e-09	0.01
0.43328125		4.11315252376e-09	0.01
0.43359375		4.11315252376e-09	0.01
0.43390625		4.11315252376e-09	0.01
0.43421875		4.11315252376e-09	0.01
0.43453125		4.11315252376e-09	0.01
0.43484375		4.11315252376e-09	0.01
0.43515625		4.11315252376e-09	0.01
0.43546875		4.11315252376e-09	0.01
0.43578125		4.11315252376e-09	0.01
0.43609375		4.11315252376e-09	0.01
0.43640625		4.11315252376e-09	0.01
0.43671875		4.11315252376e-09	0.01
0.43703125		4.11315252376e-09	0.01
0.43734375		4.11315252376e-09	0.01
0.43765625		4.11315252376e-09	0.01
0.43796875		4.11315252376e-09	0.01
0.43828125		4.11315252376e-09	0.01
0.43859375		4.11315252376e-09	0.01
0.43890625		4.11315252376e-09	0.01
0.43921875		4.11315252376e-09	0.01
0.43953125		4.11315252376e-09	0.01
0.43984375		4.11315252376e-09	0.01
0.44015625		4.11315252376e-09	0.01
0.44046875		4.11315252376e-09	0.01
0.44078125		4.11315252376e-09	0.01
0.44109375		4.11315252376e-09	0.01
0.44140625		4.11315252376e-09	0.01
0.44171875		4.11315252376e-09	0.01
0.44203125		4.11315252376e-09	0.01
0.44234375		4.11315252376e-09	0.01
0.44265625		4.11315252376e-09	0.01
0.44296875		4.11315252376e-09	0.01
0.44328125		4.11315252376e-09	0.01
0.44359375		4.11315252376e-09	0.01
0.44390625		4.11315252376e-09	0.01
0.44421875		4.11315252376e-09	0.01
0.44453125		4.11315252376e-09	0.01
0.44484375		4.11315252376e-09	0.01
0.44515625		4.11315252376e-09	0.01
0.44546875		4.11315252376e-09	0.01
0.44578125		4.11315252376e-09	0.01
0.44609375		4.11315252376e-09	0.01
0.44640625		4.11315252376e-09	0.01
0.44671875		4.11315252376e-09	0.01
0.44703125		4.11315252376e-09	0.01
0.44734375		4.11315252376e-09	0.01
0.44765625		4.11315252376e-09	0.01
0.44796875		4.11315252376e-09	0.01
0.44828125		4.11315252376e-09	0.01
0.44859375		4.11315252376e-09	0.01
0.44890625		4.11315252376e-09	0.01
0.44921875		4.11315252376e-09	0.01
0.44953125		4.11315252376e-09	0.01
0.44984375		4.11315252376e-09	0.01
0.45015625		4.11315252376e-09	0.01
0.45046875		4.11315252376e-09	0.01
0.45078125		4.11315252376e-09	0.01
0.45109375		4.11315252376e-09	0.01
0.45140625		4.11315252376e-09	0.01
0.45171875		4.11315252376e-09	0.01
0.45203125		4.11315252376e-09	0.01
0.45234375		4.11315252376e-09	0.01
0.45265625		4.11315252376e-09	0.01
0.45296875		4.11315252376e-09	0.01
0.45328125		4.11315252376e-09	0.01
0.45359375		4.11315252376e-09	0.01
0.45390625		4.11315252376e-09	0.01
0.45421875		4.11315252376e-09	0.01
0.45453125		4.11315252376e-09	0.01
0.45484375		4.11315252376e-09	0.01
0.45515625		4.11315252376e-09	0.01
0.45546875		4.11315252376e-09	0.01
0.45578125		4.11315252376e-09	0.01
0.45609375		4.11315252376e-09	0.01
0.45640625		4.11315252376e-09	0.01
0.45671875		4.11315252376e-09	0.01
0.45703125		4.11315252376e-09	0.01
0.45734375		4.11315252376e-09	0.01
0.45765625		4.11315252376e-09	0.01
0.45796875		4.11315252376e-09	0.01
0.45828125		4.11315252376e-09	0.01
0.45859375		4.11315252376e-09	0.01
0.45890625		4.11315252376e-09	0.01
0.45921875		4.11315252376e-09	0.01
0.45953125		4.11315252376e-09	0.01
0.45984375		4.11315252376e-09	0.01
0.46015625		4.11315252376e-09	0.01
0.46046875		4.11315252376e-09	0.01
0.46078125		4.11315252376e-09	0.01
0.46109375		4.11315252376e-09	0.01
0.46140625		4.11315252376e-09	0.01
0.46171875		4.11315252376e-09	0.01
0.46203125		4.11315252376e-09	0.01
0.46234375		4.11315252376e-09	0.01
0.46265625		4.11315252376e-09	0.01
0.46296875		4.11315252376e-09	0.01
0.46328125		4.11315252376e-09	0.01
0.46359375		4.11315252376e-09	0.01
0.46390625		4.11315252376e-09	0.01
0.46421875		4.11315252376e-09	0.01
0.46453125		4.11315252376e-09	0.01
0.46484375		4.11315252376e-09	0.01
0.46515625		4.11315252376e-09	0.01
0.46546875		4.11315252376e-09	0.01
0.46578125		4.11315252376e-09	0.01
0.46609375		4.11315252376e-09	0.01
0.46640625		4.11315252376e-09	0.01
0.46671875		4.11315252376e-09	0.01
0.46703125		4.11315252376e-09	0.01
0.46734375		4.11315252376e-09	0.01
0.46765625		4.11315252376e-09	0.01
0.46796875		4.11315252376e-09	0.01
0.46828125		4.11315252376e-09	0.01
0.46859375		4.11315252376e-09	0.01
0.46890625		4.11315252376e-09	0.01
0.46921875		4.11315252376e-09	0.01
0.46953125		4.11315252376e-09	0.01
0.46984375		4.11315252376e-09	0.01
0.47015625		4.11315252376e-09	0.01
0.47046875		4.11315252376e-09	0.01
0.47078125		4.11315252376e-09	0.01
0.47109375		4.11315252376e-09	0.01
0.47140625		4.11315252376e-09	0.01
0.47171875		4.11315252376e-09	0.01
0.47203125		4.11315252376e-09	0.01
0.47234375		4.11315252376e-09	0.01
0.47265625		4.11315252376e-09	0.01
0.47296875		4.11315252376e-09	0.01
0.47328125		4.11315252376e-09	0.01
0.47359375		4.11315252376e-09	0.01
0.47390625		4.11315252376e-09	0.01
0.47421875		4.11315252376e-09	0.01
0.47453125		4.11315252376e-09	0.01
0.47484375		4.11315252376e-09	0.01
0.47515625		4.11315252376e-09	0.01
0.47546875		4.11315252376e-09	0.01
0.47578125		4.11315252376e-09	0.01
0.47609375		4.11315252376e-09	0.01
0.47640625		4.11315252376e-09	0.01
0.47671875		4.11315252376e-09	0.01
0.47703125		4.11315252376e-09	0.01
0.47734375		4.11315252376e-09	0.01
0.47765625		4.11315252376e-09	0.01
0.47796875		4.11315252376e-09	0.01
0.47828125		4.11315252376e-09	0.01
0.47859375		4.11315252376e-09	0.01
0.47890625		4.11315252376e-09	0.01
0.47921875		4.11315252376e-09	0.01
0.47953125		4.11315252376e-09	0.01
0.47984375		4.11315252376e-09	0.01
0.48015625		4.11315252376e-09	0.01
0.48046875		4.11315252376e-09	0.01
0.48078125		4.11315252376e-09	0.01
0.48109375		4.11315252376e-09	0.01
0.48140625		4.11315252376e-09	0.01
0.48171875		4.11315252376e-09	0.01
0.48203125		4.11315252376e-09	0.01
0.48234375		4.11315252376e-09	0.01
0.48265625		4.11315252376e-09	0.01
0.48296875		4.11315252376e-09	0.01
0.48328125		4.11315252376e-09	0.01
0.48359375		4.11315252376e-09	0.01
0.48390625		4.11315252376e-09	0.01
0.48421875		4.11315252376e-09	0.01
0.48453125		4.11315252376e-09	0.01
0.48484375		4.11315252376e-09	0.01
0.48515625		4.11315252376e-09	0.01
0.48546875		4.11315252376e-09	0.01
0.48578125		4.11315252376e-09	0.01
0.48609375		4.11315252376e-09	0.01
0.48640625		4.11315252376e-09	0.01
0.48671875		4.11315252376e-09	0.01
0.48703125		4.11315252376e-09	0.01
0.48734375		4.11315252376e-09	0.01
0.48765625		4.11315252376e-09	0.01
0.48796875		4.11315252376e-09	0.01
0.48828125		4.11315252376e-09	0.01
0.48859375		4.11315252376e-09	0.01
0.48890625		4.11315252376e-09	0.01
0.48921875		4.11315252376e-09	0.01
0.48953125		4.11315252376e-09	0.01
0.48984375		4.11315252376e-09	0.01
0.49015625		4.11315252376e-09	0.01
0.49046875		4.11315252376e-09	0.01
0.49078125		4.11315252376e-09	0.01
0.49109375		4.11315252376e-09	0.01
0.49140625		4.11315252376e-09	0.01
0.49171875		4.11315252376e-09	0.01
0.49203125		4.11315252376e-09	0.01
0.49234375		4.11315252376e-09	0.01
0.49265625		4.11315252376e-09	0.01
0.49296875		4.11315252376e-09	0.01
0.49328125		4.11315252376e-09	0.01
0.49359375		4.11315252376e-09	0.01
0.49390625		4.11315252376e-09	0.01
0.49421875		4.11315252376e-09	0.01
0.49453125		4.11315252376e-09	0.01
0.49484375		4.11315252376e-09	0.01
0.49515625		4.11315252376e-09	0.01
0.49546875		4.11315252376e-09	0.01
0.49578125		4.11315252376e-09	0.01
0.49609375		4.11315252376e-09	0.01
0.49640625		4.11315252376e-09	0.01
0.49671875		4.11315252376e-09	0.01
0.49703125		4.11315252376e-09	0.01
0.49734375		4.11315252376e-09	0.01
0.49765625		4.11315252376e-09	0.01
0.49796875		4.11315252376e-09	0.01
0.49828125		4.11315252376e-09	0.01
0.49859375		4.11315252376e-09	0.01
0.49890625		4.11315252376e-09	0.01
0.49921875		4.11315252376e-09	0.01
0.49953125		4.11315252376e-09	0.01
0.49984375		4.11315252376e-09	0.01
