0.00015625		0.407568983947	0.997715141574
0.00046875		0.407012860476	0.997373728679
0.00078125		0.406256219113	0.996910373279
0.00109375		0.405481627213	0.996435042279
0.00140625		0.404757720506	0.995990054967
0.00171875		0.404065174241	0.995563739541
0.00203125		0.403391810087	0.995148700083
0.00234375		0.402731176662	0.994740998887
0.00265625		0.402079507598	0.994338336351
0.00296875		0.401434316739	0.993939193976
0.00328125		0.40079368266	0.993542394246
0.00359375		0.40015616842	0.993147054039
0.00390625		0.399520813856	0.9927525824
0.00421875		0.398886997944	0.992358596739
0.00453125		0.398254278095	0.991964823704
0.00484375		0.397622302157	0.991571044996
0.00515625		0.39699077835	0.991177078713
0.00546875		0.39635949659	0.99078279346
0.00578125		0.395728290013	0.990388083962
0.00609375		0.39509706044	0.989992887491
0.00640625		0.394465711041	0.98959714184
0.00671875		0.393834137884	0.989200780235
0.00703125		0.393202261158	0.988803750756
0.00734375		0.392570012801	0.988406008504
0.00765625		0.391937334129	0.98800751429
0.00796875		0.391304175161	0.987608234232
0.00828125		0.39067049434	0.987208139606
0.00859375		0.390036257707	0.986807206349
0.00890625		0.389401437822	0.986405414413
0.00921875		0.388766011871	0.986002746581
0.00953125		0.38812995868	0.985599186585
0.00984375		0.387493257965	0.985194718637
0.01015625		0.386855891998	0.984789328508
0.01046875		0.386217846418	0.984383004039
0.01078125		0.385579109404	0.98397573463
0.01109375		0.384939670551	0.983567510524
0.01140625		0.384299520333	0.983158322479
0.01171875		0.383658650057	0.982748161736
0.01203125		0.383017051832	0.982337020005
0.01234375		0.38237471843	0.981924889378
0.01265625		0.381731643195	0.981511762268
0.01296875		0.381087820064	0.981097631432
0.01328125		0.380443243628	0.980682490009
0.01359375		0.379797908977	0.980266331421
0.01390625		0.379151811421	0.979849149193
0.01421875		0.378504946404	0.979430936905
0.01453125		0.377857309598	0.979011688244
0.01484375		0.377208896954	0.978591397047
0.01515625		0.376559704663	0.978170057267
0.01546875		0.375909729092	0.977747662941
0.01578125		0.375258966736	0.977324208152
0.01609375		0.3746074142	0.976899687021
0.01640625		0.373955068173	0.976474093692
0.01671875		0.373301925427	0.976047422326
0.01703125		0.372647982822	0.97561966711
0.01734375		0.371993237287	0.97519082224
0.01765625		0.3713376858	0.97476088191
0.01796875		0.370681325365	0.974329840299
0.01828125		0.370024153013	0.973897691567
0.01859375		0.369366165803	0.973464429857
0.01890625		0.368707360821	0.973030049298
0.01921875		0.368047735177	0.972594543995
0.01953125		0.367387285994	0.972157908029
0.01984375		0.3667260104	0.971720135449
0.02015625		0.366063905531	0.971281220271
0.02046875		0.365400968521	0.970841156475
0.02078125		0.364737196509	0.970399938007
0.02109375		0.364072586634	0.969957558775
0.02140625		0.36340713603	0.969514012647
0.02171875		0.362740841825	0.96906929345
0.02203125		0.362073701139	0.968623394965
0.02234375		0.361405711082	0.968176310929
0.02265625		0.360736868753	0.967728035035
0.02296875		0.360067171242	0.967278560926
0.02328125		0.359396615624	0.9668278822
0.02359375		0.358725198963	0.966375992401
0.02390625		0.358052918305	0.965922885028
0.02421875		0.357379770685	0.965468553525
0.02453125		0.35670575312	0.965012991285
0.02484375		0.35603086261	0.964556191647
0.02515625		0.355355096139	0.964098147897
0.02546875		0.354678450672	0.963638853264
0.02578125		0.354000923157	0.963178300924
0.02609375		0.353322510522	0.962716483993
0.02640625		0.352643209678	0.962253395533
0.02671875		0.351963017513	0.961789028543
0.02703125		0.351281930898	0.961323375968
0.02734375		0.350599946681	0.960856430687
0.02765625		0.349917061692	0.960388185524
0.02796875		0.349233272737	0.959918633238
0.02828125		0.348548576605	0.959447766528
0.02859375		0.347862970061	0.958975578028
0.02890625		0.347176449846	0.958502060308
0.02921875		0.346489012679	0.958027205873
0.02953125		0.345800655256	0.957551007161
0.02984375		0.34511137425	0.957073456544
0.03015625		0.344421166311	0.956594546328
0.03046875		0.343730028065	0.956114268749
0.03078125		0.343037956116	0.955632615975
0.03109375		0.34234494704	0.955149580103
0.03140625		0.341650997391	0.95466515316
0.03171875		0.340956103699	0.954179327102
0.03203125		0.340260262465	0.953692093809
0.03234375		0.339563470168	0.953203445091
0.03265625		0.338865723261	0.952713372681
0.03296875		0.33816701817	0.952221868239
0.03328125		0.337467351295	0.951728923347
0.03359375		0.336766719008	0.951234529508
0.03390625		0.336065117651	0.950738678147
0.03421875		0.335362543544	0.950241360611
0.03453125		0.33465899298	0.949742568167
0.03484375		0.333954462222	0.949242292001
0.03515625		0.333248947506	0.948740523216
0.03546875		0.332542445037	0.94823725283
0.03578125		0.331834950993	0.947732471778
0.03609375		0.331126461522	0.947226170908
0.03640625		0.330416972743	0.946718340983
0.03671875		0.329706480743	0.946208972677
0.03703125		0.328994981583	0.945698056574
0.03734375		0.32828247129	0.945185583169
0.03765625		0.327568945861	0.944671542866
0.03796875		0.326854401262	0.944155925977
0.03828125		0.326138833427	0.943638722717
0.03859375		0.32542223826	0.94311992321
0.03890625		0.324704611629	0.942599517481
0.03921875		0.323985949373	0.942077495458
0.03953125		0.323266247295	0.94155384697
0.03984375		0.322545501166	0.941028561748
0.04015625		0.321823706723	0.940501629419
0.04046875		0.321100859669	0.939973039507
0.04078125		0.320376955672	0.939442781433
0.04109375		0.319651990364	0.938910844513
0.04140625		0.318925959344	0.938377217953
0.04171875		0.318198858173	0.937841890853
0.04203125		0.317470682376	0.937304852203
0.04234375		0.316741427441	0.936766090879
0.04265625		0.316011088821	0.936225595647
0.04296875		0.315279661928	0.935683355155
0.04328125		0.314547142139	0.935139357938
0.04359375		0.31381352479	0.93459359241
0.04390625		0.313078805179	0.934046046869
0.04421875		0.312342978566	0.933496709489
0.04453125		0.311606040169	0.932945568321
0.04484375		0.310867985166	0.932392611293
0.04515625		0.310128808694	0.931837826205
0.04546875		0.309388505849	0.931281200731
0.04578125		0.308647071685	0.930722722412
0.04609375		0.307904501213	0.93016237866
0.04640625		0.307160789402	0.92960015675
0.04671875		0.306415931176	0.929036043824
0.04703125		0.305669921416	0.928470026885
0.04734375		0.304922754958	0.927902092796
0.04765625		0.304174426593	0.927332228278
0.04796875		0.303424931066	0.926760419911
0.04828125		0.302674263075	0.926186654124
0.04859375		0.301922417273	0.925610917203
0.04890625		0.301169388263	0.92503319528
0.04921875		0.3004151706	0.924453474335
0.04953125		0.299659758793	0.923871740195
0.04984375		0.298903147299	0.923287978527
0.05015625		0.298145330525	0.922702174841
0.05046875		0.297386302829	0.922114314485
0.05078125		0.296626058514	0.921524382639
0.05109375		0.295864591836	0.92093236432
0.05140625		0.295101896994	0.920338244374
0.05171875		0.294337968135	0.919742007474
0.05203125		0.293572799353	0.919143638119
0.05234375		0.292806384684	0.918543120632
0.05265625		0.292038718112	0.917940439152
0.05296875		0.291269793562	0.917335577639
0.05328125		0.290499604903	0.916728519864
0.05359375		0.289728145944	0.91611924941
0.05390625		0.288955410439	0.91550774967
0.05421875		0.28818139208	0.914894003838
0.05453125		0.287406084498	0.914277994914
0.05484375		0.286629481264	0.913659705695
0.05515625		0.285851575887	0.913039118772
0.05546875		0.285072361812	0.912416216531
0.05578125		0.284291832421	0.911790981146
0.05609375		0.283509981032	0.911163394576
0.05640625		0.282726800895	0.91053343856
0.05671875		0.281942285196	0.909901094619
0.05703125		0.281156427052	0.909266344047
0.05734375		0.280369219511	0.908629167907
0.05765625		0.279580655554	0.907989547033
0.05796875		0.278790728088	0.907347462018
0.05828125		0.277999429952	0.906702893216
0.05859375		0.277206753909	0.906055820738
0.05890625		0.276412692652	0.905406224443
0.05921875		0.275617238795	0.904754083938
0.05953125		0.274820384881	0.904099378573
0.05984375		0.274022123372	0.903442087435
0.06015625		0.273222446654	0.902782189345
0.06046875		0.272421347034	0.902119662852
0.06078125		0.271618816737	0.90145448623
0.06109375		0.270814847906	0.900786637471
0.06140625		0.270009432605	0.900116094285
0.06171875		0.269202562808	0.899442834086
0.06203125		0.268394230409	0.898766833995
0.06234375		0.267584427211	0.898088070833
0.06265625		0.266773144931	0.897406521112
0.06296875		0.265960375196	0.896722161033
0.06328125		0.265146109543	0.89603496648
0.06359375		0.264330339415	0.895344913012
0.06390625		0.263513056162	0.894651975861
0.06421875		0.262694251039	0.893956129919
0.06453125		0.261873915204	0.893257349743
0.06484375		0.261052039716	0.892555609536
0.06515625		0.260228615535	0.89185088315
0.06546875		0.259403633519	0.891143144076
0.06578125		0.258577084423	0.890432365435
0.06609375		0.257748958897	0.889718519975
0.06640625		0.256919247484	0.889001580062
0.06671875		0.256087940619	0.888281517673
0.06703125		0.255255028627	0.887558304387
0.06734375		0.254420501721	0.88683191138
0.06765625		0.253584349999	0.886102309416
0.06796875		0.252746563446	0.885369468839
0.06828125		0.251907131925	0.884633359564
0.06859375		0.251066045184	0.883893951069
0.06890625		0.250223292845	0.883151212388
0.06921875		0.249378864409	0.8824051121
0.06953125		0.24853274925	0.88165561832
0.06984375		0.247684936613	0.880902698692
0.07015625		0.246835415614	0.880146320378
0.07046875		0.245984175234	0.879386450045
0.07078125		0.245131204323	0.878623053862
0.07109375		0.244276491589	0.877856097484
0.07140625		0.243420025602	0.877085546044
0.07171875		0.242561794791	0.876311364139
0.07203125		0.241701787437	0.875533515825
0.07234375		0.240839991676	0.8747519646
0.07265625		0.239976395493	0.873966673392
0.07296875		0.239110986718	0.873177604554
0.07328125		0.238243753028	0.872384719844
0.07359375		0.23737468194	0.871587980413
0.07390625		0.236503760809	0.870787346799
0.07421875		0.235630976825	0.869982778904
0.07453125		0.234756317011	0.869174235989
0.07484375		0.233879768218	0.868361676652
0.07515625		0.233001317124	0.867545058821
0.07546875		0.232120950228	0.866724339732
0.07578125		0.231238653849	0.865899475919
0.07609375		0.230354414121	0.865070423197
0.07640625		0.229468216989	0.864237136642
0.07671875		0.228580048207	0.86339957058
0.07703125		0.227689893335	0.862557678565
0.07734375		0.22679773773	0.861711413367
0.07765625		0.225903566547	0.860860726946
0.07796875		0.225007364736	0.860005570441
0.07828125		0.22410911703	0.859145894144
0.07859375		0.22320880795	0.858281647486
0.07890625		0.222306421795	0.857412779013
0.07921875		0.22140194264	0.856539236366
0.07953125		0.220495354328	0.85566096626
0.07984375		0.219586640469	0.854777914459
0.08015625		0.218675784435	0.853890025757
0.08046875		0.21776276935	0.85299724395
0.08078125		0.216847578091	0.852099511816
0.08109375		0.21593019328	0.851196771085
0.08140625		0.215010597276	0.850288962417
0.08171875		0.214088772176	0.849376025373
0.08203125		0.2131646998	0.848457898388
0.08234375		0.212238361694	0.847534518742
0.08265625		0.211309739118	0.84660582253
0.08296875		0.210378813042	0.845671744633
0.08328125		0.209445564141	0.844732218686
0.08359375		0.208509972782	0.843787177045
0.08390625		0.207572019026	0.842836550752
0.08421875		0.206631682615	0.841880269505
0.08453125		0.205688942964	0.840918261616
0.08484375		0.204743779158	0.839950453979
0.08515625		0.203796169942	0.838976772029
0.08546875		0.202846093711	0.837997139702
0.08578125		0.201893528505	0.837011479396
0.08609375		0.200938451998	0.836019711928
0.08640625		0.199980841492	0.835021756489
0.08671875		0.199020673905	0.834017530597
0.08703125		0.198057925763	0.833006950055
0.08734375		0.19709257319	0.831989928898
0.08765625		0.1961245919	0.830966379342
0.08796875		0.195153957184	0.829936211736
0.08828125		0.1941806439	0.828899334502
0.08859375		0.193204626465	0.827855654083
0.08890625		0.192225878838	0.826805074883
0.08921875		0.191244374515	0.825747499206
0.08953125		0.19026008651	0.824682827194
0.08984375		0.18927298735	0.823610956761
0.09015625		0.188283049055	0.822531783526
0.09046875		0.187290243131	0.82144520074
0.09078125		0.186294540549	0.820351099217
0.09109375		0.185295911738	0.819249367256
0.09140625		0.184294326567	0.81813989056
0.09171875		0.183289754326	0.817022552156
0.09203125		0.182282163719	0.815897232311
0.09234375		0.181271522838	0.814763808438
0.09265625		0.180257799153	0.813622155008
0.09296875		0.179240959488	0.812472143453
0.09328125		0.178220970011	0.811313642061
0.09359375		0.177197796207	0.810146515877
0.09390625		0.176171402862	0.808970626592
0.09421875		0.175141754041	0.807785832427
0.09453125		0.174108813071	0.806591988016
0.09484375		0.173072542511	0.805388944283
0.09515625		0.172032904137	0.80417654831
0.09546875		0.170989858914	0.802954643206
0.09578125		0.16994336697	0.80172306796
0.09609375		0.168893387574	0.800481657298
0.09640625		0.167839879107	0.79923024153
0.09671875		0.166782799032	0.797968646381
0.09703125		0.16572210387	0.796696692832
0.09734375		0.164657749165	0.795414196936
0.09765625		0.163589689453	0.794120969635
0.09796875		0.162517878233	0.792816816566
0.09828125		0.161442267927	0.79150153786
0.09859375		0.160362809847	0.790174927925
0.09890625		0.159279454158	0.788836775221
0.09921875		0.158192149837	0.787486862033
0.09953125		0.157100844635	0.786124964212
0.09984375		0.156005485031	0.784750850928
0.10015625		0.154906016189	0.783364284388
0.10046875		0.153802381911	0.781965019552
0.10078125		0.152694524587	0.780552803835
0.10109375		0.151582385148	0.779127376781
0.10140625		0.150465903005	0.777688469734
0.10171875		0.149345015998	0.776235805484
0.10203125		0.148219660338	0.77476909789
0.10234375		0.14708977054	0.773288051493
0.10265625		0.145955279362	0.771792361094
0.10296875		0.144816117733	0.770281711319
0.10328125		0.143672214688	0.768755776154
0.10359375		0.142523497284	0.76721421845
0.10390625		0.141369890525	0.765656689408
0.10421875		0.140211317279	0.764082828023
0.10453125		0.139047698187	0.762492260502
0.10484375		0.137878951573	0.760884599641
0.10515625		0.136704993342	0.759259444168
0.10546875		0.135525736881	0.75761637804
0.10578125		0.134341092946	0.755954969701
0.10609375		0.133150969547	0.754274771286
0.10640625		0.131955271829	0.752575317781
0.10671875		0.130753901935	0.750856126116
0.10703125		0.129546758877	0.749116694208
0.10734375		0.128333738385	0.747356499935
0.10765625		0.127114732756	0.745575000036
0.10796875		0.125889630684	0.743771628939
0.10828125		0.124658317094	0.741945797501
0.10859375		0.12342067295	0.740096891664
0.10890625		0.12217657506	0.738224271006
0.10921875		0.120925895864	0.736327267184
0.10953125		0.119668503212	0.734405182266
0.10984375		0.118404260122	0.732457286933
0.11015625		0.117133024522	0.730482818532
0.11046875		0.115854648979	0.728480978992
0.11078125		0.114568980403	0.726450932555
0.11109375		0.113275859734	0.724391803332
0.11140625		0.1119751216	0.722302672652
0.11171875		0.110666593955	0.720182576191
0.11203125		0.109350097689	0.718030500844
0.11234375		0.108025446204	0.715845381331
0.11265625		0.106692444962	0.713626096499
0.11296875		0.105350890989	0.711371465285
0.11328125		0.104000572346	0.709080242302
0.11359375		0.102641267553	0.706751113018
0.11390625		0.101272744965	0.704382688455
0.11421875		0.099894762087	0.701973499383
0.11453125		0.0985070648427	0.699521989915
0.11484375		0.0971093867626	0.697026510461
0.11515625		0.0957014481058	0.69448530993
0.11546875		0.0942829548965	0.691896527108
0.11578125		0.0928535978686	0.689258181085
0.11609375		0.0914130513056	0.686568160619
0.11640625		0.0899609717649	0.683824212269
0.11671875		0.0884969966702	0.68102392715
0.11703125		0.0870207427556	0.678164726082
0.11734375		0.0855318043425	0.675243842918
0.11765625		0.0840297514244	0.672258305759
0.11796875		0.0825141275358	0.669204915732
0.11828125		0.0809844473719	0.666080222934
0.11859375		0.0794401941235	0.662880499078
0.11890625		0.0778808164841	0.659601706285
0.11921875		0.0763057252775	0.656239461328
0.11953125		0.074714289647	0.652788994534
0.11984375		0.0731058327306	0.649245102327
0.12015625		0.0714796267378	0.645602092194
0.12046875		0.0698348873212	0.641853718586
0.12078125		0.0681707671136	0.637993107852
0.12109375		0.0664863482755	0.634012669902
0.12140625		0.0647806338571	0.629903993645
0.12171875		0.0630525377356	0.625657722465
0.12203125		0.0613008728262	0.621263404972
0.12234375		0.0595243371876	0.616709314841
0.12265625		0.0577214975378	0.611982231689
0.12296875		0.0558907695607	0.607067172358
0.12328125		0.0540303941956	0.601947058411
0.12359375		0.052138408851	0.596602300659
0.12390625		0.0502126121364	0.591010274412
0.12421875		0.0482505202148	0.585144648833
0.12453125		0.0462493121874	0.578974518548
0.12484375		0.0442057609147	0.572463262725
0.12515625		0.0421161441961	0.565567021498
0.12546875		0.039976128996	0.558232623712
0.12578125		0.0377806179595	0.55039470912
0.12609375		0.035523542005	0.541971635506
0.12640625		0.0331975738796	0.532859495026
0.12671875		0.0307937225334	0.522923079607
0.12703125		0.028300741712	0.511981707399
0.12734375		0.0257042372741	0.499785934222
0.12765625		0.0229852617025	0.485977035896
0.12796875		0.0201179789746	0.470011183125
0.12828125		0.0170654883136	0.451003076478
0.12859375		0.0137714476372	0.427355726746
0.12890625		0.0101391006144	0.395666991562
0.12921875		0.0063677928742	0.351906386211
0.12953125		0.00301691979296	0.291365359433
0.12984375		0.000799806032064	0.208005934934
0.13015625		1.15953123425e-06	0.039262976484
0.13046875		4.14017402897e-09	0.0100137672032
0.13078125		4.11315315538e-09	0.0100000003228
0.13109375		4.11315252376e-09	0.01
0.13140625		4.11315252376e-09	0.01
0.13171875		4.11315252376e-09	0.01
0.13203125		4.11315252376e-09	0.01
0.13234375		4.11315252376e-09	0.01
0.13265625		4.11315252376e-09	0.01
0.13296875		4.11315252376e-09	0.01
0.13328125		4.11315252376e-09	0.01
0.13359375		4.11315252376e-09	0.01
0.13390625		4.11315252376e-09	0.01
0.13421875		4.11315252376e-09	0.01
0.13453125		4.11315252376e-09	0.01
0.13484375		4.11315252376e-09	0.01
0.13515625		4.11315252376e-09	0.01
0.13546875		4.11315252376e-09	0.01
0.13578125		4.11315252376e-09	0.01
0.13609375		4.11315252376e-09	0.01
0.13640625		4.11315252376e-09	0.01
0.13671875		4.11315252376e-09	0.01
0.13703125		4.11315252376e-09	0.01
0.13734375		4.11315252376e-09	0.01
0.13765625		4.11315252376e-09	0.01
0.13796875		4.11315252376e-09	0.01
0.13828125		4.11315252376e-09	0.01
0.13859375		4.11315252376e-09	0.01
0.13890625		4.11315252376e-09	0.01
0.13921875		4.11315252376e-09	0.01
0.13953125		4.11315252376e-09	0.01
0.13984375		4.11315252376e-09	0.01
0.14015625		4.11315252376e-09	0.01
0.14046875		4.11315252376e-09	0.01
0.14078125		4.11315252376e-09	0.01
0.14109375		4.11315252376e-09	0.01
0.14140625		4.11315252376e-09	0.01
0.14171875		4.11315252376e-09	0.01
0.14203125		4.11315252376e-09	0.01
0.14234375		4.11315252376e-09	0.01
0.14265625		4.11315252376e-09	0.01
0.14296875		4.11315252376e-09	0.01
0.14328125		4.11315252376e-09	0.01
0.14359375		4.11315252376e-09	0.01
0.14390625		4.11315252376e-09	0.01
0.14421875		4.11315252376e-09	0.01
0.14453125		4.11315252376e-09	0.01
0.14484375		4.11315252376e-09	0.01
0.14515625		4.11315252376e-09	0.01
0.14546875		4.11315252376e-09	0.01
0.14578125		4.11315252376e-09	0.01
0.14609375		4.11315252376e-09	0.01
0.14640625		4.11315252376e-09	0.01
0.14671875		4.11315252376e-09	0.01
0.14703125		4.11315252376e-09	0.01
0.14734375		4.11315252376e-09	0.01
0.14765625		4.11315252376e-09	0.01
0.14796875		4.11315252376e-09	0.01
0.14828125		4.11315252376e-09	0.01
0.14859375		4.11315252376e-09	0.01
0.14890625		4.11315252376e-09	0.01
0.14921875		4.11315252376e-09	0.01
0.14953125		4.11315252376e-09	0.01
0.14984375		4.11315252376e-09	0.01
0.15015625		4.11315252376e-09	0.01
0.15046875		4.11315252376e-09	0.01
0.15078125		4.11315252376e-09	0.01
0.15109375		4.11315252376e-09	0.01
0.15140625		4.11315252376e-09	0.01
0.15171875		4.11315252376e-09	0.01
0.15203125		4.11315252376e-09	0.01
0.15234375		4.11315252376e-09	0.01
0.15265625		4.11315252376e-09	0.01
0.15296875		4.11315252376e-09	0.01
0.15328125		4.11315252376e-09	0.01
0.15359375		4.11315252376e-09	0.01
0.15390625		4.11315252376e-09	0.01
0.15421875		4.11315252376e-09	0.01
0.15453125		4.11315252376e-09	0.01
0.15484375		4.11315252376e-09	0.01
0.15515625		4.11315252376e-09	0.01
0.15546875		4.11315252376e-09	0.01
0.15578125		4.11315252376e-09	0.01
0.15609375		4.11315252376e-09	0.01
0.15640625		4.11315252376e-09	0.01
0.15671875		4.11315252376e-09	0.01
0.15703125		4.11315252376e-09	0.01
0.15734375		4.11315252376e-09	0.01
0.15765625		4.11315252376e-09	0.01
0.15796875		4.11315252376e-09	0.01
0.15828125		4.11315252376e-09	0.01
0.15859375		4.11315252376e-09	0.01
0.15890625		4.11315252376e-09	0.01
0.15921875		4.11315252376e-09	0.01
0.15953125		4.11315252376e-09	0.01
0.15984375		4.11315252376e-09	0.01
0.16015625		4.11315252376e-09	0.01
0.16046875		4.11315252376e-09	0.01
0.16078125		4.11315252376e-09	0.01
0.16109375		4.11315252376e-09	0.01
0.16140625		4.11315252376e-09	0.01
0.16171875		4.11315252376e-09	0.01
0.16203125		4.11315252376e-09	0.01
0.16234375		4.11315252376e-09	0.01
0.16265625		4.11315252376e-09	0.01
0.16296875		4.11315252376e-09	0.01
0.16328125		4.11315252376e-09	0.01
0.16359375		4.11315252376e-09	0.01
0.16390625		4.11315252376e-09	0.01
0.16421875		4.11315252376e-09	0.01
0.16453125		4.11315252376e-09	0.01
0.16484375		4.11315252376e-09	0.01
0.16515625		4.11315252376e-09	0.01
0.16546875		4.11315252376e-09	0.01
0.16578125		4.11315252376e-09	0.01
0.16609375		4.11315252376e-09	0.01
0.16640625		4.11315252376e-09	0.01
0.16671875		4.11315252376e-09	0.01
0.16703125		4.11315252376e-09	0.01
0.16734375		4.11315252376e-09	0.01
0.16765625		4.11315252376e-09	0.01
0.16796875		4.11315252376e-09	0.01
0.16828125		4.11315252376e-09	0.01
0.16859375		4.11315252376e-09	0.01
0.16890625		4.11315252376e-09	0.01
0.16921875		4.11315252376e-09	0.01
0.16953125		4.11315252376e-09	0.01
0.16984375		4.11315252376e-09	0.01
0.17015625		4.11315252376e-09	0.01
0.17046875		4.11315252376e-09	0.01
0.17078125		4.11315252376e-09	0.01
0.17109375		4.11315252376e-09	0.01
0.17140625		4.11315252376e-09	0.01
0.17171875		4.11315252376e-09	0.01
0.17203125		4.11315252376e-09	0.01
0.17234375		4.11315252376e-09	0.01
0.17265625		4.11315252376e-09	0.01
0.17296875		4.11315252376e-09	0.01
0.17328125		4.11315252376e-09	0.01
0.17359375		4.11315252376e-09	0.01
0.17390625		4.11315252376e-09	0.01
0.17421875		4.11315252376e-09	0.01
0.17453125		4.11315252376e-09	0.01
0.17484375		4.11315252376e-09	0.01
0.17515625		4.11315252376e-09	0.01
0.17546875		4.11315252376e-09	0.01
0.17578125		4.11315252376e-09	0.01
0.17609375		4.11315252376e-09	0.01
0.17640625		4.11315252376e-09	0.01
0.17671875		4.11315252376e-09	0.01
0.17703125		4.11315252376e-09	0.01
0.17734375		4.11315252376e-09	0.01
0.17765625		4.11315252376e-09	0.01
0.17796875		4.11315252376e-09	0.01
0.17828125		4.11315252376e-09	0.01
0.17859375		4.11315252376e-09	0.01
0.17890625		4.11315252376e-09	0.01
0.17921875		4.11315252376e-09	0.01
0.17953125		4.11315252376e-09	0.01
0.17984375		4.11315252376e-09	0.01
0.18015625		4.11315252376e-09	0.01
0.18046875		4.11315252376e-09	0.01
0.18078125		4.11315252376e-09	0.01
0.18109375		4.11315252376e-09	0.01
0.18140625		4.11315252376e-09	0.01
0.18171875		4.11315252376e-09	0.01
0.18203125		4.11315252376e-09	0.01
0.18234375		4.11315252376e-09	0.01
0.18265625		4.11315252376e-09	0.01
0.18296875		4.11315252376e-09	0.01
0.18328125		4.11315252376e-09	0.01
0.18359375		4.11315252376e-09	0.01
0.18390625		4.11315252376e-09	0.01
0.18421875		4.11315252376e-09	0.01
0.18453125		4.11315252376e-09	0.01
0.18484375		4.11315252376e-09	0.01
0.18515625		4.11315252376e-09	0.01
0.18546875		4.11315252376e-09	0.01
0.18578125		4.11315252376e-09	0.01
0.18609375		4.11315252376e-09	0.01
0.18640625		4.11315252376e-09	0.01
0.18671875		4.11315252376e-09	0.01
0.18703125		4.11315252376e-09	0.01
0.18734375		4.11315252376e-09	0.01
0.18765625		4.11315252376e-09	0.01
0.18796875		4.11315252376e-09	0.01
0.18828125		4.11315252376e-09	0.01
0.18859375		4.11315252376e-09	0.01
0.18890625		4.11315252376e-09	0.01
0.18921875		4.11315252376e-09	0.01
0.18953125		4.11315252376e-09	0.01
0.18984375		4.11315252376e-09	0.01
0.19015625		4.11315252376e-09	0.01
0.19046875		4.11315252376e-09	0.01
0.19078125		4.11315252376e-09	0.01
0.19109375		4.11315252376e-09	0.01
0.19140625		4.11315252376e-09	0.01
0.19171875		4.11315252376e-09	0.01
0.19203125		4.11315252376e-09	0.01
0.19234375		4.11315252376e-09	0.01
0.19265625		4.11315252376e-09	0.01
0.19296875		4.11315252376e-09	0.01
0.19328125		4.11315252376e-09	0.01
0.19359375		4.11315252376e-09	0.01
0.19390625		4.11315252376e-09	0.01
0.19421875		4.11315252376e-09	0.01
0.19453125		4.11315252376e-09	0.01
0.19484375		4.11315252376e-09	0.01
0.19515625		4.11315252376e-09	0.01
0.19546875		4.11315252376e-09	0.01
0.19578125		4.11315252376e-09	0.01
0.19609375		4.11315252376e-09	0.01
0.19640625		4.11315252376e-09	0.01
0.19671875		4.11315252376e-09	0.01
0.19703125		4.11315252376e-09	0.01
0.19734375		4.11315252376e-09	0.01
0.19765625		4.11315252376e-09	0.01
0.19796875		4.11315252376e-09	0.01
0.19828125		4.11315252376e-09	0.01
0.19859375		4.11315252376e-09	0.01
0.19890625		4.11315252376e-09	0.01
0.19921875		4.11315252376e-09	0.01
0.19953125		4.11315252376e-09	0.01
0.19984375		4.11315252376e-09	0.01
0.20015625		4.11315252376e-09	0.01
0.20046875		4.11315252376e-09	0.01
0.20078125		4.11315252376e-09	0.01
0.20109375		4.11315252376e-09	0.01
0.20140625		4.11315252376e-09	0.01
0.20171875		4.11315252376e-09	0.01
0.20203125		4.11315252376e-09	0.01
0.20234375		4.11315252376e-09	0.01
0.20265625		4.11315252376e-09	0.01
0.20296875		4.11315252376e-09	0.01
0.20328125		4.11315252376e-09	0.01
0.20359375		4.11315252376e-09	0.01
0.20390625		4.11315252376e-09	0.01
0.20421875		4.11315252376e-09	0.01
0.20453125		4.11315252376e-09	0.01
0.20484375		4.11315252376e-09	0.01
0.20515625		4.11315252376e-09	0.01
0.20546875		4.11315252376e-09	0.01
0.20578125		4.11315252376e-09	0.01
0.20609375		4.11315252376e-09	0.01
0.20640625		4.11315252376e-09	0.01
0.20671875		4.11315252376e-09	0.01
0.20703125		4.11315252376e-09	0.01
0.20734375		4.11315252376e-09	0.01
0.20765625		4.11315252376e-09	0.01
0.20796875		4.11315252376e-09	0.01
0.20828125		4.11315252376e-09	0.01
0.20859375		4.11315252376e-09	0.01
0.20890625		4.11315252376e-09	0.01
0.20921875		4.11315252376e-09	0.01
0.20953125		4.11315252376e-09	0.01
0.20984375		4.11315252376e-09	0.01
0.21015625		4.11315252376e-09	0.01
0.21046875		4.11315252376e-09	0.01
0.21078125		4.11315252376e-09	0.01
0.21109375		4.11315252376e-09	0.01
0.21140625		4.11315252376e-09	0.01
0.21171875		4.11315252376e-09	0.01
0.21203125		4.11315252376e-09	0.01
0.21234375		4.11315252376e-09	0.01
0.21265625		4.11315252376e-09	0.01
0.21296875		4.11315252376e-09	0.01
0.21328125		4.11315252376e-09	0.01
0.21359375		4.11315252376e-09	0.01
0.21390625		4.11315252376e-09	0.01
0.21421875		4.11315252376e-09	0.01
0.21453125		4.11315252376e-09	0.01
0.21484375		4.11315252376e-09	0.01
0.21515625		4.11315252376e-09	0.01
0.21546875		4.11315252376e-09	0.01
0.21578125		4.11315252376e-09	0.01
0.21609375		4.11315252376e-09	0.01
0.21640625		4.11315252376e-09	0.01
0.21671875		4.11315252376e-09	0.01
0.21703125		4.11315252376e-09	0.01
0.21734375		4.11315252376e-09	0.01
0.21765625		4.11315252376e-09	0.01
0.21796875		4.11315252376e-09	0.01
0.21828125		4.11315252376e-09	0.01
0.21859375		4.11315252376e-09	0.01
0.21890625		4.11315252376e-09	0.01
0.21921875		4.11315252376e-09	0.01
0.21953125		4.11315252376e-09	0.01
0.21984375		4.11315252376e-09	0.01
0.22015625		4.11315252376e-09	0.01
0.22046875		4.11315252376e-09	0.01
0.22078125		4.11315252376e-09	0.01
0.22109375		4.11315252376e-09	0.01
0.22140625		4.11315252376e-09	0.01
0.22171875		4.11315252376e-09	0.01
0.22203125		4.11315252376e-09	0.01
0.22234375		4.11315252376e-09	0.01
0.22265625		4.11315252376e-09	0.01
0.22296875		4.11315252376e-09	0.01
0.22328125		4.11315252376e-09	0.01
0.22359375		4.11315252376e-09	0.01
0.22390625		4.11315252376e-09	0.01
0.22421875		4.11315252376e-09	0.01
0.22453125		4.11315252376e-09	0.01
0.22484375		4.11315252376e-09	0.01
0.22515625		4.11315252376e-09	0.01
0.22546875		4.11315252376e-09	0.01
0.22578125		4.11315252376e-09	0.01
0.22609375		4.11315252376e-09	0.01
0.22640625		4.11315252376e-09	0.01
0.22671875		4.11315252376e-09	0.01
0.22703125		4.11315252376e-09	0.01
0.22734375		4.11315252376e-09	0.01
0.22765625		4.11315252376e-09	0.01
0.22796875		4.11315252376e-09	0.01
0.22828125		4.11315252376e-09	0.01
0.22859375		4.11315252376e-09	0.01
0.22890625		4.11315252376e-09	0.01
0.22921875		4.11315252376e-09	0.01
0.22953125		4.11315252376e-09	0.01
0.22984375		4.11315252376e-09	0.01
0.23015625		4.11315252376e-09	0.01
0.23046875		4.11315252376e-09	0.01
0.23078125		4.11315252376e-09	0.01
0.23109375		4.11315252376e-09	0.01
0.23140625		4.11315252376e-09	0.01
0.23171875		4.11315252376e-09	0.01
0.23203125		4.11315252376e-09	0.01
0.23234375		4.11315252376e-09	0.01
0.23265625		4.11315252376e-09	0.01
0.23296875		4.11315252376e-09	0.01
0.23328125		4.11315252376e-09	0.01
0.23359375		4.11315252376e-09	0.01
0.23390625		4.11315252376e-09	0.01
0.23421875		4.11315252376e-09	0.01
0.23453125		4.11315252376e-09	0.01
0.23484375		4.11315252376e-09	0.01
0.23515625		4.11315252376e-09	0.01
0.23546875		4.11315252376e-09	0.01
0.23578125		4.11315252376e-09	0.01
0.23609375		4.11315252376e-09	0.01
0.23640625		4.11315252376e-09	0.01
0.23671875		4.11315252376e-09	0.01
0.23703125		4.11315252376e-09	0.01
0.23734375		4.11315252376e-09	0.01
0.23765625		4.11315252376e-09	0.01
0.23796875		4.11315252376e-09	0.01
0.23828125		4.11315252376e-09	0.01
0.23859375		4.11315252376e-09	0.01
0.23890625		4.11315252376e-09	0.01
0.23921875		4.11315252376e-09	0.01
0.23953125		4.11315252376e-09	0.01
0.23984375		4.11315252376e-09	0.01
0.24015625		4.11315252376e-09	0.01
0.24046875		4.11315252376e-09	0.01
0.24078125		4.11315252376e-09	0.01
0.24109375		4.11315252376e-09	0.01
0.24140625		4.11315252376e-09	0.01
0.24171875		4.11315252376e-09	0.01
0.24203125		4.11315252376e-09	0.01
0.24234375		4.11315252376e-09	0.01
0.24265625		4.11315252376e-09	0.01
0.24296875		4.11315252376e-09	0.01
0.24328125		4.11315252376e-09	0.01
0.24359375		4.11315252376e-09	0.01
0.24390625		4.11315252376e-09	0.01
0.24421875		4.11315252376e-09	0.01
0.24453125		4.11315252376e-09	0.01
0.24484375		4.11315252376e-09	0.01
0.24515625		4.11315252376e-09	0.01
0.24546875		4.11315252376e-09	0.01
0.24578125		4.11315252376e-09	0.01
0.24609375		4.11315252376e-09	0.01
0.24640625		4.11315252376e-09	0.01
0.24671875		4.11315252376e-09	0.01
0.24703125		4.11315252376e-09	0.01
0.24734375		4.11315252376e-09	0.01
0.24765625		4.11315252376e-09	0.01
0.24796875		4.11315252376e-09	0.01
0.24828125		4.11315252376e-09	0.01
0.24859375		4.11315252376e-09	0.01
0.24890625		4.11315252376e-09	0.01
0.24921875		4.11315252376e-09	0.01
0.24953125		4.11315252376e-09	0.01
0.24984375		4.11315252376e-09	0.01
0.25015625		4.11315252376e-09	0.01
0.25046875		4.11315252376e-09	0.01
0.25078125		4.11315252376e-09	0.01
0.25109375		4.11315252376e-09	0.01
0.25140625		4.11315252376e-09	0.01
0.25171875		4.11315252376e-09	0.01
0.25203125		4.11315252376e-09	0.01
0.25234375		4.11315252376e-09	0.01
0.25265625		4.11315252376e-09	0.01
0.25296875		4.11315252376e-09	0.01
0.25328125		4.11315252376e-09	0.01
0.25359375		4.11315252376e-09	0.01
0.25390625		4.11315252376e-09	0.01
0.25421875		4.11315252376e-09	0.01
0.25453125		4.11315252376e-09	0.01
0.25484375		4.11315252376e-09	0.01
0.25515625		4.11315252376e-09	0.01
0.25546875		4.11315252376e-09	0.01
0.25578125		4.11315252376e-09	0.01
0.25609375		4.11315252376e-09	0.01
0.25640625		4.11315252376e-09	0.01
0.25671875		4.11315252376e-09	0.01
0.25703125		4.11315252376e-09	0.01
0.25734375		4.11315252376e-09	0.01
0.25765625		4.11315252376e-09	0.01
0.25796875		4.11315252376e-09	0.01
0.25828125		4.11315252376e-09	0.01
0.25859375		4.11315252376e-09	0.01
0.25890625		4.11315252376e-09	0.01
0.25921875		4.11315252376e-09	0.01
0.25953125		4.11315252376e-09	0.01
0.25984375		4.11315252376e-09	0.01
0.26015625		4.11315252376e-09	0.01
0.26046875		4.11315252376e-09	0.01
0.26078125		4.11315252376e-09	0.01
0.26109375		4.11315252376e-09	0.01
0.26140625		4.11315252376e-09	0.01
0.26171875		4.11315252376e-09	0.01
0.26203125		4.11315252376e-09	0.01
0.26234375		4.11315252376e-09	0.01
0.26265625		4.11315252376e-09	0.01
0.26296875		4.11315252376e-09	0.01
0.26328125		4.11315252376e-09	0.01
0.26359375		4.11315252376e-09	0.01
0.26390625		4.11315252376e-09	0.01
0.26421875		4.11315252376e-09	0.01
0.26453125		4.11315252376e-09	0.01
0.26484375		4.11315252376e-09	0.01
0.26515625		4.11315252376e-09	0.01
0.26546875		4.11315252376e-09	0.01
0.26578125		4.11315252376e-09	0.01
0.26609375		4.11315252376e-09	0.01
0.26640625		4.11315252376e-09	0.01
0.26671875		4.11315252376e-09	0.01
0.26703125		4.11315252376e-09	0.01
0.26734375		4.11315252376e-09	0.01
0.26765625		4.11315252376e-09	0.01
0.26796875		4.11315252376e-09	0.01
0.26828125		4.11315252376e-09	0.01
0.26859375		4.11315252376e-09	0.01
0.26890625		4.11315252376e-09	0.01
0.26921875		4.11315252376e-09	0.01
0.26953125		4.11315252376e-09	0.01
0.26984375		4.11315252376e-09	0.01
0.27015625		4.11315252376e-09	0.01
0.27046875		4.11315252376e-09	0.01
0.27078125		4.11315252376e-09	0.01
0.27109375		4.11315252376e-09	0.01
0.27140625		4.11315252376e-09	0.01
0.27171875		4.11315252376e-09	0.01
0.27203125		4.11315252376e-09	0.01
0.27234375		4.11315252376e-09	0.01
0.27265625		4.11315252376e-09	0.01
0.27296875		4.11315252376e-09	0.01
0.27328125		4.11315252376e-09	0.01
0.27359375		4.11315252376e-09	0.01
0.27390625		4.11315252376e-09	0.01
0.27421875		4.11315252376e-09	0.01
0.27453125		4.11315252376e-09	0.01
0.27484375		4.11315252376e-09	0.01
0.27515625		4.11315252376e-09	0.01
0.27546875		4.11315252376e-09	0.01
0.27578125		4.11315252376e-09	0.01
0.27609375		4.11315252376e-09	0.01
0.27640625		4.11315252376e-09	0.01
0.27671875		4.11315252376e-09	0.01
0.27703125		4.11315252376e-09	0.01
0.27734375		4.11315252376e-09	0.01
0.27765625		4.11315252376e-09	0.01
0.27796875		4.11315252376e-09	0.01
0.27828125		4.11315252376e-09	0.01
0.27859375		4.11315252376e-09	0.01
0.27890625		4.11315252376e-09	0.01
0.27921875		4.11315252376e-09	0.01
0.27953125		4.11315252376e-09	0.01
0.27984375		4.11315252376e-09	0.01
0.28015625		4.11315252376e-09	0.01
0.28046875		4.11315252376e-09	0.01
0.28078125		4.11315252376e-09	0.01
0.28109375		4.11315252376e-09	0.01
0.28140625		4.11315252376e-09	0.01
0.28171875		4.11315252376e-09	0.01
0.28203125		4.11315252376e-09	0.01
0.28234375		4.11315252376e-09	0.01
0.28265625		4.11315252376e-09	0.01
0.28296875		4.11315252376e-09	0.01
0.28328125		4.11315252376e-09	0.01
0.28359375		4.11315252376e-09	0.01
0.28390625		4.11315252376e-09	0.01
0.28421875		4.11315252376e-09	0.01
0.28453125		4.11315252376e-09	0.01
0.28484375		4.11315252376e-09	0.01
0.28515625		4.11315252376e-09	0.01
0.28546875		4.11315252376e-09	0.01
0.28578125		4.11315252376e-09	0.01
0.28609375		4.11315252376e-09	0.01
0.28640625		4.11315252376e-09	0.01
0.28671875		4.11315252376e-09	0.01
0.28703125		4.11315252376e-09	0.01
0.28734375		4.11315252376e-09	0.01
0.28765625		4.11315252376e-09	0.01
0.28796875		4.11315252376e-09	0.01
0.28828125		4.11315252376e-09	0.01
0.28859375		4.11315252376e-09	0.01
0.28890625		4.11315252376e-09	0.01
0.28921875		4.11315252376e-09	0.01
0.28953125		4.11315252376e-09	0.01
0.28984375		4.11315252376e-09	0.01
0.29015625		4.11315252376e-09	0.01
0.29046875		4.11315252376e-09	0.01
0.29078125		4.11315252376e-09	0.01
0.29109375		4.11315252376e-09	0.01
0.29140625		4.11315252376e-09	0.01
0.29171875		4.11315252376e-09	0.01
0.29203125		4.11315252376e-09	0.01
0.29234375		4.11315252376e-09	0.01
0.29265625		4.11315252376e-09	0.01
0.29296875		4.11315252376e-09	0.01
0.29328125		4.11315252376e-09	0.01
0.29359375		4.11315252376e-09	0.01
0.29390625		4.11315252376e-09	0.01
0.29421875		4.11315252376e-09	0.01
0.29453125		4.11315252376e-09	0.01
0.29484375		4.11315252376e-09	0.01
0.29515625		4.11315252376e-09	0.01
0.29546875		4.11315252376e-09	0.01
0.29578125		4.11315252376e-09	0.01
0.29609375		4.11315252376e-09	0.01
0.29640625		4.11315252376e-09	0.01
0.29671875		4.11315252376e-09	0.01
0.29703125		4.11315252376e-09	0.01
0.29734375		4.11315252376e-09	0.01
0.29765625		4.11315252376e-09	0.01
0.29796875		4.11315252376e-09	0.01
0.29828125		4.11315252376e-09	0.01
0.29859375		4.11315252376e-09	0.01
0.29890625		4.11315252376e-09	0.01
0.29921875		4.11315252376e-09	0.01
0.29953125		4.11315252376e-09	0.01
0.29984375		4.11315252376e-09	0.01
0.30015625		4.11315252376e-09	0.01
0.30046875		4.11315252376e-09	0.01
0.30078125		4.11315252376e-09	0.01
0.30109375		4.11315252376e-09	0.01
0.30140625		4.11315252376e-09	0.01
0.30171875		4.11315252376e-09	0.01
0.30203125		4.11315252376e-09	0.01
0.30234375		4.11315252376e-09	0.01
0.30265625		4.11315252376e-09	0.01
0.30296875		4.11315252376e-09	0.01
0.30328125		4.11315252376e-09	0.01
0.30359375		4.11315252376e-09	0.01
0.30390625		4.11315252376e-09	0.01
0.30421875		4.11315252376e-09	0.01
0.30453125		4.11315252376e-09	0.01
0.30484375		4.11315252376e-09	0.01
0.30515625		4.11315252376e-09	0.01
0.30546875		4.11315252376e-09	0.01
0.30578125		4.11315252376e-09	0.01
0.30609375		4.11315252376e-09	0.01
0.30640625		4.11315252376e-09	0.01
0.30671875		4.11315252376e-09	0.01
0.30703125		4.11315252376e-09	0.01
0.30734375		4.11315252376e-09	0.01
0.30765625		4.11315252376e-09	0.01
0.30796875		4.11315252376e-09	0.01
0.30828125		4.11315252376e-09	0.01
0.30859375		4.11315252376e-09	0.01
0.30890625		4.11315252376e-09	0.01
0.30921875		4.11315252376e-09	0.01
0.30953125		4.11315252376e-09	0.01
0.30984375		4.11315252376e-09	0.01
0.31015625		4.11315252376e-09	0.01
0.31046875		4.11315252376e-09	0.01
0.31078125		4.11315252376e-09	0.01
0.31109375		4.11315252376e-09	0.01
0.31140625		4.11315252376e-09	0.01
0.31171875		4.11315252376e-09	0.01
0.31203125		4.11315252376e-09	0.01
0.31234375		4.11315252376e-09	0.01
0.31265625		4.11315252376e-09	0.01
0.31296875		4.11315252376e-09	0.01
0.31328125		4.11315252376e-09	0.01
0.31359375		4.11315252376e-09	0.01
0.31390625		4.11315252376e-09	0.01
0.31421875		4.11315252376e-09	0.01
0.31453125		4.11315252376e-09	0.01
0.31484375		4.11315252376e-09	0.01
0.31515625		4.11315252376e-09	0.01
0.31546875		4.11315252376e-09	0.01
0.31578125		4.11315252376e-09	0.01
0.31609375		4.11315252376e-09	0.01
0.31640625		4.11315252376e-09	0.01
0.31671875		4.11315252376e-09	0.01
0.31703125		4.11315252376e-09	0.01
0.31734375		4.11315252376e-09	0.01
0.31765625		4.11315252376e-09	0.01
0.31796875		4.11315252376e-09	0.01
0.31828125		4.11315252376e-09	0.01
0.31859375		4.11315252376e-09	0.01
0.31890625		4.11315252376e-09	0.01
0.31921875		4.11315252376e-09	0.01
0.31953125		4.11315252376e-09	0.01
0.31984375		4.11315252376e-09	0.01
0.32015625		4.11315252376e-09	0.01
0.32046875		4.11315252376e-09	0.01
0.32078125		4.11315252376e-09	0.01
0.32109375		4.11315252376e-09	0.01
0.32140625		4.11315252376e-09	0.01
0.32171875		4.11315252376e-09	0.01
0.32203125		4.11315252376e-09	0.01
0.32234375		4.11315252376e-09	0.01
0.32265625		4.11315252376e-09	0.01
0.32296875		4.11315252376e-09	0.01
0.32328125		4.11315252376e-09	0.01
0.32359375		4.11315252376e-09	0.01
0.32390625		4.11315252376e-09	0.01
0.32421875		4.11315252376e-09	0.01
0.32453125		4.11315252376e-09	0.01
0.32484375		4.11315252376e-09	0.01
0.32515625		4.11315252376e-09	0.01
0.32546875		4.11315252376e-09	0.01
0.32578125		4.11315252376e-09	0.01
0.32609375		4.11315252376e-09	0.01
0.32640625		4.11315252376e-09	0.01
0.32671875		4.11315252376e-09	0.01
0.32703125		4.11315252376e-09	0.01
0.32734375		4.11315252376e-09	0.01
0.32765625		4.11315252376e-09	0.01
0.32796875		4.11315252376e-09	0.01
0.32828125		4.11315252376e-09	0.01
0.32859375		4.11315252376e-09	0.01
0.32890625		4.11315252376e-09	0.01
0.32921875		4.11315252376e-09	0.01
0.32953125		4.11315252376e-09	0.01
0.32984375		4.11315252376e-09	0.01
0.33015625		4.11315252376e-09	0.01
0.33046875		4.11315252376e-09	0.01
0.33078125		4.11315252376e-09	0.01
0.33109375		4.11315252376e-09	0.01
0.33140625		4.11315252376e-09	0.01
0.33171875		4.11315252376e-09	0.01
0.33203125		4.11315252376e-09	0.01
0.33234375		4.11315252376e-09	0.01
0.33265625		4.11315252376e-09	0.01
0.33296875		4.11315252376e-09	0.01
0.33328125		4.11315252376e-09	0.01
0.33359375		4.11315252376e-09	0.01
0.33390625		4.11315252376e-09	0.01
0.33421875		4.11315252376e-09	0.01
0.33453125		4.11315252376e-09	0.01
0.33484375		4.11315252376e-09	0.01
0.33515625		4.11315252376e-09	0.01
0.33546875		4.11315252376e-09	0.01
0.33578125		4.11315252376e-09	0.01
0.33609375		4.11315252376e-09	0.01
0.33640625		4.11315252376e-09	0.01
0.33671875		4.11315252376e-09	0.01
0.33703125		4.11315252376e-09	0.01
0.33734375		4.11315252376e-09	0.01
0.33765625		4.11315252376e-09	0.01
0.33796875		4.11315252376e-09	0.01
0.33828125		4.11315252376e-09	0.01
0.33859375		4.11315252376e-09	0.01
0.33890625		4.11315252376e-09	0.01
0.33921875		4.11315252376e-09	0.01
0.33953125		4.11315252376e-09	0.01
0.33984375		4.11315252376e-09	0.01
0.34015625		4.11315252376e-09	0.01
0.34046875		4.11315252376e-09	0.01
0.34078125		4.11315252376e-09	0.01
0.34109375		4.11315252376e-09	0.01
0.34140625		4.11315252376e-09	0.01
0.34171875		4.11315252376e-09	0.01
0.34203125		4.11315252376e-09	0.01
0.34234375		4.11315252376e-09	0.01
0.34265625		4.11315252376e-09	0.01
0.34296875		4.11315252376e-09	0.01
0.34328125		4.11315252376e-09	0.01
0.34359375		4.11315252376e-09	0.01
0.34390625		4.11315252376e-09	0.01
0.34421875		4.11315252376e-09	0.01
0.34453125		4.11315252376e-09	0.01
0.34484375		4.11315252376e-09	0.01
0.34515625		4.11315252376e-09	0.01
0.34546875		4.11315252376e-09	0.01
0.34578125		4.11315252376e-09	0.01
0.34609375		4.11315252376e-09	0.01
0.34640625		4.11315252376e-09	0.01
0.34671875		4.11315252376e-09	0.01
0.34703125		4.11315252376e-09	0.01
0.34734375		4.11315252376e-09	0.01
0.34765625		4.11315252376e-09	0.01
0.34796875		4.11315252376e-09	0.01
0.34828125		4.11315252376e-09	0.01
0.34859375		4.11315252376e-09	0.01
0.34890625		4.11315252376e-09	0.01
0.34921875		4.11315252376e-09	0.01
0.34953125		4.11315252376e-09	0.01
0.34984375		4.11315252376e-09	0.01
0.35015625		4.11315252376e-09	0.01
0.35046875		4.11315252376e-09	0.01
0.35078125		4.11315252376e-09	0.01
0.35109375		4.11315252376e-09	0.01
0.35140625		4.11315252376e-09	0.01
0.35171875		4.11315252376e-09	0.01
0.35203125		4.11315252376e-09	0.01
0.35234375		4.11315252376e-09	0.01
0.35265625		4.11315252376e-09	0.01
0.35296875		4.11315252376e-09	0.01
0.35328125		4.11315252376e-09	0.01
0.35359375		4.11315252376e-09	0.01
0.35390625		4.11315252376e-09	0.01
0.35421875		4.11315252376e-09	0.01
0.35453125		4.11315252376e-09	0.01
0.35484375		4.11315252376e-09	0.01
0.35515625		4.11315252376e-09	0.01
0.35546875		4.11315252376e-09	0.01
0.35578125		4.11315252376e-09	0.01
0.35609375		4.11315252376e-09	0.01
0.35640625		4.11315252376e-09	0.01
0.35671875		4.11315252376e-09	0.01
0.35703125		4.11315252376e-09	0.01
0.35734375		4.11315252376e-09	0.01
0.35765625		4.11315252376e-09	0.01
0.35796875		4.11315252376e-09	0.01
0.35828125		4.11315252376e-09	0.01
0.35859375		4.11315252376e-09	0.01
0.35890625		4.11315252376e-09	0.01
0.35921875		4.11315252376e-09	0.01
0.35953125		4.11315252376e-09	0.01
0.35984375		4.11315252376e-09	0.01
0.36015625		4.11315252376e-09	0.01
0.36046875		4.11315252376e-09	0.01
0.36078125		4.11315252376e-09	0.01
0.36109375		4.11315252376e-09	0.01
0.36140625		4.11315252376e-09	0.01
0.36171875		4.11315252376e-09	0.01
0.36203125		4.11315252376e-09	0.01
0.36234375		4.11315252376e-09	0.01
0.36265625		4.11315252376e-09	0.01
0.36296875		4.11315252376e-09	0.01
0.36328125		4.11315252376e-09	0.01
0.36359375		4.11315252376e-09	0.01
0.36390625		4.11315252376e-09	0.01
0.36421875		4.11315252376e-09	0.01
0.36453125		4.11315252376e-09	0.01
0.36484375		4.11315252376e-09	0.01
0.36515625		4.11315252376e-09	0.01
0.36546875		4.11315252376e-09	0.01
0.36578125		4.11315252376e-09	0.01
0.36609375		4.11315252376e-09	0.01
0.36640625		4.11315252376e-09	0.01
0.36671875		4.11315252376e-09	0.01
0.36703125		4.11315252376e-09	0.01
0.36734375		4.11315252376e-09	0.01
0.36765625		4.11315252376e-09	0.01
0.36796875		4.11315252376e-09	0.01
0.36828125		4.11315252376e-09	0.01
0.36859375		4.11315252376e-09	0.01
0.36890625		4.11315252376e-09	0.01
0.36921875		4.11315252376e-09	0.01
0.36953125		4.11315252376e-09	0.01
0.36984375		4.11315252376e-09	0.01
0.37015625		4.11315252376e-09	0.01
0.37046875		4.11315252376e-09	0.01
0.37078125		4.11315252376e-09	0.01
0.37109375		4.11315252376e-09	0.01
0.37140625		4.11315252376e-09	0.01
0.37171875		4.11315252376e-09	0.01
0.37203125		4.11315252376e-09	0.01
0.37234375		4.11315252376e-09	0.01
0.37265625		4.11315252376e-09	0.01
0.37296875		4.11315252376e-09	0.01
0.37328125		4.11315252376e-09	0.01
0.37359375		4.11315252376e-09	0.01
0.37390625		4.11315252376e-09	0.01
0.37421875		4.11315252376e-09	0.01
0.37453125		4.11315252376e-09	0.01
0.37484375		4.11315252376e-09	0.01
0.37515625		4.11315252376e-09	0.01
0.37546875		4.11315252376e-09	0.01
0.37578125		4.11315252376e-09	0.01
0.37609375		4.11315252376e-09	0.01
0.37640625		4.11315252376e-09	0.01
0.37671875		4.11315252376e-09	0.01
0.37703125		4.11315252376e-09	0.01
0.37734375		4.11315252376e-09	0.01
0.37765625		4.11315252376e-09	0.01
0.37796875		4.11315252376e-09	0.01
0.37828125		4.11315252376e-09	0.01
0.37859375		4.11315252376e-09	0.01
0.37890625		4.11315252376e-09	0.01
0.37921875		4.11315252376e-09	0.01
0.37953125		4.11315252376e-09	0.01
0.37984375		4.11315252376e-09	0.01
0.38015625		4.11315252376e-09	0.01
0.38046875		4.11315252376e-09	0.01
0.38078125		4.11315252376e-09	0.01
0.38109375		4.11315252376e-09	0.01
0.38140625		4.11315252376e-09	0.01
0.38171875		4.11315252376e-09	0.01
0.38203125		4.11315252376e-09	0.01
0.38234375		4.11315252376e-09	0.01
0.38265625		4.11315252376e-09	0.01
0.38296875		4.11315252376e-09	0.01
0.38328125		4.11315252376e-09	0.01
0.38359375		4.11315252376e-09	0.01
0.38390625		4.11315252376e-09	0.01
0.38421875		4.11315252376e-09	0.01
0.38453125		4.11315252376e-09	0.01
0.38484375		4.11315252376e-09	0.01
0.38515625		4.11315252376e-09	0.01
0.38546875		4.11315252376e-09	0.01
0.38578125		4.11315252376e-09	0.01
0.38609375		4.11315252376e-09	0.01
0.38640625		4.11315252376e-09	0.01
0.38671875		4.11315252376e-09	0.01
0.38703125		4.11315252376e-09	0.01
0.38734375		4.11315252376e-09	0.01
0.38765625		4.11315252376e-09	0.01
0.38796875		4.11315252376e-09	0.01
0.38828125		4.11315252376e-09	0.01
0.38859375		4.11315252376e-09	0.01
0.38890625		4.11315252376e-09	0.01
0.38921875		4.11315252376e-09	0.01
0.38953125		4.11315252376e-09	0.01
0.38984375		4.11315252376e-09	0.01
0.39015625		4.11315252376e-09	0.01
0.39046875		4.11315252376e-09	0.01
0.39078125		4.11315252376e-09	0.01
0.39109375		4.11315252376e-09	0.01
0.39140625		4.11315252376e-09	0.01
0.39171875		4.11315252376e-09	0.01
0.39203125		4.11315252376e-09	0.01
0.39234375		4.11315252376e-09	0.01
0.39265625		4.11315252376e-09	0.01
0.39296875		4.11315252376e-09	0.01
0.39328125		4.11315252376e-09	0.01
0.39359375		4.11315252376e-09	0.01
0.39390625		4.11315252376e-09	0.01
0.39421875		4.11315252376e-09	0.01
0.39453125		4.11315252376e-09	0.01
0.39484375		4.11315252376e-09	0.01
0.39515625		4.11315252376e-09	0.01
0.39546875		4.11315252376e-09	0.01
0.39578125		4.11315252376e-09	0.01
0.39609375		4.11315252376e-09	0.01
0.39640625		4.11315252376e-09	0.01
0.39671875		4.11315252376e-09	0.01
0.39703125		4.11315252376e-09	0.01
0.39734375		4.11315252376e-09	0.01
0.39765625		4.11315252376e-09	0.01
0.39796875		4.11315252376e-09	0.01
0.39828125		4.11315252376e-09	0.01
0.39859375		4.11315252376e-09	0.01
0.39890625		4.11315252376e-09	0.01
0.39921875		4.11315252376e-09	0.01
0.39953125		4.11315252376e-09	0.01
0.39984375		4.11315252376e-09	0.01
0.40015625		4.11315252376e-09	0.01
0.40046875		4.11315252376e-09	0.01
0.40078125		4.11315252376e-09	0.01
0.40109375		4.11315252376e-09	0.01
0.40140625		4.11315252376e-09	0.01
0.40171875		4.11315252376e-09	0.01
0.40203125		4.11315252376e-09	0.01
0.40234375		4.11315252376e-09	0.01
0.40265625		4.11315252376e-09	0.01
0.40296875		4.11315252376e-09	0.01
0.40328125		4.11315252376e-09	0.01
0.40359375		4.11315252376e-09	0.01
0.40390625		4.11315252376e-09	0.01
0.40421875		4.11315252376e-09	0.01
0.40453125		4.11315252376e-09	0.01
0.40484375		4.11315252376e-09	0.01
0.40515625		4.11315252376e-09	0.01
0.40546875		4.11315252376e-09	0.01
0.40578125		4.11315252376e-09	0.01
0.40609375		4.11315252376e-09	0.01
0.40640625		4.11315252376e-09	0.01
0.40671875		4.11315252376e-09	0.01
0.40703125		4.11315252376e-09	0.01
0.40734375		4.11315252376e-09	0.01
0.40765625		4.11315252376e-09	0.01
0.40796875		4.11315252376e-09	0.01
0.40828125		4.11315252376e-09	0.01
0.40859375		4.11315252376e-09	0.01
0.40890625		4.11315252376e-09	0.01
0.40921875		4.11315252376e-09	0.01
0.40953125		4.11315252376e-09	0.01
0.40984375		4.11315252376e-09	0.01
0.41015625		4.11315252376e-09	0.01
0.41046875		4.11315252376e-09	0.01
0.41078125		4.11315252376e-09	0.01
0.41109375		4.11315252376e-09	0.01
0.41140625		4.11315252376e-09	0.01
0.41171875		4.11315252376e-09	0.01
0.41203125		4.11315252376e-09	0.01
0.41234375		4.11315252376e-09	0.01
0.41265625		4.11315252376e-09	0.01
0.41296875		4.11315252376e-09	0.01
0.41328125		4.11315252376e-09	0.01
0.41359375		4.11315252376e-09	0.01
0.41390625		4.11315252376e-09	0.01
0.41421875		4.11315252376e-09	0.01
0.41453125		4.11315252376e-09	0.01
0.41484375		4.11315252376e-09	0.01
0.41515625		4.11315252376e-09	0.01
0.41546875		4.11315252376e-09	0.01
0.41578125		4.11315252376e-09	0.01
0.41609375		4.11315252376e-09	0.01
0.41640625		4.11315252376e-09	0.01
0.41671875		4.11315252376e-09	0.01
0.41703125		4.11315252376e-09	0.01
0.41734375		4.11315252376e-09	0.01
0.41765625		4.11315252376e-09	0.01
0.41796875		4.11315252376e-09	0.01
0.41828125		4.11315252376e-09	0.01
0.41859375		4.11315252376e-09	0.01
0.41890625		4.11315252376e-09	0.01
0.41921875		4.11315252376e-09	0.01
0.41953125		4.11315252376e-09	0.01
0.41984375		4.11315252376e-09	0.01
0.42015625		4.11315252376e-09	0.01
0.42046875		4.11315252376e-09	0.01
0.42078125		4.11315252376e-09	0.01
0.42109375		4.11315252376e-09	0.01
0.42140625		4.11315252376e-09	0.01
0.42171875		4.11315252376e-09	0.01
0.42203125		4.11315252376e-09	0.01
0.42234375		4.11315252376e-09	0.01
0.42265625		4.11315252376e-09	0.01
0.42296875		4.11315252376e-09	0.01
0.42328125		4.11315252376e-09	0.01
0.42359375		4.11315252376e-09	0.01
0.42390625		4.11315252376e-09	0.01
0.42421875		4.11315252376e-09	0.01
0.42453125		4.11315252376e-09	0.01
0.42484375		4.11315252376e-09	0.01
0.42515625		4.11315252376e-09	0.01
0.42546875		4.11315252376e-09	0.01
0.42578125		4.11315252376e-09	0.01
0.42609375		4.11315252376e-09	0.01
0.42640625		4.11315252376e-09	0.01
0.42671875		4.11315252376e-09	0.01
0.42703125		4.11315252376e-09	0.01
0.42734375		4.11315252376e-09	0.01
0.42765625		4.11315252376e-09	0.01
0.42796875		4.11315252376e-09	0.01
0.42828125		4.11315252376e-09	0.01
0.42859375		4.11315252376e-09	0.01
0.42890625		4.11315252376e-09	0.01
0.42921875		4.11315252376e-09	0.01
0.42953125		4.11315252376e-09	0.01
0.42984375		4.11315252376e-09	0.01
0.43015625		4.11315252376e-09	0.01
0.43046875		4.11315252376e-09	0.01
0.43078125		4.11315252376e-09	0.01
0.43109375		4.11315252376e-09	0.01
0.43140625		4.11315252376e-09	0.01
0.43171875		4.11315252376e-09	0.01
0.43203125		4.11315252376e-09	0.01
0.43234375		4.11315252376e-09	0.01
0.43265625		4.11315252376e-09	0.01
0.43296875		4.11315252376e-09	0.01
0.43328125		4.11315252376e-09	0.01
0.43359375		4.11315252376e-09	0.01
0.43390625		4.11315252376e-09	0.01
0.43421875		4.11315252376e-09	0.01
0.43453125		4.11315252376e-09	0.01
0.43484375		4.11315252376e-09	0.01
0.43515625		4.11315252376e-09	0.01
0.43546875		4.11315252376e-09	0.01
0.43578125		4.11315252376e-09	0.01
0.43609375		4.11315252376e-09	0.01
0.43640625		4.11315252376e-09	0.01
0.43671875		4.11315252376e-09	0.01
0.43703125		4.11315252376e-09	0.01
0.43734375		4.11315252376e-09	0.01
0.43765625		4.11315252376e-09	0.01
0.43796875		4.11315252376e-09	0.01
0.43828125		4.11315252376e-09	0.01
0.43859375		4.11315252376e-09	0.01
0.43890625		4.11315252376e-09	0.01
0.43921875		4.11315252376e-09	0.01
0.43953125		4.11315252376e-09	0.01
0.43984375		4.11315252376e-09	0.01
0.44015625		4.11315252376e-09	0.01
0.44046875		4.11315252376e-09	0.01
0.44078125		4.11315252376e-09	0.01
0.44109375		4.11315252376e-09	0.01
0.44140625		4.11315252376e-09	0.01
0.44171875		4.11315252376e-09	0.01
0.44203125		4.11315252376e-09	0.01
0.44234375		4.11315252376e-09	0.01
0.44265625		4.11315252376e-09	0.01
0.44296875		4.11315252376e-09	0.01
0.44328125		4.11315252376e-09	0.01
0.44359375		4.11315252376e-09	0.01
0.44390625		4.11315252376e-09	0.01
0.44421875		4.11315252376e-09	0.01
0.44453125		4.11315252376e-09	0.01
0.44484375		4.11315252376e-09	0.01
0.44515625		4.11315252376e-09	0.01
0.44546875		4.11315252376e-09	0.01
0.44578125		4.11315252376e-09	0.01
0.44609375		4.11315252376e-09	0.01
0.44640625		4.11315252376e-09	0.01
0.44671875		4.11315252376e-09	0.01
0.44703125		4.11315252376e-09	0.01
0.44734375		4.11315252376e-09	0.01
0.44765625		4.11315252376e-09	0.01
0.44796875		4.11315252376e-09	0.01
0.44828125		4.11315252376e-09	0.01
0.44859375		4.11315252376e-09	0.01
0.44890625		4.11315252376e-09	0.01
0.44921875		4.11315252376e-09	0.01
0.44953125		4.11315252376e-09	0.01
0.44984375		4.11315252376e-09	0.01
0.45015625		4.11315252376e-09	0.01
0.45046875		4.11315252376e-09	0.01
0.45078125		4.11315252376e-09	0.01
0.45109375		4.11315252376e-09	0.01
0.45140625		4.11315252376e-09	0.01
0.45171875		4.11315252376e-09	0.01
0.45203125		4.11315252376e-09	0.01
0.45234375		4.11315252376e-09	0.01
0.45265625		4.11315252376e-09	0.01
0.45296875		4.11315252376e-09	0.01
0.45328125		4.11315252376e-09	0.01
0.45359375		4.11315252376e-09	0.01
0.45390625		4.11315252376e-09	0.01
0.45421875		4.11315252376e-09	0.01
0.45453125		4.11315252376e-09	0.01
0.45484375		4.11315252376e-09	0.01
0.45515625		4.11315252376e-09	0.01
0.45546875		4.11315252376e-09	0.01
0.45578125		4.11315252376e-09	0.01
0.45609375		4.11315252376e-09	0.01
0.45640625		4.11315252376e-09	0.01
0.45671875		4.11315252376e-09	0.01
0.45703125		4.11315252376e-09	0.01
0.45734375		4.11315252376e-09	0.01
0.45765625		4.11315252376e-09	0.01
0.45796875		4.11315252376e-09	0.01
0.45828125		4.11315252376e-09	0.01
0.45859375		4.11315252376e-09	0.01
0.45890625		4.11315252376e-09	0.01
0.45921875		4.11315252376e-09	0.01
0.45953125		4.11315252376e-09	0.01
0.45984375		4.11315252376e-09	0.01
0.46015625		4.11315252376e-09	0.01
0.46046875		4.11315252376e-09	0.01
0.46078125		4.11315252376e-09	0.01
0.46109375		4.11315252376e-09	0.01
0.46140625		4.11315252376e-09	0.01
0.46171875		4.11315252376e-09	0.01
0.46203125		4.11315252376e-09	0.01
0.46234375		4.11315252376e-09	0.01
0.46265625		4.11315252376e-09	0.01
0.46296875		4.11315252376e-09	0.01
0.46328125		4.11315252376e-09	0.01
0.46359375		4.11315252376e-09	0.01
0.46390625		4.11315252376e-09	0.01
0.46421875		4.11315252376e-09	0.01
0.46453125		4.11315252376e-09	0.01
0.46484375		4.11315252376e-09	0.01
0.46515625		4.11315252376e-09	0.01
0.46546875		4.11315252376e-09	0.01
0.46578125		4.11315252376e-09	0.01
0.46609375		4.11315252376e-09	0.01
0.46640625		4.11315252376e-09	0.01
0.46671875		4.11315252376e-09	0.01
0.46703125		4.11315252376e-09	0.01
0.46734375		4.11315252376e-09	0.01
0.46765625		4.11315252376e-09	0.01
0.46796875		4.11315252376e-09	0.01
0.46828125		4.11315252376e-09	0.01
0.46859375		4.11315252376e-09	0.01
0.46890625		4.11315252376e-09	0.01
0.46921875		4.11315252376e-09	0.01
0.46953125		4.11315252376e-09	0.01
0.46984375		4.11315252376e-09	0.01
0.47015625		4.11315252376e-09	0.01
0.47046875		4.11315252376e-09	0.01
0.47078125		4.11315252376e-09	0.01
0.47109375		4.11315252376e-09	0.01
0.47140625		4.11315252376e-09	0.01
0.47171875		4.11315252376e-09	0.01
0.47203125		4.11315252376e-09	0.01
0.47234375		4.11315252376e-09	0.01
0.47265625		4.11315252376e-09	0.01
0.47296875		4.11315252376e-09	0.01
0.47328125		4.11315252376e-09	0.01
0.47359375		4.11315252376e-09	0.01
0.47390625		4.11315252376e-09	0.01
0.47421875		4.11315252376e-09	0.01
0.47453125		4.11315252376e-09	0.01
0.47484375		4.11315252376e-09	0.01
0.47515625		4.11315252376e-09	0.01
0.47546875		4.11315252376e-09	0.01
0.47578125		4.11315252376e-09	0.01
0.47609375		4.11315252376e-09	0.01
0.47640625		4.11315252376e-09	0.01
0.47671875		4.11315252376e-09	0.01
0.47703125		4.11315252376e-09	0.01
0.47734375		4.11315252376e-09	0.01
0.47765625		4.11315252376e-09	0.01
0.47796875		4.11315252376e-09	0.01
0.47828125		4.11315252376e-09	0.01
0.47859375		4.11315252376e-09	0.01
0.47890625		4.11315252376e-09	0.01
0.47921875		4.11315252376e-09	0.01
0.47953125		4.11315252376e-09	0.01
0.47984375		4.11315252376e-09	0.01
0.48015625		4.11315252376e-09	0.01
0.48046875		4.11315252376e-09	0.01
0.48078125		4.11315252376e-09	0.01
0.48109375		4.11315252376e-09	0.01
0.48140625		4.11315252376e-09	0.01
0.48171875		4.11315252376e-09	0.01
0.48203125		4.11315252376e-09	0.01
0.48234375		4.11315252376e-09	0.01
0.48265625		4.11315252376e-09	0.01
0.48296875		4.11315252376e-09	0.01
0.48328125		4.11315252376e-09	0.01
0.48359375		4.11315252376e-09	0.01
0.48390625		4.11315252376e-09	0.01
0.48421875		4.11315252376e-09	0.01
0.48453125		4.11315252376e-09	0.01
0.48484375		4.11315252376e-09	0.01
0.48515625		4.11315252376e-09	0.01
0.48546875		4.11315252376e-09	0.01
0.48578125		4.11315252376e-09	0.01
0.48609375		4.11315252376e-09	0.01
0.48640625		4.11315252376e-09	0.01
0.48671875		4.11315252376e-09	0.01
0.48703125		4.11315252376e-09	0.01
0.48734375		4.11315252376e-09	0.01
0.48765625		4.11315252376e-09	0.01
0.48796875		4.11315252376e-09	0.01
0.48828125		4.11315252376e-09	0.01
0.48859375		4.11315252376e-09	0.01
0.48890625		4.11315252376e-09	0.01
0.48921875		4.11315252376e-09	0.01
0.48953125		4.11315252376e-09	0.01
0.48984375		4.11315252376e-09	0.01
0.49015625		4.11315252376e-09	0.01
0.49046875		4.11315252376e-09	0.01
0.49078125		4.11315252376e-09	0.01
0.49109375		4.11315252376e-09	0.01
0.49140625		4.11315252376e-09	0.01
0.49171875		4.11315252376e-09	0.01
0.49203125		4.11315252376e-09	0.01
0.49234375		4.11315252376e-09	0.01
0.49265625		4.11315252376e-09	0.01
0.49296875		4.11315252376e-09	0.01
0.49328125		4.11315252376e-09	0.01
0.49359375		4.11315252376e-09	0.01
0.49390625		4.11315252376e-09	0.01
0.49421875		4.11315252376e-09	0.01
0.49453125		4.11315252376e-09	0.01
0.49484375		4.11315252376e-09	0.01
0.49515625		4.11315252376e-09	0.01
0.49546875		4.11315252376e-09	0.01
0.49578125		4.11315252376e-09	0.01
0.49609375		4.11315252376e-09	0.01
0.49640625		4.11315252376e-09	0.01
0.49671875		4.11315252376e-09	0.01
0.49703125		4.11315252376e-09	0.01
0.49734375		4.11315252376e-09	0.01
0.49765625		4.11315252376e-09	0.01
0.49796875		4.11315252376e-09	0.01
0.49828125		4.11315252376e-09	0.01
0.49859375		4.11315252376e-09	0.01
0.49890625		4.11315252376e-09	0.01
0.49921875		4.11315252376e-09	0.01
0.49953125		4.11315252376e-09	0.01
0.49984375		4.11315252376e-09	0.01
