0.00015625		0.410100222091	0.99926069139
0.00046875		0.409920613164	0.999150979406
0.00078125		0.409676324746	0.999002254057
0.00109375		0.409426470631	0.998849970606
0.00140625		0.409193301499	0.998707747753
0.00171875		0.408970418816	0.998571727563
0.00203125		0.408753907145	0.99843954025
0.00234375		0.408541677114	0.998309915036
0.00265625		0.408332506097	0.998182108165
0.00296875		0.408125594108	0.998055633217
0.00328125		0.407920323122	0.997930113804
0.00359375		0.407716228513	0.997805266654
0.00390625		0.407512997488	0.997680901058
0.00421875		0.40731042778	0.997556893784
0.00453125		0.40710837727	0.997433158225
0.00484375		0.406906736154	0.997309627445
0.00515625		0.40670541213	0.997186245125
0.00546875		0.406504328343	0.997062964295
0.00578125		0.406303428244	0.996939750376
0.00609375		0.406102672313	0.996816579211
0.00640625		0.405902029524	0.996693431824
0.00671875		0.405701472581	0.996570291491
0.00703125		0.405500977166	0.996447143293
0.00734375		0.405300521566	0.996323973896
0.00765625		0.405100087157	0.996200771825
0.00796875		0.404899661669	0.996077529521
0.00828125		0.404699236916	0.995954241911
0.00859375		0.40449880351	0.995830903155
0.00890625		0.404298351083	0.995707506831
0.00921875		0.404097872221	0.995584048336
0.00953125		0.403897360485	0.99546052364
0.00984375		0.403696809986	0.995336929049
0.01015625		0.403496215595	0.995213261334
0.01046875		0.40329557307	0.995089517809
0.01078125		0.403094878939	0.994965696257
0.01109375		0.402894130303	0.994841794814
0.01140625		0.40269332467	0.994717811862
0.01171875		0.402492459857	0.994593745973
0.01203125		0.402291533954	0.994469595884
0.01234375		0.40209054528	0.994345360473
0.01265625		0.401889492338	0.99422103873
0.01296875		0.401688373797	0.994096629746
0.01328125		0.4014871885	0.993972132718
0.01359375		0.401285935485	0.993847546963
0.01390625		0.401084613937	0.993722871889
0.01421875		0.400883223107	0.993598106941
0.01453125		0.400681762286	0.99347325159
0.01484375		0.400480230835	0.993348305349
0.01515625		0.4002786282	0.993223267784
0.01546875		0.400076953903	0.993098138508
0.01578125		0.399875207522	0.992972917163
0.01609375		0.399673388674	0.992847603423
0.01640625		0.399471497017	0.99272219698
0.01671875		0.399269532238	0.992596697546
0.01703125		0.39906749405	0.992471104849
0.01734375		0.398865382195	0.992345418635
0.01765625		0.39866319644	0.992219638664
0.01796875		0.398460936576	0.992093764711
0.01828125		0.398258602406	0.991967796558
0.01859375		0.398056193746	0.991841733996
0.01890625		0.397853710423	0.991715576819
0.01921875		0.397651152276	0.991589324833
0.01953125		0.397448519158	0.991462977848
0.01984375		0.39724581093	0.991336535682
0.02015625		0.397043027461	0.991209998155
0.02046875		0.396840168628	0.991083365094
0.02078125		0.396637234311	0.990956636326
0.02109375		0.396434224398	0.990829811684
0.02140625		0.396231138781	0.990702891001
0.02171875		0.396027977356	0.990575874115
0.02203125		0.395824740024	0.990448760865
0.02234375		0.395621426688	0.990321551092
0.02265625		0.395418037255	0.990194244638
0.02296875		0.395214571634	0.990066841346
0.02328125		0.395011029736	0.989939341063
0.02359375		0.394807411473	0.989811743632
0.02390625		0.394603716761	0.989684048901
0.02421875		0.394399945514	0.989556256717
0.02453125		0.394196097652	0.989428366927
0.02484375		0.393992173092	0.98930037938
0.02515625		0.393788171755	0.989172293923
0.02546875		0.39358409356	0.989044110407
0.02578125		0.39337993843	0.98891582868
0.02609375		0.393175706285	0.988787448591
0.02640625		0.39297139705	0.988658969989
0.02671875		0.392767010646	0.988530392724
0.02703125		0.392562546998	0.988401716646
0.02734375		0.392358006029	0.988272941603
0.02765625		0.392153387664	0.988144067445
0.02796875		0.391948691826	0.98801509402
0.02828125		0.391743918441	0.987886021179
0.02859375		0.391539067434	0.98775684877
0.02890625		0.391334138729	0.987627576641
0.02921875		0.391129132252	0.987498204641
0.02953125		0.390924047928	0.987368732619
0.02984375		0.390718885682	0.987239160422
0.03015625		0.390513645439	0.987109487898
0.03046875		0.390308327125	0.986979714895
0.03078125		0.390102930666	0.98684984126
0.03109375		0.389897455985	0.98671986684
0.03140625		0.389691903009	0.986589791482
0.03171875		0.389486271664	0.986459615032
0.03203125		0.389280561873	0.986329337336
0.03234375		0.389074773562	0.98619895824
0.03265625		0.388868906657	0.986068477589
0.03296875		0.388662961082	0.985937895229
0.03328125		0.388456936762	0.985807211005
0.03359375		0.388250833622	0.98567642476
0.03390625		0.388044651587	0.985545536339
0.03421875		0.387838390581	0.985414545586
0.03453125		0.387632050529	0.985283452344
0.03484375		0.387425631354	0.985152256456
0.03515625		0.387219132983	0.985020957765
0.03546875		0.387012555337	0.984889556113
0.03578125		0.386805898342	0.984758051342
0.03609375		0.386599161922	0.984626443295
0.03640625		0.386392346	0.984494731811
0.03671875		0.3861854505	0.984362916732
0.03703125		0.385978475344	0.984230997899
0.03734375		0.385771420458	0.984098975151
0.03765625		0.385564285764	0.983966848329
0.03796875		0.385357071184	0.983834617271
0.03828125		0.385149776643	0.983702281817
0.03859375		0.384942402062	0.983569841806
0.03890625		0.384734947364	0.983437297074
0.03921875		0.384527412473	0.983304647461
0.03953125		0.38431979731	0.983171892804
0.03984375		0.384112101797	0.98303903294
0.04015625		0.383904325857	0.982906067705
0.04046875		0.383696469411	0.982772996936
0.04078125		0.383488532382	0.982639820469
0.04109375		0.383280514691	0.982506538138
0.04140625		0.38307241626	0.98237314978
0.04171875		0.382864237009	0.982239655228
0.04203125		0.38265597686	0.982106054318
0.04234375		0.382447635734	0.981972346882
0.04265625		0.382239213552	0.981838532755
0.04296875		0.382030710234	0.981704611769
0.04328125		0.381822125702	0.981570583757
0.04359375		0.381613459875	0.981436448552
0.04390625		0.381404712675	0.981302205984
0.04421875		0.38119588402	0.981167855886
0.04453125		0.38098697383	0.981033398089
0.04484375		0.380777982027	0.980898832423
0.04515625		0.380568908529	0.980764158718
0.04546875		0.380359753255	0.980629376804
0.04578125		0.380150516126	0.98049448651
0.04609375		0.37994119706	0.980359487666
0.04640625		0.379731795976	0.980224380099
0.04671875		0.379522312793	0.980089163638
0.04703125		0.379312747429	0.97995383811
0.04734375		0.379103099804	0.979818403343
0.04765625		0.378893369835	0.979682859163
0.04796875		0.378683557441	0.979547205397
0.04828125		0.37847366254	0.979411441871
0.04859375		0.378263685049	0.979275568409
0.04890625		0.378053624886	0.979139584838
0.04921875		0.377843481969	0.979003490982
0.04953125		0.377633256215	0.978867286664
0.04984375		0.377422947542	0.978730971709
0.05015625		0.377212555865	0.97859454594
0.05046875		0.377002081103	0.97845800918
0.05078125		0.376791523172	0.978321361251
0.05109375		0.376580881988	0.978184601975
0.05140625		0.376370157467	0.978047731174
0.05171875		0.376159349527	0.977910748669
0.05203125		0.375948458082	0.97777365428
0.05234375		0.375737483049	0.977636447827
0.05265625		0.375526424344	0.977499129131
0.05296875		0.375315281881	0.977361698011
0.05328125		0.375104055576	0.977224154284
0.05359375		0.374892745345	0.97708649777
0.05390625		0.374681351102	0.976948728287
0.05421875		0.374469872763	0.976810845652
0.05453125		0.374258310241	0.976672849682
0.05484375		0.374046663451	0.976534740193
0.05515625		0.373834932308	0.976396517002
0.05546875		0.373623116725	0.976258179924
0.05578125		0.373411216617	0.976119728773
0.05609375		0.373199231897	0.975981163366
0.05640625		0.372987162479	0.975842483516
0.05671875		0.372775008276	0.975703689036
0.05703125		0.372562769202	0.97556477974
0.05734375		0.372350445169	0.975425755441
0.05765625		0.372138036091	0.975286615951
0.05796875		0.37192554188	0.975147361081
0.05828125		0.371712962449	0.975007990643
0.05859375		0.371500297709	0.974868504448
0.05890625		0.371287547573	0.974728902306
0.05921875		0.371074711954	0.974589184027
0.05953125		0.370861790762	0.974449349421
0.05984375		0.37064878391	0.974309398295
0.06015625		0.370435691308	0.974169330459
0.06046875		0.370222512869	0.97402914572
0.06078125		0.370009248502	0.973888843886
0.06109375		0.36979589812	0.973748424764
0.06140625		0.369582461632	0.97360788816
0.06171875		0.36936893895	0.973467233879
0.06203125		0.369155329982	0.973326461728
0.06234375		0.368941634641	0.973185571512
0.06265625		0.368727852834	0.973044563034
0.06296875		0.368513984473	0.972903436098
0.06328125		0.368300029467	0.972762190508
0.06359375		0.368085987725	0.972620826067
0.06390625		0.367871859156	0.972479342577
0.06421875		0.367657643669	0.972337739839
0.06453125		0.367443341173	0.972196017656
0.06484375		0.367228951577	0.972054175828
0.06515625		0.367014474789	0.971912214155
0.06546875		0.366799910717	0.971770132437
0.06578125		0.36658525927	0.971627930473
0.06609375		0.366370520354	0.971485608062
0.06640625		0.366155693878	0.971343165002
0.06671875		0.36594077975	0.971200601091
0.06703125		0.365725777875	0.971057916125
0.06734375		0.365510688162	0.970915109902
0.06765625		0.365295510518	0.970772182217
0.06796875		0.365080244848	0.970629132866
0.06828125		0.364864891059	0.970485961644
0.06859375		0.364649449058	0.970342668346
0.06890625		0.364433918751	0.970199252764
0.06921875		0.364218300043	0.970055714693
0.06953125		0.36400259284	0.969912053925
0.06984375		0.363786797048	0.969768270253
0.07015625		0.363570912571	0.969624363468
0.07046875		0.363354939315	0.969480333362
0.07078125		0.363138877185	0.969336179724
0.07109375		0.362922726085	0.969191902346
0.07140625		0.36270648592	0.969047501016
0.07171875		0.362490156594	0.968902975523
0.07203125		0.362273738011	0.968758325656
0.07234375		0.362057230074	0.968613551203
0.07265625		0.361840632688	0.96846865195
0.07296875		0.361623945755	0.968323627685
0.07328125		0.361407169179	0.968178478193
0.07359375		0.361190302863	0.96803320326
0.07390625		0.36097334671	0.967887802671
0.07421875		0.360756300622	0.96774227621
0.07453125		0.360539164502	0.967596623662
0.07484375		0.360321938251	0.967450844808
0.07515625		0.360104621771	0.967304939432
0.07546875		0.359887214965	0.967158907316
0.07578125		0.359669717734	0.967012748242
0.07609375		0.359452129978	0.966866461989
0.07640625		0.3592344516	0.966720048339
0.07671875		0.359016682499	0.966573507071
0.07703125		0.358798822578	0.966426837964
0.07734375		0.358580871735	0.966280040796
0.07765625		0.358362829871	0.966133115346
0.07796875		0.358144696886	0.965986061391
0.07828125		0.35792647268	0.965838878707
0.07859375		0.357708157153	0.96569156707
0.07890625		0.357489750203	0.965544126257
0.07921875		0.35727125173	0.965396556041
0.07953125		0.357052661632	0.965248856196
0.07984375		0.356833979809	0.965101026498
0.08015625		0.356615206158	0.964953066717
0.08046875		0.356396340579	0.964804976628
0.08078125		0.356177382968	0.964656756001
0.08109375		0.355958333224	0.964508404608
0.08140625		0.355739191244	0.964359922219
0.08171875		0.355519956925	0.964211308603
0.08203125		0.355300630165	0.964062563532
0.08234375		0.35508121086	0.963913686771
0.08265625		0.354861698907	0.963764678091
0.08296875		0.354642094202	0.963615537258
0.08328125		0.354422396642	0.963466264038
0.08359375		0.354202606122	0.963316858198
0.08390625		0.353982722538	0.963167319504
0.08421875		0.353762745785	0.963017647719
0.08453125		0.353542675759	0.962867842608
0.08484375		0.353322512355	0.962717903934
0.08515625		0.353102255467	0.962567831461
0.08546875		0.35288190499	0.962417624949
0.08578125		0.352661460818	0.962267284162
0.08609375		0.352440922845	0.962116808858
0.08640625		0.352220290965	0.9619661988
0.08671875		0.351999565072	0.961815453745
0.08703125		0.351778745058	0.961664573453
0.08734375		0.351557830817	0.961513557682
0.08765625		0.351336822242	0.961362406189
0.08796875		0.351115719225	0.961211118731
0.08828125		0.350894521659	0.961059695065
0.08859375		0.350673229435	0.960908134944
0.08890625		0.350451842446	0.960756438125
0.08921875		0.350230360583	0.960604604361
0.08953125		0.350008783738	0.960452633406
0.08984375		0.349787111801	0.960300525011
0.09015625		0.349565344663	0.96014827893
0.09046875		0.349343482216	0.959995894912
0.09078125		0.349121524349	0.95984337271
0.09109375		0.348899470953	0.959690712072
0.09140625		0.348677321917	0.959537912747
0.09171875		0.348455077131	0.959384974484
0.09203125		0.348232736485	0.959231897031
0.09234375		0.348010299867	0.959078680135
0.09265625		0.347787767166	0.958925323542
0.09296875		0.347565138271	0.958771826996
0.09328125		0.347342413071	0.958618190244
0.09359375		0.347119591453	0.95846441303
0.09390625		0.346896673305	0.958310495095
0.09421875		0.346673658514	0.958156436184
0.09453125		0.346450546969	0.958002236038
0.09484375		0.346227338556	0.957847894398
0.09515625		0.346004033161	0.957693411004
0.09546875		0.345780630672	0.957538785597
0.09578125		0.345557130974	0.957384017915
0.09609375		0.345333533954	0.957229107695
0.09640625		0.345109839497	0.957074054677
0.09671875		0.344886047489	0.956918858595
0.09703125		0.344662157814	0.956763519187
0.09734375		0.344438170359	0.956608036186
0.09765625		0.344214085007	0.956452409328
0.09796875		0.343989901642	0.956296638347
0.09828125		0.34376562015	0.956140722974
0.09859375		0.343541240414	0.955984662941
0.09890625		0.343316762316	0.955828457981
0.09921875		0.343092185742	0.955672107824
0.09953125		0.342867510573	0.955515612199
0.09984375		0.342642736692	0.955358970835
0.10015625		0.342417863982	0.95520218346
0.10046875		0.342192892325	0.955045249802
0.10078125		0.341967821603	0.954888169587
0.10109375		0.341742651698	0.954730942541
0.10140625		0.34151738249	0.954573568389
0.10171875		0.341292013862	0.954416046854
0.10203125		0.341066545693	0.954258377661
0.10234375		0.340840977864	0.954100560531
0.10265625		0.340615310256	0.953942595186
0.10296875		0.340389542748	0.953784481348
0.10328125		0.34016367522	0.953626218736
0.10359375		0.339937707552	0.95346780707
0.10390625		0.339711639622	0.953309246067
0.10421875		0.339485471309	0.953150535446
0.10453125		0.339259202492	0.952991674922
0.10484375		0.339032833049	0.952832664213
0.10515625		0.338806362857	0.952673503033
0.10546875		0.338579791795	0.952514191095
0.10578125		0.33835311974	0.952354728115
0.10609375		0.338126346568	0.952195113803
0.10640625		0.337899472157	0.952035347872
0.10671875		0.337672496383	0.951875430032
0.10703125		0.337445419122	0.951715359994
0.10734375		0.337218240249	0.951555137466
0.10765625		0.336990959642	0.951394762157
0.10796875		0.336763577173	0.951234233774
0.10828125		0.33653609272	0.951073552022
0.10859375		0.336308506155	0.950912716609
0.10890625		0.336080817354	0.950751727238
0.10921875		0.335853026191	0.950590583614
0.10953125		0.335625132538	0.950429285439
0.10984375		0.335397136271	0.950267832414
0.11015625		0.335169037261	0.950106224243
0.11046875		0.334940835381	0.949944460623
0.11078125		0.334712530505	0.949782541256
0.11109375		0.334484122503	0.949620465838
0.11140625		0.334255611249	0.949458234068
0.11171875		0.334026996613	0.949295845642
0.11203125		0.333798278466	0.949133300256
0.11234375		0.333569456681	0.948970597605
0.11265625		0.333340531126	0.948807737382
0.11296875		0.333111501673	0.94864471928
0.11328125		0.332882368191	0.948481542991
0.11359375		0.33265313055	0.948318208206
0.11390625		0.33242378862	0.948154714615
0.11421875		0.332194342268	0.947991061907
0.11453125		0.331964791365	0.94782724977
0.11484375		0.331735135778	0.947663277892
0.11515625		0.331505375375	0.947499145958
0.11546875		0.331275510024	0.947334853655
0.11578125		0.331045539592	0.947170400665
0.11609375		0.330815463946	0.947005786673
0.11640625		0.330585282953	0.946841011361
0.11671875		0.33035499648	0.94667607441
0.11703125		0.330124604391	0.9465109755
0.11734375		0.329894106554	0.946345714312
0.11765625		0.329663502832	0.946180290523
0.11796875		0.329432793092	0.946014703811
0.11828125		0.329201977198	0.945848953851
0.11859375		0.328971055014	0.945683040321
0.11890625		0.328740026405	0.945516962893
0.11921875		0.328508891233	0.945350721242
0.11953125		0.328277649362	0.945184315039
0.11984375		0.328046300655	0.945017743957
0.12015625		0.327814844975	0.944851007665
0.12046875		0.327583282184	0.944684105832
0.12078125		0.327351612143	0.944517038128
0.12109375		0.327119834715	0.944349804218
0.12140625		0.32688794976	0.94418240377
0.12171875		0.32665595714	0.944014836448
0.12203125		0.326423856715	0.943847101917
0.12234375		0.326191648344	0.943679199839
0.12265625		0.325959331889	0.943511129876
0.12296875		0.325726907207	0.94334289169
0.12328125		0.325494374159	0.94317448494
0.12359375		0.325261732603	0.943005909285
0.12390625		0.325028982397	0.942837164383
0.12421875		0.3247961234	0.94266824989
0.12453125		0.324563155468	0.942499165461
0.12484375		0.324330078459	0.942329910751
0.12515625		0.32409689223	0.942160485414
0.12546875		0.323863596638	0.941990889101
0.12578125		0.323630191539	0.941821121464
0.12609375		0.323396676787	0.941651182153
0.12640625		0.32316305224	0.941481070816
0.12671875		0.322929317751	0.941310787101
0.12703125		0.322695473176	0.941140330655
0.12734375		0.322461518369	0.940969701123
0.12765625		0.322227453183	0.94079889815
0.12796875		0.321993277472	0.940627921379
0.12828125		0.321758991089	0.940456770451
0.12859375		0.321524593887	0.940285445009
0.12890625		0.321290085719	0.940113944691
0.12921875		0.321055466435	0.939942269137
0.12953125		0.320820735889	0.939770417983
0.12984375		0.320585893931	0.939598390865
0.13015625		0.320350940411	0.93942618742
0.13046875		0.320115875181	0.939253807281
0.13078125		0.319880698089	0.93908125008
0.13109375		0.319645408987	0.938908515449
0.13140625		0.319410007723	0.938735603019
0.13171875		0.319174494146	0.938562512418
0.13203125		0.318938868104	0.938389243274
0.13234375		0.318703129445	0.938215795215
0.13265625		0.318467278017	0.938042167865
0.13296875		0.318231313668	0.937868360849
0.13328125		0.317995236243	0.937694373789
0.13359375		0.31775904559	0.937520206309
0.13390625		0.317522741555	0.937345858027
0.13421875		0.317286323982	0.937171328564
0.13453125		0.317049792717	0.936996617538
0.13484375		0.316813147606	0.936821724565
0.13515625		0.316576388492	0.93664664926
0.13546875		0.316339515218	0.936471391239
0.13578125		0.31610252763	0.936295950114
0.13609375		0.315865425569	0.936120325497
0.13640625		0.315628208879	0.935944516997
0.13671875		0.315390877402	0.935768524226
0.13703125		0.315153430979	0.935592346789
0.13734375		0.314915869452	0.935415984294
0.13765625		0.314678192662	0.935239436346
0.13796875		0.314440400449	0.935062702549
0.13828125		0.314202492654	0.934885782505
0.13859375		0.313964469116	0.934708675816
0.13890625		0.313726329675	0.934531382081
0.13921875		0.313488074169	0.9343539009
0.13953125		0.313249702436	0.934176231869
0.13984375		0.313011214315	0.933998374585
0.14015625		0.312772609643	0.933820328641
0.14046875		0.312533888257	0.933642093631
0.14078125		0.312295049993	0.933463669147
0.14109375		0.312056094689	0.933285054779
0.14140625		0.311817022179	0.933106250117
0.14171875		0.311577832298	0.932927254747
0.14203125		0.311338524882	0.932748068257
0.14234375		0.311099099765	0.932568690231
0.14265625		0.310859556781	0.932389120252
0.14296875		0.310619895763	0.932209357903
0.14328125		0.310380116543	0.932029402764
0.14359375		0.310140218956	0.931849254414
0.14390625		0.309900202832	0.931668912432
0.14421875		0.309660068004	0.931488376392
0.14453125		0.309419814301	0.931307645871
0.14484375		0.309179441556	0.931126720442
0.14515625		0.308938949598	0.930945599677
0.14546875		0.308698338257	0.930764283145
0.14578125		0.308457607362	0.930582770417
0.14609375		0.308216756741	0.930401061059
0.14640625		0.307975786224	0.930219154639
0.14671875		0.307734695638	0.930037050719
0.14703125		0.307493484809	0.929854748864
0.14734375		0.307252153566	0.929672248634
0.14765625		0.307010701734	0.929489549591
0.14796875		0.306769129139	0.929306651292
0.14828125		0.306527435607	0.929123553294
0.14859375		0.306285620962	0.928940255153
0.14890625		0.306043685029	0.928756756423
0.14921875		0.305801627631	0.928573056656
0.14953125		0.305559448592	0.928389155402
0.14984375		0.305317147736	0.928205052212
0.15015625		0.305074724883	0.928020746632
0.15046875		0.304832179857	0.927836238209
0.15078125		0.304589512478	0.927651526487
0.15109375		0.304346722567	0.927466611009
0.15140625		0.304103809945	0.927281491317
0.15171875		0.303860774432	0.927096166949
0.15203125		0.303617615846	0.926910637444
0.15234375		0.303374334007	0.926724902339
0.15265625		0.303130928732	0.926538961168
0.15296875		0.302887399841	0.926352813464
0.15328125		0.302643747149	0.926166458759
0.15359375		0.302399970474	0.925979896583
0.15390625		0.302156069631	0.925793126463
0.15421875		0.301912044437	0.925606147927
0.15453125		0.301667894706	0.925418960499
0.15484375		0.301423620254	0.925231563702
0.15515625		0.301179220894	0.925043957057
0.15546875		0.300934696439	0.924856140085
0.15578125		0.300690046703	0.924668112303
0.15609375		0.300445271497	0.924479873227
0.15640625		0.300200370635	0.924291422372
0.15671875		0.299955343927	0.924102759252
0.15703125		0.299710191184	0.923913883376
0.15734375		0.299464912217	0.923724794254
0.15765625		0.299219506834	0.923535491394
0.15796875		0.298973974845	0.923345974302
0.15828125		0.298728316059	0.923156242481
0.15859375		0.298482530283	0.922966295433
0.15890625		0.298236617326	0.92277613266
0.15921875		0.297990576993	0.922585753659
0.15953125		0.297744409091	0.922395157927
0.15984375		0.297498113427	0.922204344959
0.16015625		0.297251689804	0.922013314249
0.16046875		0.297005138028	0.921822065287
0.16078125		0.296758457902	0.921630597563
0.16109375		0.296511649231	0.921438910564
0.16140625		0.296264711816	0.921247003776
0.16171875		0.29601764546	0.921054876683
0.16203125		0.295770449965	0.920862528767
0.16234375		0.295523125132	0.920669959507
0.16265625		0.295275670761	0.920477168382
0.16296875		0.295028086652	0.920284154867
0.16328125		0.294780372605	0.920090918438
0.16359375		0.294532528417	0.919897458566
0.16390625		0.294284553888	0.919703774722
0.16421875		0.294036448814	0.919509866373
0.16453125		0.293788212993	0.919315732987
0.16484375		0.29353984622	0.919121374027
0.16515625		0.293291348291	0.918926788957
0.16546875		0.293042719002	0.918731977237
0.16578125		0.292793958146	0.918536938324
0.16609375		0.292545065518	0.918341671676
0.16640625		0.29229604091	0.918146176747
0.16671875		0.292046884115	0.917950452989
0.16703125		0.291797594925	0.917754499852
0.16734375		0.291548173132	0.917558316785
0.16765625		0.291298618525	0.917361903234
0.16796875		0.291048930894	0.917165258642
0.16828125		0.29079911003	0.916968382453
0.16859375		0.29054915572	0.916771274105
0.16890625		0.290299067753	0.916573933037
0.16921875		0.290048845916	0.916376358684
0.16953125		0.289798489996	0.916178550479
0.16984375		0.289547999779	0.915980507855
0.17015625		0.28929737505	0.91578223024
0.17046875		0.289046615594	0.915583717061
0.17078125		0.288795721195	0.915384967744
0.17109375		0.288544691636	0.91518598171
0.17140625		0.288293526701	0.91498675838
0.17171875		0.288042226171	0.914787297173
0.17203125		0.287790789827	0.914587597505
0.17234375		0.287539217451	0.914387658789
0.17265625		0.287287508823	0.914187480437
0.17296875		0.287035663721	0.913987061858
0.17328125		0.286783681924	0.91378640246
0.17359375		0.286531563211	0.913585501646
0.17390625		0.286279307358	0.91338435882
0.17421875		0.286026914142	0.913182973382
0.17453125		0.28577438334	0.912981344729
0.17484375		0.285521714725	0.912779472257
0.17515625		0.285268908073	0.912577355359
0.17546875		0.285015963157	0.912374993425
0.17578125		0.28476287975	0.912172385845
0.17609375		0.284509657625	0.911969532005
0.17640625		0.284256296553	0.911766431287
0.17671875		0.284002796305	0.911563083074
0.17703125		0.283749156651	0.911359486743
0.17734375		0.283495377361	0.911155641672
0.17765625		0.283241458202	0.910951547235
0.17796875		0.282987398943	0.910747202802
0.17828125		0.282733199352	0.910542607743
0.17859375		0.282478859194	0.910337761425
0.17890625		0.282224378236	0.910132663211
0.17921875		0.281969756241	0.909927312464
0.17953125		0.281714992975	0.909721708541
0.17984375		0.281460088201	0.9095158508
0.18015625		0.281205041681	0.909309738594
0.18046875		0.280949853177	0.909103371276
0.18078125		0.280694522451	0.908896748193
0.18109375		0.280439049262	0.908689868691
0.18140625		0.28018343337	0.908482732116
0.18171875		0.279927674535	0.908275337806
0.18203125		0.279671772513	0.908067685102
0.18234375		0.279415727063	0.907859773338
0.18265625		0.27915953794	0.907651601847
0.18296875		0.2789032049	0.90744316996
0.18328125		0.278646727698	0.907234477005
0.18359375		0.278390106089	0.907025522306
0.18390625		0.278133339824	0.906816305185
0.18421875		0.277876428657	0.906606824963
0.18453125		0.27761937234	0.906397080956
0.18484375		0.277362170622	0.906187072478
0.18515625		0.277104823254	0.905976798839
0.18546875		0.276847329985	0.90576625935
0.18578125		0.276589690563	0.905555453314
0.18609375		0.276331904736	0.905344380035
0.18640625		0.27607397225	0.905133038813
0.18671875		0.275815892851	0.904921428945
0.18703125		0.275557666285	0.904709549725
0.18734375		0.275299292294	0.904497400444
0.18765625		0.275040770622	0.904284980391
0.18796875		0.274782101012	0.90407228885
0.18828125		0.274523283205	0.903859325106
0.18859375		0.274264316942	0.903646088437
0.18890625		0.274005201962	0.90343257812
0.18921875		0.273745938005	0.903218793428
0.18953125		0.273486524808	0.903004733633
0.18984375		0.273226962108	0.902790398001
0.19015625		0.272967249642	0.902575785797
0.19046875		0.272707387145	0.902360896283
0.19078125		0.272447374351	0.902145728717
0.19109375		0.272187210995	0.901930282355
0.19140625		0.271926896808	0.901714556448
0.19171875		0.271666431522	0.901498550246
0.19203125		0.271405814868	0.901282262995
0.19234375		0.271145046576	0.901065693938
0.19265625		0.270884126376	0.900848842313
0.19296875		0.270623053994	0.900631707358
0.19328125		0.270361829158	0.900414288306
0.19359375		0.270100451595	0.900196584387
0.19390625		0.269838921029	0.899978594827
0.19421875		0.269577237184	0.899760318849
0.19453125		0.269315399785	0.899541755675
0.19484375		0.269053408553	0.899322904521
0.19515625		0.26879126321	0.8991037646
0.19546875		0.268528963477	0.898884335122
0.19578125		0.268266509072	0.898664615295
0.19609375		0.268003899714	0.898444604321
0.19640625		0.267741135121	0.898224301402
0.19671875		0.267478215009	0.898003705732
0.19703125		0.267215139094	0.897782816506
0.19734375		0.26695190709	0.897561632913
0.19765625		0.266688518711	0.897340154139
0.19796875		0.26642497367	0.897118379368
0.19828125		0.266161271677	0.896896307777
0.19859375		0.265897412444	0.896673938543
0.19890625		0.26563339568	0.896451270838
0.19921875		0.265369221094	0.89622830383
0.19953125		0.265104888392	0.896005036684
0.19984375		0.264840397281	0.895781468562
0.20015625		0.264575747467	0.89555759862
0.20046875		0.264310938654	0.895333426013
0.20078125		0.264045970546	0.895108949891
0.20109375		0.263780842843	0.8948841694
0.20140625		0.263515555248	0.894659083683
0.20171875		0.26325010746	0.89443369188
0.20203125		0.26298449918	0.894207993124
0.20234375		0.262718730103	0.893981986549
0.20265625		0.262452799928	0.89375567128
0.20296875		0.26218670835	0.893529046442
0.20328125		0.261920455063	0.893302111155
0.20359375		0.261654039762	0.893074864535
0.20390625		0.261387462138	0.892847305693
0.20421875		0.261120721884	0.892619433737
0.20453125		0.260853818688	0.892391247773
0.20484375		0.260586752241	0.892162746899
0.20515625		0.26031952223	0.891933930212
0.20546875		0.260052128342	0.891704796804
0.20578125		0.259784570262	0.891475345763
0.20609375		0.259516847676	0.891245576173
0.20640625		0.259248960266	0.891015487113
0.20671875		0.258980907715	0.890785077659
0.20703125		0.258712689704	0.890554346883
0.20734375		0.258444305912	0.890323293852
0.20765625		0.258175756018	0.890091917628
0.20796875		0.257907039701	0.889860217271
0.20828125		0.257638156635	0.889628191836
0.20859375		0.257369106496	0.889395840371
0.20890625		0.257099888958	0.889163161924
0.20921875		0.256830503694	0.888930155536
0.20953125		0.256560950376	0.888696820244
0.20984375		0.256291228672	0.88846315508
0.21015625		0.256021338253	0.888229159074
0.21046875		0.255751278786	0.887994831249
0.21078125		0.255481049938	0.887760170624
0.21109375		0.255210651374	0.887525176215
0.21140625		0.254940082758	0.887289847031
0.21171875		0.254669343752	0.887054182079
0.21203125		0.254398434019	0.886818180359
0.21234375		0.254127353218	0.886581840868
0.21265625		0.253856101008	0.886345162599
0.21296875		0.253584677048	0.886108144538
0.21328125		0.253313080992	0.885870785667
0.21359375		0.253041312497	0.885633084965
0.21390625		0.252769371216	0.885395041405
0.21421875		0.252497256801	0.885156653954
0.21453125		0.252224968903	0.884917921576
0.21484375		0.251952507173	0.88467884323
0.21515625		0.251679871258	0.884439417868
0.21546875		0.251407060806	0.88419964444
0.21578125		0.251134075461	0.88395952189
0.21609375		0.250860914869	0.883719049155
0.21640625		0.250587578673	0.88347822517
0.21671875		0.250314066513	0.883237048863
0.21703125		0.250040378031	0.882995519158
0.21734375		0.249766512864	0.882753634973
0.21765625		0.24949247065	0.882511395222
0.21796875		0.249218251026	0.882268798812
0.21828125		0.248943853625	0.882025844646
0.21859375		0.248669278081	0.881782531621
0.21890625		0.248394524025	0.881538858631
0.21921875		0.248119591088	0.881294824562
0.21953125		0.247844478898	0.881050428295
0.21984375		0.247569187083	0.880805668707
0.22015625		0.247293715268	0.880560544669
0.22046875		0.247018063078	0.880315055045
0.22078125		0.246742230136	0.880069198696
0.22109375		0.246466216063	0.879822974476
0.22140625		0.246190020479	0.879576381233
0.22171875		0.245913643002	0.879329417812
0.22203125		0.245637083249	0.879082083048
0.22234375		0.245360340836	0.878834375774
0.22265625		0.245083415376	0.878586294816
0.22296875		0.244806306481	0.878337838993
0.22328125		0.244529013763	0.878089007122
0.22359375		0.24425153683	0.87783979801
0.22390625		0.24397387529	0.877590210459
0.22421875		0.243696028748	0.877340243267
0.22453125		0.24341799681	0.877089895225
0.22484375		0.243139779078	0.876839165118
0.22515625		0.242861375152	0.876588051723
0.22546875		0.242582784633	0.876336553815
0.22578125		0.242304007119	0.876084670159
0.22609375		0.242025042206	0.875832399517
0.22640625		0.241745889488	0.875579740642
0.22671875		0.241466548558	0.875326692283
0.22703125		0.241187019008	0.875073253181
0.22734375		0.240907300427	0.874819422072
0.22765625		0.240627392403	0.874565197685
0.22796875		0.240347294523	0.874310578741
0.22828125		0.240067006371	0.874055563959
0.22859375		0.239786527529	0.873800152047
0.22890625		0.23950585758	0.873544341708
0.22921875		0.239224996101	0.873288131639
0.22953125		0.238943942672	0.87303152053
0.22984375		0.238662696867	0.872774507064
0.23015625		0.23838125826	0.872517089918
0.23046875		0.238099626425	0.87225926776
0.23078125		0.237817800932	0.872001039255
0.23109375		0.237535781348	0.871742403058
0.23140625		0.237253567242	0.871483357818
0.23171875		0.236971158177	0.871223902178
0.23203125		0.236688553718	0.870964034772
0.23234375		0.236405753426	0.870703754228
0.23265625		0.236122756861	0.870443059168
0.23296875		0.235839563579	0.870181948205
0.23328125		0.235556173136	0.869920419945
0.23359375		0.235272585088	0.869658472988
0.23390625		0.234988798985	0.869396105927
0.23421875		0.234704814378	0.869133317344
0.23453125		0.234420630814	0.868870105818
0.23484375		0.234136247841	0.868606469919
0.23515625		0.233851665002	0.868342408208
0.23546875		0.233566881839	0.86807791924
0.23578125		0.233281897894	0.867813001562
0.23609375		0.232996712703	0.867547653713
0.23640625		0.232711325805	0.867281874224
0.23671875		0.232425736732	0.86701566162
0.23703125		0.232139945017	0.866749014417
0.23734375		0.231853950191	0.866481931121
0.23765625		0.231567751782	0.866214410233
0.23796875		0.231281349315	0.865946450245
0.23828125		0.230994742315	0.865678049641
0.23859375		0.230707930305	0.865409206896
0.23890625		0.230420912803	0.865139920478
0.23921875		0.230133689327	0.864870188846
0.23953125		0.229846259394	0.864600010451
0.23984375		0.229558622517	0.864329383736
0.24015625		0.229270778207	0.864058307134
0.24046875		0.228982725973	0.86378677907
0.24078125		0.228694465323	0.863514797963
0.24109375		0.22840599576	0.863242362219
0.24140625		0.228117316788	0.86296947024
0.24171875		0.227828427908	0.862696120415
0.24203125		0.227539328616	0.862422311126
0.24234375		0.22725001841	0.862148040747
0.24265625		0.226960496782	0.861873307642
0.24296875		0.226670763224	0.861598110166
0.24328125		0.226380817226	0.861322446664
0.24359375		0.226090658273	0.861046315474
0.24390625		0.22580028585	0.860769714924
0.24421875		0.22550969944	0.860492643331
0.24453125		0.225218898521	0.860215099004
0.24484375		0.224927882572	0.859937080243
0.24515625		0.224636651066	0.859658585338
0.24546875		0.224345203478	0.859379612569
0.24578125		0.224053539276	0.859100160207
0.24609375		0.223761657928	0.858820226513
0.24640625		0.2234695589	0.858539809737
0.24671875		0.223177241655	0.858258908122
0.24703125		0.222884705651	0.857977519898
0.24734375		0.222591950349	0.857695643287
0.24765625		0.222298975202	0.857413276499
0.24796875		0.222005779663	0.857130417736
0.24828125		0.221712363182	0.856847065189
0.24859375		0.221418725208	0.856563217037
0.24890625		0.221124865185	0.85627887145
0.24921875		0.220830782554	0.855994026588
0.24953125		0.220536476757	0.8557086806
0.24984375		0.220241947231	0.855422831623
0.25015625		0.219947193409	0.855136477785
0.25046875		0.219652214723	0.854849617202
0.25078125		0.219357010603	0.85456224798
0.25109375		0.219061580475	0.854274368213
0.25140625		0.218765923762	0.853985975985
0.25171875		0.218470039886	0.853697069368
0.25203125		0.218173928265	0.853407646423
0.25234375		0.217877588313	0.853117705199
0.25265625		0.217581019445	0.852827243734
0.25296875		0.217284221068	0.852536260055
0.25328125		0.21698719259	0.852244752176
0.25359375		0.216689933415	0.851952718102
0.25390625		0.216392442945	0.851660155822
0.25421875		0.216094720577	0.851367063317
0.25453125		0.215796765706	0.851073438554
0.25484375		0.215498577726	0.850779279488
0.25515625		0.215200156024	0.850484584061
0.25546875		0.214901499989	0.850189350205
0.25578125		0.214602609002	0.849893575838
0.25609375		0.214303482445	0.849597258866
0.25640625		0.214004119695	0.849300397181
0.25671875		0.213704520125	0.849002988664
0.25703125		0.213404683108	0.848705031182
0.25734375		0.21310460801	0.848406522591
0.25765625		0.212804294198	0.848107460731
0.25796875		0.212503741032	0.847807843431
0.25828125		0.212202947871	0.847507668506
0.25859375		0.21190191407	0.847206933759
0.25890625		0.211600638982	0.846905636976
0.25921875		0.211299121955	0.846603775933
0.25953125		0.210997362335	0.846301348391
0.25984375		0.210695359464	0.845998352097
0.26015625		0.210393112681	0.845694784784
0.26046875		0.210090621322	0.845390644172
0.26078125		0.209787884718	0.845085927964
0.26109375		0.209484902199	0.844780633853
0.26140625		0.20918167309	0.844474759515
0.26171875		0.208878196712	0.84416830261
0.26203125		0.208574472385	0.843861260786
0.26234375		0.208270499423	0.843553631676
0.26265625		0.207966277138	0.843245412897
0.26296875		0.207661804837	0.842936602051
0.26328125		0.207357081825	0.842627196725
0.26359375		0.207052107402	0.842317194492
0.26390625		0.206746880866	0.842006592907
0.26421875		0.20644140151	0.841695389512
0.26453125		0.206135668624	0.841383581832
0.26484375		0.205829681493	0.841071167376
0.26515625		0.205523439401	0.840758143638
0.26546875		0.205216941624	0.840444508095
0.26578125		0.204910187439	0.840130258209
0.26609375		0.204603176116	0.839815391422
0.26640625		0.204295906922	0.839499905165
0.26671875		0.20398837912	0.839183796848
0.26703125		0.20368059197	0.838867063866
0.26734375		0.203372544726	0.838549703597
0.26765625		0.20306423664	0.838231713401
0.26796875		0.202755666959	0.837913090621
0.26828125		0.202446834927	0.837593832584
0.26859375		0.202137739782	0.837273936597
0.26890625		0.20182838076	0.836953399951
0.26921875		0.201518757092	0.836632219919
0.26953125		0.201208868004	0.836310393755
0.26984375		0.200898712719	0.835987918696
0.27015625		0.200588290456	0.835664791959
0.27046875		0.200277600429	0.835341010744
0.27078125		0.199966641846	0.835016572232
0.27109375		0.199655413915	0.834691473584
0.27140625		0.199343915835	0.834365711943
0.27171875		0.199032146805	0.834039284432
0.27203125		0.198720106015	0.833712188156
0.27234375		0.198407792654	0.8333844202
0.27265625		0.198095205906	0.833055977627
0.27296875		0.197782344948	0.832726857482
0.27328125		0.197469208956	0.832397056791
0.27359375		0.197155797098	0.832066572557
0.27390625		0.19684210854	0.831735401765
0.27421875		0.196528142442	0.831403541377
0.27453125		0.19621389796	0.831070988336
0.27484375		0.195899374244	0.830737739562
0.27515625		0.195584570441	0.830403791956
0.27546875		0.19526948569	0.830069142396
0.27578125		0.19495411913	0.829733787739
0.27609375		0.194638469891	0.829397724819
0.27640625		0.1943225371	0.829060950448
0.27671875		0.194006319877	0.828723461419
0.27703125		0.19368981734	0.828385254497
0.27734375		0.193373028599	0.828046326429
0.27765625		0.193055952761	0.827706673936
0.27796875		0.192738588926	0.827366293718
0.27828125		0.192420936192	0.82702518245
0.27859375		0.192102993647	0.826683336784
0.27890625		0.191784760377	0.826340753349
0.27921875		0.191466235462	0.825997428747
0.27953125		0.191147417977	0.82565335956
0.27984375		0.190828306991	0.825308542342
0.28015625		0.190508901567	0.824962973623
0.28046875		0.190189200763	0.82461664991
0.28078125		0.189869203633	0.824269567681
0.28109375		0.189548909221	0.823921723393
0.28140625		0.189228316571	0.823573113473
0.28171875		0.188907424717	0.823223734324
0.28203125		0.18858623269	0.822873582323
0.28234375		0.188264739512	0.82252265382
0.28265625		0.187942944202	0.822170945139
0.28296875		0.187620845773	0.821818452574
0.28328125		0.18729844323	0.821465172395
0.28359375		0.186975735574	0.821111100843
0.28390625		0.186652721799	0.820756234132
0.28421875		0.186329400892	0.820400568446
0.28453125		0.186005771836	0.820044099942
0.28484375		0.185681833606	0.819686824747
0.28515625		0.185357585171	0.819328738961
0.28546875		0.185033025495	0.818969838654
0.28578125		0.184708153534	0.818610119864
0.28609375		0.184382968237	0.818249578601
0.28640625		0.184057468549	0.817888210847
0.28671875		0.183731653407	0.817526012548
0.28703125		0.18340552174	0.817162979625
0.28734375		0.183079072474	0.816799107963
0.28765625		0.182752304524	0.816434393418
0.28796875		0.182425216801	0.816068831814
0.28828125		0.182097808208	0.815702418942
0.28859375		0.181770077641	0.815335150562
0.28890625		0.181442023991	0.814967022399
0.28921875		0.181113646138	0.814598030146
0.28953125		0.180784942959	0.814228169463
0.28984375		0.180455913321	0.813857435975
0.29015625		0.180126556085	0.813485825273
0.29046875		0.179796870105	0.813113332914
0.29078125		0.179466854227	0.81273995442
0.29109375		0.179136507288	0.812365685276
0.29140625		0.178805828121	0.811990520932
0.29171875		0.178474815549	0.811614456805
0.29203125		0.178143468387	0.81123748827
0.29234375		0.177811785443	0.810859610669
0.29265625		0.177479765519	0.810480819305
0.29296875		0.177147407405	0.810101109445
0.29328125		0.176814709887	0.809720476315
0.29359375		0.176481671741	0.809338915106
0.29390625		0.176148291736	0.808956420966
0.29421875		0.17581456863	0.808572989008
0.29453125		0.175480501177	0.808188614301
0.29484375		0.175146088119	0.807803291876
0.29515625		0.174811328192	0.807417016724
0.29546875		0.174476220122	0.807029783792
0.29578125		0.174140762627	0.806641587988
0.29609375		0.173804954417	0.806252424177
0.29640625		0.173468794191	0.805862287181
0.29671875		0.173132280642	0.80547117178
0.29703125		0.172795412452	0.805079072709
0.29734375		0.172458188295	0.804685984659
0.29765625		0.172120606836	0.804291902279
0.29796875		0.17178266673	0.80389682017
0.29828125		0.171444366623	0.803500732889
0.29859375		0.171105705152	0.803103634946
0.29890625		0.170766680945	0.802705520805
0.29921875		0.170427292618	0.802306384882
0.29953125		0.170087538781	0.801906221548
0.29984375		0.169747418031	0.801505025122
0.30015625		0.169406928957	0.801102789877
0.30046875		0.169066070137	0.800699510034
0.30078125		0.16872484014	0.800295179768
0.30109375		0.168383237524	0.799889793199
0.30140625		0.168041260837	0.799483344399
0.30171875		0.167698908617	0.799075827386
0.30203125		0.167356179391	0.798667236129
0.30234375		0.167013071675	0.79825756454
0.30265625		0.166669583976	0.79784680648
0.30296875		0.166325714788	0.797434955754
0.30328125		0.165981462596	0.797022006115
0.30359375		0.165636825872	0.796607951256
0.30390625		0.165291803079	0.796192784819
0.30421875		0.164946392668	0.795776500384
0.30453125		0.164600593078	0.795359091478
0.30484375		0.164254402737	0.794940551565
0.30515625		0.16390782006	0.794520874054
0.30546875		0.163560843453	0.794100052293
0.30578125		0.163213471309	0.793678079568
0.30609375		0.162865702007	0.793254949105
0.30640625		0.162517533916	0.792830654069
0.30671875		0.162168965392	0.792405187561
0.30703125		0.16181999478	0.791978542618
0.30734375		0.161470620411	0.791550712214
0.30765625		0.161120840603	0.791121689257
0.30796875		0.160770653663	0.790691466589
0.30828125		0.160420057882	0.790260036985
0.30859375		0.160069051541	0.789827393154
0.30890625		0.159717632908	0.789393527735
0.30921875		0.159365800234	0.788958433297
0.30953125		0.159013551759	0.788522102341
0.30984375		0.158660885711	0.788084527295
0.31015625		0.1583078003	0.787645700515
0.31046875		0.157954293726	0.787205614284
0.31078125		0.157600364171	0.786764260813
0.31109375		0.157246009808	0.786321632236
0.31140625		0.15689122879	0.78587772061
0.31171875		0.156536019258	0.785432517919
0.31203125		0.156180379338	0.784986016066
0.31234375		0.155824307143	0.784538206875
0.31265625		0.155467800766	0.784089082091
0.31296875		0.155110858289	0.78363863338
0.31328125		0.154753477778	0.783186852321
0.31359375		0.154395657281	0.782733730414
0.31390625		0.154037394833	0.782279259072
0.31421875		0.15367868845	0.781823429625
0.31453125		0.153319536135	0.781366233315
0.31484375		0.152959935871	0.780907661295
0.31515625		0.152599885629	0.780447704632
0.31546875		0.152239383359	0.779986354299
0.31578125		0.151878426996	0.77952360118
0.31609375		0.151517014457	0.779059436067
0.31640625		0.151155143643	0.778593849657
0.31671875		0.150792812436	0.778126832549
0.31703125		0.1504300187	0.777658375251
0.31734375		0.150066760283	0.777188468167
0.31765625		0.149703035012	0.776717101607
0.31796875		0.149338840697	0.776244265777
0.31828125		0.14897417513	0.775769950781
0.31859375		0.148609036082	0.77529414662
0.31890625		0.148243421307	0.774816843191
0.31921875		0.147877328539	0.774338030283
0.31953125		0.147510755491	0.773857697576
0.31984375		0.147143699857	0.773375834643
0.32015625		0.146776159312	0.772892430944
0.32046875		0.14640813151	0.772407475826
0.32078125		0.146039614082	0.771920958522
0.32109375		0.145670604641	0.771432868149
0.32140625		0.145301100779	0.770943193705
0.32171875		0.144931100064	0.77045192407
0.32203125		0.144560600044	0.769959048001
0.32234375		0.144189598245	0.769464554134
0.32265625		0.14381809217	0.768968430977
0.32296875		0.143446079301	0.768470666913
0.32328125		0.143073557094	0.767971250196
0.32359375		0.142700522986	0.76747016895
0.32390625		0.142326974388	0.766967411165
0.32421875		0.141952908686	0.766462964695
0.32453125		0.141578323245	0.765956817261
0.32484375		0.141203215404	0.765448956442
0.32515625		0.140827582476	0.764939369678
0.32546875		0.140451421753	0.764428044263
0.32578125		0.140074730497	0.763914967349
0.32609375		0.139697505946	0.763400125938
0.32640625		0.139319745313	0.762883506883
0.32671875		0.138941445784	0.762365096885
0.32703125		0.138562604517	0.761844882488
0.32734375		0.138183218645	0.761322850082
0.32765625		0.13780328527	0.760798985895
0.32796875		0.13742280147	0.760273275995
0.32828125		0.137041764293	0.759745706282
0.32859375		0.136660170758	0.759216262492
0.32890625		0.136278017854	0.758684930189
0.32921875		0.135895302543	0.758151694763
0.32953125		0.135512021756	0.757616541431
0.32984375		0.135128172392	0.75707945523
0.33015625		0.134743751321	0.756540421014
0.33046875		0.134358755382	0.755999423456
0.33078125		0.133973181381	0.755456447037
0.33109375		0.133587026094	0.754911476052
0.33140625		0.133200286261	0.754364494598
0.33171875		0.132812958592	0.753815486577
0.33203125		0.132425039762	0.753264435691
0.33234375		0.132036526413	0.752711325437
0.33265625		0.131647415152	0.752156139104
0.33296875		0.131257702549	0.751598859772
0.33328125		0.130867385142	0.751039470305
0.33359375		0.130476459431	0.75047795335
0.33390625		0.130084921878	0.749914291331
0.33421875		0.129692768911	0.749348466447
0.33453125		0.129299996917	0.748780460667
0.33484375		0.128906602247	0.748210255726
0.33515625		0.128512581213	0.747637833121
0.33546875		0.128117930085	0.747063174107
0.33578125		0.127722645096	0.746486259694
0.33609375		0.127326722437	0.745907070638
0.33640625		0.126930158257	0.745325587443
0.33671875		0.126532948664	0.744741790351
0.33703125		0.126135089722	0.744155659339
0.33734375		0.125736577453	0.743567174117
0.33765625		0.125337407835	0.742976314119
0.33796875		0.124937576801	0.742383058498
0.33828125		0.124537080237	0.741787386126
0.33859375		0.124135913984	0.741189275582
0.33890625		0.123734073838	0.740588705151
0.33921875		0.123331555544	0.739985652817
0.33953125		0.122928354801	0.739380096257
0.33984375		0.122524467257	0.738772012837
0.34015625		0.122119888512	0.738161379604
0.34046875		0.121714614112	0.73754817328
0.34078125		0.121308639555	0.736932370257
0.34109375		0.120901960283	0.736313946591
0.34140625		0.120494571686	0.735692877993
0.34171875		0.120086469101	0.735069139824
0.34203125		0.119677647807	0.734442707089
0.34234375		0.119268103029	0.733813554428
0.34265625		0.118857829933	0.73318165611
0.34296875		0.118446823628	0.732546986025
0.34328125		0.118035079163	0.731909517678
0.34359375		0.117622591528	0.731269224179
0.34390625		0.11720935565	0.730626078235
0.34421875		0.116795366395	0.729980052144
0.34453125		0.116380618564	0.729331117785
0.34484375		0.115965106896	0.728679246611
0.34515625		0.115548826061	0.728024409637
0.34546875		0.115131770664	0.727366577434
0.34578125		0.114713935242	0.726705720119
0.34609375		0.114295314262	0.726041807345
0.34640625		0.113875902121	0.72537480829
0.34671875		0.113455693141	0.72470469165
0.34703125		0.113034681576	0.724031425626
0.34734375		0.112612861601	0.723354977914
0.34765625		0.112190227318	0.722675315695
0.34796875		0.111766772747	0.721992405623
0.34828125		0.111342491835	0.721306213813
0.34859375		0.110917378444	0.720616705832
0.34890625		0.110491426357	0.719923846682
0.34921875		0.11006462927	0.719227600793
0.34953125		0.109636980798	0.718527932004
0.34984375		0.109208474465	0.717824803557
0.35015625		0.108779103711	0.717118178076
0.35046875		0.108348861881	0.716408017559
0.35078125		0.107917742232	0.715694283361
0.35109375		0.107485737925	0.714976936178
0.35140625		0.107052842025	0.714255936034
0.35171875		0.1066190475	0.713531242266
0.35203125		0.106184347219	0.712802813504
0.35234375		0.105748733948	0.712070607658
0.35265625		0.10531220035	0.7113345819
0.35296875		0.104874738982	0.710594692644
0.35328125		0.104436342292	0.709850895534
0.35359375		0.10399700262	0.709103145416
0.35390625		0.10355671219	0.708351396329
0.35421875		0.103115463114	0.707595601475
0.35453125		0.102673247383	0.706835713206
0.35484375		0.102230056872	0.706071683002
0.35515625		0.101785883331	0.705303461444
0.35546875		0.101340718384	0.704530998198
0.35578125		0.100894553529	0.703754241986
0.35609375		0.100447380131	0.702973140567
0.35640625		0.0999991894231	0.70218764071
0.35671875		0.0995499725006	0.701397688167
0.35703125		0.0990997203194	0.70060322765
0.35734375		0.0986484236921	0.699804202799
0.35765625		0.0981960732851	0.699000556161
0.35796875		0.0977426596156	0.698192229153
0.35828125		0.0972881730473	0.697379162038
0.35859375		0.0968326037875	0.696561293889
0.35890625		0.0963759418833	0.695738562561
0.35921875		0.0959181772178	0.694910904657
0.35953125		0.095459299506	0.694078255491
0.35984375		0.0949992982911	0.693240549054
0.36015625		0.0945381629402	0.692397717978
0.36046875		0.0940758826402	0.691549693497
0.36078125		0.093612446393	0.690696405406
0.36109375		0.0931478430114	0.689837782025
0.36140625		0.0926820611143	0.688973750148
0.36171875		0.0922150891217	0.68810423501
0.36203125		0.0917469152496	0.68722916023
0.36234375		0.0912775275054	0.686348447772
0.36265625		0.090806913682	0.685462017895
0.36296875		0.0903350613524	0.684569789097
0.36328125		0.0898619578642	0.683671678067
0.36359375		0.0893875903335	0.682767599628
0.36390625		0.088911945639	0.681857466683
0.36421875		0.0884350104156	0.680941190152
0.36453125		0.0879567710477	0.680018678911
0.36484375		0.0874772136627	0.679089839731
0.36515625		0.0869963241238	0.678154577211
0.36546875		0.0865140880233	0.677212793705
0.36578125		0.086030490674	0.676264389255
0.36609375		0.0855455171028	0.675309261515
0.36640625		0.0850591520414	0.674347305669
0.36671875		0.0845713799188	0.673378414356
0.36703125		0.0840821848522	0.672402477584
0.36734375		0.0835915506383	0.671419382636
0.36765625		0.0830994607437	0.670429013989
0.36796875		0.0826058982953	0.669431253208
0.36828125		0.0821108460704	0.668425978851
0.36859375		0.0816142864861	0.667413066367
0.36890625		0.0811162015885	0.666392387982
0.36921875		0.0806165730414	0.665363812587
0.36953125		0.0801153821145	0.664327205623
0.36984375		0.0796126096713	0.663282428952
0.37015625		0.0791082361566	0.66222934073
0.37046875		0.0786022415828	0.66116779527
0.37078125		0.0780946055165	0.660097642901
0.37109375		0.077585307064	0.659018729816
0.37140625		0.0770743248565	0.657930897922
0.37171875		0.0765616370343	0.656833984672
0.37203125		0.0760472212308	0.655727822895
0.37234375		0.0755310545554	0.654612240615
0.37265625		0.0750131135759	0.653487060867
0.37296875		0.0744933742996	0.652352101493
0.37328125		0.0739718121548	0.651207174939
0.37359375		0.0734484019699	0.650052088034
0.37390625		0.0729231179524	0.648886641759
0.37421875		0.0723959336673	0.647710631009
0.37453125		0.0718668220134	0.646523844336
0.37484375		0.0713357551993	0.64532606368
0.37515625		0.0708027047182	0.64411706409
0.37546875		0.0702676413213	0.642896613423
0.37578125		0.0697305349895	0.641664472029
0.37609375		0.0691913549048	0.640420392423
0.37640625		0.0686500694192	0.639164118931
0.37671875		0.0681066460222	0.637895387323
0.37703125		0.0675610513076	0.636613924417
0.37734375		0.0670132509371	0.635319447668
0.37765625		0.0664632096034	0.634011664725
0.37796875		0.0659108909902	0.63269027297
0.37828125		0.0653562577309	0.631354959022
0.37859375		0.0647992713645	0.630005398213
0.37890625		0.0642398922895	0.628641254031
0.37921875		0.0636780797148	0.62726217753
0.37953125		0.0631137916086	0.625867806701
0.37984375		0.062546984643	0.6244577658
0.38015625		0.0619776141372	0.623031664638
0.38046875		0.0614056339957	0.621589097816
0.38078125		0.060830996644	0.620129643916
0.38109375		0.0602536529599	0.618652864631
0.38140625		0.0596735522006	0.617158303842
0.38171875		0.0590906419255	0.615645486618
0.38203125		0.0585048679139	0.614113918162
0.38234375		0.0579161740778	0.612563082662
0.38265625		0.057324502369	0.610992442073
0.38296875		0.0567297926793	0.609401434802
0.38328125		0.0561319827358	0.607789474289
0.38359375		0.0555310079871	0.60615594749
0.38390625		0.054926801483	0.604500213233
0.38421875		0.0543192937459	0.602821600446
0.38453125		0.0537084126318	0.601119406241
0.38484375		0.0530940831828	0.599392893844
0.38515625		0.0524762274679	0.59764129035
0.38546875		0.0518547644124	0.595863784291
0.38578125		0.0512296096135	0.594059522983
0.38609375		0.0506006751433	0.592227609659
0.38640625		0.0499678693347	0.590367100324
0.38671875		0.0493310965514	0.58847700034
0.38703125		0.0486902569382	0.586556260688
0.38734375		0.0480452461516	0.584603773869
0.38765625		0.0473959550669	0.582618369421
0.38796875		0.0467422694607	0.580598808987
0.38828125		0.046084069665	0.578543780888
0.38859375		0.0454212301903	0.576451894141
0.38890625		0.0447536193153	0.574321671843
0.38921875		0.0440810986367	0.572151543859
0.38953125		0.0434035225776	0.569939838693
0.38984375		0.042720737847	0.567684774462
0.39015625		0.0420325828459	0.565384448821
0.39046875		0.041338887013	0.563036827717
0.39078125		0.0406394701017	0.560639732781
0.39109375		0.0399341413808	0.55819082717
0.39140625		0.0392226987466	0.555687599609
0.39171875		0.0385049277364	0.55312734637
0.39203125		0.0377806004278	0.550507150835
0.39234375		0.0370494742085	0.547823860263
0.39265625		0.0363112903961	0.545074059272
0.39296875		0.0355657726865	0.54225403947
0.39328125		0.0348126254019	0.539359764531
0.39359375		0.0340515315083	0.536386829884
0.39390625		0.0332821503615	0.533330415962
0.39421875		0.0325041151371	0.530185233745
0.39453125		0.0317170298855	0.526945461011
0.39484375		0.030920466146	0.523604667314
0.39515625		0.0301139590326	0.520155725206
0.39546875		0.02929700269	0.516590704547
0.39578125		0.0284690449874	0.512900745856
0.39609375		0.027629481291	0.509075907523
0.39640625		0.026777647107	0.505104980058
0.39671875		0.0259128093361	0.500975258476
0.39703125		0.0250341558038	0.496672260871
0.39734375		0.0241407826282	0.492179377146
0.39765625		0.0232316788552	0.487477425896
0.39796875		0.0223057075976	0.482544088964
0.39828125		0.021361582655	0.477353180647
0.39859375		0.0203978392165	0.47187368971
0.39890625		0.0194127967071	0.466068503629
0.39921875		0.0184045110489	0.459892679191
0.39953125		0.0173707124162	0.453291050598
0.39984375		0.0163087227399	0.446194844497
0.40015625		0.015215344345	0.43851676128
0.40046875		0.0140867064547	0.430143603747
0.40078125		0.0129180485043	0.420924819525
0.40109375		0.0117034055903	0.410653891848
0.40140625		0.0104351361431	0.399036432642
0.40171875		0.00910318015599	0.385631568985
0.40203125		0.00769380377659	0.369733795742
0.40234375		0.00618702472091	0.350098949385
0.40265625		0.00459294512618	0.324932739296
0.40296875		0.00304473738935	0.293144563642
0.40328125		0.00171244881547	0.253780238379
0.40359375		0.00074177027047	0.205755297694
0.40390625		0.000190304167272	0.14622955556
0.40421875		4.35800859934e-07	0.0316695227752
0.40453125		4.14387572689e-09	0.0100176641226
0.40484375		4.11315473398e-09	0.0100000012752
0.40515625		4.11315252377e-09	0.01
0.40546875		4.11315252376e-09	0.01
0.40578125		4.11315252376e-09	0.01
0.40609375		4.11315252376e-09	0.01
0.40640625		4.11315252376e-09	0.01
0.40671875		4.11315252376e-09	0.01
0.40703125		4.11315252376e-09	0.01
0.40734375		4.11315252376e-09	0.01
0.40765625		4.11315252376e-09	0.01
0.40796875		4.11315252376e-09	0.01
0.40828125		4.11315252376e-09	0.01
0.40859375		4.11315252376e-09	0.01
0.40890625		4.11315252376e-09	0.01
0.40921875		4.11315252376e-09	0.01
0.40953125		4.11315252376e-09	0.01
0.40984375		4.11315252376e-09	0.01
0.41015625		4.11315252376e-09	0.01
0.41046875		4.11315252376e-09	0.01
0.41078125		4.11315252376e-09	0.01
0.41109375		4.11315252376e-09	0.01
0.41140625		4.11315252376e-09	0.01
0.41171875		4.11315252376e-09	0.01
0.41203125		4.11315252376e-09	0.01
0.41234375		4.11315252376e-09	0.01
0.41265625		4.11315252376e-09	0.01
0.41296875		4.11315252376e-09	0.01
0.41328125		4.11315252376e-09	0.01
0.41359375		4.11315252376e-09	0.01
0.41390625		4.11315252376e-09	0.01
0.41421875		4.11315252376e-09	0.01
0.41453125		4.11315252376e-09	0.01
0.41484375		4.11315252376e-09	0.01
0.41515625		4.11315252376e-09	0.01
0.41546875		4.11315252376e-09	0.01
0.41578125		4.11315252376e-09	0.01
0.41609375		4.11315252376e-09	0.01
0.41640625		4.11315252376e-09	0.01
0.41671875		4.11315252376e-09	0.01
0.41703125		4.11315252376e-09	0.01
0.41734375		4.11315252376e-09	0.01
0.41765625		4.11315252376e-09	0.01
0.41796875		4.11315252376e-09	0.01
0.41828125		4.11315252376e-09	0.01
0.41859375		4.11315252376e-09	0.01
0.41890625		4.11315252376e-09	0.01
0.41921875		4.11315252376e-09	0.01
0.41953125		4.11315252376e-09	0.01
0.41984375		4.11315252376e-09	0.01
0.42015625		4.11315252376e-09	0.01
0.42046875		4.11315252376e-09	0.01
0.42078125		4.11315252376e-09	0.01
0.42109375		4.11315252376e-09	0.01
0.42140625		4.11315252376e-09	0.01
0.42171875		4.11315252376e-09	0.01
0.42203125		4.11315252376e-09	0.01
0.42234375		4.11315252376e-09	0.01
0.42265625		4.11315252376e-09	0.01
0.42296875		4.11315252376e-09	0.01
0.42328125		4.11315252376e-09	0.01
0.42359375		4.11315252376e-09	0.01
0.42390625		4.11315252376e-09	0.01
0.42421875		4.11315252376e-09	0.01
0.42453125		4.11315252376e-09	0.01
0.42484375		4.11315252376e-09	0.01
0.42515625		4.11315252376e-09	0.01
0.42546875		4.11315252376e-09	0.01
0.42578125		4.11315252376e-09	0.01
0.42609375		4.11315252376e-09	0.01
0.42640625		4.11315252376e-09	0.01
0.42671875		4.11315252376e-09	0.01
0.42703125		4.11315252376e-09	0.01
0.42734375		4.11315252376e-09	0.01
0.42765625		4.11315252376e-09	0.01
0.42796875		4.11315252376e-09	0.01
0.42828125		4.11315252376e-09	0.01
0.42859375		4.11315252376e-09	0.01
0.42890625		4.11315252376e-09	0.01
0.42921875		4.11315252376e-09	0.01
0.42953125		4.11315252376e-09	0.01
0.42984375		4.11315252376e-09	0.01
0.43015625		4.11315252376e-09	0.01
0.43046875		4.11315252376e-09	0.01
0.43078125		4.11315252376e-09	0.01
0.43109375		4.11315252376e-09	0.01
0.43140625		4.11315252376e-09	0.01
0.43171875		4.11315252376e-09	0.01
0.43203125		4.11315252376e-09	0.01
0.43234375		4.11315252376e-09	0.01
0.43265625		4.11315252376e-09	0.01
0.43296875		4.11315252376e-09	0.01
0.43328125		4.11315252376e-09	0.01
0.43359375		4.11315252376e-09	0.01
0.43390625		4.11315252376e-09	0.01
0.43421875		4.11315252376e-09	0.01
0.43453125		4.11315252376e-09	0.01
0.43484375		4.11315252376e-09	0.01
0.43515625		4.11315252376e-09	0.01
0.43546875		4.11315252376e-09	0.01
0.43578125		4.11315252376e-09	0.01
0.43609375		4.11315252376e-09	0.01
0.43640625		4.11315252376e-09	0.01
0.43671875		4.11315252376e-09	0.01
0.43703125		4.11315252376e-09	0.01
0.43734375		4.11315252376e-09	0.01
0.43765625		4.11315252376e-09	0.01
0.43796875		4.11315252376e-09	0.01
0.43828125		4.11315252376e-09	0.01
0.43859375		4.11315252376e-09	0.01
0.43890625		4.11315252376e-09	0.01
0.43921875		4.11315252376e-09	0.01
0.43953125		4.11315252376e-09	0.01
0.43984375		4.11315252376e-09	0.01
0.44015625		4.11315252376e-09	0.01
0.44046875		4.11315252376e-09	0.01
0.44078125		4.11315252376e-09	0.01
0.44109375		4.11315252376e-09	0.01
0.44140625		4.11315252376e-09	0.01
0.44171875		4.11315252376e-09	0.01
0.44203125		4.11315252376e-09	0.01
0.44234375		4.11315252376e-09	0.01
0.44265625		4.11315252376e-09	0.01
0.44296875		4.11315252376e-09	0.01
0.44328125		4.11315252376e-09	0.01
0.44359375		4.11315252376e-09	0.01
0.44390625		4.11315252376e-09	0.01
0.44421875		4.11315252376e-09	0.01
0.44453125		4.11315252376e-09	0.01
0.44484375		4.11315252376e-09	0.01
0.44515625		4.11315252376e-09	0.01
0.44546875		4.11315252376e-09	0.01
0.44578125		4.11315252376e-09	0.01
0.44609375		4.11315252376e-09	0.01
0.44640625		4.11315252376e-09	0.01
0.44671875		4.11315252376e-09	0.01
0.44703125		4.11315252376e-09	0.01
0.44734375		4.11315252376e-09	0.01
0.44765625		4.11315252376e-09	0.01
0.44796875		4.11315252376e-09	0.01
0.44828125		4.11315252376e-09	0.01
0.44859375		4.11315252376e-09	0.01
0.44890625		4.11315252376e-09	0.01
0.44921875		4.11315252376e-09	0.01
0.44953125		4.11315252376e-09	0.01
0.44984375		4.11315252376e-09	0.01
0.45015625		4.11315252376e-09	0.01
0.45046875		4.11315252376e-09	0.01
0.45078125		4.11315252376e-09	0.01
0.45109375		4.11315252376e-09	0.01
0.45140625		4.11315252376e-09	0.01
0.45171875		4.11315252376e-09	0.01
0.45203125		4.11315252376e-09	0.01
0.45234375		4.11315252376e-09	0.01
0.45265625		4.11315252376e-09	0.01
0.45296875		4.11315252376e-09	0.01
0.45328125		4.11315252376e-09	0.01
0.45359375		4.11315252376e-09	0.01
0.45390625		4.11315252376e-09	0.01
0.45421875		4.11315252376e-09	0.01
0.45453125		4.11315252376e-09	0.01
0.45484375		4.11315252376e-09	0.01
0.45515625		4.11315252376e-09	0.01
0.45546875		4.11315252376e-09	0.01
0.45578125		4.11315252376e-09	0.01
0.45609375		4.11315252376e-09	0.01
0.45640625		4.11315252376e-09	0.01
0.45671875		4.11315252376e-09	0.01
0.45703125		4.11315252376e-09	0.01
0.45734375		4.11315252376e-09	0.01
0.45765625		4.11315252376e-09	0.01
0.45796875		4.11315252376e-09	0.01
0.45828125		4.11315252376e-09	0.01
0.45859375		4.11315252376e-09	0.01
0.45890625		4.11315252376e-09	0.01
0.45921875		4.11315252376e-09	0.01
0.45953125		4.11315252376e-09	0.01
0.45984375		4.11315252376e-09	0.01
0.46015625		4.11315252376e-09	0.01
0.46046875		4.11315252376e-09	0.01
0.46078125		4.11315252376e-09	0.01
0.46109375		4.11315252376e-09	0.01
0.46140625		4.11315252376e-09	0.01
0.46171875		4.11315252376e-09	0.01
0.46203125		4.11315252376e-09	0.01
0.46234375		4.11315252376e-09	0.01
0.46265625		4.11315252376e-09	0.01
0.46296875		4.11315252376e-09	0.01
0.46328125		4.11315252376e-09	0.01
0.46359375		4.11315252376e-09	0.01
0.46390625		4.11315252376e-09	0.01
0.46421875		4.11315252376e-09	0.01
0.46453125		4.11315252376e-09	0.01
0.46484375		4.11315252376e-09	0.01
0.46515625		4.11315252376e-09	0.01
0.46546875		4.11315252376e-09	0.01
0.46578125		4.11315252376e-09	0.01
0.46609375		4.11315252376e-09	0.01
0.46640625		4.11315252376e-09	0.01
0.46671875		4.11315252376e-09	0.01
0.46703125		4.11315252376e-09	0.01
0.46734375		4.11315252376e-09	0.01
0.46765625		4.11315252376e-09	0.01
0.46796875		4.11315252376e-09	0.01
0.46828125		4.11315252376e-09	0.01
0.46859375		4.11315252376e-09	0.01
0.46890625		4.11315252376e-09	0.01
0.46921875		4.11315252376e-09	0.01
0.46953125		4.11315252376e-09	0.01
0.46984375		4.11315252376e-09	0.01
0.47015625		4.11315252376e-09	0.01
0.47046875		4.11315252376e-09	0.01
0.47078125		4.11315252376e-09	0.01
0.47109375		4.11315252376e-09	0.01
0.47140625		4.11315252376e-09	0.01
0.47171875		4.11315252376e-09	0.01
0.47203125		4.11315252376e-09	0.01
0.47234375		4.11315252376e-09	0.01
0.47265625		4.11315252376e-09	0.01
0.47296875		4.11315252376e-09	0.01
0.47328125		4.11315252376e-09	0.01
0.47359375		4.11315252376e-09	0.01
0.47390625		4.11315252376e-09	0.01
0.47421875		4.11315252376e-09	0.01
0.47453125		4.11315252376e-09	0.01
0.47484375		4.11315252376e-09	0.01
0.47515625		4.11315252376e-09	0.01
0.47546875		4.11315252376e-09	0.01
0.47578125		4.11315252376e-09	0.01
0.47609375		4.11315252376e-09	0.01
0.47640625		4.11315252376e-09	0.01
0.47671875		4.11315252376e-09	0.01
0.47703125		4.11315252376e-09	0.01
0.47734375		4.11315252376e-09	0.01
0.47765625		4.11315252376e-09	0.01
0.47796875		4.11315252376e-09	0.01
0.47828125		4.11315252376e-09	0.01
0.47859375		4.11315252376e-09	0.01
0.47890625		4.11315252376e-09	0.01
0.47921875		4.11315252376e-09	0.01
0.47953125		4.11315252376e-09	0.01
0.47984375		4.11315252376e-09	0.01
0.48015625		4.11315252376e-09	0.01
0.48046875		4.11315252376e-09	0.01
0.48078125		4.11315252376e-09	0.01
0.48109375		4.11315252376e-09	0.01
0.48140625		4.11315252376e-09	0.01
0.48171875		4.11315252376e-09	0.01
0.48203125		4.11315252376e-09	0.01
0.48234375		4.11315252376e-09	0.01
0.48265625		4.11315252376e-09	0.01
0.48296875		4.11315252376e-09	0.01
0.48328125		4.11315252376e-09	0.01
0.48359375		4.11315252376e-09	0.01
0.48390625		4.11315252376e-09	0.01
0.48421875		4.11315252376e-09	0.01
0.48453125		4.11315252376e-09	0.01
0.48484375		4.11315252376e-09	0.01
0.48515625		4.11315252376e-09	0.01
0.48546875		4.11315252376e-09	0.01
0.48578125		4.11315252376e-09	0.01
0.48609375		4.11315252376e-09	0.01
0.48640625		4.11315252376e-09	0.01
0.48671875		4.11315252376e-09	0.01
0.48703125		4.11315252376e-09	0.01
0.48734375		4.11315252376e-09	0.01
0.48765625		4.11315252376e-09	0.01
0.48796875		4.11315252376e-09	0.01
0.48828125		4.11315252376e-09	0.01
0.48859375		4.11315252376e-09	0.01
0.48890625		4.11315252376e-09	0.01
0.48921875		4.11315252376e-09	0.01
0.48953125		4.11315252376e-09	0.01
0.48984375		4.11315252376e-09	0.01
0.49015625		4.11315252376e-09	0.01
0.49046875		4.11315252376e-09	0.01
0.49078125		4.11315252376e-09	0.01
0.49109375		4.11315252376e-09	0.01
0.49140625		4.11315252376e-09	0.01
0.49171875		4.11315252376e-09	0.01
0.49203125		4.11315252376e-09	0.01
0.49234375		4.11315252376e-09	0.01
0.49265625		4.11315252376e-09	0.01
0.49296875		4.11315252376e-09	0.01
0.49328125		4.11315252376e-09	0.01
0.49359375		4.11315252376e-09	0.01
0.49390625		4.11315252376e-09	0.01
0.49421875		4.11315252376e-09	0.01
0.49453125		4.11315252376e-09	0.01
0.49484375		4.11315252376e-09	0.01
0.49515625		4.11315252376e-09	0.01
0.49546875		4.11315252376e-09	0.01
0.49578125		4.11315252376e-09	0.01
0.49609375		4.11315252376e-09	0.01
0.49640625		4.11315252376e-09	0.01
0.49671875		4.11315252376e-09	0.01
0.49703125		4.11315252376e-09	0.01
0.49734375		4.11315252376e-09	0.01
0.49765625		4.11315252376e-09	0.01
0.49796875		4.11315252376e-09	0.01
0.49828125		4.11315252376e-09	0.01
0.49859375		4.11315252376e-09	0.01
0.49890625		4.11315252376e-09	0.01
0.49921875		4.11315252376e-09	0.01
0.49953125		4.11315252376e-09	0.01
0.49984375		4.11315252376e-09	0.01
