0.00015625		0.409442555458	0.99885982978
0.00046875		0.409165425519	0.998690328228
0.00078125		0.408788465821	0.998460483945
0.00109375		0.408402826565	0.998225027357
0.00140625		0.408042806346	0.998004991311
0.00171875		0.407698595018	0.997794458202
0.00203125		0.407364144268	0.997589764259
0.00234375		0.407036232716	0.99738894853
0.00265625		0.406712976497	0.997190864039
0.00296875		0.406393140176	0.99699475885
0.00328125		0.406075769252	0.996800050847
0.00359375		0.405760147116	0.996606302356
0.00390625		0.405445792246	0.996413219211
0.00421875		0.40513239349	0.996220611422
0.00453125		0.404819732191	0.996028345416
0.00484375		0.404507638944	0.995836317615
0.00515625		0.404195970301	0.995644440163
0.00546875		0.403884607241	0.995452639991
0.00578125		0.403573463054	0.995260863795
0.00609375		0.403262476721	0.995069074039
0.00640625		0.40295159839	0.994877239999
0.00671875		0.402640784079	0.994685334452
0.00703125		0.402330001821	0.994493337601
0.00734375		0.402019226296	0.994301233659
0.00765625		0.401708434411	0.994109008152
0.00796875		0.401397598839	0.993916643988
0.00828125		0.401086698426	0.993724127908
0.00859375		0.400775716559	0.993531449393
0.00890625		0.400464639911	0.993338599937
0.00921875		0.400153457384	0.993145572401
0.00953125		0.399842159047	0.992952360348
0.00984375		0.399530735654	0.992758957753
0.01015625		0.399219179268	0.992565359394
0.01046875		0.398907483341	0.992371560899
0.01078125		0.398595642434	0.992177558576
0.01109375		0.398283652068	0.991983349321
0.01140625		0.397971508366	0.991788930399
0.01171875		0.39765920786	0.991594299323
0.01203125		0.397346747451	0.991399453828
0.01234375		0.397034124386	0.991204391862
0.01265625		0.396721336208	0.991009111552
0.01296875		0.396408380733	0.990813611193
0.01328125		0.396095256072	0.990617889257
0.01359375		0.395781960623	0.990421944393
0.01390625		0.395468492978	0.99022577537
0.01421875		0.395154851816	0.990029381005
0.01453125		0.394841035895	0.989832760165
0.01484375		0.394527044094	0.989635911786
0.01515625		0.39421287542	0.989438834887
0.01546875		0.393898528993	0.98924152855
0.01578125		0.39358400401	0.989043991906
0.01609375		0.393269299733	0.988846224126
0.01640625		0.392954415482	0.988648224411
0.01671875		0.392639350619	0.98844999199
0.01703125		0.392324104551	0.988251526116
0.01734375		0.392008676725	0.988052826068
0.01765625		0.391693066633	0.987853891149
0.01796875		0.391377273792	0.987654720676
0.01828125		0.39106129774	0.987455313978
0.01859375		0.390745138034	0.987255670396
0.01890625		0.390428794247	0.987055789276
0.01921875		0.390112265974	0.986855669979
0.01953125		0.389795552827	0.986655311872
0.01984375		0.38947865443	0.986454714332
0.02015625		0.38916157042	0.986253876739
0.02046875		0.388844300441	0.986052798477
0.02078125		0.388526844147	0.985851478935
0.02109375		0.388209201199	0.985649917504
0.02140625		0.387891371265	0.985448113579
0.02171875		0.38757335402	0.985246066556
0.02203125		0.387255149144	0.985043775834
0.02234375		0.386936756321	0.984841240812
0.02265625		0.386618175237	0.98463846089
0.02296875		0.386299405582	0.984435435466
0.02328125		0.38598044705	0.984232163943
0.02359375		0.385661299336	0.984028645718
0.02390625		0.385341962136	0.983824880193
0.02421875		0.385022435151	0.983620866764
0.02453125		0.384702718079	0.983416604831
0.02484375		0.384382810622	0.983212093791
0.02515625		0.384062712482	0.983007333038
0.02546875		0.383742423363	0.982802321968
0.02578125		0.383421942966	0.982597059973
0.02609375		0.383101270996	0.982391546446
0.02640625		0.382780407157	0.982185780776
0.02671875		0.382459351152	0.981979762351
0.02703125		0.382138102686	0.981773490559
0.02734375		0.381816661461	0.981566964784
0.02765625		0.381495027182	0.981360184408
0.02796875		0.381173199551	0.981153148812
0.02828125		0.380851178271	0.980945857376
0.02859375		0.380528963046	0.980738309477
0.02890625		0.380206553575	0.980530504488
0.02921875		0.379883949562	0.980322441783
0.02953125		0.379561150706	0.980114120731
0.02984375		0.379238156709	0.979905540702
0.03015625		0.378914967268	0.979696701061
0.03046875		0.378591582084	0.979487601172
0.03078125		0.378268000854	0.979278240396
0.03109375		0.377944223275	0.979068618092
0.03140625		0.377620249045	0.978858733616
0.03171875		0.377296077858	0.978648586324
0.03203125		0.376971709411	0.978438175567
0.03234375		0.376647143396	0.978227500694
0.03265625		0.376322379508	0.978016561053
0.03296875		0.375997417438	0.977805355988
0.03328125		0.375672256879	0.977593884841
0.03359375		0.375346897521	0.977382146951
0.03390625		0.375021339053	0.977170141657
0.03421875		0.374695581165	0.976957868291
0.03453125		0.374369623544	0.976745326187
0.03484375		0.374043465878	0.976532514673
0.03515625		0.373717107852	0.976319433077
0.03546875		0.373390549153	0.976106080722
0.03578125		0.373063789463	0.97589245693
0.03609375		0.372736828466	0.97567856102
0.03640625		0.372409665844	0.975464392309
0.03671875		0.372082301279	0.975249950109
0.03703125		0.37175473445	0.975035233731
0.03734375		0.371426965037	0.974820242485
0.03765625		0.371098992718	0.974604975674
0.03796875		0.37077081717	0.974389432603
0.03828125		0.37044243807	0.97417361257
0.03859375		0.370113855092	0.973957514873
0.03890625		0.369785067911	0.973741138807
0.03921875		0.3694560762	0.973524483663
0.03953125		0.36912687963	0.973307548729
0.03984375		0.368797477874	0.973090333292
0.04015625		0.3684678706	0.972872836635
0.04046875		0.368138057478	0.972655058038
0.04078125		0.367808038176	0.972436996779
0.04109375		0.367477812359	0.972218652131
0.04140625		0.367147379695	0.972000023366
0.04171875		0.366816739847	0.971781109754
0.04203125		0.366485892479	0.971561910559
0.04234375		0.366154837254	0.971342425044
0.04265625		0.365823573832	0.971122652469
0.04296875		0.365492101875	0.970902592091
0.04328125		0.36516042104	0.970682243164
0.04359375		0.364828530987	0.970461604938
0.04390625		0.364496431372	0.97024067666
0.04421875		0.36416412185	0.970019457576
0.04453125		0.363831602077	0.969797946926
0.04484375		0.363498871705	0.96957614395
0.04515625		0.363165930388	0.969354047882
0.04546875		0.362832777775	0.969131657955
0.04578125		0.362499413519	0.968908973398
0.04609375		0.362165837266	0.968685993436
0.04640625		0.361832048665	0.968462717292
0.04671875		0.361498047363	0.968239144186
0.04703125		0.361163833005	0.968015273334
0.04734375		0.360829405234	0.967791103948
0.04765625		0.360494763695	0.96756663524
0.04796875		0.360159908028	0.967341866414
0.04828125		0.359824837874	0.967116796674
0.04859375		0.359489552874	0.96689142522
0.04890625		0.359154052664	0.966665751249
0.04921875		0.358818336882	0.966439773954
0.04953125		0.358482405164	0.966213492524
0.04984375		0.358146257143	0.965986906146
0.05015625		0.357809892454	0.965760014003
0.05046875		0.357473310729	0.965532815275
0.05078125		0.357136511597	0.965305309138
0.05109375		0.356799494689	0.965077494764
0.05140625		0.356462259633	0.964849371322
0.05171875		0.356124806056	0.964620937979
0.05203125		0.355787133584	0.964392193896
0.05234375		0.355449241841	0.964163138233
0.05265625		0.355111130449	0.963933770143
0.05296875		0.354772799032	0.96370408878
0.05328125		0.35443424721	0.963474093289
0.05359375		0.354095474602	0.963243782817
0.05390625		0.353756480825	0.963013156502
0.05421875		0.353417265497	0.962782213483
0.05453125		0.353077828232	0.962550952893
0.05484375		0.352738168646	0.96231937386
0.05515625		0.35239828635	0.962087475511
0.05546875		0.352058180955	0.961855256968
0.05578125		0.351717852072	0.961622717349
0.05609375		0.351377299309	0.961389855768
0.05640625		0.351036522274	0.961156671337
0.05671875		0.350695520572	0.960923163161
0.05703125		0.350354293807	0.960689330344
0.05734375		0.350012841584	0.960455171985
0.05765625		0.349671163502	0.960220687179
0.05796875		0.349329259164	0.959985875017
0.05828125		0.348987128167	0.959750734586
0.05859375		0.348644770109	0.95951526497
0.05890625		0.348302184587	0.959279465248
0.05921875		0.347959371194	0.959043334495
0.05953125		0.347616329523	0.958806871782
0.05984375		0.347273059168	0.958570076176
0.06015625		0.346929559717	0.958332946741
0.06046875		0.34658583076	0.958095482534
0.06078125		0.346241871884	0.957857682612
0.06109375		0.345897682675	0.957619546023
0.06140625		0.345553262718	0.957381071816
0.06171875		0.345208611594	0.95714225903
0.06203125		0.344863728886	0.956903106706
0.06234375		0.344518614174	0.956663613876
0.06265625		0.344173267035	0.956423779569
0.06296875		0.343827687047	0.95618360281
0.06328125		0.343481873785	0.95594308262
0.06359375		0.343135826823	0.955702218015
0.06390625		0.342789545734	0.955461008007
0.06421875		0.342443030087	0.955219451604
0.06453125		0.342096279452	0.954977547807
0.06484375		0.341749293396	0.954735295616
0.06515625		0.341402071487	0.954492694024
0.06546875		0.341054613287	0.954249742021
0.06578125		0.340706918359	0.954006438592
0.06609375		0.340358986266	0.953762782716
0.06640625		0.340010816566	0.95351877337
0.06671875		0.339662408818	0.953274409524
0.06703125		0.339313762578	0.953029690143
0.06734375		0.3389648774	0.952784614191
0.06765625		0.338615752838	0.952539180623
0.06796875		0.338266388443	0.952293388392
0.06828125		0.337916783765	0.952047236445
0.06859375		0.337566938351	0.951800723723
0.06890625		0.337216851749	0.951553849165
0.06921875		0.336866523503	0.951306611703
0.06953125		0.336515953155	0.951059010265
0.06984375		0.336165140248	0.950811043773
0.07015625		0.335814084321	0.950562711145
0.07046875		0.335462784911	0.950314011294
0.07078125		0.335111241555	0.950064943127
0.07109375		0.334759453787	0.949815505548
0.07140625		0.33440742114	0.949565697453
0.07171875		0.334055143144	0.949315517734
0.07203125		0.333702619329	0.94906496528
0.07234375		0.333349849221	0.948814038971
0.07265625		0.332996832347	0.948562737685
0.07296875		0.33264356823	0.948311060293
0.07328125		0.332290056392	0.94805900566
0.07359375		0.331936296352	0.947806572649
0.07390625		0.33158228763	0.947553760113
0.07421875		0.331228029741	0.947300566904
0.07453125		0.330873522199	0.947046991865
0.07484375		0.330518764519	0.946793033835
0.07515625		0.330163756209	0.946538691649
0.07546875		0.32980849678	0.946283964134
0.07578125		0.329452985738	0.946028850112
0.07609375		0.329097222587	0.9457733484
0.07640625		0.328741206832	0.94551745781
0.07671875		0.328384937974	0.945261177146
0.07703125		0.328028415511	0.945004505208
0.07734375		0.327671638941	0.94474744079
0.07765625		0.32731460776	0.94448998268
0.07796875		0.32695732146	0.944232129661
0.07828125		0.326599779534	0.943973880508
0.07859375		0.32624198147	0.943715233993
0.07890625		0.325883926756	0.943456188878
0.07921875		0.325525614878	0.943196743924
0.07953125		0.325167045317	0.942936897881
0.07984375		0.324808217557	0.942676649498
0.08015625		0.324449131076	0.942415997513
0.08046875		0.324089785352	0.94215494066
0.08078125		0.323730179859	0.941893477668
0.08109375		0.32337031407	0.941631607258
0.08140625		0.323010187457	0.941369328146
0.08171875		0.322649799488	0.941106639039
0.08203125		0.322289149629	0.940843538642
0.08234375		0.321928237346	0.940580025649
0.08265625		0.321567062101	0.940316098751
0.08296875		0.321205623354	0.94005175663
0.08328125		0.320843920562	0.939786997964
0.08359375		0.320481953183	0.939521821422
0.08390625		0.320119720669	0.939256225668
0.08421875		0.319757222471	0.938990209359
0.08453125		0.31939445804	0.938723771144
0.08484375		0.319031426822	0.938456909667
0.08515625		0.318668128262	0.938189623564
0.08546875		0.318304561802	0.937921911465
0.08578125		0.317940726883	0.937653771992
0.08609375		0.317576622942	0.937385203761
0.08640625		0.317212249414	0.937116205381
0.08671875		0.316847605734	0.936846775453
0.08703125		0.316482691332	0.936576912572
0.08734375		0.316117505636	0.936306615325
0.08765625		0.315752048073	0.936035882293
0.08796875		0.315386318067	0.935764712048
0.08828125		0.315020315039	0.935493103156
0.08859375		0.314654038408	0.935221054174
0.08890625		0.31428748759	0.934948563655
0.08921875		0.313920662	0.934675630142
0.08953125		0.31355356105	0.934402252169
0.08984375		0.313186184148	0.934128428267
0.09015625		0.312818530702	0.933854156954
0.09046875		0.312450600116	0.933579436745
0.09078125		0.312082391791	0.933304266145
0.09109375		0.311713905128	0.933028643651
0.09140625		0.311345139522	0.932752567754
0.09171875		0.310976094367	0.932476036934
0.09203125		0.310606769056	0.932199049666
0.09234375		0.310237162977	0.931921604416
0.09265625		0.309867275517	0.931643699642
0.09296875		0.309497106059	0.931365333793
0.09328125		0.309126653985	0.931086505311
0.09359375		0.308755918673	0.930807212629
0.09390625		0.308384899498	0.930527454173
0.09421875		0.308013595835	0.930247228359
0.09453125		0.307642007053	0.929966533596
0.09484375		0.30727013252	0.929685368283
0.09515625		0.306897971602	0.929403730811
0.09546875		0.306525523659	0.929121619565
0.09578125		0.306152788053	0.928839032916
0.09609375		0.305779764139	0.928555969232
0.09640625		0.305406451271	0.928272426868
0.09671875		0.3050328488	0.927988404173
0.09703125		0.304658956075	0.927703899485
0.09734375		0.304284772441	0.927418911134
0.09765625		0.30391029724	0.92713343744
0.09796875		0.303535529812	0.926847476717
0.09828125		0.303160469494	0.926561027266
0.09859375		0.302785115619	0.92627408738
0.09890625		0.302409467518	0.925986655344
0.09921875		0.302033524518	0.925698729432
0.09953125		0.301657285946	0.92541030791
0.09984375		0.301280751122	0.925121389033
0.10015625		0.300903919365	0.924831971048
0.10046875		0.300526789991	0.92454205219
0.10078125		0.300149362313	0.924251630687
0.10109375		0.29977163564	0.923960704755
0.10140625		0.299393609278	0.923669272602
0.10171875		0.299015282532	0.923377332424
0.10203125		0.298636654701	0.92308488241
0.10234375		0.298257725082	0.922791920735
0.10265625		0.29787849297	0.922498445566
0.10296875		0.297498957654	0.922204455061
0.10328125		0.297119118422	0.921909947365
0.10359375		0.296738974559	0.921614920614
0.10390625		0.296358525345	0.921319372933
0.10421875		0.295977770058	0.921023302438
0.10453125		0.295596707971	0.920726707232
0.10484375		0.295215338357	0.920429585409
0.10515625		0.294833660483	0.920131935051
0.10546875		0.294451673612	0.91983375423
0.10578125		0.294069377005	0.919535041007
0.10609375		0.293686769921	0.919235793431
0.10640625		0.293303851612	0.91893600954
0.10671875		0.29292062133	0.918635687363
0.10703125		0.292537078321	0.918334824914
0.10734375		0.292153221828	0.918033420198
0.10765625		0.291769051092	0.917731471209
0.10796875		0.291384565349	0.917428975927
0.10828125		0.290999763831	0.917125932323
0.10859375		0.290614645767	0.916822338354
0.10890625		0.290229210384	0.916518191966
0.10921875		0.289843456902	0.916213491094
0.10953125		0.289457384541	0.915908233659
0.10984375		0.289070992513	0.915602417571
0.11015625		0.288684280031	0.915296040729
0.11046875		0.2882972463	0.914989101016
0.11078125		0.287909890523	0.914681596307
0.11109375		0.287522211901	0.914373524461
0.11140625		0.287134209628	0.914064883325
0.11171875		0.286745882896	0.913755670736
0.11203125		0.286357230892	0.913445884515
0.11234375		0.285968252801	0.913135522471
0.11265625		0.285578947802	0.912824582399
0.11296875		0.28518931507	0.912513062084
0.11328125		0.284799353777	0.912200959295
0.11359375		0.284409063092	0.911888271787
0.11390625		0.284018442177	0.911574997303
0.11421875		0.283627490193	0.911261133573
0.11453125		0.283236206294	0.910946678313
0.11484375		0.282844589632	0.910631629223
0.11515625		0.282452639354	0.910315983991
0.11546875		0.282060354602	0.909999740292
0.11578125		0.281667734516	0.909682895784
0.11609375		0.28127477823	0.909365448113
0.11640625		0.280881484873	0.909047394909
0.11671875		0.280487853572	0.908728733789
0.11703125		0.280093883447	0.908409462354
0.11734375		0.279699573616	0.908089578192
0.11765625		0.279304923191	0.907769078873
0.11796875		0.27890993128	0.907447961956
0.11828125		0.278514596986	0.907126224982
0.11859375		0.278118919409	0.906803865478
0.11890625		0.277722897643	0.906480880955
0.11921875		0.277326530778	0.906157268908
0.11953125		0.276929817899	0.905833026817
0.11984375		0.276532758086	0.905508152147
0.12015625		0.276135350416	0.905182642346
0.12046875		0.27573759396	0.904856494847
0.12078125		0.275339487783	0.904529707064
0.12109375		0.274941030947	0.904202276399
0.12140625		0.27454222251	0.903874200233
0.12171875		0.274143061522	0.903545475935
0.12203125		0.273743547032	0.903216100854
0.12234375		0.27334367808	0.902886072322
0.12265625		0.272943453703	0.902555387655
0.12296875		0.272542872935	0.902224044154
0.12328125		0.272141934801	0.901892039097
0.12359375		0.271740638324	0.901559369751
0.12390625		0.271338982519	0.90122603336
0.12421875		0.270936966399	0.900892027154
0.12453125		0.27053458897	0.900557348342
0.12484375		0.270131849233	0.900221994118
0.12515625		0.269728746184	0.899885961655
0.12546875		0.269325278813	0.899549248108
0.12578125		0.268921446104	0.899211850616
0.12609375		0.268517247038	0.898873766295
0.12640625		0.268112680589	0.898534992246
0.12671875		0.267707745725	0.898195525549
0.12703125		0.26730244141	0.897855363264
0.12734375		0.266896766601	0.897514502433
0.12765625		0.26649072025	0.897172940078
0.12796875		0.266084301302	0.896830673202
0.12828125		0.265677508699	0.896487698785
0.12859375		0.265270341376	0.896144013791
0.12890625		0.264862798261	0.89579961516
0.12921875		0.264454878277	0.895454499814
0.12953125		0.264046580341	0.895108664653
0.12984375		0.263637903365	0.894762106556
0.13015625		0.263228846254	0.894414822383
0.13046875		0.262819407906	0.894066808969
0.13078125		0.262409587216	0.893718063131
0.13109375		0.26199938307	0.893368581663
0.13140625		0.261588794349	0.893018361335
0.13171875		0.261177819927	0.8926673989
0.13203125		0.260766458672	0.892315691083
0.13234375		0.260354709447	0.89196323459
0.13265625		0.259942571107	0.891610026104
0.13296875		0.259530042501	0.891256062285
0.13328125		0.259117122471	0.890901339767
0.13359375		0.258703809854	0.890545855166
0.13390625		0.258290103479	0.890189605069
0.13421875		0.257876002169	0.889832586043
0.13453125		0.257461504739	0.889474794629
0.13484375		0.25704661	0.889116227345
0.13515625		0.256631316754	0.888756880683
0.13546875		0.256215623795	0.888396751113
0.13578125		0.255799529913	0.888035835076
0.13609375		0.25538303389	0.887674128991
0.13640625		0.254966134501	0.887311629251
0.13671875		0.254548830512	0.886948332223
0.13703125		0.254131120683	0.886584234247
0.13734375		0.25371300377	0.886219331639
0.13765625		0.253294478516	0.885853620686
0.13796875		0.25287554366	0.885487097651
0.13828125		0.252456197935	0.885119758769
0.13859375		0.252036440062	0.884751600246
0.13890625		0.251616268759	0.884382618264
0.13921875		0.251195682733	0.884012808974
0.13953125		0.250774680686	0.8836421685
0.13984375		0.250353261311	0.883270692939
0.14015625		0.249931423292	0.882898378359
0.14046875		0.249509165308	0.882525220796
0.14078125		0.249086486027	0.882151216262
0.14109375		0.248663384112	0.881776360736
0.14140625		0.248239858215	0.881400650168
0.14171875		0.247815906982	0.881024080478
0.14203125		0.24739152905	0.880646647557
0.14234375		0.246966723047	0.880268347263
0.14265625		0.246541487595	0.879889175424
0.14296875		0.246115821304	0.879509127839
0.14328125		0.245689722779	0.879128200271
0.14359375		0.245263190614	0.878746388454
0.14390625		0.244836223396	0.87836368809
0.14421875		0.244408819702	0.877980094848
0.14453125		0.2439809781	0.877595604362
0.14484375		0.243552697151	0.877210212236
0.14515625		0.243123975406	0.876823914038
0.14546875		0.242694811405	0.876436705304
0.14578125		0.242265203682	0.876048581534
0.14609375		0.24183515076	0.875659538194
0.14640625		0.241404651153	0.875269570715
0.14671875		0.240973703367	0.874878674492
0.14703125		0.240542305895	0.874486844887
0.14734375		0.240110457225	0.874094077222
0.14765625		0.239678155831	0.873700366784
0.14796875		0.239245400181	0.873305708825
0.14828125		0.238812188731	0.872910098556
0.14859375		0.238378519927	0.872513531155
0.14890625		0.237944392207	0.872116001757
0.14921875		0.237509803996	0.871717505461
0.14953125		0.237074753711	0.871318037329
0.14984375		0.236639239758	0.870917592379
0.15015625		0.236203260533	0.870516165593
0.15046875		0.235766814421	0.870113751912
0.15078125		0.235329899797	0.869710346236
0.15109375		0.234892515023	0.869305943423
0.15140625		0.234454658455	0.868900538291
0.15171875		0.234016328433	0.868494125615
0.15203125		0.23357752329	0.868086700129
0.15234375		0.233138241345	0.867678256522
0.15265625		0.232698480907	0.867268789442
0.15296875		0.232258240275	0.866858293491
0.15328125		0.231817517734	0.866446763228
0.15359375		0.231376311559	0.866034193166
0.15390625		0.230934620014	0.865620577774
0.15421875		0.230492441349	0.865205911475
0.15453125		0.230049773805	0.864790188644
0.15484375		0.229606615609	0.864373403611
0.15515625		0.229162964976	0.863955550658
0.15546875		0.228718820109	0.863536624018
0.15578125		0.228274179201	0.863116617878
0.15609375		0.227829040428	0.862695526373
0.15640625		0.227383401957	0.86227334359
0.15671875		0.226937261942	0.861850063565
0.15703125		0.226490618522	0.861425680285
0.15734375		0.226043469825	0.861000187684
0.15765625		0.225595813965	0.860573579644
0.15796875		0.225147649043	0.860145849996
0.15828125		0.224698973148	0.859716992515
0.15859375		0.224249784353	0.859287000925
0.15890625		0.223800080719	0.858855868895
0.15921875		0.223349860293	0.858423590037
0.15953125		0.222899121107	0.85799015791
0.15984375		0.222447861181	0.857555566015
0.16015625		0.22199607852	0.857119807796
0.16046875		0.221543771113	0.85668287664
0.16078125		0.221090936937	0.856244765875
0.16109375		0.220637573953	0.855805468771
0.16140625		0.220183680108	0.855364978535
0.16171875		0.219729253332	0.854923288318
0.16203125		0.219274291542	0.854480391206
0.16234375		0.21881879264	0.854036280225
0.16265625		0.218362754511	0.853590948338
0.16296875		0.217906175025	0.853144388443
0.16328125		0.217449052036	0.852696593375
0.16359375		0.216991383384	0.852247555904
0.16390625		0.21653316689	0.851797268734
0.16421875		0.216074400361	0.851345724501
0.16453125		0.215615081586	0.850892915775
0.16484375		0.215155208338	0.850438835057
0.16515625		0.214694778374	0.849983474778
0.16546875		0.214233789432	0.8495268273
0.16578125		0.213772239236	0.849068884914
0.16609375		0.213310125489	0.848609639838
0.16640625		0.212847445879	0.848149084217
0.16671875		0.212384198075	0.847687210125
0.16703125		0.211920379729	0.847224009558
0.16734375		0.211455988475	0.846759474437
0.16765625		0.210991021927	0.846293596609
0.16796875		0.210525477682	0.845826367839
0.16828125		0.210059353318	0.845357779818
0.16859375		0.209592646394	0.844887824154
0.16890625		0.209125354449	0.844416492376
0.16921875		0.208657475004	0.843943775931
0.16953125		0.20818900556	0.843469666182
0.16984375		0.207719943597	0.84299415441
0.17015625		0.207250286576	0.842517231809
0.17046875		0.206780031938	0.842038889489
0.17078125		0.206309177103	0.841559118472
0.17109375		0.20583771947	0.841077909691
0.17140625		0.205365656417	0.840595253989
0.17171875		0.204892985302	0.840111142119
0.17203125		0.20441970346	0.839625564742
0.17234375		0.203945808205	0.839138512426
0.17265625		0.203471296828	0.838649975644
0.17296875		0.2029961666	0.838159944773
0.17328125		0.202520414768	0.837668410093
0.17359375		0.202044038555	0.837175361785
0.17390625		0.201567035163	0.836680789932
0.17421875		0.20108940177	0.836184684513
0.17453125		0.20061113553	0.835687035407
0.17484375		0.200132233574	0.835187832387
0.17515625		0.199652693008	0.834687065122
0.17546875		0.199172510913	0.834184723174
0.17578125		0.198691684347	0.833680795995
0.17609375		0.198210210341	0.833175272928
0.17640625		0.197728085903	0.832668143204
0.17671875		0.197245308012	0.832159395942
0.17703125		0.196761873624	0.831649020145
0.17734375		0.196277779667	0.8311370047
0.17765625		0.195793023042	0.830623338376
0.17796875		0.195307600626	0.830108009821
0.17828125		0.194821509264	0.829591007565
0.17859375		0.194334745777	0.82907232001
0.17890625		0.193847306957	0.828551935436
0.17921875		0.193359189567	0.828029841995
0.17953125		0.192870390342	0.827506027711
0.17984375		0.192380905987	0.826980480476
0.18015625		0.191890733177	0.82645318805
0.18046875		0.19139986856	0.82592413806
0.18078125		0.190908308751	0.825393317992
0.18109375		0.190416050336	0.824860715199
0.18140625		0.189923089867	0.824326316889
0.18171875		0.189429423869	0.823790110128
0.18203125		0.188935048832	0.823252081837
0.18234375		0.188439961214	0.822712218792
0.18265625		0.187944157441	0.822170507616
0.18296875		0.187447633907	0.821626934783
0.18328125		0.186950386969	0.82108148661
0.18359375		0.186452412953	0.82053414926
0.18390625		0.18595370815	0.819984908735
0.18421875		0.185454268815	0.819433750878
0.18453125		0.184954091167	0.818880661365
0.18484375		0.184453171393	0.818325625707
0.18515625		0.183951505637	0.817768629247
0.18546875		0.183449090013	0.817209657153
0.18578125		0.182945920593	0.816648694421
0.18609375		0.182441993412	0.816085725868
0.18640625		0.181937304468	0.815520736131
0.18671875		0.181431849718	0.814953709666
0.18703125		0.18092562508	0.814384630739
0.18734375		0.180418626433	0.813813483428
0.18765625		0.179910849615	0.813240251622
0.18796875		0.179402290421	0.812664919009
0.18828125		0.178892944607	0.812087469083
0.18859375		0.178382807883	0.811507885133
0.18890625		0.177871875918	0.810926150244
0.18921875		0.177360144339	0.810342247293
0.18953125		0.176847608726	0.809756158942
0.18984375		0.176334264614	0.809167867641
0.19015625		0.175820107493	0.808577355616
0.19046875		0.175305132809	0.807984604874
0.19078125		0.174789335957	0.807389597191
0.19109375		0.174272712287	0.806792314117
0.19140625		0.173755257099	0.806192736961
0.19171875		0.173236965646	0.805590846798
0.19203125		0.172717833129	0.804986624458
0.19234375		0.1721978547	0.804380050523
0.19265625		0.171677025457	0.803771105323
0.19296875		0.17115534045	0.803159768934
0.19328125		0.170632794672	0.80254602117
0.19359375		0.170109383064	0.801929841578
0.19390625		0.169585100513	0.801311209437
0.19421875		0.16905994185	0.800690103751
0.19453125		0.168533901848	0.800066503244
0.19484375		0.168006975226	0.799440386353
0.19515625		0.167479156642	0.798811731227
0.19546875		0.166950440697	0.798180515719
0.19578125		0.166420821929	0.797546717381
0.19609375		0.16589029482	0.796910313458
0.19640625		0.165358853786	0.796271280884
0.19671875		0.16482649318	0.795629596274
0.19703125		0.164293207295	0.794985235918
0.19734375		0.163758990354	0.794338175779
0.19765625		0.163223836517	0.79368839148
0.19796875		0.162687739877	0.793035858305
0.19828125		0.162150694458	0.792380551185
0.19859375		0.161612694213	0.791722444698
0.19890625		0.161073733028	0.791061513058
0.19921875		0.160533804714	0.790397730109
0.19953125		0.159992903011	0.789731069317
0.19984375		0.159451021583	0.789061503765
0.20015625		0.158908154022	0.788389006143
0.20046875		0.158364293838	0.787713548742
0.20078125		0.157819434469	0.787035103444
0.20109375		0.157273569269	0.786353641716
0.20140625		0.156726691512	0.785669134599
0.20171875		0.156178794392	0.784981552703
0.20203125		0.155629871017	0.784290866195
0.20234375		0.155079914412	0.783597044791
0.20265625		0.154528917512	0.782900057749
0.20296875		0.153976873167	0.782199873854
0.20328125		0.153423774137	0.781496461415
0.20359375		0.152869613088	0.780789788248
0.20390625		0.152314382596	0.780079821674
0.20421875		0.15175807514	0.779366528499
0.20453125		0.151200683103	0.778649875012
0.20484375		0.150642198771	0.777929826966
0.20515625		0.150082614329	0.777206349574
0.20546875		0.149521921859	0.776479407491
0.20578125		0.148960113341	0.775748964805
0.20609375		0.148397180647	0.775014985026
0.20640625		0.147833115543	0.774277431069
0.20671875		0.147267909685	0.773536265245
0.20703125		0.146701554615	0.772791449245
0.20734375		0.146134041762	0.772042944128
0.20765625		0.145565362439	0.771290710305
0.20796875		0.144995507839	0.770534707524
0.20828125		0.144424469037	0.769774894858
0.20859375		0.14385223698	0.769011230688
0.20890625		0.143278802492	0.768243672684
0.20921875		0.142704156268	0.767472177794
0.20953125		0.142128288872	0.766696702223
0.20984375		0.141551190734	0.765917201416
0.21015625		0.140972852148	0.765133630043
0.21046875		0.140393263268	0.764345941977
0.21078125		0.139812414107	0.763554090279
0.21109375		0.139230294531	0.762758027172
0.21140625		0.138646894262	0.761957704028
0.21171875		0.138062202865	0.761153071344
0.21203125		0.137476209756	0.760344078718
0.21234375		0.13688890419	0.759530674832
0.21265625		0.136300275261	0.758712807427
0.21296875		0.135710311901	0.757890423276
0.21328125		0.135119002872	0.757063468166
0.21359375		0.134526336763	0.756231886868
0.21390625		0.133932301989	0.755395623115
0.21421875		0.133336886786	0.754554619572
0.21453125		0.132740079206	0.753708817809
0.21484375		0.132141867112	0.752858158275
0.21515625		0.131542238177	0.752002580267
0.21546875		0.130941179877	0.751142021898
0.21578125		0.130338679488	0.75027642007
0.21609375		0.129734724078	0.749405710435
0.21640625		0.129129300508	0.748529827368
0.21671875		0.128522395422	0.747648703931
0.21703125		0.127913995245	0.746762271831
0.21734375		0.127304086177	0.745870461392
0.21765625		0.126692654185	0.74497320151
0.21796875		0.126079685001	0.744070419618
0.21828125		0.125465164116	0.743162041638
0.21859375		0.124849076772	0.742247991946
0.21890625		0.124231407956	0.741328193324
0.21921875		0.123612142396	0.740402566915
0.21953125		0.122991264553	0.739471032173
0.21984375		0.122368758614	0.73853350682
0.22015625		0.121744608485	0.737589906787
0.22046875		0.121118797785	0.736640146168
0.22078125		0.120491309838	0.735684137162
0.22109375		0.119862127664	0.734721790015
0.22140625		0.119231233973	0.733753012964
0.22171875		0.118598611157	0.732777712173
0.22203125		0.11796424128	0.731795791669
0.22234375		0.117328106068	0.730807153278
0.22265625		0.116690186904	0.729811696555
0.22296875		0.116050464816	0.72880931871
0.22328125		0.115408920466	0.727799914538
0.22359375		0.114765534144	0.726783376339
0.22390625		0.114120285752	0.725759593834
0.22421875		0.1134731548	0.724728454088
0.22453125		0.112824120387	0.723689841416
0.22484375		0.112173161195	0.722643637297
0.22515625		0.111520255476	0.721589720275
0.22546875		0.110865381039	0.720527965862
0.22578125		0.110208515233	0.719458246433
0.22609375		0.109549634941	0.718380431121
0.22640625		0.108888716561	0.717294385701
0.22671875		0.108225735991	0.716199972477
0.22703125		0.107560668617	0.715097050153
0.22734375		0.106893489294	0.713985473711
0.22765625		0.106224172331	0.712865094274
0.22796875		0.105552691475	0.711735758965
0.22828125		0.104879019892	0.710597310762
0.22859375		0.104203130147	0.709449588346
0.22890625		0.103524994187	0.708292425935
0.22921875		0.102844583321	0.70712565312
0.22953125		0.102161868196	0.705949094688
0.22984375		0.101476818779	0.704762570437
0.23015625		0.100789404331	0.70356589498
0.23046875		0.100099593385	0.702358877541
0.23078125		0.0994073537207	0.701141321746
0.23109375		0.0987126523372	0.699913025393
0.23140625		0.0980154554276	0.698673780217
0.23171875		0.0973157283494	0.697423371643
0.23203125		0.0966134355953	0.696161578524
0.23234375		0.0959085407613	0.694888172865
0.23265625		0.0952010065146	0.693602919534
0.23296875		0.0944907945592	0.692305575955
0.23328125		0.0937778656001	0.69099589179
0.23359375		0.0930621793054	0.689673608593
0.23390625		0.0923436942669	0.688338459456
0.23421875		0.0916223679588	0.686990168628
0.23453125		0.090898156694	0.685628451113
0.23484375		0.090171015578	0.684253012248
0.23515625		0.0894408984612	0.682863547254
0.23546875		0.0887077578877	0.68145974076
0.23578125		0.0879715450421	0.680041266298
0.23609375		0.0872322096935	0.678607785771
0.23640625		0.0864897001353	0.677158948886
0.23671875		0.0857439631236	0.675694392547
0.23703125		0.0849949438102	0.674213740219
0.23734375		0.0842425856733	0.672716601245
0.23765625		0.0834868304434	0.671202570122
0.23796875		0.0827276180252	0.669671225723
0.23828125		0.0819648864146	0.668122130479
0.23859375		0.0811985716116	0.666554829493
0.23890625		0.0804286075266	0.664968849603
0.23921875		0.0796549258822	0.663363698377
0.23953125		0.0788774561084	0.661738863033
0.23984375		0.0780961252306	0.66009380929
0.24015625		0.0773108577519	0.658427980127
0.24046875		0.0765215755259	0.65674079446
0.24078125		0.0757281976229	0.655031645712
0.24109375		0.074930640186	0.653299900279
0.24140625		0.0741288162776	0.651544895875
0.24171875		0.0733226357158	0.649765939754
0.24203125		0.0725120048986	0.647962306781
0.24234375		0.0716968266163	0.646133237352
0.24265625		0.07087699985	0.644277935145
0.24296875		0.0700524195548	0.64239556468
0.24328125		0.0692229764278	0.64048524867
0.24359375		0.0683885566571	0.638546065146
0.24390625		0.0675490416528	0.636577044325
0.24421875		0.0667043077554	0.634577165201
0.24453125		0.0658542259218	0.632545351816
0.24484375		0.0649986613846	0.630480469196
0.24515625		0.0641374732842	0.628381318885
0.24546875		0.0632705142681	0.626246634059
0.24578125		0.062397630057	0.624075074148
0.24609375		0.061518658971	0.621865218919
0.24640625		0.0606334314141	0.619615561948
0.24671875		0.0597417693103	0.617324503401
0.24703125		0.0588434854875	0.61499034204
0.24734375		0.0579383830009	0.612611266349
0.24765625		0.0570262543904	0.610185344658
0.24796875		0.0561068808632	0.607710514125
0.24828125		0.0551800313915	0.605184568423
0.24859375		0.0542454617157	0.602605143925
0.24890625		0.0533029132383	0.599969704183
0.24921875		0.052352111796	0.597275522424
0.24953125		0.0513927662917	0.59451966175
0.24984375		0.0504245671653	0.591698952682
0.25015625		0.049447184682	0.588809967596
0.25046875		0.0484602670077	0.585848991511
0.25078125		0.0474634380397	0.582811988605
0.25109375		0.0464562949527	0.579694563657
0.25140625		0.0454384054136	0.576491917475
0.25171875		0.044409304407	0.573198795145
0.25203125		0.0433684906039	0.569809425637
0.25234375		0.0423154221895	0.566317451005
0.25265625		0.0412495120476	0.562715842906
0.25296875		0.0401701221773	0.558996803621
0.25328125		0.0390765571844	0.55515164797
0.25359375		0.0379680566545	0.551170661505
0.25390625		0.0368437861631	0.547042928992
0.25421875		0.0357028266123	0.542756125356
0.25453125		0.0345441615009	0.538296258773
0.25484375		0.0333666616136	0.533647352053
0.25515625		0.0321690664685	0.528791043615
0.25546875		0.0309499616438	0.523706082336
0.25578125		0.0297077508191	0.518367680428
0.25609375		0.0284406209571	0.512746673544
0.25640625		0.0271464984715	0.506808414714
0.25671875		0.0258229933917	0.500511293978
0.25703125		0.0244673272995	0.493804720502
0.25734375		0.023076238958	0.486626314562
0.25765625		0.0216458586978	0.478897906389
0.25796875		0.0201715381088	0.470519676761
0.25828125		0.0186476142309	0.46136129706
0.25859375		0.0170670749957	0.451248012398
0.25890625		0.0154210706335	0.439937749819
0.25921875		0.0136981740714	0.427081243968
0.25953125		0.0118832052092	0.412147267892
0.25984375		0.00995520046726	0.394267605804
0.26015625		0.00788312809556	0.371862370022
0.26046875		0.00568334113387	0.342574332755
0.26078125		0.00355665968613	0.304589872859
0.26109375		0.00176977670656	0.255680964999
0.26140625		0.000564169959034	0.191946614339
0.26171875		1.19180691677e-05	0.0721975789236
0.26203125		4.79048840531e-09	0.0103620275446
0.26234375		4.11318577914e-09	0.0100000187053
0.26265625		4.11315252524e-09	0.0100000000008
0.26296875		4.11315252376e-09	0.01
0.26328125		4.11315252376e-09	0.01
0.26359375		4.11315252376e-09	0.01
0.26390625		4.11315252376e-09	0.01
0.26421875		4.11315252376e-09	0.01
0.26453125		4.11315252376e-09	0.01
0.26484375		4.11315252376e-09	0.01
0.26515625		4.11315252376e-09	0.01
0.26546875		4.11315252376e-09	0.01
0.26578125		4.11315252376e-09	0.01
0.26609375		4.11315252376e-09	0.01
0.26640625		4.11315252376e-09	0.01
0.26671875		4.11315252376e-09	0.01
0.26703125		4.11315252376e-09	0.01
0.26734375		4.11315252376e-09	0.01
0.26765625		4.11315252376e-09	0.01
0.26796875		4.11315252376e-09	0.01
0.26828125		4.11315252376e-09	0.01
0.26859375		4.11315252376e-09	0.01
0.26890625		4.11315252376e-09	0.01
0.26921875		4.11315252376e-09	0.01
0.26953125		4.11315252376e-09	0.01
0.26984375		4.11315252376e-09	0.01
0.27015625		4.11315252376e-09	0.01
0.27046875		4.11315252376e-09	0.01
0.27078125		4.11315252376e-09	0.01
0.27109375		4.11315252376e-09	0.01
0.27140625		4.11315252376e-09	0.01
0.27171875		4.11315252376e-09	0.01
0.27203125		4.11315252376e-09	0.01
0.27234375		4.11315252376e-09	0.01
0.27265625		4.11315252376e-09	0.01
0.27296875		4.11315252376e-09	0.01
0.27328125		4.11315252376e-09	0.01
0.27359375		4.11315252376e-09	0.01
0.27390625		4.11315252376e-09	0.01
0.27421875		4.11315252376e-09	0.01
0.27453125		4.11315252376e-09	0.01
0.27484375		4.11315252376e-09	0.01
0.27515625		4.11315252376e-09	0.01
0.27546875		4.11315252376e-09	0.01
0.27578125		4.11315252376e-09	0.01
0.27609375		4.11315252376e-09	0.01
0.27640625		4.11315252376e-09	0.01
0.27671875		4.11315252376e-09	0.01
0.27703125		4.11315252376e-09	0.01
0.27734375		4.11315252376e-09	0.01
0.27765625		4.11315252376e-09	0.01
0.27796875		4.11315252376e-09	0.01
0.27828125		4.11315252376e-09	0.01
0.27859375		4.11315252376e-09	0.01
0.27890625		4.11315252376e-09	0.01
0.27921875		4.11315252376e-09	0.01
0.27953125		4.11315252376e-09	0.01
0.27984375		4.11315252376e-09	0.01
0.28015625		4.11315252376e-09	0.01
0.28046875		4.11315252376e-09	0.01
0.28078125		4.11315252376e-09	0.01
0.28109375		4.11315252376e-09	0.01
0.28140625		4.11315252376e-09	0.01
0.28171875		4.11315252376e-09	0.01
0.28203125		4.11315252376e-09	0.01
0.28234375		4.11315252376e-09	0.01
0.28265625		4.11315252376e-09	0.01
0.28296875		4.11315252376e-09	0.01
0.28328125		4.11315252376e-09	0.01
0.28359375		4.11315252376e-09	0.01
0.28390625		4.11315252376e-09	0.01
0.28421875		4.11315252376e-09	0.01
0.28453125		4.11315252376e-09	0.01
0.28484375		4.11315252376e-09	0.01
0.28515625		4.11315252376e-09	0.01
0.28546875		4.11315252376e-09	0.01
0.28578125		4.11315252376e-09	0.01
0.28609375		4.11315252376e-09	0.01
0.28640625		4.11315252376e-09	0.01
0.28671875		4.11315252376e-09	0.01
0.28703125		4.11315252376e-09	0.01
0.28734375		4.11315252376e-09	0.01
0.28765625		4.11315252376e-09	0.01
0.28796875		4.11315252376e-09	0.01
0.28828125		4.11315252376e-09	0.01
0.28859375		4.11315252376e-09	0.01
0.28890625		4.11315252376e-09	0.01
0.28921875		4.11315252376e-09	0.01
0.28953125		4.11315252376e-09	0.01
0.28984375		4.11315252376e-09	0.01
0.29015625		4.11315252376e-09	0.01
0.29046875		4.11315252376e-09	0.01
0.29078125		4.11315252376e-09	0.01
0.29109375		4.11315252376e-09	0.01
0.29140625		4.11315252376e-09	0.01
0.29171875		4.11315252376e-09	0.01
0.29203125		4.11315252376e-09	0.01
0.29234375		4.11315252376e-09	0.01
0.29265625		4.11315252376e-09	0.01
0.29296875		4.11315252376e-09	0.01
0.29328125		4.11315252376e-09	0.01
0.29359375		4.11315252376e-09	0.01
0.29390625		4.11315252376e-09	0.01
0.29421875		4.11315252376e-09	0.01
0.29453125		4.11315252376e-09	0.01
0.29484375		4.11315252376e-09	0.01
0.29515625		4.11315252376e-09	0.01
0.29546875		4.11315252376e-09	0.01
0.29578125		4.11315252376e-09	0.01
0.29609375		4.11315252376e-09	0.01
0.29640625		4.11315252376e-09	0.01
0.29671875		4.11315252376e-09	0.01
0.29703125		4.11315252376e-09	0.01
0.29734375		4.11315252376e-09	0.01
0.29765625		4.11315252376e-09	0.01
0.29796875		4.11315252376e-09	0.01
0.29828125		4.11315252376e-09	0.01
0.29859375		4.11315252376e-09	0.01
0.29890625		4.11315252376e-09	0.01
0.29921875		4.11315252376e-09	0.01
0.29953125		4.11315252376e-09	0.01
0.29984375		4.11315252376e-09	0.01
0.30015625		4.11315252376e-09	0.01
0.30046875		4.11315252376e-09	0.01
0.30078125		4.11315252376e-09	0.01
0.30109375		4.11315252376e-09	0.01
0.30140625		4.11315252376e-09	0.01
0.30171875		4.11315252376e-09	0.01
0.30203125		4.11315252376e-09	0.01
0.30234375		4.11315252376e-09	0.01
0.30265625		4.11315252376e-09	0.01
0.30296875		4.11315252376e-09	0.01
0.30328125		4.11315252376e-09	0.01
0.30359375		4.11315252376e-09	0.01
0.30390625		4.11315252376e-09	0.01
0.30421875		4.11315252376e-09	0.01
0.30453125		4.11315252376e-09	0.01
0.30484375		4.11315252376e-09	0.01
0.30515625		4.11315252376e-09	0.01
0.30546875		4.11315252376e-09	0.01
0.30578125		4.11315252376e-09	0.01
0.30609375		4.11315252376e-09	0.01
0.30640625		4.11315252376e-09	0.01
0.30671875		4.11315252376e-09	0.01
0.30703125		4.11315252376e-09	0.01
0.30734375		4.11315252376e-09	0.01
0.30765625		4.11315252376e-09	0.01
0.30796875		4.11315252376e-09	0.01
0.30828125		4.11315252376e-09	0.01
0.30859375		4.11315252376e-09	0.01
0.30890625		4.11315252376e-09	0.01
0.30921875		4.11315252376e-09	0.01
0.30953125		4.11315252376e-09	0.01
0.30984375		4.11315252376e-09	0.01
0.31015625		4.11315252376e-09	0.01
0.31046875		4.11315252376e-09	0.01
0.31078125		4.11315252376e-09	0.01
0.31109375		4.11315252376e-09	0.01
0.31140625		4.11315252376e-09	0.01
0.31171875		4.11315252376e-09	0.01
0.31203125		4.11315252376e-09	0.01
0.31234375		4.11315252376e-09	0.01
0.31265625		4.11315252376e-09	0.01
0.31296875		4.11315252376e-09	0.01
0.31328125		4.11315252376e-09	0.01
0.31359375		4.11315252376e-09	0.01
0.31390625		4.11315252376e-09	0.01
0.31421875		4.11315252376e-09	0.01
0.31453125		4.11315252376e-09	0.01
0.31484375		4.11315252376e-09	0.01
0.31515625		4.11315252376e-09	0.01
0.31546875		4.11315252376e-09	0.01
0.31578125		4.11315252376e-09	0.01
0.31609375		4.11315252376e-09	0.01
0.31640625		4.11315252376e-09	0.01
0.31671875		4.11315252376e-09	0.01
0.31703125		4.11315252376e-09	0.01
0.31734375		4.11315252376e-09	0.01
0.31765625		4.11315252376e-09	0.01
0.31796875		4.11315252376e-09	0.01
0.31828125		4.11315252376e-09	0.01
0.31859375		4.11315252376e-09	0.01
0.31890625		4.11315252376e-09	0.01
0.31921875		4.11315252376e-09	0.01
0.31953125		4.11315252376e-09	0.01
0.31984375		4.11315252376e-09	0.01
0.32015625		4.11315252376e-09	0.01
0.32046875		4.11315252376e-09	0.01
0.32078125		4.11315252376e-09	0.01
0.32109375		4.11315252376e-09	0.01
0.32140625		4.11315252376e-09	0.01
0.32171875		4.11315252376e-09	0.01
0.32203125		4.11315252376e-09	0.01
0.32234375		4.11315252376e-09	0.01
0.32265625		4.11315252376e-09	0.01
0.32296875		4.11315252376e-09	0.01
0.32328125		4.11315252376e-09	0.01
0.32359375		4.11315252376e-09	0.01
0.32390625		4.11315252376e-09	0.01
0.32421875		4.11315252376e-09	0.01
0.32453125		4.11315252376e-09	0.01
0.32484375		4.11315252376e-09	0.01
0.32515625		4.11315252376e-09	0.01
0.32546875		4.11315252376e-09	0.01
0.32578125		4.11315252376e-09	0.01
0.32609375		4.11315252376e-09	0.01
0.32640625		4.11315252376e-09	0.01
0.32671875		4.11315252376e-09	0.01
0.32703125		4.11315252376e-09	0.01
0.32734375		4.11315252376e-09	0.01
0.32765625		4.11315252376e-09	0.01
0.32796875		4.11315252376e-09	0.01
0.32828125		4.11315252376e-09	0.01
0.32859375		4.11315252376e-09	0.01
0.32890625		4.11315252376e-09	0.01
0.32921875		4.11315252376e-09	0.01
0.32953125		4.11315252376e-09	0.01
0.32984375		4.11315252376e-09	0.01
0.33015625		4.11315252376e-09	0.01
0.33046875		4.11315252376e-09	0.01
0.33078125		4.11315252376e-09	0.01
0.33109375		4.11315252376e-09	0.01
0.33140625		4.11315252376e-09	0.01
0.33171875		4.11315252376e-09	0.01
0.33203125		4.11315252376e-09	0.01
0.33234375		4.11315252376e-09	0.01
0.33265625		4.11315252376e-09	0.01
0.33296875		4.11315252376e-09	0.01
0.33328125		4.11315252376e-09	0.01
0.33359375		4.11315252376e-09	0.01
0.33390625		4.11315252376e-09	0.01
0.33421875		4.11315252376e-09	0.01
0.33453125		4.11315252376e-09	0.01
0.33484375		4.11315252376e-09	0.01
0.33515625		4.11315252376e-09	0.01
0.33546875		4.11315252376e-09	0.01
0.33578125		4.11315252376e-09	0.01
0.33609375		4.11315252376e-09	0.01
0.33640625		4.11315252376e-09	0.01
0.33671875		4.11315252376e-09	0.01
0.33703125		4.11315252376e-09	0.01
0.33734375		4.11315252376e-09	0.01
0.33765625		4.11315252376e-09	0.01
0.33796875		4.11315252376e-09	0.01
0.33828125		4.11315252376e-09	0.01
0.33859375		4.11315252376e-09	0.01
0.33890625		4.11315252376e-09	0.01
0.33921875		4.11315252376e-09	0.01
0.33953125		4.11315252376e-09	0.01
0.33984375		4.11315252376e-09	0.01
0.34015625		4.11315252376e-09	0.01
0.34046875		4.11315252376e-09	0.01
0.34078125		4.11315252376e-09	0.01
0.34109375		4.11315252376e-09	0.01
0.34140625		4.11315252376e-09	0.01
0.34171875		4.11315252376e-09	0.01
0.34203125		4.11315252376e-09	0.01
0.34234375		4.11315252376e-09	0.01
0.34265625		4.11315252376e-09	0.01
0.34296875		4.11315252376e-09	0.01
0.34328125		4.11315252376e-09	0.01
0.34359375		4.11315252376e-09	0.01
0.34390625		4.11315252376e-09	0.01
0.34421875		4.11315252376e-09	0.01
0.34453125		4.11315252376e-09	0.01
0.34484375		4.11315252376e-09	0.01
0.34515625		4.11315252376e-09	0.01
0.34546875		4.11315252376e-09	0.01
0.34578125		4.11315252376e-09	0.01
0.34609375		4.11315252376e-09	0.01
0.34640625		4.11315252376e-09	0.01
0.34671875		4.11315252376e-09	0.01
0.34703125		4.11315252376e-09	0.01
0.34734375		4.11315252376e-09	0.01
0.34765625		4.11315252376e-09	0.01
0.34796875		4.11315252376e-09	0.01
0.34828125		4.11315252376e-09	0.01
0.34859375		4.11315252376e-09	0.01
0.34890625		4.11315252376e-09	0.01
0.34921875		4.11315252376e-09	0.01
0.34953125		4.11315252376e-09	0.01
0.34984375		4.11315252376e-09	0.01
0.35015625		4.11315252376e-09	0.01
0.35046875		4.11315252376e-09	0.01
0.35078125		4.11315252376e-09	0.01
0.35109375		4.11315252376e-09	0.01
0.35140625		4.11315252376e-09	0.01
0.35171875		4.11315252376e-09	0.01
0.35203125		4.11315252376e-09	0.01
0.35234375		4.11315252376e-09	0.01
0.35265625		4.11315252376e-09	0.01
0.35296875		4.11315252376e-09	0.01
0.35328125		4.11315252376e-09	0.01
0.35359375		4.11315252376e-09	0.01
0.35390625		4.11315252376e-09	0.01
0.35421875		4.11315252376e-09	0.01
0.35453125		4.11315252376e-09	0.01
0.35484375		4.11315252376e-09	0.01
0.35515625		4.11315252376e-09	0.01
0.35546875		4.11315252376e-09	0.01
0.35578125		4.11315252376e-09	0.01
0.35609375		4.11315252376e-09	0.01
0.35640625		4.11315252376e-09	0.01
0.35671875		4.11315252376e-09	0.01
0.35703125		4.11315252376e-09	0.01
0.35734375		4.11315252376e-09	0.01
0.35765625		4.11315252376e-09	0.01
0.35796875		4.11315252376e-09	0.01
0.35828125		4.11315252376e-09	0.01
0.35859375		4.11315252376e-09	0.01
0.35890625		4.11315252376e-09	0.01
0.35921875		4.11315252376e-09	0.01
0.35953125		4.11315252376e-09	0.01
0.35984375		4.11315252376e-09	0.01
0.36015625		4.11315252376e-09	0.01
0.36046875		4.11315252376e-09	0.01
0.36078125		4.11315252376e-09	0.01
0.36109375		4.11315252376e-09	0.01
0.36140625		4.11315252376e-09	0.01
0.36171875		4.11315252376e-09	0.01
0.36203125		4.11315252376e-09	0.01
0.36234375		4.11315252376e-09	0.01
0.36265625		4.11315252376e-09	0.01
0.36296875		4.11315252376e-09	0.01
0.36328125		4.11315252376e-09	0.01
0.36359375		4.11315252376e-09	0.01
0.36390625		4.11315252376e-09	0.01
0.36421875		4.11315252376e-09	0.01
0.36453125		4.11315252376e-09	0.01
0.36484375		4.11315252376e-09	0.01
0.36515625		4.11315252376e-09	0.01
0.36546875		4.11315252376e-09	0.01
0.36578125		4.11315252376e-09	0.01
0.36609375		4.11315252376e-09	0.01
0.36640625		4.11315252376e-09	0.01
0.36671875		4.11315252376e-09	0.01
0.36703125		4.11315252376e-09	0.01
0.36734375		4.11315252376e-09	0.01
0.36765625		4.11315252376e-09	0.01
0.36796875		4.11315252376e-09	0.01
0.36828125		4.11315252376e-09	0.01
0.36859375		4.11315252376e-09	0.01
0.36890625		4.11315252376e-09	0.01
0.36921875		4.11315252376e-09	0.01
0.36953125		4.11315252376e-09	0.01
0.36984375		4.11315252376e-09	0.01
0.37015625		4.11315252376e-09	0.01
0.37046875		4.11315252376e-09	0.01
0.37078125		4.11315252376e-09	0.01
0.37109375		4.11315252376e-09	0.01
0.37140625		4.11315252376e-09	0.01
0.37171875		4.11315252376e-09	0.01
0.37203125		4.11315252376e-09	0.01
0.37234375		4.11315252376e-09	0.01
0.37265625		4.11315252376e-09	0.01
0.37296875		4.11315252376e-09	0.01
0.37328125		4.11315252376e-09	0.01
0.37359375		4.11315252376e-09	0.01
0.37390625		4.11315252376e-09	0.01
0.37421875		4.11315252376e-09	0.01
0.37453125		4.11315252376e-09	0.01
0.37484375		4.11315252376e-09	0.01
0.37515625		4.11315252376e-09	0.01
0.37546875		4.11315252376e-09	0.01
0.37578125		4.11315252376e-09	0.01
0.37609375		4.11315252376e-09	0.01
0.37640625		4.11315252376e-09	0.01
0.37671875		4.11315252376e-09	0.01
0.37703125		4.11315252376e-09	0.01
0.37734375		4.11315252376e-09	0.01
0.37765625		4.11315252376e-09	0.01
0.37796875		4.11315252376e-09	0.01
0.37828125		4.11315252376e-09	0.01
0.37859375		4.11315252376e-09	0.01
0.37890625		4.11315252376e-09	0.01
0.37921875		4.11315252376e-09	0.01
0.37953125		4.11315252376e-09	0.01
0.37984375		4.11315252376e-09	0.01
0.38015625		4.11315252376e-09	0.01
0.38046875		4.11315252376e-09	0.01
0.38078125		4.11315252376e-09	0.01
0.38109375		4.11315252376e-09	0.01
0.38140625		4.11315252376e-09	0.01
0.38171875		4.11315252376e-09	0.01
0.38203125		4.11315252376e-09	0.01
0.38234375		4.11315252376e-09	0.01
0.38265625		4.11315252376e-09	0.01
0.38296875		4.11315252376e-09	0.01
0.38328125		4.11315252376e-09	0.01
0.38359375		4.11315252376e-09	0.01
0.38390625		4.11315252376e-09	0.01
0.38421875		4.11315252376e-09	0.01
0.38453125		4.11315252376e-09	0.01
0.38484375		4.11315252376e-09	0.01
0.38515625		4.11315252376e-09	0.01
0.38546875		4.11315252376e-09	0.01
0.38578125		4.11315252376e-09	0.01
0.38609375		4.11315252376e-09	0.01
0.38640625		4.11315252376e-09	0.01
0.38671875		4.11315252376e-09	0.01
0.38703125		4.11315252376e-09	0.01
0.38734375		4.11315252376e-09	0.01
0.38765625		4.11315252376e-09	0.01
0.38796875		4.11315252376e-09	0.01
0.38828125		4.11315252376e-09	0.01
0.38859375		4.11315252376e-09	0.01
0.38890625		4.11315252376e-09	0.01
0.38921875		4.11315252376e-09	0.01
0.38953125		4.11315252376e-09	0.01
0.38984375		4.11315252376e-09	0.01
0.39015625		4.11315252376e-09	0.01
0.39046875		4.11315252376e-09	0.01
0.39078125		4.11315252376e-09	0.01
0.39109375		4.11315252376e-09	0.01
0.39140625		4.11315252376e-09	0.01
0.39171875		4.11315252376e-09	0.01
0.39203125		4.11315252376e-09	0.01
0.39234375		4.11315252376e-09	0.01
0.39265625		4.11315252376e-09	0.01
0.39296875		4.11315252376e-09	0.01
0.39328125		4.11315252376e-09	0.01
0.39359375		4.11315252376e-09	0.01
0.39390625		4.11315252376e-09	0.01
0.39421875		4.11315252376e-09	0.01
0.39453125		4.11315252376e-09	0.01
0.39484375		4.11315252376e-09	0.01
0.39515625		4.11315252376e-09	0.01
0.39546875		4.11315252376e-09	0.01
0.39578125		4.11315252376e-09	0.01
0.39609375		4.11315252376e-09	0.01
0.39640625		4.11315252376e-09	0.01
0.39671875		4.11315252376e-09	0.01
0.39703125		4.11315252376e-09	0.01
0.39734375		4.11315252376e-09	0.01
0.39765625		4.11315252376e-09	0.01
0.39796875		4.11315252376e-09	0.01
0.39828125		4.11315252376e-09	0.01
0.39859375		4.11315252376e-09	0.01
0.39890625		4.11315252376e-09	0.01
0.39921875		4.11315252376e-09	0.01
0.39953125		4.11315252376e-09	0.01
0.39984375		4.11315252376e-09	0.01
0.40015625		4.11315252376e-09	0.01
0.40046875		4.11315252376e-09	0.01
0.40078125		4.11315252376e-09	0.01
0.40109375		4.11315252376e-09	0.01
0.40140625		4.11315252376e-09	0.01
0.40171875		4.11315252376e-09	0.01
0.40203125		4.11315252376e-09	0.01
0.40234375		4.11315252376e-09	0.01
0.40265625		4.11315252376e-09	0.01
0.40296875		4.11315252376e-09	0.01
0.40328125		4.11315252376e-09	0.01
0.40359375		4.11315252376e-09	0.01
0.40390625		4.11315252376e-09	0.01
0.40421875		4.11315252376e-09	0.01
0.40453125		4.11315252376e-09	0.01
0.40484375		4.11315252376e-09	0.01
0.40515625		4.11315252376e-09	0.01
0.40546875		4.11315252376e-09	0.01
0.40578125		4.11315252376e-09	0.01
0.40609375		4.11315252376e-09	0.01
0.40640625		4.11315252376e-09	0.01
0.40671875		4.11315252376e-09	0.01
0.40703125		4.11315252376e-09	0.01
0.40734375		4.11315252376e-09	0.01
0.40765625		4.11315252376e-09	0.01
0.40796875		4.11315252376e-09	0.01
0.40828125		4.11315252376e-09	0.01
0.40859375		4.11315252376e-09	0.01
0.40890625		4.11315252376e-09	0.01
0.40921875		4.11315252376e-09	0.01
0.40953125		4.11315252376e-09	0.01
0.40984375		4.11315252376e-09	0.01
0.41015625		4.11315252376e-09	0.01
0.41046875		4.11315252376e-09	0.01
0.41078125		4.11315252376e-09	0.01
0.41109375		4.11315252376e-09	0.01
0.41140625		4.11315252376e-09	0.01
0.41171875		4.11315252376e-09	0.01
0.41203125		4.11315252376e-09	0.01
0.41234375		4.11315252376e-09	0.01
0.41265625		4.11315252376e-09	0.01
0.41296875		4.11315252376e-09	0.01
0.41328125		4.11315252376e-09	0.01
0.41359375		4.11315252376e-09	0.01
0.41390625		4.11315252376e-09	0.01
0.41421875		4.11315252376e-09	0.01
0.41453125		4.11315252376e-09	0.01
0.41484375		4.11315252376e-09	0.01
0.41515625		4.11315252376e-09	0.01
0.41546875		4.11315252376e-09	0.01
0.41578125		4.11315252376e-09	0.01
0.41609375		4.11315252376e-09	0.01
0.41640625		4.11315252376e-09	0.01
0.41671875		4.11315252376e-09	0.01
0.41703125		4.11315252376e-09	0.01
0.41734375		4.11315252376e-09	0.01
0.41765625		4.11315252376e-09	0.01
0.41796875		4.11315252376e-09	0.01
0.41828125		4.11315252376e-09	0.01
0.41859375		4.11315252376e-09	0.01
0.41890625		4.11315252376e-09	0.01
0.41921875		4.11315252376e-09	0.01
0.41953125		4.11315252376e-09	0.01
0.41984375		4.11315252376e-09	0.01
0.42015625		4.11315252376e-09	0.01
0.42046875		4.11315252376e-09	0.01
0.42078125		4.11315252376e-09	0.01
0.42109375		4.11315252376e-09	0.01
0.42140625		4.11315252376e-09	0.01
0.42171875		4.11315252376e-09	0.01
0.42203125		4.11315252376e-09	0.01
0.42234375		4.11315252376e-09	0.01
0.42265625		4.11315252376e-09	0.01
0.42296875		4.11315252376e-09	0.01
0.42328125		4.11315252376e-09	0.01
0.42359375		4.11315252376e-09	0.01
0.42390625		4.11315252376e-09	0.01
0.42421875		4.11315252376e-09	0.01
0.42453125		4.11315252376e-09	0.01
0.42484375		4.11315252376e-09	0.01
0.42515625		4.11315252376e-09	0.01
0.42546875		4.11315252376e-09	0.01
0.42578125		4.11315252376e-09	0.01
0.42609375		4.11315252376e-09	0.01
0.42640625		4.11315252376e-09	0.01
0.42671875		4.11315252376e-09	0.01
0.42703125		4.11315252376e-09	0.01
0.42734375		4.11315252376e-09	0.01
0.42765625		4.11315252376e-09	0.01
0.42796875		4.11315252376e-09	0.01
0.42828125		4.11315252376e-09	0.01
0.42859375		4.11315252376e-09	0.01
0.42890625		4.11315252376e-09	0.01
0.42921875		4.11315252376e-09	0.01
0.42953125		4.11315252376e-09	0.01
0.42984375		4.11315252376e-09	0.01
0.43015625		4.11315252376e-09	0.01
0.43046875		4.11315252376e-09	0.01
0.43078125		4.11315252376e-09	0.01
0.43109375		4.11315252376e-09	0.01
0.43140625		4.11315252376e-09	0.01
0.43171875		4.11315252376e-09	0.01
0.43203125		4.11315252376e-09	0.01
0.43234375		4.11315252376e-09	0.01
0.43265625		4.11315252376e-09	0.01
0.43296875		4.11315252376e-09	0.01
0.43328125		4.11315252376e-09	0.01
0.43359375		4.11315252376e-09	0.01
0.43390625		4.11315252376e-09	0.01
0.43421875		4.11315252376e-09	0.01
0.43453125		4.11315252376e-09	0.01
0.43484375		4.11315252376e-09	0.01
0.43515625		4.11315252376e-09	0.01
0.43546875		4.11315252376e-09	0.01
0.43578125		4.11315252376e-09	0.01
0.43609375		4.11315252376e-09	0.01
0.43640625		4.11315252376e-09	0.01
0.43671875		4.11315252376e-09	0.01
0.43703125		4.11315252376e-09	0.01
0.43734375		4.11315252376e-09	0.01
0.43765625		4.11315252376e-09	0.01
0.43796875		4.11315252376e-09	0.01
0.43828125		4.11315252376e-09	0.01
0.43859375		4.11315252376e-09	0.01
0.43890625		4.11315252376e-09	0.01
0.43921875		4.11315252376e-09	0.01
0.43953125		4.11315252376e-09	0.01
0.43984375		4.11315252376e-09	0.01
0.44015625		4.11315252376e-09	0.01
0.44046875		4.11315252376e-09	0.01
0.44078125		4.11315252376e-09	0.01
0.44109375		4.11315252376e-09	0.01
0.44140625		4.11315252376e-09	0.01
0.44171875		4.11315252376e-09	0.01
0.44203125		4.11315252376e-09	0.01
0.44234375		4.11315252376e-09	0.01
0.44265625		4.11315252376e-09	0.01
0.44296875		4.11315252376e-09	0.01
0.44328125		4.11315252376e-09	0.01
0.44359375		4.11315252376e-09	0.01
0.44390625		4.11315252376e-09	0.01
0.44421875		4.11315252376e-09	0.01
0.44453125		4.11315252376e-09	0.01
0.44484375		4.11315252376e-09	0.01
0.44515625		4.11315252376e-09	0.01
0.44546875		4.11315252376e-09	0.01
0.44578125		4.11315252376e-09	0.01
0.44609375		4.11315252376e-09	0.01
0.44640625		4.11315252376e-09	0.01
0.44671875		4.11315252376e-09	0.01
0.44703125		4.11315252376e-09	0.01
0.44734375		4.11315252376e-09	0.01
0.44765625		4.11315252376e-09	0.01
0.44796875		4.11315252376e-09	0.01
0.44828125		4.11315252376e-09	0.01
0.44859375		4.11315252376e-09	0.01
0.44890625		4.11315252376e-09	0.01
0.44921875		4.11315252376e-09	0.01
0.44953125		4.11315252376e-09	0.01
0.44984375		4.11315252376e-09	0.01
0.45015625		4.11315252376e-09	0.01
0.45046875		4.11315252376e-09	0.01
0.45078125		4.11315252376e-09	0.01
0.45109375		4.11315252376e-09	0.01
0.45140625		4.11315252376e-09	0.01
0.45171875		4.11315252376e-09	0.01
0.45203125		4.11315252376e-09	0.01
0.45234375		4.11315252376e-09	0.01
0.45265625		4.11315252376e-09	0.01
0.45296875		4.11315252376e-09	0.01
0.45328125		4.11315252376e-09	0.01
0.45359375		4.11315252376e-09	0.01
0.45390625		4.11315252376e-09	0.01
0.45421875		4.11315252376e-09	0.01
0.45453125		4.11315252376e-09	0.01
0.45484375		4.11315252376e-09	0.01
0.45515625		4.11315252376e-09	0.01
0.45546875		4.11315252376e-09	0.01
0.45578125		4.11315252376e-09	0.01
0.45609375		4.11315252376e-09	0.01
0.45640625		4.11315252376e-09	0.01
0.45671875		4.11315252376e-09	0.01
0.45703125		4.11315252376e-09	0.01
0.45734375		4.11315252376e-09	0.01
0.45765625		4.11315252376e-09	0.01
0.45796875		4.11315252376e-09	0.01
0.45828125		4.11315252376e-09	0.01
0.45859375		4.11315252376e-09	0.01
0.45890625		4.11315252376e-09	0.01
0.45921875		4.11315252376e-09	0.01
0.45953125		4.11315252376e-09	0.01
0.45984375		4.11315252376e-09	0.01
0.46015625		4.11315252376e-09	0.01
0.46046875		4.11315252376e-09	0.01
0.46078125		4.11315252376e-09	0.01
0.46109375		4.11315252376e-09	0.01
0.46140625		4.11315252376e-09	0.01
0.46171875		4.11315252376e-09	0.01
0.46203125		4.11315252376e-09	0.01
0.46234375		4.11315252376e-09	0.01
0.46265625		4.11315252376e-09	0.01
0.46296875		4.11315252376e-09	0.01
0.46328125		4.11315252376e-09	0.01
0.46359375		4.11315252376e-09	0.01
0.46390625		4.11315252376e-09	0.01
0.46421875		4.11315252376e-09	0.01
0.46453125		4.11315252376e-09	0.01
0.46484375		4.11315252376e-09	0.01
0.46515625		4.11315252376e-09	0.01
0.46546875		4.11315252376e-09	0.01
0.46578125		4.11315252376e-09	0.01
0.46609375		4.11315252376e-09	0.01
0.46640625		4.11315252376e-09	0.01
0.46671875		4.11315252376e-09	0.01
0.46703125		4.11315252376e-09	0.01
0.46734375		4.11315252376e-09	0.01
0.46765625		4.11315252376e-09	0.01
0.46796875		4.11315252376e-09	0.01
0.46828125		4.11315252376e-09	0.01
0.46859375		4.11315252376e-09	0.01
0.46890625		4.11315252376e-09	0.01
0.46921875		4.11315252376e-09	0.01
0.46953125		4.11315252376e-09	0.01
0.46984375		4.11315252376e-09	0.01
0.47015625		4.11315252376e-09	0.01
0.47046875		4.11315252376e-09	0.01
0.47078125		4.11315252376e-09	0.01
0.47109375		4.11315252376e-09	0.01
0.47140625		4.11315252376e-09	0.01
0.47171875		4.11315252376e-09	0.01
0.47203125		4.11315252376e-09	0.01
0.47234375		4.11315252376e-09	0.01
0.47265625		4.11315252376e-09	0.01
0.47296875		4.11315252376e-09	0.01
0.47328125		4.11315252376e-09	0.01
0.47359375		4.11315252376e-09	0.01
0.47390625		4.11315252376e-09	0.01
0.47421875		4.11315252376e-09	0.01
0.47453125		4.11315252376e-09	0.01
0.47484375		4.11315252376e-09	0.01
0.47515625		4.11315252376e-09	0.01
0.47546875		4.11315252376e-09	0.01
0.47578125		4.11315252376e-09	0.01
0.47609375		4.11315252376e-09	0.01
0.47640625		4.11315252376e-09	0.01
0.47671875		4.11315252376e-09	0.01
0.47703125		4.11315252376e-09	0.01
0.47734375		4.11315252376e-09	0.01
0.47765625		4.11315252376e-09	0.01
0.47796875		4.11315252376e-09	0.01
0.47828125		4.11315252376e-09	0.01
0.47859375		4.11315252376e-09	0.01
0.47890625		4.11315252376e-09	0.01
0.47921875		4.11315252376e-09	0.01
0.47953125		4.11315252376e-09	0.01
0.47984375		4.11315252376e-09	0.01
0.48015625		4.11315252376e-09	0.01
0.48046875		4.11315252376e-09	0.01
0.48078125		4.11315252376e-09	0.01
0.48109375		4.11315252376e-09	0.01
0.48140625		4.11315252376e-09	0.01
0.48171875		4.11315252376e-09	0.01
0.48203125		4.11315252376e-09	0.01
0.48234375		4.11315252376e-09	0.01
0.48265625		4.11315252376e-09	0.01
0.48296875		4.11315252376e-09	0.01
0.48328125		4.11315252376e-09	0.01
0.48359375		4.11315252376e-09	0.01
0.48390625		4.11315252376e-09	0.01
0.48421875		4.11315252376e-09	0.01
0.48453125		4.11315252376e-09	0.01
0.48484375		4.11315252376e-09	0.01
0.48515625		4.11315252376e-09	0.01
0.48546875		4.11315252376e-09	0.01
0.48578125		4.11315252376e-09	0.01
0.48609375		4.11315252376e-09	0.01
0.48640625		4.11315252376e-09	0.01
0.48671875		4.11315252376e-09	0.01
0.48703125		4.11315252376e-09	0.01
0.48734375		4.11315252376e-09	0.01
0.48765625		4.11315252376e-09	0.01
0.48796875		4.11315252376e-09	0.01
0.48828125		4.11315252376e-09	0.01
0.48859375		4.11315252376e-09	0.01
0.48890625		4.11315252376e-09	0.01
0.48921875		4.11315252376e-09	0.01
0.48953125		4.11315252376e-09	0.01
0.48984375		4.11315252376e-09	0.01
0.49015625		4.11315252376e-09	0.01
0.49046875		4.11315252376e-09	0.01
0.49078125		4.11315252376e-09	0.01
0.49109375		4.11315252376e-09	0.01
0.49140625		4.11315252376e-09	0.01
0.49171875		4.11315252376e-09	0.01
0.49203125		4.11315252376e-09	0.01
0.49234375		4.11315252376e-09	0.01
0.49265625		4.11315252376e-09	0.01
0.49296875		4.11315252376e-09	0.01
0.49328125		4.11315252376e-09	0.01
0.49359375		4.11315252376e-09	0.01
0.49390625		4.11315252376e-09	0.01
0.49421875		4.11315252376e-09	0.01
0.49453125		4.11315252376e-09	0.01
0.49484375		4.11315252376e-09	0.01
0.49515625		4.11315252376e-09	0.01
0.49546875		4.11315252376e-09	0.01
0.49578125		4.11315252376e-09	0.01
0.49609375		4.11315252376e-09	0.01
0.49640625		4.11315252376e-09	0.01
0.49671875		4.11315252376e-09	0.01
0.49703125		4.11315252376e-09	0.01
0.49734375		4.11315252376e-09	0.01
0.49765625		4.11315252376e-09	0.01
0.49796875		4.11315252376e-09	0.01
0.49828125		4.11315252376e-09	0.01
0.49859375		4.11315252376e-09	0.01
0.49890625		4.11315252376e-09	0.01
0.49921875		4.11315252376e-09	0.01
0.49953125		4.11315252376e-09	0.01
0.49984375		4.11315252376e-09	0.01
