0.00015625		0.409886921173	0.999130733567
0.00046875		0.409675706647	0.999001661385
0.00078125		0.409388423255	0.998826674571
0.00109375		0.409094572119	0.998647473417
0.00140625		0.408820311106	0.998480077965
0.00171875		0.408558131172	0.998319960043
0.00203125		0.408303426179	0.998164331072
0.00234375		0.4080537397	0.998011696621
0.00265625		0.407807634611	0.997861182217
0.00296875		0.407564169896	0.99771221551
0.00328125		0.40732261856	0.997564353555
0.00359375		0.407082434298	0.9974172631
0.00390625		0.406843249553	0.997270719909
0.00421875		0.406604826688	0.997124579102
0.00453125		0.406366998723	0.996978738853
0.00484375		0.406129636561	0.996833120393
0.00515625		0.405892631451	0.996687657294
0.00546875		0.405655892935	0.996542294198
0.00578125		0.405419354675	0.996396990481
0.00609375		0.405182970259	0.99625171772
0.00640625		0.40494670308	0.996106453473
0.00671875		0.404710520766	0.99596117786
0.00703125		0.404474393652	0.995815872635
0.00734375		0.404238295847	0.995670521813
0.00765625		0.404002210689	0.995525115113
0.00796875		0.403766126023	0.995379644978
0.00828125		0.403530028266	0.995234102937
0.00859375		0.40329390238	0.995088479648
0.00890625		0.403057737867	0.994942768567
0.00921875		0.402821526295	0.994796964388
0.00953125		0.402585260099	0.99465106233
0.00984375		0.402348932341	0.994505057996
0.01015625		0.402112537002	0.994358947548
0.01046875		0.401876069105	0.994212727788
0.01078125		0.401639524574	0.994066396067
0.01109375		0.401402899981	0.993919950134
0.01140625		0.40116619237	0.993773388027
0.01171875		0.400929399182	0.993626708023
0.01203125		0.400692518158	0.993479908585
0.01234375		0.400455547286	0.993332988327
0.01265625		0.400218484769	0.993185945991
0.01296875		0.399981329013	0.993038780445
0.01328125		0.39974407864	0.992891490686
0.01359375		0.399506732496	0.992744075854
0.01390625		0.399269289592	0.992596535185
0.01421875		0.399031749013	0.992448867961
0.01453125		0.398794109895	0.992301073495
0.01484375		0.398556371458	0.99215315115
0.01515625		0.398318533026	0.992005100354
0.01546875		0.398080594006	0.991856920584
0.01578125		0.397842553871	0.991708611358
0.01609375		0.397604412143	0.991560172224
0.01640625		0.397366168386	0.991411602754
0.01671875		0.397127822201	0.991262902544
0.01703125		0.39688937322	0.991114071209
0.01734375		0.39665082111	0.990965108381
0.01765625		0.396412165565	0.990816013713
0.01796875		0.396173406308	0.990666786872
0.01828125		0.395934543074	0.990517427534
0.01859375		0.395695575615	0.990367935385
0.01890625		0.395456503694	0.990218310116
0.01921875		0.395217327092	0.990068551428
0.01953125		0.3949780456	0.989918659032
0.01984375		0.394738659025	0.989768632642
0.02015625		0.394499167179	0.989618471979
0.02046875		0.394259569884	0.989468176769
0.02078125		0.394019866966	0.98931774674
0.02109375		0.393780058259	0.989167181623
0.02140625		0.393540143603	0.989016481154
0.02171875		0.393300122843	0.98886564507
0.02203125		0.393059995829	0.988714673111
0.02234375		0.392819762412	0.98856356502
0.02265625		0.392579422449	0.988412320538
0.02296875		0.392338975798	0.988260939411
0.02328125		0.39209842232	0.988109421384
0.02359375		0.391857761879	0.987957766202
0.02390625		0.39161699434	0.987805973612
0.02421875		0.391376119568	0.987654043362
0.02453125		0.391135137433	0.9875019752
0.02484375		0.390894047805	0.987349768873
0.02515625		0.390652850552	0.98719742413
0.02546875		0.390411545548	0.987044940718
0.02578125		0.390170132663	0.986892318386
0.02609375		0.389928611772	0.986739556882
0.02640625		0.389686982747	0.986586655953
0.02671875		0.389445245463	0.986433615348
0.02703125		0.389203399793	0.986280434813
0.02734375		0.388961445613	0.986127114096
0.02765625		0.388719382797	0.985973652944
0.02796875		0.388477211221	0.985820051101
0.02828125		0.388234930759	0.985666308315
0.02859375		0.387992541286	0.985512424331
0.02890625		0.387750042679	0.985358398892
0.02921875		0.387507434813	0.985204231745
0.02953125		0.387264717562	0.985049922631
0.02984375		0.387021890803	0.984895471295
0.03015625		0.38677895441	0.984740877479
0.03046875		0.386535908258	0.984586140925
0.03078125		0.386292752223	0.984431261373
0.03109375		0.38604948618	0.984276238566
0.03140625		0.385806110002	0.984121072242
0.03171875		0.385562623566	0.983965762141
0.03203125		0.385319026744	0.983810308002
0.03234375		0.385075319411	0.983654709562
0.03265625		0.384831501442	0.98349896656
0.03296875		0.38458757271	0.983343078731
0.03328125		0.384343533088	0.983187045811
0.03359375		0.38409938245	0.983030867537
0.03390625		0.383855120669	0.982874543641
0.03421875		0.383610747617	0.982718073858
0.03453125		0.383366263168	0.98256145792
0.03484375		0.383121667193	0.982404695561
0.03515625		0.382876959565	0.982247786511
0.03546875		0.382632140155	0.982090730501
0.03578125		0.382387208835	0.981933527262
0.03609375		0.382142165476	0.981776176521
0.03640625		0.38189700995	0.981618678009
0.03671875		0.381651742126	0.981461031452
0.03703125		0.381406361875	0.981303236578
0.03734375		0.381160869068	0.981145293112
0.03765625		0.380915263574	0.98098720078
0.03796875		0.380669545262	0.980828959306
0.03828125		0.380423714003	0.980670568414
0.03859375		0.380177769664	0.980512027828
0.03890625		0.379931712116	0.980353337269
0.03921875		0.379685541224	0.980194496459
0.03953125		0.379439256859	0.980035505118
0.03984375		0.379192858888	0.979876362966
0.04015625		0.378946347178	0.979717069722
0.04046875		0.378699721596	0.979557625104
0.04078125		0.378452982009	0.97939802883
0.04109375		0.378206128284	0.979238280615
0.04140625		0.377959160286	0.979078380176
0.04171875		0.377712077882	0.978918327227
0.04203125		0.377464880938	0.978758121482
0.04234375		0.377217569318	0.978597762655
0.04265625		0.376970142888	0.978437250458
0.04296875		0.376722601512	0.978276584601
0.04328125		0.376474945054	0.978115764797
0.04359375		0.376227173379	0.977954790754
0.04390625		0.375979286349	0.977793662182
0.04421875		0.375731283829	0.977632378788
0.04453125		0.375483165682	0.97747094028
0.04484375		0.37523493177	0.977309346363
0.04515625		0.374986581955	0.977147596745
0.04546875		0.3747381161	0.976985691128
0.04578125		0.374489534066	0.976823629217
0.04609375		0.374240835715	0.976661410714
0.04640625		0.373992020907	0.976499035322
0.04671875		0.373743089504	0.976336502741
0.04703125		0.373494041366	0.976173812672
0.04734375		0.373244876352	0.976010964814
0.04765625		0.372995594323	0.975847958865
0.04796875		0.372746195137	0.975684794522
0.04828125		0.372496678655	0.975521471483
0.04859375		0.372247044734	0.975357989442
0.04890625		0.371997293233	0.975194348095
0.04921875		0.37174742401	0.975030547135
0.04953125		0.371497436923	0.974866586256
0.04984375		0.371247331828	0.974702465149
0.05015625		0.370997108583	0.974538183504
0.05046875		0.370746767045	0.974373741013
0.05078125		0.370496307069	0.974209137365
0.05109375		0.370245728512	0.974044372247
0.05140625		0.369995031229	0.973879445347
0.05171875		0.369744215076	0.973714356351
0.05203125		0.369493279907	0.973549104945
0.05234375		0.369242225576	0.973383690812
0.05265625		0.368991051939	0.973218113638
0.05296875		0.368739758848	0.973052373103
0.05328125		0.368488346157	0.972886468889
0.05359375		0.368236813719	0.972720400678
0.05390625		0.367985161387	0.972554168148
0.05421875		0.367733389013	0.972387770978
0.05453125		0.367481496449	0.972221208846
0.05484375		0.367229483548	0.972054481428
0.05515625		0.366977350159	0.971887588401
0.05546875		0.366725096134	0.971720529438
0.05578125		0.366472721323	0.971553304213
0.05609375		0.366220225577	0.971385912399
0.05640625		0.365967608745	0.971218353668
0.05671875		0.365714870676	0.97105062769
0.05703125		0.36546201122	0.970882734134
0.05734375		0.365209030226	0.97071467267
0.05765625		0.364955927541	0.970546442965
0.05796875		0.364702703013	0.970378044685
0.05828125		0.36444935649	0.970209477495
0.05859375		0.364195887819	0.970040741061
0.05890625		0.363942296847	0.969871835046
0.05921875		0.363688583419	0.969702759111
0.05953125		0.363434747383	0.969533512919
0.05984375		0.363180788583	0.969364096129
0.06015625		0.362926706865	0.9691945084
0.06046875		0.362672502073	0.969024749392
0.06078125		0.362418174052	0.96885481876
0.06109375		0.362163722646	0.968684716161
0.06140625		0.361909147699	0.96851444125
0.06171875		0.361654449053	0.96834399368
0.06203125		0.361399626551	0.968173373104
0.06234375		0.361144680037	0.968002579174
0.06265625		0.360889609351	0.96783161154
0.06296875		0.360634414336	0.967660469852
0.06328125		0.360379094832	0.967489153758
0.06359375		0.360123650681	0.967317662905
0.06390625		0.359868081723	0.967145996939
0.06421875		0.359612387797	0.966974155505
0.06453125		0.359356568744	0.966802138248
0.06484375		0.359100624403	0.966629944809
0.06515625		0.358844554612	0.966457574831
0.06546875		0.358588359209	0.966285027953
0.06578125		0.358332038033	0.966112303815
0.06609375		0.358075590921	0.965939402056
0.06640625		0.35781901771	0.965766322312
0.06671875		0.357562318237	0.965593064218
0.06703125		0.357305492338	0.96541962741
0.06734375		0.357048539848	0.965246011521
0.06765625		0.356791460604	0.965072216184
0.06796875		0.35653425444	0.964898241029
0.06828125		0.35627692119	0.964724085686
0.06859375		0.356019460689	0.964549749784
0.06890625		0.355761872771	0.964375232952
0.06921875		0.355504157268	0.964200534814
0.06953125		0.355246314014	0.964025654996
0.06984375		0.35498834284	0.963850593122
0.07015625		0.35473024358	0.963675348815
0.07046875		0.354472016063	0.963499921696
0.07078125		0.354213660121	0.963324311386
0.07109375		0.353955175586	0.963148517503
0.07140625		0.353696562286	0.962972539665
0.07171875		0.353437820052	0.96279637749
0.07203125		0.353178948712	0.962620030591
0.07234375		0.352919948097	0.962443498583
0.07265625		0.352660818033	0.96226678108
0.07296875		0.35240155835	0.962089877691
0.07328125		0.352142168873	0.961912788028
0.07359375		0.351882649431	0.9617355117
0.07390625		0.35162299985	0.961558048314
0.07421875		0.351363219956	0.961380397476
0.07453125		0.351103309574	0.961202558792
0.07484375		0.35084326853	0.961024531865
0.07515625		0.350583096649	0.960846316298
0.07546875		0.350322793753	0.960667911693
0.07578125		0.350062359668	0.960489317648
0.07609375		0.349801794217	0.960310533762
0.07640625		0.349541097221	0.960131559633
0.07671875		0.349280268504	0.959952394856
0.07703125		0.349019307888	0.959773039026
0.07734375		0.348758215193	0.959593491737
0.07765625		0.348496990241	0.959413752579
0.07796875		0.348235632852	0.959233821143
0.07828125		0.347974142846	0.959053697018
0.07859375		0.347712520042	0.958873379793
0.07890625		0.347450764259	0.958692869052
0.07921875		0.347188875316	0.958512164382
0.07953125		0.34692685303	0.958331265366
0.07984375		0.34666469722	0.958150171586
0.08015625		0.346402407701	0.957968882622
0.08046875		0.346139984291	0.957787398054
0.08078125		0.345877426805	0.95760571746
0.08109375		0.345614735059	0.957423840417
0.08140625		0.345351908868	0.957241766499
0.08171875		0.345088948046	0.957059495279
0.08203125		0.344825852407	0.956877026331
0.08234375		0.344562621765	0.956694359225
0.08265625		0.344299255932	0.95651149353
0.08296875		0.344035754721	0.956328428814
0.08328125		0.343772117944	0.956145164643
0.08359375		0.343508345411	0.955961700582
0.08390625		0.343244436935	0.955778036194
0.08421875		0.342980392324	0.955594171042
0.08453125		0.34271621139	0.955410104685
0.08484375		0.342451893941	0.955225836683
0.08515625		0.342187439786	0.955041366593
0.08546875		0.341922848733	0.954856693971
0.08578125		0.34165812059	0.95467181837
0.08609375		0.341393255164	0.954486739345
0.08640625		0.341128252262	0.954301456445
0.08671875		0.340863111689	0.954115969221
0.08703125		0.340597833251	0.953930277221
0.08734375		0.340332416753	0.953744379992
0.08765625		0.340066862	0.953558277077
0.08796875		0.339801168795	0.953371968022
0.08828125		0.339535336942	0.953185452367
0.08859375		0.339269366243	0.952998729654
0.08890625		0.339003256501	0.952811799419
0.08921875		0.338737007517	0.952624661202
0.08953125		0.338470619093	0.952437314536
0.08984375		0.338204091029	0.952249758956
0.09015625		0.337937423124	0.952061993994
0.09046875		0.337670615179	0.951874019181
0.09078125		0.337403666992	0.951685834045
0.09109375		0.337136578362	0.951497438114
0.09140625		0.336869349085	0.951308830913
0.09171875		0.33660197896	0.951120011966
0.09203125		0.336334467782	0.950930980796
0.09234375		0.336066815348	0.950741736922
0.09265625		0.335799021453	0.950552279864
0.09296875		0.335531085892	0.950362609139
0.09328125		0.335263008459	0.950172724263
0.09359375		0.334994788948	0.949982624748
0.09390625		0.334726427151	0.949792310108
0.09421875		0.334457922861	0.949601779852
0.09453125		0.33418927587	0.949411033489
0.09484375		0.333920485969	0.949220070525
0.09515625		0.333651552948	0.949028890466
0.09546875		0.333382476598	0.948837492815
0.09578125		0.333113256709	0.948645877073
0.09609375		0.332843893068	0.94845404274
0.09640625		0.332574385464	0.948261989315
0.09671875		0.332304733685	0.948069716292
0.09703125		0.332034937517	0.947877223166
0.09734375		0.331764996747	0.94768450943
0.09765625		0.33149491116	0.947491574575
0.09796875		0.331224680542	0.947298418089
0.09828125		0.330954304677	0.947105039458
0.09859375		0.330683783349	0.946911438169
0.09890625		0.33041311634	0.946717613704
0.09921875		0.330142303434	0.946523565545
0.09953125		0.329871344413	0.946329293172
0.09984375		0.329600239057	0.946134796061
0.10015625		0.329328987147	0.945940073688
0.10046875		0.329057588464	0.945745125527
0.10078125		0.328786042786	0.945549951051
0.10109375		0.328514349892	0.945354549728
0.10140625		0.32824250956	0.945158921028
0.10171875		0.327970521568	0.944963064415
0.10203125		0.327698385692	0.944766979354
0.10234375		0.327426101708	0.944570665307
0.10265625		0.327153669392	0.944374121735
0.10296875		0.326881088517	0.944177348094
0.10328125		0.326608358859	0.943980343842
0.10359375		0.32633548019	0.943783108433
0.10390625		0.326062452284	0.943585641318
0.10421875		0.325789274911	0.943387941948
0.10453125		0.325515947844	0.94319000977
0.10484375		0.325242470852	0.942991844231
0.10515625		0.324968843707	0.942793444774
0.10546875		0.324695066176	0.942594810842
0.10578125		0.324421138029	0.942395941875
0.10609375		0.324147059033	0.942196837309
0.10640625		0.323872828956	0.94199749658
0.10671875		0.323598447563	0.941797919122
0.10703125		0.323323914621	0.941598104367
0.10734375		0.323049229894	0.941398051742
0.10765625		0.322774393147	0.941197760677
0.10796875		0.322499404143	0.940997230594
0.10828125		0.322224262645	0.940796460918
0.10859375		0.321948968415	0.940595451068
0.10890625		0.321673521215	0.940394200464
0.10921875		0.321397920804	0.94019270852
0.10953125		0.321122166944	0.939990974652
0.10984375		0.320846259392	0.939788998271
0.11015625		0.320570197909	0.939586778786
0.11046875		0.32029398225	0.939384315605
0.11078125		0.320017612173	0.939181608132
0.11109375		0.319741087435	0.938978655771
0.11140625		0.31946440779	0.938775457921
0.11171875		0.319187572993	0.938572013981
0.11203125		0.318910582799	0.938368323348
0.11234375		0.31863343696	0.938164385413
0.11265625		0.318356135228	0.937960199569
0.11296875		0.318078677356	0.937755765205
0.11328125		0.317801063094	0.937551081706
0.11359375		0.317523292191	0.937346148458
0.11390625		0.317245364398	0.937140964841
0.11421875		0.316967279463	0.936935530236
0.11453125		0.316689037133	0.936729844019
0.11484375		0.316410637155	0.936523905564
0.11515625		0.316132079276	0.936317714245
0.11546875		0.31585336324	0.93611126943
0.11578125		0.315574488792	0.935904570486
0.11609375		0.315295455676	0.93569761678
0.11640625		0.315016263634	0.935490407672
0.11671875		0.314736912409	0.935282942523
0.11703125		0.314457401742	0.93507522069
0.11734375		0.314177731373	0.934867241528
0.11765625		0.313897901042	0.934659004389
0.11796875		0.313617910487	0.934450508622
0.11828125		0.313337759446	0.934241753576
0.11859375		0.313057447657	0.934032738593
0.11890625		0.312776974856	0.933823463017
0.11921875		0.312496340777	0.933613926187
0.11953125		0.312215545156	0.93340412744
0.11984375		0.311934587727	0.933194066109
0.12015625		0.311653468221	0.932983741526
0.12046875		0.311372186371	0.93277315302
0.12078125		0.311090741908	0.932562299917
0.12109375		0.310809134562	0.932351181541
0.12140625		0.310527364063	0.932139797213
0.12171875		0.310245430139	0.931928146249
0.12203125		0.309963332518	0.931716227967
0.12234375		0.309681070925	0.931504041678
0.12265625		0.309398645088	0.931291586692
0.12296875		0.309116054731	0.931078862316
0.12328125		0.308833299577	0.930865867855
0.12359375		0.308550379351	0.93065260261
0.12390625		0.308267293774	0.930439065879
0.12421875		0.307984042567	0.930225256959
0.12453125		0.307700625452	0.930011175142
0.12484375		0.307417042146	0.929796819719
0.12515625		0.30713329237	0.929582189976
0.12546875		0.30684937584	0.929367285198
0.12578125		0.306565292273	0.929152104666
0.12609375		0.306281041384	0.928936647659
0.12640625		0.30599662289	0.928720913453
0.12671875		0.305712036502	0.928504901319
0.12703125		0.305427281935	0.928288610527
0.12734375		0.3051423589	0.928072040345
0.12765625		0.304857267108	0.927855190035
0.12796875		0.30457200627	0.927638058858
0.12828125		0.304286576093	0.927420646071
0.12859375		0.304000976286	0.92720295093
0.12890625		0.303715206557	0.926984972684
0.12921875		0.303429266611	0.926766710583
0.12953125		0.303143156154	0.926548163872
0.12984375		0.302856874888	0.926329331792
0.13015625		0.302570422519	0.926110213583
0.13046875		0.302283798747	0.92589080848
0.13078125		0.301997003274	0.925671115715
0.13109375		0.301710035799	0.925451134518
0.13140625		0.301422896023	0.925230864115
0.13171875		0.301135583642	0.925010303728
0.13203125		0.300848098354	0.924789452578
0.13234375		0.300560439856	0.92456830988
0.13265625		0.30027260784	0.924346874848
0.13296875		0.299984602003	0.924125146691
0.13328125		0.299696422036	0.923903124616
0.13359375		0.299408067631	0.923680807825
0.13390625		0.299119538479	0.923458195518
0.13421875		0.29883083427	0.923235286891
0.13453125		0.298541954692	0.923012081137
0.13484375		0.298252899432	0.922788577446
0.13515625		0.297963668178	0.922564775003
0.13546875		0.297674260614	0.92234067299
0.13578125		0.297384676425	0.922116270588
0.13609375		0.297094915293	0.92189156697
0.13640625		0.296804976902	0.92166656131
0.13671875		0.296514860931	0.921441252775
0.13703125		0.296224567061	0.921215640531
0.13734375		0.29593409497	0.920989723737
0.13765625		0.295643444337	0.920763501553
0.13796875		0.295352614836	0.920536973132
0.13828125		0.295061606144	0.920310137624
0.13859375		0.294770417935	0.920082994175
0.13890625		0.294479049882	0.91985554193
0.13921875		0.294187501657	0.919627780026
0.13953125		0.293895772929	0.9193997076
0.13984375		0.29360386337	0.919171323782
0.14015625		0.293311772648	0.918942627702
0.14046875		0.293019500428	0.918713618482
0.14078125		0.292727046378	0.918484295244
0.14109375		0.292434410163	0.918254657103
0.14140625		0.292141591445	0.918024703172
0.14171875		0.291848589888	0.917794432561
0.14203125		0.291555405152	0.917563844372
0.14234375		0.291262036898	0.917332937707
0.14265625		0.290968484784	0.917101711664
0.14296875		0.290674748468	0.916870165334
0.14328125		0.290380827606	0.916638297806
0.14359375		0.290086721854	0.916406108166
0.14390625		0.289792430864	0.916173595493
0.14421875		0.28949795429	0.915940758864
0.14453125		0.289203291783	0.915707597352
0.14484375		0.288908442993	0.915474110025
0.14515625		0.288613407568	0.915240295947
0.14546875		0.288318185157	0.915006154178
0.14578125		0.288022775405	0.914771683773
0.14609375		0.287727177958	0.914536883784
0.14640625		0.287431392458	0.914301753259
0.14671875		0.287135418549	0.91406629124
0.14703125		0.286839255871	0.913830496765
0.14734375		0.286542904063	0.91359436887
0.14765625		0.286246362765	0.913357906583
0.14796875		0.285949631613	0.91312110893
0.14828125		0.285652710243	0.912883974933
0.14859375		0.28535559829	0.912646503607
0.14890625		0.285058295385	0.912408693965
0.14921875		0.284760801161	0.912170545014
0.14953125		0.284463115248	0.911932055757
0.14984375		0.284165237275	0.911693225193
0.15015625		0.283867166869	0.911454052316
0.15046875		0.283568903657	0.911214536115
0.15078125		0.283270447262	0.910974675574
0.15109375		0.282971797309	0.910734469673
0.15140625		0.282672953419	0.910493917387
0.15171875		0.282373915212	0.910253017688
0.15203125		0.282074682307	0.910011769539
0.15234375		0.281775254323	0.909770171903
0.15265625		0.281475630875	0.909528223736
0.15296875		0.281175811577	0.909285923988
0.15328125		0.280875796044	0.909043271605
0.15359375		0.280575583886	0.90880026553
0.15390625		0.280275174714	0.908556904698
0.15421875		0.279974568136	0.90831318804
0.15453125		0.27967376376	0.908069114484
0.15484375		0.279372761192	0.907824682951
0.15515625		0.279071560036	0.907579892356
0.15546875		0.278770159894	0.907334741611
0.15578125		0.278468560368	0.907089229621
0.15609375		0.278166761057	0.906843355288
0.15640625		0.27786476156	0.906597117508
0.15671875		0.277562561472	0.90635051517
0.15703125		0.27726016039	0.906103547159
0.15734375		0.276957557905	0.905856212356
0.15765625		0.276654753611	0.905608509634
0.15796875		0.276351747098	0.905360437862
0.15828125		0.276048537953	0.905111995905
0.15859375		0.275745125765	0.90486318262
0.15890625		0.275441510118	0.90461399686
0.15921875		0.275137690596	0.904364437472
0.15953125		0.274833666781	0.904114503298
0.15984375		0.274529438255	0.903864193172
0.16015625		0.274225004595	0.903613505927
0.16046875		0.273920365379	0.903362440385
0.16078125		0.273615520183	0.903110995367
0.16109375		0.27331046858	0.902859169686
0.16140625		0.273005210143	0.902606962147
0.16171875		0.272699744441	0.902354371555
0.16203125		0.272394071044	0.902101396703
0.16234375		0.272088189519	0.901848036382
0.16265625		0.27178209943	0.901594289375
0.16296875		0.271475800342	0.901340154461
0.16328125		0.271169291817	0.901085630411
0.16359375		0.270862573413	0.900830715991
0.16390625		0.27055564469	0.90057540996
0.16421875		0.270248505204	0.900319711073
0.16453125		0.26994115451	0.900063618077
0.16484375		0.26963359216	0.899807129712
0.16515625		0.269325817706	0.899550244713
0.16546875		0.269017830697	0.89929296181
0.16578125		0.26870963068	0.899035279723
0.16609375		0.268401217201	0.89877719717
0.16640625		0.268092589804	0.898518712859
0.16671875		0.26778374803	0.898259825493
0.16703125		0.267474691419	0.898000533769
0.16734375		0.26716541951	0.897740836376
0.16765625		0.266855931838	0.897480731997
0.16796875		0.266546227938	0.89722021931
0.16828125		0.266236307343	0.896959296983
0.16859375		0.265926169582	0.896697963679
0.16890625		0.265615814184	0.896436218056
0.16921875		0.265305240675	0.896174058762
0.16953125		0.264994448581	0.89591148444
0.16984375		0.264683437424	0.895648493725
0.17015625		0.264372206723	0.895385085246
0.17046875		0.264060755999	0.895121257624
0.17078125		0.263749084767	0.894857009474
0.17109375		0.263437192541	0.894592339403
0.17140625		0.263125078835	0.894327246011
0.17171875		0.262812743159	0.894061727891
0.17203125		0.26250018502	0.893795783629
0.17234375		0.262187403926	0.893529411802
0.17265625		0.261874399381	0.893262610982
0.17296875		0.261561170886	0.892995379732
0.17328125		0.261247717941	0.892727716608
0.17359375		0.260934040045	0.892459620158
0.17390625		0.260620136693	0.892191088923
0.17421875		0.260306007379	0.891922121436
0.17453125		0.259991651594	0.891652716222
0.17484375		0.259677068826	0.891382871799
0.17515625		0.259362258564	0.891112586677
0.17546875		0.259047220291	0.890841859357
0.17578125		0.258731953491	0.890570688334
0.17609375		0.258416457644	0.890299072094
0.17640625		0.258100732227	0.890027009113
0.17671875		0.257784776717	0.889754497863
0.17703125		0.257468590587	0.889481536805
0.17734375		0.257152173308	0.889208124393
0.17765625		0.25683552435	0.88893425907
0.17796875		0.256518643178	0.888659939275
0.17828125		0.256201529257	0.888385163435
0.17859375		0.255884182049	0.888109929971
0.17890625		0.255566601013	0.887834237294
0.17921875		0.255248785607	0.887558083806
0.17953125		0.254930735285	0.887281467902
0.17984375		0.2546124495	0.887004387967
0.18015625		0.254293927701	0.886726842378
0.18046875		0.253975169336	0.886448829503
0.18078125		0.253656173851	0.886170347699
0.18109375		0.253336940686	0.885891395319
0.18140625		0.253017469283	0.885611970701
0.18171875		0.25269775908	0.885332072178
0.18203125		0.25237780951	0.885051698073
0.18234375		0.252057620007	0.884770846699
0.18265625		0.25173719	0.884489516359
0.18296875		0.251416518916	0.884207705348
0.18328125		0.251095606182	0.883925411952
0.18359375		0.250774451218	0.883642634446
0.18390625		0.250453053444	0.883359371096
0.18421875		0.250131412276	0.883075620158
0.18453125		0.249809527131	0.882791379879
0.18484375		0.249487397417	0.882506648496
0.18515625		0.249165022546	0.882221424235
0.18546875		0.248842401922	0.881935705313
0.18578125		0.248519534949	0.881649489938
0.18609375		0.248196421028	0.881362776306
0.18640625		0.247873059556	0.881075562603
0.18671875		0.24754944993	0.880787847005
0.18703125		0.24722559154	0.880499627679
0.18734375		0.246901483777	0.88021090278
0.18765625		0.246577126027	0.879921670453
0.18796875		0.246252517674	0.879631928831
0.18828125		0.245927658099	0.87934167604
0.18859375		0.245602546679	0.879050910191
0.18890625		0.245277182791	0.878759629386
0.18921875		0.244951565806	0.878467831717
0.18953125		0.244625695093	0.878175515263
0.18984375		0.244299570018	0.877882678094
0.19015625		0.243973189946	0.877589318267
0.19046875		0.243646554235	0.877295433829
0.19078125		0.243319662243	0.877001022815
0.19109375		0.242992513325	0.876706083248
0.19140625		0.242665106831	0.87641061314
0.19171875		0.242337442109	0.876114610492
0.19203125		0.242009518504	0.875818073293
0.19234375		0.241681335358	0.875520999519
0.19265625		0.241352892009	0.875223387135
0.19296875		0.241024187793	0.874925234094
0.19328125		0.240695222041	0.874626538337
0.19359375		0.240365994082	0.874327297793
0.19390625		0.240036503243	0.874027510377
0.19421875		0.239706748845	0.873727173994
0.19453125		0.239376730208	0.873426286535
0.19484375		0.239046446646	0.873124845878
0.19515625		0.238715897474	0.87282284989
0.19546875		0.238385081998	0.872520296424
0.19578125		0.238053999526	0.87221718332
0.19609375		0.23772264936	0.871913508405
0.19640625		0.237391030797	0.871609269493
0.19671875		0.237059143134	0.871304464386
0.19703125		0.236726985662	0.87099909087
0.19734375		0.236394557669	0.87069314672
0.19765625		0.23606185844	0.870386629696
0.19796875		0.235728887257	0.870079537544
0.19828125		0.235395643397	0.869771867999
0.19859375		0.235062126133	0.869463618779
0.19890625		0.234728334737	0.869154787589
0.19921875		0.234394268474	0.868845372119
0.19953125		0.234059926609	0.868535370047
0.19984375		0.233725308399	0.868224779034
0.20015625		0.2333904131	0.867913596729
0.20046875		0.233055239965	0.867601820765
0.20078125		0.23271978824	0.867289448759
0.20109375		0.232384057171	0.866976478315
0.20140625		0.232048045996	0.866662907022
0.20171875		0.231711753954	0.866348732453
0.20203125		0.231375180275	0.866033952166
0.20234375		0.231038324188	0.865718563704
0.20265625		0.230701184918	0.865402564594
0.20296875		0.230363761685	0.865085952347
0.20328125		0.230026053706	0.864768724459
0.20359375		0.229688060192	0.86445087841
0.20390625		0.229349780353	0.864132411663
0.20421875		0.229011213392	0.863813321667
0.20453125		0.228672358509	0.863493605852
0.20484375		0.2283332149	0.863173261633
0.20515625		0.227993781757	0.862852286408
0.20546875		0.227654058266	0.862530677558
0.20578125		0.227314043611	0.862208432448
0.20609375		0.226973736971	0.861885548425
0.20640625		0.226633137519	0.861562022819
0.20671875		0.226292244426	0.861237852943
0.20703125		0.225951056857	0.860913036092
0.20734375		0.225609573974	0.860587569543
0.20765625		0.225267794932	0.860261450557
0.20796875		0.224925718884	0.859934676374
0.20828125		0.224583344978	0.859607244219
0.20859375		0.224240672356	0.859279151297
0.20890625		0.223897700157	0.858950394794
0.20921875		0.223554427513	0.858620971878
0.20953125		0.223210853555	0.858290879699
0.20984375		0.222866977407	0.857960115387
0.21015625		0.222522798187	0.857628676054
0.21046875		0.22217831501	0.85729655879
0.21078125		0.221833526987	0.856963760669
0.21109375		0.221488433222	0.856630278743
0.21140625		0.221143032814	0.856296110044
0.21171875		0.22079732486	0.855961251586
0.21203125		0.220451308448	0.855625700361
0.21234375		0.220104982664	0.855289453341
0.21265625		0.219758346588	0.854952507477
0.21296875		0.219411399294	0.854614859701
0.21328125		0.219064139852	0.854276506922
0.21359375		0.218716567327	0.853937446028
0.21390625		0.218368680777	0.853597673887
0.21421875		0.218020479256	0.853257187344
0.21453125		0.217671961812	0.852915983223
0.21484375		0.21732312749	0.852574058326
0.21515625		0.216973975326	0.852231409433
0.21546875		0.216624504352	0.8518880333
0.21578125		0.216274713596	0.851543926664
0.21609375		0.215924602079	0.851199086234
0.21640625		0.215574168815	0.8508535087
0.21671875		0.215223412815	0.850507190728
0.21703125		0.214872333084	0.85016012896
0.21734375		0.214520928619	0.849812320014
0.21765625		0.214169198414	0.849463760485
0.21796875		0.213817141454	0.849114446942
0.21828125		0.213464756722	0.848764375932
0.21859375		0.213112043192	0.848413543976
0.21890625		0.212758999832	0.84806194757
0.21921875		0.212405625607	0.847709583186
0.21953125		0.212051919473	0.847356447269
0.21984375		0.211697880381	0.84700253624
0.22015625		0.211343507275	0.846647846494
0.22046875		0.210988799094	0.846292374398
0.22078125		0.21063375477	0.845936116295
0.22109375		0.210278373228	0.8455790685
0.22140625		0.209922653387	0.845221227302
0.22171875		0.209566594162	0.844862588962
0.22203125		0.209210194457	0.844503149715
0.22234375		0.208853453173	0.844142905765
0.22265625		0.208496369203	0.843781853293
0.22296875		0.208138941433	0.843419988447
0.22328125		0.207781168743	0.843057307349
0.22359375		0.207423050006	0.842693806093
0.22390625		0.207064584088	0.842329480741
0.22421875		0.206705769848	0.841964327328
0.22453125		0.206346606138	0.841598341859
0.22484375		0.205987091803	0.841231520307
0.22515625		0.205627225682	0.840863858618
0.22546875		0.205267006605	0.840495352704
0.22578125		0.204906433395	0.840125998449
0.22609375		0.20454550487	0.839755791703
0.22640625		0.204184219837	0.839384728288
0.22671875		0.203822577099	0.83901280399
0.22703125		0.203460575449	0.838640014565
0.22734375		0.203098213674	0.838266355737
0.22765625		0.202735490554	0.837891823196
0.22796875		0.202372404858	0.837516412599
0.22828125		0.20200895535	0.837140119569
0.22859375		0.201645140786	0.836762939696
0.22890625		0.201280959914	0.836384868535
0.22921875		0.200916411472	0.836005901606
0.22953125		0.200551494194	0.835626034396
0.22984375		0.200186206801	0.835245262354
0.23015625		0.19982054801	0.834863580894
0.23046875		0.199454516527	0.834480985394
0.23078125		0.199088111052	0.834097471197
0.23109375		0.198721330273	0.833713033607
0.23140625		0.198354172873	0.833327667891
0.23171875		0.197986637525	0.832941369279
0.23203125		0.197618722893	0.832554132962
0.23234375		0.197250427634	0.832165954093
0.23265625		0.196881750393	0.831776827786
0.23296875		0.196512689808	0.831386749116
0.23328125		0.196143244509	0.830995713117
0.23359375		0.195773413116	0.830603714783
0.23390625		0.195403194238	0.830210749068
0.23421875		0.195032586478	0.829816810885
0.23453125		0.194661588427	0.829421895104
0.23484375		0.194290198667	0.829025996554
0.23515625		0.193918415773	0.828629110021
0.23546875		0.193546238306	0.828231230249
0.23578125		0.193173664821	0.827832351937
0.23609375		0.192800693863	0.82743246974
0.23640625		0.192427323963	0.827031578271
0.23671875		0.192053553647	0.826629672094
0.23703125		0.191679381429	0.82622674573
0.23734375		0.191304805811	0.825822793655
0.23765625		0.190929825288	0.825417810295
0.23796875		0.190554438342	0.825011790032
0.23828125		0.190178643445	0.8246047272
0.23859375		0.18980243906	0.824196616083
0.23890625		0.189425823636	0.823787450917
0.23921875		0.189048795616	0.82337722589
0.23953125		0.188671353426	0.822965935138
0.23984375		0.188293495487	0.822553572749
0.24015625		0.187915220205	0.822140132758
0.24046875		0.187536525975	0.82172560915
0.24078125		0.187157411183	0.821309995855
0.24109375		0.1867778742	0.820893286753
0.24140625		0.186397913389	0.82047547567
0.24171875		0.186017527098	0.820056556376
0.24203125		0.185636713666	0.819636522587
0.24234375		0.185255471417	0.819215367967
0.24265625		0.184873798666	0.818793086118
0.24296875		0.184491693713	0.818369670589
0.24328125		0.184109154848	0.817945114872
0.24359375		0.183726180347	0.817519412398
0.24390625		0.183342768474	0.817092556542
0.24421875		0.18295891748	0.816664540618
0.24453125		0.182574625602	0.81623535788
0.24484375		0.182189891067	0.81580500152
0.24515625		0.181804712085	0.81537346467
0.24546875		0.181419086856	0.814940740398
0.24578125		0.181033013564	0.81450682171
0.24609375		0.180646490382	0.814071701546
0.24640625		0.180259515467	0.813635372784
0.24671875		0.179872086962	0.813197828233
0.24703125		0.179484202999	0.812759060638
0.24734375		0.179095861691	0.812319062676
0.24765625		0.178707061142	0.811877826954
0.24796875		0.178317799436	0.811435346012
0.24828125		0.177928074648	0.81099161232
0.24859375		0.177537884833	0.810546618276
0.24890625		0.177147228034	0.810100356207
0.24921875		0.176756102279	0.809652818367
0.24953125		0.176364505579	0.809203996937
0.24984375		0.17597243593	0.808753884023
0.25015625		0.175579891313	0.808302471654
0.25046875		0.175186869693	0.807849751786
0.25078125		0.174793369018	0.807395716294
0.25109375		0.174399387221	0.806940356977
0.25140625		0.174004922219	0.806483665552
0.25171875		0.173609971909	0.806025633659
0.25203125		0.173214534176	0.805566252852
0.25234375		0.172818606886	0.805105514605
0.25265625		0.172422187885	0.804643410308
0.25296875		0.172025275007	0.804179931265
0.25328125		0.171627866064	0.803715068695
0.25359375		0.171229958853	0.80324881373
0.25390625		0.170831551152	0.802781157411
0.25421875		0.170432640719	0.802312090692
0.25453125		0.170033225297	0.801841604435
0.25484375		0.169633302608	0.801369689412
0.25515625		0.169232870356	0.800896336297
0.25546875		0.168831926226	0.800421535674
0.25578125		0.168430467884	0.799945278029
0.25609375		0.168028492975	0.799467553751
0.25640625		0.167625999125	0.79898835313
0.25671875		0.167222983942	0.798507666357
0.25703125		0.16681944501	0.798025483521
0.25734375		0.166415379896	0.797541794607
0.25765625		0.166010786144	0.797056589498
0.25796875		0.165605661278	0.796569857971
0.25828125		0.165200002801	0.796081589692
0.25859375		0.164793808193	0.795591774224
0.25890625		0.164387074914	0.795100401016
0.25921875		0.163979800401	0.794607459406
0.25953125		0.163571982069	0.794112938617
0.25984375		0.163163617309	0.793616827761
0.26015625		0.162754703493	0.793119115827
0.26046875		0.162345237965	0.792619791692
0.26078125		0.161935218049	0.792118844107
0.26109375		0.161524641043	0.791616261705
0.26140625		0.161113504223	0.791112032994
0.26171875		0.160701804839	0.790606146354
0.26203125		0.160289540116	0.790098590042
0.26234375		0.159876707257	0.789589352181
0.26265625		0.159463303435	0.789078420766
0.26296875		0.159049325801	0.788565783657
0.26328125		0.158634771479	0.788051428578
0.26359375		0.158219637566	0.787535343117
0.26390625		0.157803921134	0.787017514723
0.26421875		0.157387619225	0.7864979307
0.26453125		0.156970728856	0.785976578213
0.26484375		0.156553247016	0.785453444277
0.26515625		0.156135170665	0.78492851576
0.26546875		0.155716496735	0.784401779381
0.26578125		0.155297222129	0.783873221703
0.26609375		0.154877343721	0.783342829137
0.26640625		0.154456858355	0.782810587933
0.26671875		0.154035762844	0.782276484184
0.26703125		0.153614053973	0.781740503816
0.26734375		0.153191728494	0.781202632595
0.26765625		0.152768783127	0.780662856114
0.26796875		0.152345214563	0.780121159799
0.26828125		0.151921019458	0.779577528899
0.26859375		0.151496194436	0.77903194849
0.26890625		0.15107073609	0.778484403468
0.26921875		0.150644640976	0.777934878545
0.26953125		0.150217905618	0.777383358249
0.26984375		0.149790526506	0.776829826922
0.27015625		0.149362500093	0.776274268713
0.27046875		0.148933822797	0.775716667575
0.27078125		0.148504491001	0.775157007267
0.27109375		0.14807450105	0.774595271344
0.27140625		0.147643849253	0.774031443158
0.27171875		0.14721253188	0.773465505853
0.27203125		0.146780545165	0.772897442363
0.27234375		0.1463478853	0.772327235404
0.27265625		0.145914548441	0.771754867478
0.27296875		0.145480530701	0.77118032086
0.27328125		0.145045828155	0.770603577601
0.27359375		0.144610436834	0.770024619524
0.27390625		0.144174352731	0.769443428214
0.27421875		0.143737571793	0.76885998502
0.27453125		0.143300089925	0.768274271048
0.27484375		0.14286190299	0.767686267159
0.27515625		0.142423006804	0.76709595396
0.27546875		0.14198339714	0.766503311805
0.27578125		0.141543069724	0.765908320788
0.27609375		0.141102020236	0.765310960735
0.27640625		0.140660244307	0.764711211207
0.27671875		0.140217737524	0.764109051487
0.27703125		0.139774495422	0.76350446058
0.27734375		0.139330513487	0.762897417206
0.27765625		0.138885787155	0.762287899797
0.27796875		0.138440311811	0.761675886487
0.27828125		0.137994082789	0.761061355111
0.27859375		0.137547095368	0.760444283198
0.27890625		0.137099344775	0.759824647962
0.27921875		0.136650826183	0.759202426304
0.27953125		0.136201534708	0.758577594797
0.27984375		0.135751465411	0.757950129685
0.28015625		0.135300613294	0.757320006876
0.28046875		0.134848973304	0.756687201935
0.28078125		0.134396540325	0.756051690077
0.28109375		0.133943309183	0.75541344616
0.28140625		0.133489274644	0.754772444679
0.28171875		0.133034431408	0.75412865976
0.28203125		0.132578774116	0.753482065149
0.28234375		0.132122297342	0.752832634208
0.28265625		0.131664995594	0.752180339906
0.28296875		0.131206863316	0.751525154809
0.28328125		0.130747894881	0.750867051076
0.28359375		0.130288084597	0.750206000449
0.28390625		0.129827426697	0.749541974242
0.28421875		0.129365915347	0.748874943337
0.28453125		0.128903544638	0.748204878171
0.28484375		0.128440308586	0.747531748728
0.28515625		0.127976201134	0.746855524531
0.28546875		0.127511216148	0.746176174629
0.28578125		0.127045347414	0.745493667593
0.28609375		0.126578588639	0.744807971499
0.28640625		0.126110933451	0.744119053921
0.28671875		0.125642375394	0.74342688192
0.28703125		0.125172907926	0.742731422034
0.28734375		0.124702524424	0.742032640264
0.28765625		0.124231218174	0.741330502063
0.28796875		0.123758982374	0.740624972327
0.28828125		0.123285810132	0.739916015378
0.28859375		0.122811694463	0.739203594957
0.28890625		0.122336628288	0.738487674204
0.28921875		0.121860604434	0.73776821565
0.28953125		0.121383615626	0.737045181203
0.28984375		0.120905654494	0.73631853213
0.29015625		0.120426713563	0.735588229046
0.29046875		0.119946785255	0.734854231899
0.29078125		0.119465861888	0.73411649995
0.29109375		0.118983935669	0.733374991765
0.29140625		0.118500998698	0.73262966519
0.29171875		0.118017042962	0.731880477342
0.29203125		0.117532060331	0.731127384585
0.29234375		0.11704604256	0.730370342518
0.29265625		0.116558981286	0.729609305951
0.29296875		0.116070868021	0.728844228891
0.29328125		0.115581694155	0.728075064519
0.29359375		0.115091450949	0.727301765173
0.29390625		0.114600129536	0.726524282322
0.29421875		0.114107720916	0.725742566551
0.29453125		0.113614215953	0.724956567535
0.29484375		0.113119605372	0.724166234018
0.29515625		0.112623879759	0.723371513788
0.29546875		0.112127029555	0.722572353651
0.29578125		0.11162904505	0.721768699413
0.29609375		0.111129916388	0.720960495847
0.29640625		0.110629633556	0.720147686669
0.29671875		0.110128186384	0.719330214509
0.29703125		0.109625564539	0.718508020888
0.29734375		0.109121757526	0.717681046179
0.29765625		0.108616754678	0.716849229587
0.29796875		0.108110545158	0.716012509109
0.29828125		0.107603117951	0.715170821507
0.29859375		0.107094461862	0.714324102272
0.29890625		0.106584565508	0.713472285589
0.29921875		0.10607341732	0.712615304302
0.29953125		0.105561005532	0.711753089878
0.29984375		0.105047318182	0.710885572365
0.30015625		0.104532343103	0.710012680355
0.30046875		0.104016067918	0.70913434094
0.30078125		0.103498480037	0.708250479673
0.30109375		0.102979566653	0.70736102052
0.30140625		0.102459314732	0.706465885816
0.30171875		0.101937711011	0.705564996216
0.30203125		0.101414741989	0.704658270646
0.30234375		0.100890393924	0.703745626253
0.30265625		0.100364652827	0.70282697835
0.30296875		0.0998375044515	0.701902240359
0.30328125		0.0993089342912	0.70097132376
0.30359375		0.0987789275704	0.700034138023
0.30390625		0.0982474692379	0.699090590552
0.30421875		0.0977145439595	0.698140586619
0.30453125		0.09718013611	0.697184029296
0.30484375		0.0966442297656	0.696220819386
0.30515625		0.0961068086957	0.695250855352
0.30546875		0.0955678563539	0.694274033238
0.30578125		0.0950273558697	0.693290246595
0.30609375		0.0944852900391	0.692299386397
0.30640625		0.093941641315	0.691301340956
0.30671875		0.0933963917976	0.690295995831
0.30703125		0.0928495232241	0.689283233741
0.30734375		0.0923010169578	0.688262934465
0.30765625		0.0917508539775	0.687234974742
0.30796875		0.0911990148659	0.686199228165
0.30828125		0.0906454797976	0.685155565075
0.30859375		0.0900902285268	0.684103852444
0.30890625		0.0895332403746	0.683043953754
0.30921875		0.0889744942153	0.681975728876
0.30953125		0.0884139684628	0.680899033938
0.30984375		0.0878516410562	0.679813721187
0.31015625		0.0872874894443	0.678719638848
0.31046875		0.0867214905704	0.677616630973
0.31078125		0.0861536208554	0.676504537286
0.31109375		0.0855838561815	0.675383193019
0.31140625		0.0850121718736	0.674252428736
0.31171875		0.0844385426813	0.67311207016
0.31203125		0.0838629427594	0.671961937975
0.31234375		0.0832853456476	0.670801847636
0.31265625		0.0827057242495	0.669631609153
0.31296875		0.0821240508104	0.668451026876
0.31328125		0.0815402968945	0.667259899264
0.31359375		0.0809544333605	0.666058018641
0.31390625		0.0803664303364	0.664845170943
0.31421875		0.0797762571931	0.663621135446
0.31453125		0.0791838825167	0.662385684488
0.31484375		0.0785892740797	0.661138583165
0.31515625		0.0779923988101	0.65987958902
0.31546875		0.0773932227598	0.658608451711
0.31578125		0.0767917110711	0.657324912657
0.31609375		0.0761878279413	0.656028704669
0.31640625		0.0755815365861	0.654719551562
0.31671875		0.0749727992001	0.653397167732
0.31703125		0.0743615769165	0.652061257724
0.31734375		0.0737478297637	0.650711515765
0.31765625		0.0731315166202	0.649347625269
0.31796875		0.0725125951663	0.647969258315
0.31828125		0.0718910218344	0.646576075091
0.31859375		0.0712667517552	0.645167723305
0.31890625		0.0706397387018	0.643743837557
0.31921875		0.0700099350302	0.642304038669
0.31953125		0.0693772916168	0.640847932975
0.31984375		0.0687417577914	0.639375111563
0.32015625		0.0681032812674	0.637885149464
0.32046875		0.067461808067	0.636377604793
0.32078125		0.066817282442	0.63485201782
0.32109375		0.06616964679	0.633307909983
0.32140625		0.065518841565	0.631744782835
0.32171875		0.0648648051828	0.630162116908
0.32203125		0.0642074739198	0.628559370494
0.32234375		0.0635467818055	0.626935978344
0.32265625		0.062882660508	0.625291350263
0.32296875		0.0622150392115	0.623624869595
0.32328125		0.0615438444854	0.621935891601
0.32359375		0.0608690001453	0.620223741697
0.32390625		0.0601904271022	0.618487713561
0.32421875		0.0595080432033	0.616727067081
0.32453125		0.0588217630593	0.614941026131
0.32484375		0.05813149786	0.613128776168
0.32515625		0.0574371551756	0.611289461613
0.32546875		0.0567386387428	0.609422183013
0.32578125		0.0560358482346	0.607525993941
0.32609375		0.0553286790112	0.605599897629
0.32640625		0.0546170218515	0.603642843274
0.32671875		0.0539007626617	0.601653722014
0.32703125		0.0531797821604	0.599631362505
0.32734375		0.0524539555361	0.597574526074
0.32765625		0.0517231520747	0.595481901388
0.32796875		0.0509872347549	0.593352098577
0.32828125		0.0502460598058	0.591183642745
0.32859375		0.0494994762237	0.588974966804
0.32890625		0.0487473252438	0.586724403512
0.32921875		0.0479894397604	0.584430176643
0.32953125		0.0472256436893	0.582090391144
0.32984375		0.0464557512664	0.579703022152
0.33015625		0.0456795662735	0.577265902702
0.33046875		0.0448968811816	0.574776709929
0.33078125		0.0441074762018	0.572232949554
0.33109375		0.0433111182299	0.569631938361
0.33140625		0.0425075596703	0.56697078437
0.33171875		0.0416965371228	0.56424636432
0.33203125		0.0408777699099	0.561455298005
0.33234375		0.0400509584225	0.558593918928
0.33265625		0.0392157822539	0.555658240612
0.33296875		0.0383718980898	0.552643917769
0.33328125		0.0375189373111	0.54954620135
0.33359375		0.036656503264	0.546359886287
0.33390625		0.0357841681343	0.543079250434
0.33421875		0.0349014693573	0.539697982861
0.33453125		0.0340079054737	0.536209099197
0.33484375		0.0331029313222	0.532604841074
0.33515625		0.0321859524361	0.528876555963
0.33546875		0.0312563184743	0.525014552582
0.33578125		0.0303133154756	0.521007925665
0.33609375		0.0293561566671	0.51684434191
0.33640625		0.0283839714827	0.512509776283
0.33671875		0.0273957923457	0.507988184131
0.33703125		0.0263905386318	0.50326108934
0.33734375		0.025366997045	0.498307061267
0.33765625		0.0243237973707	0.493101042239
0.33796875		0.0232593822115	0.487613471134
0.33828125		0.0221719687771	0.481809123898
0.33859375		0.0210595000368	0.47564555343
0.33890625		0.0199195814013	0.469070950074
0.33921875		0.0187493973715	0.46202114332
0.33953125		0.017545599902	0.454415294269
0.33984375		0.0163041559411	0.446149526175
0.34015625		0.0150201345451	0.437087181484
0.34046875		0.0136874019142	0.427043303329
0.34078125		0.0122981711167	0.41575866888
0.34109375		0.0108423118662	0.402853574971
0.34140625		0.00930623552355	0.387738706321
0.34171875		0.00767091040197	0.369422873923
0.34203125		0.00590724284162	0.346017082869
0.34234375		0.00411347678604	0.316021433823
0.34265625		0.00247952683979	0.278373165759
0.34296875		0.00118847506119	0.231518052861
0.34328125		0.000363708224583	0.172068630076
0.34359375		5.2177139121e-06	0.0589116973927
0.34390625		4.47356457697e-09	0.0102006527178
0.34421875		4.11317517898e-09	0.01000001297
0.34453125		4.11315252501e-09	0.0100000000007
0.34484375		4.11315252376e-09	0.01
0.34515625		4.11315252376e-09	0.01
0.34546875		4.11315252376e-09	0.01
0.34578125		4.11315252376e-09	0.01
0.34609375		4.11315252376e-09	0.01
0.34640625		4.11315252376e-09	0.01
0.34671875		4.11315252376e-09	0.01
0.34703125		4.11315252376e-09	0.01
0.34734375		4.11315252376e-09	0.01
0.34765625		4.11315252376e-09	0.01
0.34796875		4.11315252376e-09	0.01
0.34828125		4.11315252376e-09	0.01
0.34859375		4.11315252376e-09	0.01
0.34890625		4.11315252376e-09	0.01
0.34921875		4.11315252376e-09	0.01
0.34953125		4.11315252376e-09	0.01
0.34984375		4.11315252376e-09	0.01
0.35015625		4.11315252376e-09	0.01
0.35046875		4.11315252376e-09	0.01
0.35078125		4.11315252376e-09	0.01
0.35109375		4.11315252376e-09	0.01
0.35140625		4.11315252376e-09	0.01
0.35171875		4.11315252376e-09	0.01
0.35203125		4.11315252376e-09	0.01
0.35234375		4.11315252376e-09	0.01
0.35265625		4.11315252376e-09	0.01
0.35296875		4.11315252376e-09	0.01
0.35328125		4.11315252376e-09	0.01
0.35359375		4.11315252376e-09	0.01
0.35390625		4.11315252376e-09	0.01
0.35421875		4.11315252376e-09	0.01
0.35453125		4.11315252376e-09	0.01
0.35484375		4.11315252376e-09	0.01
0.35515625		4.11315252376e-09	0.01
0.35546875		4.11315252376e-09	0.01
0.35578125		4.11315252376e-09	0.01
0.35609375		4.11315252376e-09	0.01
0.35640625		4.11315252376e-09	0.01
0.35671875		4.11315252376e-09	0.01
0.35703125		4.11315252376e-09	0.01
0.35734375		4.11315252376e-09	0.01
0.35765625		4.11315252376e-09	0.01
0.35796875		4.11315252376e-09	0.01
0.35828125		4.11315252376e-09	0.01
0.35859375		4.11315252376e-09	0.01
0.35890625		4.11315252376e-09	0.01
0.35921875		4.11315252376e-09	0.01
0.35953125		4.11315252376e-09	0.01
0.35984375		4.11315252376e-09	0.01
0.36015625		4.11315252376e-09	0.01
0.36046875		4.11315252376e-09	0.01
0.36078125		4.11315252376e-09	0.01
0.36109375		4.11315252376e-09	0.01
0.36140625		4.11315252376e-09	0.01
0.36171875		4.11315252376e-09	0.01
0.36203125		4.11315252376e-09	0.01
0.36234375		4.11315252376e-09	0.01
0.36265625		4.11315252376e-09	0.01
0.36296875		4.11315252376e-09	0.01
0.36328125		4.11315252376e-09	0.01
0.36359375		4.11315252376e-09	0.01
0.36390625		4.11315252376e-09	0.01
0.36421875		4.11315252376e-09	0.01
0.36453125		4.11315252376e-09	0.01
0.36484375		4.11315252376e-09	0.01
0.36515625		4.11315252376e-09	0.01
0.36546875		4.11315252376e-09	0.01
0.36578125		4.11315252376e-09	0.01
0.36609375		4.11315252376e-09	0.01
0.36640625		4.11315252376e-09	0.01
0.36671875		4.11315252376e-09	0.01
0.36703125		4.11315252376e-09	0.01
0.36734375		4.11315252376e-09	0.01
0.36765625		4.11315252376e-09	0.01
0.36796875		4.11315252376e-09	0.01
0.36828125		4.11315252376e-09	0.01
0.36859375		4.11315252376e-09	0.01
0.36890625		4.11315252376e-09	0.01
0.36921875		4.11315252376e-09	0.01
0.36953125		4.11315252376e-09	0.01
0.36984375		4.11315252376e-09	0.01
0.37015625		4.11315252376e-09	0.01
0.37046875		4.11315252376e-09	0.01
0.37078125		4.11315252376e-09	0.01
0.37109375		4.11315252376e-09	0.01
0.37140625		4.11315252376e-09	0.01
0.37171875		4.11315252376e-09	0.01
0.37203125		4.11315252376e-09	0.01
0.37234375		4.11315252376e-09	0.01
0.37265625		4.11315252376e-09	0.01
0.37296875		4.11315252376e-09	0.01
0.37328125		4.11315252376e-09	0.01
0.37359375		4.11315252376e-09	0.01
0.37390625		4.11315252376e-09	0.01
0.37421875		4.11315252376e-09	0.01
0.37453125		4.11315252376e-09	0.01
0.37484375		4.11315252376e-09	0.01
0.37515625		4.11315252376e-09	0.01
0.37546875		4.11315252376e-09	0.01
0.37578125		4.11315252376e-09	0.01
0.37609375		4.11315252376e-09	0.01
0.37640625		4.11315252376e-09	0.01
0.37671875		4.11315252376e-09	0.01
0.37703125		4.11315252376e-09	0.01
0.37734375		4.11315252376e-09	0.01
0.37765625		4.11315252376e-09	0.01
0.37796875		4.11315252376e-09	0.01
0.37828125		4.11315252376e-09	0.01
0.37859375		4.11315252376e-09	0.01
0.37890625		4.11315252376e-09	0.01
0.37921875		4.11315252376e-09	0.01
0.37953125		4.11315252376e-09	0.01
0.37984375		4.11315252376e-09	0.01
0.38015625		4.11315252376e-09	0.01
0.38046875		4.11315252376e-09	0.01
0.38078125		4.11315252376e-09	0.01
0.38109375		4.11315252376e-09	0.01
0.38140625		4.11315252376e-09	0.01
0.38171875		4.11315252376e-09	0.01
0.38203125		4.11315252376e-09	0.01
0.38234375		4.11315252376e-09	0.01
0.38265625		4.11315252376e-09	0.01
0.38296875		4.11315252376e-09	0.01
0.38328125		4.11315252376e-09	0.01
0.38359375		4.11315252376e-09	0.01
0.38390625		4.11315252376e-09	0.01
0.38421875		4.11315252376e-09	0.01
0.38453125		4.11315252376e-09	0.01
0.38484375		4.11315252376e-09	0.01
0.38515625		4.11315252376e-09	0.01
0.38546875		4.11315252376e-09	0.01
0.38578125		4.11315252376e-09	0.01
0.38609375		4.11315252376e-09	0.01
0.38640625		4.11315252376e-09	0.01
0.38671875		4.11315252376e-09	0.01
0.38703125		4.11315252376e-09	0.01
0.38734375		4.11315252376e-09	0.01
0.38765625		4.11315252376e-09	0.01
0.38796875		4.11315252376e-09	0.01
0.38828125		4.11315252376e-09	0.01
0.38859375		4.11315252376e-09	0.01
0.38890625		4.11315252376e-09	0.01
0.38921875		4.11315252376e-09	0.01
0.38953125		4.11315252376e-09	0.01
0.38984375		4.11315252376e-09	0.01
0.39015625		4.11315252376e-09	0.01
0.39046875		4.11315252376e-09	0.01
0.39078125		4.11315252376e-09	0.01
0.39109375		4.11315252376e-09	0.01
0.39140625		4.11315252376e-09	0.01
0.39171875		4.11315252376e-09	0.01
0.39203125		4.11315252376e-09	0.01
0.39234375		4.11315252376e-09	0.01
0.39265625		4.11315252376e-09	0.01
0.39296875		4.11315252376e-09	0.01
0.39328125		4.11315252376e-09	0.01
0.39359375		4.11315252376e-09	0.01
0.39390625		4.11315252376e-09	0.01
0.39421875		4.11315252376e-09	0.01
0.39453125		4.11315252376e-09	0.01
0.39484375		4.11315252376e-09	0.01
0.39515625		4.11315252376e-09	0.01
0.39546875		4.11315252376e-09	0.01
0.39578125		4.11315252376e-09	0.01
0.39609375		4.11315252376e-09	0.01
0.39640625		4.11315252376e-09	0.01
0.39671875		4.11315252376e-09	0.01
0.39703125		4.11315252376e-09	0.01
0.39734375		4.11315252376e-09	0.01
0.39765625		4.11315252376e-09	0.01
0.39796875		4.11315252376e-09	0.01
0.39828125		4.11315252376e-09	0.01
0.39859375		4.11315252376e-09	0.01
0.39890625		4.11315252376e-09	0.01
0.39921875		4.11315252376e-09	0.01
0.39953125		4.11315252376e-09	0.01
0.39984375		4.11315252376e-09	0.01
0.40015625		4.11315252376e-09	0.01
0.40046875		4.11315252376e-09	0.01
0.40078125		4.11315252376e-09	0.01
0.40109375		4.11315252376e-09	0.01
0.40140625		4.11315252376e-09	0.01
0.40171875		4.11315252376e-09	0.01
0.40203125		4.11315252376e-09	0.01
0.40234375		4.11315252376e-09	0.01
0.40265625		4.11315252376e-09	0.01
0.40296875		4.11315252376e-09	0.01
0.40328125		4.11315252376e-09	0.01
0.40359375		4.11315252376e-09	0.01
0.40390625		4.11315252376e-09	0.01
0.40421875		4.11315252376e-09	0.01
0.40453125		4.11315252376e-09	0.01
0.40484375		4.11315252376e-09	0.01
0.40515625		4.11315252376e-09	0.01
0.40546875		4.11315252376e-09	0.01
0.40578125		4.11315252376e-09	0.01
0.40609375		4.11315252376e-09	0.01
0.40640625		4.11315252376e-09	0.01
0.40671875		4.11315252376e-09	0.01
0.40703125		4.11315252376e-09	0.01
0.40734375		4.11315252376e-09	0.01
0.40765625		4.11315252376e-09	0.01
0.40796875		4.11315252376e-09	0.01
0.40828125		4.11315252376e-09	0.01
0.40859375		4.11315252376e-09	0.01
0.40890625		4.11315252376e-09	0.01
0.40921875		4.11315252376e-09	0.01
0.40953125		4.11315252376e-09	0.01
0.40984375		4.11315252376e-09	0.01
0.41015625		4.11315252376e-09	0.01
0.41046875		4.11315252376e-09	0.01
0.41078125		4.11315252376e-09	0.01
0.41109375		4.11315252376e-09	0.01
0.41140625		4.11315252376e-09	0.01
0.41171875		4.11315252376e-09	0.01
0.41203125		4.11315252376e-09	0.01
0.41234375		4.11315252376e-09	0.01
0.41265625		4.11315252376e-09	0.01
0.41296875		4.11315252376e-09	0.01
0.41328125		4.11315252376e-09	0.01
0.41359375		4.11315252376e-09	0.01
0.41390625		4.11315252376e-09	0.01
0.41421875		4.11315252376e-09	0.01
0.41453125		4.11315252376e-09	0.01
0.41484375		4.11315252376e-09	0.01
0.41515625		4.11315252376e-09	0.01
0.41546875		4.11315252376e-09	0.01
0.41578125		4.11315252376e-09	0.01
0.41609375		4.11315252376e-09	0.01
0.41640625		4.11315252376e-09	0.01
0.41671875		4.11315252376e-09	0.01
0.41703125		4.11315252376e-09	0.01
0.41734375		4.11315252376e-09	0.01
0.41765625		4.11315252376e-09	0.01
0.41796875		4.11315252376e-09	0.01
0.41828125		4.11315252376e-09	0.01
0.41859375		4.11315252376e-09	0.01
0.41890625		4.11315252376e-09	0.01
0.41921875		4.11315252376e-09	0.01
0.41953125		4.11315252376e-09	0.01
0.41984375		4.11315252376e-09	0.01
0.42015625		4.11315252376e-09	0.01
0.42046875		4.11315252376e-09	0.01
0.42078125		4.11315252376e-09	0.01
0.42109375		4.11315252376e-09	0.01
0.42140625		4.11315252376e-09	0.01
0.42171875		4.11315252376e-09	0.01
0.42203125		4.11315252376e-09	0.01
0.42234375		4.11315252376e-09	0.01
0.42265625		4.11315252376e-09	0.01
0.42296875		4.11315252376e-09	0.01
0.42328125		4.11315252376e-09	0.01
0.42359375		4.11315252376e-09	0.01
0.42390625		4.11315252376e-09	0.01
0.42421875		4.11315252376e-09	0.01
0.42453125		4.11315252376e-09	0.01
0.42484375		4.11315252376e-09	0.01
0.42515625		4.11315252376e-09	0.01
0.42546875		4.11315252376e-09	0.01
0.42578125		4.11315252376e-09	0.01
0.42609375		4.11315252376e-09	0.01
0.42640625		4.11315252376e-09	0.01
0.42671875		4.11315252376e-09	0.01
0.42703125		4.11315252376e-09	0.01
0.42734375		4.11315252376e-09	0.01
0.42765625		4.11315252376e-09	0.01
0.42796875		4.11315252376e-09	0.01
0.42828125		4.11315252376e-09	0.01
0.42859375		4.11315252376e-09	0.01
0.42890625		4.11315252376e-09	0.01
0.42921875		4.11315252376e-09	0.01
0.42953125		4.11315252376e-09	0.01
0.42984375		4.11315252376e-09	0.01
0.43015625		4.11315252376e-09	0.01
0.43046875		4.11315252376e-09	0.01
0.43078125		4.11315252376e-09	0.01
0.43109375		4.11315252376e-09	0.01
0.43140625		4.11315252376e-09	0.01
0.43171875		4.11315252376e-09	0.01
0.43203125		4.11315252376e-09	0.01
0.43234375		4.11315252376e-09	0.01
0.43265625		4.11315252376e-09	0.01
0.43296875		4.11315252376e-09	0.01
0.43328125		4.11315252376e-09	0.01
0.43359375		4.11315252376e-09	0.01
0.43390625		4.11315252376e-09	0.01
0.43421875		4.11315252376e-09	0.01
0.43453125		4.11315252376e-09	0.01
0.43484375		4.11315252376e-09	0.01
0.43515625		4.11315252376e-09	0.01
0.43546875		4.11315252376e-09	0.01
0.43578125		4.11315252376e-09	0.01
0.43609375		4.11315252376e-09	0.01
0.43640625		4.11315252376e-09	0.01
0.43671875		4.11315252376e-09	0.01
0.43703125		4.11315252376e-09	0.01
0.43734375		4.11315252376e-09	0.01
0.43765625		4.11315252376e-09	0.01
0.43796875		4.11315252376e-09	0.01
0.43828125		4.11315252376e-09	0.01
0.43859375		4.11315252376e-09	0.01
0.43890625		4.11315252376e-09	0.01
0.43921875		4.11315252376e-09	0.01
0.43953125		4.11315252376e-09	0.01
0.43984375		4.11315252376e-09	0.01
0.44015625		4.11315252376e-09	0.01
0.44046875		4.11315252376e-09	0.01
0.44078125		4.11315252376e-09	0.01
0.44109375		4.11315252376e-09	0.01
0.44140625		4.11315252376e-09	0.01
0.44171875		4.11315252376e-09	0.01
0.44203125		4.11315252376e-09	0.01
0.44234375		4.11315252376e-09	0.01
0.44265625		4.11315252376e-09	0.01
0.44296875		4.11315252376e-09	0.01
0.44328125		4.11315252376e-09	0.01
0.44359375		4.11315252376e-09	0.01
0.44390625		4.11315252376e-09	0.01
0.44421875		4.11315252376e-09	0.01
0.44453125		4.11315252376e-09	0.01
0.44484375		4.11315252376e-09	0.01
0.44515625		4.11315252376e-09	0.01
0.44546875		4.11315252376e-09	0.01
0.44578125		4.11315252376e-09	0.01
0.44609375		4.11315252376e-09	0.01
0.44640625		4.11315252376e-09	0.01
0.44671875		4.11315252376e-09	0.01
0.44703125		4.11315252376e-09	0.01
0.44734375		4.11315252376e-09	0.01
0.44765625		4.11315252376e-09	0.01
0.44796875		4.11315252376e-09	0.01
0.44828125		4.11315252376e-09	0.01
0.44859375		4.11315252376e-09	0.01
0.44890625		4.11315252376e-09	0.01
0.44921875		4.11315252376e-09	0.01
0.44953125		4.11315252376e-09	0.01
0.44984375		4.11315252376e-09	0.01
0.45015625		4.11315252376e-09	0.01
0.45046875		4.11315252376e-09	0.01
0.45078125		4.11315252376e-09	0.01
0.45109375		4.11315252376e-09	0.01
0.45140625		4.11315252376e-09	0.01
0.45171875		4.11315252376e-09	0.01
0.45203125		4.11315252376e-09	0.01
0.45234375		4.11315252376e-09	0.01
0.45265625		4.11315252376e-09	0.01
0.45296875		4.11315252376e-09	0.01
0.45328125		4.11315252376e-09	0.01
0.45359375		4.11315252376e-09	0.01
0.45390625		4.11315252376e-09	0.01
0.45421875		4.11315252376e-09	0.01
0.45453125		4.11315252376e-09	0.01
0.45484375		4.11315252376e-09	0.01
0.45515625		4.11315252376e-09	0.01
0.45546875		4.11315252376e-09	0.01
0.45578125		4.11315252376e-09	0.01
0.45609375		4.11315252376e-09	0.01
0.45640625		4.11315252376e-09	0.01
0.45671875		4.11315252376e-09	0.01
0.45703125		4.11315252376e-09	0.01
0.45734375		4.11315252376e-09	0.01
0.45765625		4.11315252376e-09	0.01
0.45796875		4.11315252376e-09	0.01
0.45828125		4.11315252376e-09	0.01
0.45859375		4.11315252376e-09	0.01
0.45890625		4.11315252376e-09	0.01
0.45921875		4.11315252376e-09	0.01
0.45953125		4.11315252376e-09	0.01
0.45984375		4.11315252376e-09	0.01
0.46015625		4.11315252376e-09	0.01
0.46046875		4.11315252376e-09	0.01
0.46078125		4.11315252376e-09	0.01
0.46109375		4.11315252376e-09	0.01
0.46140625		4.11315252376e-09	0.01
0.46171875		4.11315252376e-09	0.01
0.46203125		4.11315252376e-09	0.01
0.46234375		4.11315252376e-09	0.01
0.46265625		4.11315252376e-09	0.01
0.46296875		4.11315252376e-09	0.01
0.46328125		4.11315252376e-09	0.01
0.46359375		4.11315252376e-09	0.01
0.46390625		4.11315252376e-09	0.01
0.46421875		4.11315252376e-09	0.01
0.46453125		4.11315252376e-09	0.01
0.46484375		4.11315252376e-09	0.01
0.46515625		4.11315252376e-09	0.01
0.46546875		4.11315252376e-09	0.01
0.46578125		4.11315252376e-09	0.01
0.46609375		4.11315252376e-09	0.01
0.46640625		4.11315252376e-09	0.01
0.46671875		4.11315252376e-09	0.01
0.46703125		4.11315252376e-09	0.01
0.46734375		4.11315252376e-09	0.01
0.46765625		4.11315252376e-09	0.01
0.46796875		4.11315252376e-09	0.01
0.46828125		4.11315252376e-09	0.01
0.46859375		4.11315252376e-09	0.01
0.46890625		4.11315252376e-09	0.01
0.46921875		4.11315252376e-09	0.01
0.46953125		4.11315252376e-09	0.01
0.46984375		4.11315252376e-09	0.01
0.47015625		4.11315252376e-09	0.01
0.47046875		4.11315252376e-09	0.01
0.47078125		4.11315252376e-09	0.01
0.47109375		4.11315252376e-09	0.01
0.47140625		4.11315252376e-09	0.01
0.47171875		4.11315252376e-09	0.01
0.47203125		4.11315252376e-09	0.01
0.47234375		4.11315252376e-09	0.01
0.47265625		4.11315252376e-09	0.01
0.47296875		4.11315252376e-09	0.01
0.47328125		4.11315252376e-09	0.01
0.47359375		4.11315252376e-09	0.01
0.47390625		4.11315252376e-09	0.01
0.47421875		4.11315252376e-09	0.01
0.47453125		4.11315252376e-09	0.01
0.47484375		4.11315252376e-09	0.01
0.47515625		4.11315252376e-09	0.01
0.47546875		4.11315252376e-09	0.01
0.47578125		4.11315252376e-09	0.01
0.47609375		4.11315252376e-09	0.01
0.47640625		4.11315252376e-09	0.01
0.47671875		4.11315252376e-09	0.01
0.47703125		4.11315252376e-09	0.01
0.47734375		4.11315252376e-09	0.01
0.47765625		4.11315252376e-09	0.01
0.47796875		4.11315252376e-09	0.01
0.47828125		4.11315252376e-09	0.01
0.47859375		4.11315252376e-09	0.01
0.47890625		4.11315252376e-09	0.01
0.47921875		4.11315252376e-09	0.01
0.47953125		4.11315252376e-09	0.01
0.47984375		4.11315252376e-09	0.01
0.48015625		4.11315252376e-09	0.01
0.48046875		4.11315252376e-09	0.01
0.48078125		4.11315252376e-09	0.01
0.48109375		4.11315252376e-09	0.01
0.48140625		4.11315252376e-09	0.01
0.48171875		4.11315252376e-09	0.01
0.48203125		4.11315252376e-09	0.01
0.48234375		4.11315252376e-09	0.01
0.48265625		4.11315252376e-09	0.01
0.48296875		4.11315252376e-09	0.01
0.48328125		4.11315252376e-09	0.01
0.48359375		4.11315252376e-09	0.01
0.48390625		4.11315252376e-09	0.01
0.48421875		4.11315252376e-09	0.01
0.48453125		4.11315252376e-09	0.01
0.48484375		4.11315252376e-09	0.01
0.48515625		4.11315252376e-09	0.01
0.48546875		4.11315252376e-09	0.01
0.48578125		4.11315252376e-09	0.01
0.48609375		4.11315252376e-09	0.01
0.48640625		4.11315252376e-09	0.01
0.48671875		4.11315252376e-09	0.01
0.48703125		4.11315252376e-09	0.01
0.48734375		4.11315252376e-09	0.01
0.48765625		4.11315252376e-09	0.01
0.48796875		4.11315252376e-09	0.01
0.48828125		4.11315252376e-09	0.01
0.48859375		4.11315252376e-09	0.01
0.48890625		4.11315252376e-09	0.01
0.48921875		4.11315252376e-09	0.01
0.48953125		4.11315252376e-09	0.01
0.48984375		4.11315252376e-09	0.01
0.49015625		4.11315252376e-09	0.01
0.49046875		4.11315252376e-09	0.01
0.49078125		4.11315252376e-09	0.01
0.49109375		4.11315252376e-09	0.01
0.49140625		4.11315252376e-09	0.01
0.49171875		4.11315252376e-09	0.01
0.49203125		4.11315252376e-09	0.01
0.49234375		4.11315252376e-09	0.01
0.49265625		4.11315252376e-09	0.01
0.49296875		4.11315252376e-09	0.01
0.49328125		4.11315252376e-09	0.01
0.49359375		4.11315252376e-09	0.01
0.49390625		4.11315252376e-09	0.01
0.49421875		4.11315252376e-09	0.01
0.49453125		4.11315252376e-09	0.01
0.49484375		4.11315252376e-09	0.01
0.49515625		4.11315252376e-09	0.01
0.49546875		4.11315252376e-09	0.01
0.49578125		4.11315252376e-09	0.01
0.49609375		4.11315252376e-09	0.01
0.49640625		4.11315252376e-09	0.01
0.49671875		4.11315252376e-09	0.01
0.49703125		4.11315252376e-09	0.01
0.49734375		4.11315252376e-09	0.01
0.49765625		4.11315252376e-09	0.01
0.49796875		4.11315252376e-09	0.01
0.49828125		4.11315252376e-09	0.01
0.49859375		4.11315252376e-09	0.01
0.49890625		4.11315252376e-09	0.01
0.49921875		4.11315252376e-09	0.01
0.49953125		4.11315252376e-09	0.01
0.49984375		4.11315252376e-09	0.01
