0.00015625		0.409549687077	0.998925162127
0.00046875		0.409288457526	0.998765419616
0.00078125		0.408933130872	0.998548819132
0.00109375		0.408569636805	0.998326947209
0.00140625		0.408230311165	0.998119626907
0.00171875		0.407905897037	0.997921274748
0.00203125		0.407590694205	0.997728438298
0.00234375		0.407281665744	0.997539269154
0.00265625		0.406977035481	0.997352686062
0.00296875		0.406675639039	0.997167980453
0.00328125		0.406376576827	0.99698460383
0.00359375		0.406079173315	0.996802143733
0.00390625		0.405782974436	0.996620322864
0.00421875		0.405487686744	0.996438962115
0.00453125		0.405193104032	0.996257935572
0.00484375		0.404899066628	0.996077145663
0.00515625		0.404605439506	0.995896509746
0.00546875		0.404312110574	0.995715959063
0.00578125		0.404018998038	0.995535443382
0.00609375		0.403726044481	0.995354927423
0.00640625		0.403433203545	0.995174382656
0.00671875		0.403140433512	0.994993783321
0.00703125		0.402847701216	0.994813108897
0.00734375		0.402554981853	0.994632343985
0.00765625		0.40226225591	0.994451476387
0.00796875		0.401969500588	0.994270491838
0.00828125		0.401676694411	0.994089376928
0.00859375		0.401383821499	0.993908121662
0.00890625		0.401090869306	0.993726718072
0.00921875		0.400797827414	0.993545159496
0.00953125		0.400504686428	0.993363439885
0.00984375		0.400211437699	0.993181553645
0.01015625		0.399918073769	0.992999495907
0.01046875		0.399624588475	0.992817262599
0.01078125		0.39933097672	0.9926348503
0.01109375		0.399037234255	0.992452256108
0.01140625		0.398743357439	0.992269477493
0.01171875		0.398449343039	0.992086512175
0.01203125		0.398155188168	0.991903358082
0.01234375		0.397860890256	0.991720013336
0.01265625		0.397566447013	0.991536476231
0.01296875		0.397271856405	0.991352745212
0.01328125		0.396977116671	0.991168818897
0.01359375		0.396682226327	0.990984696069
0.01390625		0.396387184072	0.990800375626
0.01421875		0.396091988691	0.990615856514
0.01453125		0.395796639042	0.990431137723
0.01484375		0.395501134093	0.990246218313
0.01515625		0.395205472937	0.990061097414
0.01546875		0.394909654768	0.989875774222
0.01578125		0.39461367886	0.98969024798
0.01609375		0.394317544545	0.989504517965
0.01640625		0.39402125121	0.989318583487
0.01671875		0.393724798282	0.989132443879
0.01703125		0.393428185231	0.9889460985
0.01734375		0.393131411567	0.988759546733
0.01765625		0.392834476836	0.988572787981
0.01796875		0.392537380615	0.988385821665
0.01828125		0.392240122498	0.988198647216
0.01859375		0.391942702096	0.988011264076
0.01890625		0.391645119039	0.987823671693
0.01921875		0.391347372973	0.987635869528
0.01953125		0.391049463563	0.98744785705
0.01984375		0.390751390485	0.987259633735
0.02015625		0.390453153427	0.987071199066
0.02046875		0.390154752087	0.986882552528
0.02078125		0.389856186166	0.986693693609
0.02109375		0.389557455378	0.986504621804
0.02140625		0.38925855944	0.986315336607
0.02171875		0.388959498078	0.986125837518
0.02203125		0.388660271021	0.985936124038
0.02234375		0.388360878003	0.985746195666
0.02265625		0.388061318761	0.985556051906
0.02296875		0.387761593035	0.985365692262
0.02328125		0.387461700567	0.985175116235
0.02359375		0.387161641102	0.98498432333
0.02390625		0.386861414388	0.984793313051
0.02421875		0.386561020174	0.984602084901
0.02453125		0.386260458208	0.984410638383
0.02484375		0.385959728243	0.984218972999
0.02515625		0.385658830032	0.984027088251
0.02546875		0.385357763326	0.98383498364
0.02578125		0.385056527881	0.983642658666
0.02609375		0.384755123449	0.983450112829
0.02640625		0.384453549786	0.983257345625
0.02671875		0.384151806646	0.983064356551
0.02703125		0.383849893784	0.982871145104
0.02734375		0.383547810955	0.982677710776
0.02765625		0.383245557914	0.982484053061
0.02796875		0.382943134415	0.98229017145
0.02828125		0.382640540213	0.982096065433
0.02859375		0.382337775062	0.981901734497
0.02890625		0.382034838716	0.981707178131
0.02921875		0.381731730929	0.981512395818
0.02953125		0.381428451454	0.981317387042
0.02984375		0.381125000044	0.981122151286
0.03015625		0.380821376451	0.980926688028
0.03046875		0.380517580427	0.980730996748
0.03078125		0.380213611723	0.980535076922
0.03109375		0.37990947009	0.980338928025
0.03140625		0.379605155278	0.98014254953
0.03171875		0.379300667038	0.979945940909
0.03203125		0.378996005117	0.97974910163
0.03234375		0.378691169265	0.979552031162
0.03265625		0.378386159229	0.97935472897
0.03296875		0.378080974757	0.979157194518
0.03328125		0.377775615595	0.978959427268
0.03359375		0.377470081488	0.97876142668
0.03390625		0.377164372182	0.978563192213
0.03421875		0.376858487422	0.978364723322
0.03453125		0.37655242695	0.978166019462
0.03484375		0.376246190511	0.977967080085
0.03515625		0.375939777847	0.977767904642
0.03546875		0.375633188698	0.977568492581
0.03578125		0.375326422807	0.977368843348
0.03609375		0.375019479913	0.977168956388
0.03640625		0.374712359755	0.976968831143
0.03671875		0.374405062074	0.976768467053
0.03703125		0.374097586605	0.976567863557
0.03734375		0.373789933086	0.976367020091
0.03765625		0.373482101255	0.976165936089
0.03796875		0.373174090846	0.975964610982
0.03828125		0.372865901594	0.975763044202
0.03859375		0.372557533233	0.975561235175
0.03890625		0.372248985497	0.975359183329
0.03921875		0.371940258118	0.975156888085
0.03953125		0.371631350827	0.974954348866
0.03984375		0.371322263357	0.974751565091
0.04015625		0.371012995436	0.974548536177
0.04046875		0.370703546794	0.97434526154
0.04078125		0.370393917159	0.974141740592
0.04109375		0.37008410626	0.973937972743
0.04140625		0.369774113823	0.973733957402
0.04171875		0.369463939574	0.973529693976
0.04203125		0.369153583238	0.973325181868
0.04234375		0.368843044539	0.97312042048
0.04265625		0.368532323202	0.972915409212
0.04296875		0.368221418948	0.97271014746
0.04328125		0.3679103315	0.97250463462
0.04359375		0.367599060579	0.972298870085
0.04390625		0.367287605905	0.972092853244
0.04421875		0.366975967196	0.971886583486
0.04453125		0.366664144172	0.971680060196
0.04484375		0.366352136551	0.971473282758
0.04515625		0.366039944048	0.971266250554
0.04546875		0.36572756638	0.971058962961
0.04578125		0.365415003261	0.970851419355
0.04609375		0.365102254406	0.970643619112
0.04640625		0.364789319528	0.970435561602
0.04671875		0.364476198339	0.970227246195
0.04703125		0.36416289055	0.970018672257
0.04734375		0.363849395873	0.969809839152
0.04765625		0.363535714017	0.969600746243
0.04796875		0.36322184469	0.969391392888
0.04828125		0.3629077876	0.969181778445
0.04859375		0.362593542455	0.968971902268
0.04890625		0.362279108959	0.968761763709
0.04921875		0.361964486819	0.968551362117
0.04953125		0.361649675739	0.968340696839
0.04984375		0.361334675421	0.96812976722
0.05015625		0.361019485568	0.967918572601
0.05046875		0.360704105881	0.967707112321
0.05078125		0.360388536061	0.967495385717
0.05109375		0.360072775806	0.967283392124
0.05140625		0.359756824817	0.967071130872
0.05171875		0.35944068279	0.966858601291
0.05203125		0.359124349421	0.966645802706
0.05234375		0.358807824407	0.966432734441
0.05265625		0.358491107442	0.966219395817
0.05296875		0.35817419822	0.966005786152
0.05328125		0.357857096433	0.965791904762
0.05359375		0.357539801774	0.965577750959
0.05390625		0.357222313932	0.965363324054
0.05421875		0.356904632598	0.965148623354
0.05453125		0.356586757461	0.964933648163
0.05484375		0.356268688208	0.964718397783
0.05515625		0.355950424526	0.964502871514
0.05546875		0.355631966101	0.964287068651
0.05578125		0.355313312617	0.964070988488
0.05609375		0.354994463758	0.963854630316
0.05640625		0.354675419208	0.963637993422
0.05671875		0.354356178647	0.963421077092
0.05703125		0.354036741756	0.963203880607
0.05734375		0.353717108216	0.962986403246
0.05765625		0.353397277703	0.962768644287
0.05796875		0.353077249897	0.962550603001
0.05828125		0.352757024473	0.96233227866
0.05859375		0.352436601107	0.962113670531
0.05890625		0.352115979472	0.961894777879
0.05921875		0.351795159244	0.961675599964
0.05953125		0.351474140092	0.961456136047
0.05984375		0.35115292169	0.961236385381
0.06015625		0.350831503706	0.96101634722
0.06046875		0.35050988581	0.960796020812
0.06078125		0.35018806767	0.960575405405
0.06109375		0.349866048951	0.960354500242
0.06140625		0.349543829321	0.960133304562
0.06171875		0.349221408444	0.959911817603
0.06203125		0.348898785982	0.959690038599
0.06234375		0.348575961598	0.95946796678
0.06265625		0.348252934954	0.959245601375
0.06296875		0.34792970571	0.959022941606
0.06328125		0.347606273523	0.958799986697
0.06359375		0.347282638053	0.958576735864
0.06390625		0.346958798956	0.958353188323
0.06421875		0.346634755887	0.958129343284
0.06453125		0.346310508501	0.957905199957
0.06484375		0.345986056451	0.957680757545
0.06515625		0.345661399388	0.957456015251
0.06546875		0.345336536964	0.957230972273
0.06578125		0.345011468828	0.957005627806
0.06609375		0.344686194628	0.956779981041
0.06640625		0.344360714013	0.956554031166
0.06671875		0.344035026627	0.956327777367
0.06703125		0.343709132116	0.956101218824
0.06734375		0.343383030124	0.955874354715
0.06765625		0.343056720292	0.955647184215
0.06796875		0.342730202263	0.955419706495
0.06828125		0.342403475675	0.955191920721
0.06859375		0.342076540168	0.954963826058
0.06890625		0.34174939538	0.954735421667
0.06921875		0.341422040946	0.954506706703
0.06953125		0.341094476501	0.954277680321
0.06984375		0.340766701679	0.954048341669
0.07015625		0.340438716113	0.953818689893
0.07046875		0.340110519434	0.953588724136
0.07078125		0.339782111272	0.953358443536
0.07109375		0.339453491255	0.953127847229
0.07140625		0.339124659011	0.952896934345
0.07171875		0.338795614165	0.952665704011
0.07203125		0.338466356343	0.952434155352
0.07234375		0.338136885168	0.952202287487
0.07265625		0.337807200262	0.951970099533
0.07296875		0.337477301245	0.951737590601
0.07328125		0.337147187738	0.951504759801
0.07359375		0.336816859359	0.951271606236
0.07390625		0.336486315723	0.951038129007
0.07421875		0.336155556447	0.950804327211
0.07453125		0.335824581144	0.95057019994
0.07484375		0.335493389428	0.950335746284
0.07515625		0.335161980909	0.950100965328
0.07546875		0.334830355198	0.949865856151
0.07578125		0.334498511903	0.949630417832
0.07609375		0.334166450631	0.949394649442
0.07640625		0.333834170988	0.94915855005
0.07671875		0.333501672579	0.948922118721
0.07703125		0.333168955005	0.948685354515
0.07734375		0.33283601787	0.948448256488
0.07765625		0.332502860772	0.948210823693
0.07796875		0.332169483311	0.947973055177
0.07828125		0.331835885083	0.947734949984
0.07859375		0.331502065685	0.947496507153
0.07890625		0.331168024711	0.947257725719
0.07921875		0.330833761753	0.947018604714
0.07953125		0.330499276403	0.946779143163
0.07984375		0.33016456825	0.946539340088
0.08015625		0.329829636884	0.946299194507
0.08046875		0.329494481891	0.946058705434
0.08078125		0.329159102855	0.945817871877
0.08109375		0.328823499362	0.94557669284
0.08140625		0.328487670994	0.945335167324
0.08171875		0.32815161733	0.945093294323
0.08203125		0.327815337951	0.944851072829
0.08234375		0.327478832434	0.944608501827
0.08265625		0.327142100356	0.9443655803
0.08296875		0.32680514129	0.944122307223
0.08328125		0.32646795481	0.94387868157
0.08359375		0.326130540488	0.943634702308
0.08390625		0.325792897892	0.943390368399
0.08421875		0.325455026592	0.943145678803
0.08453125		0.325116926154	0.942900632471
0.08484375		0.324778596142	0.942655228353
0.08515625		0.324440036122	0.942409465392
0.08546875		0.324101245653	0.942163342527
0.08578125		0.323762224296	0.941916858692
0.08609375		0.32342297161	0.941670012816
0.08640625		0.323083487152	0.941422803823
0.08671875		0.322743770476	0.941175230631
0.08703125		0.322403821137	0.940927292155
0.08734375		0.322063638685	0.940678987303
0.08765625		0.321723222671	0.94043031498
0.08796875		0.321382572644	0.940181274084
0.08828125		0.321041688149	0.939931863509
0.08859375		0.320700568732	0.939682082142
0.08890625		0.320359213937	0.939431928867
0.08921875		0.320017623303	0.939181402562
0.08953125		0.319675796372	0.938930502099
0.08984375		0.319333732682	0.938679226345
0.09015625		0.318991431767	0.938427574163
0.09046875		0.318648893163	0.938175544409
0.09078125		0.318306116403	0.937923135934
0.09109375		0.317963101016	0.937670347583
0.09140625		0.317619846533	0.937417178197
0.09171875		0.31727635248	0.93716362661
0.09203125		0.316932618382	0.936909691651
0.09234375		0.316588643763	0.936655372143
0.09265625		0.316244428145	0.936400666904
0.09296875		0.315899971047	0.936145574747
0.09328125		0.315555271987	0.935890094478
0.09359375		0.315210330482	0.935634224896
0.09390625		0.314865146045	0.935377964798
0.09421875		0.314519718188	0.935121312971
0.09453125		0.314174046422	0.9348642682
0.09484375		0.313828130256	0.934606829261
0.09515625		0.313481969195	0.934348994925
0.09546875		0.313135562744	0.934090763958
0.09578125		0.312788910405	0.933832135119
0.09609375		0.31244201168	0.933573107162
0.09640625		0.312094866066	0.933313678833
0.09671875		0.311747473061	0.933053848873
0.09703125		0.311399832158	0.932793616017
0.09734375		0.31105194285	0.932532978994
0.09765625		0.310703804628	0.932271936525
0.09796875		0.31035541698	0.932010487328
0.09828125		0.310006779393	0.931748630111
0.09859375		0.309657891351	0.931486363577
0.09890625		0.309308752335	0.931223686424
0.09921875		0.308959361827	0.930960597342
0.09953125		0.308609719305	0.930697095014
0.09984375		0.308259824244	0.930433178118
0.10015625		0.307909676117	0.930168845324
0.10046875		0.307559274398	0.929904095297
0.10078125		0.307208618555	0.929638926693
0.10109375		0.306857708056	0.929373338163
0.10140625		0.306506542366	0.929107328351
0.10171875		0.306155120948	0.928840895893
0.10203125		0.305803443262	0.92857403942
0.10234375		0.305451508768	0.928306757554
0.10265625		0.305099316921	0.928039048912
0.10296875		0.304746867176	0.927770912103
0.10328125		0.304394158985	0.927502345728
0.10359375		0.304041191797	0.927233348383
0.10390625		0.30368796506	0.926963918655
0.10421875		0.303334478218	0.926694055124
0.10453125		0.302980730714	0.926423756364
0.10484375		0.302626721989	0.92615302094
0.10515625		0.30227245148	0.925881847412
0.10546875		0.301917918624	0.925610234329
0.10578125		0.301563122853	0.925338180235
0.10609375		0.301208063599	0.925065683667
0.10640625		0.30085274029	0.924792743152
0.10671875		0.300497152352	0.924519357212
0.10703125		0.300141299209	0.92424552436
0.10734375		0.299785180282	0.9239712431
0.10765625		0.29942879499	0.923696511931
0.10796875		0.29907214275	0.923421329342
0.10828125		0.298715222974	0.923145693815
0.10859375		0.298358035075	0.922869603823
0.10890625		0.298000578462	0.922593057833
0.10921875		0.29764285254	0.922316054302
0.10953125		0.297284856713	0.922038591679
0.10984375		0.296926590383	0.921760668406
0.11015625		0.296568052949	0.921482282916
0.11046875		0.296209243805	0.921203433633
0.11078125		0.295850162346	0.920924118974
0.11109375		0.295490807963	0.920644337347
0.11140625		0.295131180043	0.920364087152
0.11171875		0.294771277973	0.920083366778
0.11203125		0.294411101134	0.919802174609
0.11234375		0.294050648907	0.919520509018
0.11265625		0.293689920669	0.919238368369
0.11296875		0.293328915796	0.918955751019
0.11328125		0.292967633658	0.918672655314
0.11359375		0.292606073626	0.918389079593
0.11390625		0.292244235065	0.918105022186
0.11421875		0.291882117339	0.917820481411
0.11453125		0.291519719809	0.91753545558
0.11484375		0.291157041833	0.917249942995
0.11515625		0.290794082766	0.916963941948
0.11546875		0.290430841959	0.916677450722
0.11578125		0.290067318764	0.916390467591
0.11609375		0.289703512525	0.916102990818
0.11640625		0.289339422586	0.91581501866
0.11671875		0.288975048289	0.915526549359
0.11703125		0.288610388969	0.915237581153
0.11734375		0.288245443963	0.914948112266
0.11765625		0.287880212602	0.914658140914
0.11796875		0.287514694213	0.914367665303
0.11828125		0.287148888124	0.914076683628
0.11859375		0.286782793656	0.913785194075
0.11890625		0.286416410128	0.91349319482
0.11921875		0.286049736857	0.913200684028
0.11953125		0.285682773157	0.912907659854
0.11984375		0.285315518336	0.912614120442
0.12015625		0.284947971702	0.912320063927
0.12046875		0.284580132559	0.912025488432
0.12078125		0.284212000208	0.91173039207
0.12109375		0.283843573944	0.911434772944
0.12140625		0.283474853063	0.911138629144
0.12171875		0.283105836854	0.910841958753
0.12203125		0.282736524606	0.910544759838
0.12234375		0.282366915603	0.910247030459
0.12265625		0.281997009125	0.909948768664
0.12296875		0.28162680445	0.909649972488
0.12328125		0.281256300851	0.909350639957
0.12359375		0.2808854976	0.909050769084
0.12390625		0.280514393964	0.908750357872
0.12421875		0.280142989206	0.90844940431
0.12453125		0.279771282586	0.908147906378
0.12484375		0.279399273362	0.907845862043
0.12515625		0.279026960786	0.90754326926
0.12546875		0.278654344109	0.907240125972
0.12578125		0.278281422576	0.906936430112
0.12609375		0.27790819543	0.906632179598
0.12640625		0.27753466191	0.906327372336
0.12671875		0.277160821251	0.906022006223
0.12703125		0.276786672685	0.90571607914
0.12734375		0.27641221544	0.905409588956
0.12765625		0.276037448739	0.905102533529
0.12796875		0.275662371804	0.904794910704
0.12828125		0.275286983851	0.904486718311
0.12859375		0.274911284092	0.90417795417
0.12890625		0.274535271738	0.903868616086
0.12921875		0.274158945992	0.903558701852
0.12953125		0.273782306057	0.903248209247
0.12984375		0.273405351129	0.902937136037
0.13015625		0.273028080403	0.902625479973
0.13046875		0.272650493067	0.902313238796
0.13078125		0.272272588307	0.90200041023
0.13109375		0.271894365305	0.901686991987
0.13140625		0.271515823238	0.901372981764
0.13171875		0.271136961279	0.901058377245
0.13203125		0.270757778598	0.900743176098
0.13234375		0.27037827436	0.90042737598
0.13265625		0.269998447726	0.90011097453
0.13296875		0.269618297852	0.899793969376
0.13328125		0.269237823891	0.899476358128
0.13359375		0.268857024991	0.899158138383
0.13390625		0.268475900296	0.898839307724
0.13421875		0.268094448947	0.898519863718
0.13453125		0.267712670077	0.898199803916
0.13484375		0.267330562819	0.897879125855
0.13515625		0.266948126298	0.897557827056
0.13546875		0.266565359637	0.897235905026
0.13578125		0.266182261954	0.896913357254
0.13609375		0.26579883236	0.896590181215
0.13640625		0.265415069966	0.896266374367
0.13671875		0.265030973874	0.895941934154
0.13703125		0.264646543185	0.895616858001
0.13734375		0.264261776992	0.895291143318
0.13765625		0.263876674386	0.894964787499
0.13796875		0.263491234453	0.894637787921
0.13828125		0.263105456272	0.894310141944
0.13859375		0.262719338919	0.893981846912
0.13890625		0.262332881466	0.893652900151
0.13921875		0.261946082979	0.89332329897
0.13953125		0.261558942518	0.892993040662
0.13984375		0.26117145914	0.8926621225
0.14015625		0.260783631896	0.892330541741
0.14046875		0.260395459832	0.891998295625
0.14078125		0.26000694199	0.891665381372
0.14109375		0.259618077406	0.891331796186
0.14140625		0.25922886511	0.890997537251
0.14171875		0.258839304129	0.890662601733
0.14203125		0.258449393483	0.890326986781
0.14234375		0.258059132188	0.889990689523
0.14265625		0.257668519253	0.889653707069
0.14296875		0.257277553684	0.889316036511
0.14328125		0.256886234479	0.888977674919
0.14359375		0.256494560634	0.888638619348
0.14390625		0.256102531136	0.888298866828
0.14421875		0.255710144968	0.887958414374
0.14453125		0.255317401108	0.887617258978
0.14484375		0.254924298529	0.887275397613
0.14515625		0.254530836195	0.886932827231
0.14546875		0.254137013069	0.886589544766
0.14578125		0.253742828104	0.886245547127
0.14609375		0.25334828025	0.885900831205
0.14640625		0.252953368451	0.885555393871
0.14671875		0.252558091643	0.885209231971
0.14703125		0.252162448759	0.884862342334
0.14734375		0.251766438725	0.884514721763
0.14765625		0.251370060459	0.884166367041
0.14796875		0.250973312876	0.883817274931
0.14828125		0.250576194883	0.88346744217
0.14859375		0.250178705382	0.883116865476
0.14890625		0.249780843268	0.882765541541
0.14921875		0.249382607429	0.882413467036
0.14953125		0.248983996749	0.88206063861
0.14984375		0.248585010104	0.881707052886
0.15015625		0.248185646364	0.881352706466
0.15046875		0.247785904392	0.880997595925
0.15078125		0.247385783046	0.880641717817
0.15109375		0.246985281175	0.880285068671
0.15140625		0.246584397625	0.879927644992
0.15171875		0.246183131232	0.879569443257
0.15203125		0.245781480826	0.879210459923
0.15234375		0.245379445232	0.878850691419
0.15265625		0.244977023266	0.878490134148
0.15296875		0.244574213739	0.87812878449
0.15328125		0.244171015452	0.877766638796
0.15359375		0.243767427204	0.877403693393
0.15390625		0.243363447781	0.87703994458
0.15421875		0.242959075968	0.876675388632
0.15453125		0.242554310537	0.876310021794
0.15484375		0.242149150257	0.875943840285
0.15515625		0.241743593888	0.875576840296
0.15546875		0.241337640182	0.875209017993
0.15578125		0.240931287886	0.87484036951
0.15609375		0.240524535736	0.874470890955
0.15640625		0.240117382464	0.874100578407
0.15671875		0.239709826792	0.873729427917
0.15703125		0.239301867434	0.873357435504
0.15734375		0.2388935031	0.872984597162
0.15765625		0.238484732486	0.87261090885
0.15796875		0.238075554287	0.872236366502
0.15828125		0.237665967184	0.871860966019
0.15859375		0.237255969854	0.871484703271
0.15890625		0.236845560964	0.871107574098
0.15921875		0.236434739173	0.870729574309
0.15953125		0.236023503132	0.870350699681
0.15984375		0.235611851485	0.869970945959
0.16015625		0.235199782865	0.869590308855
0.16046875		0.234787295899	0.869208784051
0.16078125		0.234374389204	0.868826367192
0.16109375		0.233961061388	0.868443053894
0.16140625		0.233547311052	0.868058839736
0.16171875		0.233133136786	0.867673720266
0.16203125		0.232718537174	0.867287690996
0.16234375		0.232303510789	0.866900747402
0.16265625		0.231888056195	0.866512884928
0.16296875		0.231472171948	0.866124098982
0.16328125		0.231055856594	0.865734384933
0.16359375		0.230639108669	0.865343738118
0.16390625		0.230221926702	0.864952153836
0.16421875		0.229804309211	0.864559627347
0.16453125		0.229386254703	0.864166153878
0.16484375		0.22896776168	0.863771728614
0.16515625		0.228548828628	0.863376346705
0.16546875		0.228129454029	0.86298000326
0.16578125		0.227709636352	0.862582693351
0.16609375		0.227289374057	0.86218441201
0.16640625		0.226868665592	0.861785154228
0.16671875		0.226447509399	0.861384914959
0.16703125		0.226025903905	0.860983689113
0.16734375		0.22560384753	0.860581471561
0.16765625		0.225181338683	0.86017825713
0.16796875		0.22475837576	0.859774040609
0.16828125		0.22433495715	0.85936881674
0.16859375		0.223911081229	0.858962580226
0.16890625		0.223486746362	0.858555325724
0.16921875		0.223061950904	0.858147047848
0.16953125		0.222636693199	0.857737741167
0.16984375		0.222210971579	0.857327400207
0.17015625		0.221784784364	0.856916019447
0.17046875		0.221358129866	0.856503593319
0.17078125		0.220931006382	0.856090116212
0.17109375		0.220503412199	0.855675582465
0.17140625		0.220075345591	0.85525998637
0.17171875		0.219646804822	0.854843322173
0.17203125		0.219217788142	0.854425584069
0.17234375		0.218788293791	0.854006766205
0.17265625		0.218358319996	0.853586862678
0.17296875		0.21792786497	0.853165867536
0.17328125		0.217496926917	0.852743774775
0.17359375		0.217065504024	0.852320578338
0.17390625		0.21663359447	0.85189627212
0.17421875		0.216201196418	0.851470849959
0.17453125		0.215768308018	0.851044305643
0.17484375		0.215334927409	0.850616632905
0.17515625		0.214901052716	0.850187825423
0.17546875		0.214466682049	0.84975787682
0.17578125		0.214031813506	0.849326780664
0.17609375		0.213596445172	0.848894530466
0.17640625		0.213160575117	0.848461119679
0.17671875		0.212724201397	0.8480265417
0.17703125		0.212287322055	0.847590789866
0.17734375		0.211849935119	0.847153857456
0.17765625		0.211412038602	0.846715737688
0.17796875		0.210973630504	0.846276423719
0.17828125		0.21053470881	0.845835908646
0.17859375		0.210095271489	0.845394185503
0.17890625		0.209655316496	0.844951247262
0.17921875		0.209214841772	0.844507086829
0.17953125		0.208773845239	0.844061697048
0.17984375		0.208332324808	0.843615070697
0.18015625		0.207890278372	0.843167200487
0.18046875		0.207447703808	0.842718079064
0.18078125		0.207004598977	0.842267699005
0.18109375		0.206560961726	0.841816052818
0.18140625		0.206116789883	0.841363132942
0.18171875		0.205672081261	0.840908931746
0.18203125		0.205226833656	0.840453441529
0.18234375		0.204781044847	0.839996654515
0.18265625		0.204334712597	0.839538562857
0.18296875		0.203887834649	0.839079158633
0.18328125		0.203440408732	0.838618433849
0.18359375		0.202992432556	0.83815638043
0.18390625		0.202543903811	0.83769299023
0.18421875		0.202094820174	0.837228255019
0.18453125		0.201645179298	0.836762166494
0.18484375		0.201194978822	0.836294716269
0.18515625		0.200744216365	0.835825895877
0.18546875		0.200292889526	0.835355696771
0.18578125		0.199840995886	0.834884110318
0.18609375		0.199388533008	0.834411127803
0.18640625		0.198935498432	0.833936740426
0.18671875		0.198481889682	0.8334609393
0.18703125		0.19802770426	0.832983715449
0.18734375		0.197572939649	0.832505059811
0.18765625		0.19711759331	0.832024963233
0.18796875		0.196661662685	0.831543416469
0.18828125		0.196205145194	0.831060410185
0.18859375		0.195748038237	0.830575934948
0.18890625		0.19529033919	0.830089981235
0.18921875		0.194832045412	0.829602539423
0.18953125		0.194373154235	0.829113599795
0.18984375		0.193913662973	0.828623152532
0.19015625		0.193453568915	0.828131187717
0.19046875		0.192992869328	0.827637695331
0.19078125		0.192531561457	0.827142665251
0.19109375		0.192069642522	0.82664608725
0.19140625		0.191607109721	0.826147950996
0.19171875		0.191143960228	0.82564824605
0.19203125		0.190680191192	0.825146961861
0.19234375		0.190215799738	0.824644087771
0.19265625		0.189750782967	0.824139613008
0.19296875		0.189285137955	0.823633526688
0.19328125		0.188818861751	0.82312581781
0.19359375		0.18835195138	0.822616475257
0.19390625		0.18788440384	0.822105487793
0.19421875		0.187416216105	0.821592844063
0.19453125		0.18694738512	0.821078532588
0.19484375		0.186477907803	0.820562541767
0.19515625		0.186007781047	0.820044859872
0.19546875		0.185537001715	0.819525475048
0.19578125		0.185065566643	0.81900437531
0.19609375		0.184593472639	0.818481548543
0.19640625		0.184120716481	0.817956982499
0.19671875		0.183647294921	0.817430664792
0.19703125		0.183173204677	0.816902582901
0.19734375		0.182698442441	0.816372724166
0.19765625		0.182223004874	0.815841075784
0.19796875		0.181746888604	0.815307624809
0.19828125		0.18127009023	0.81477235815
0.19859375		0.18079260632	0.814235262567
0.19890625		0.18031443341	0.813696324669
0.19921875		0.179835568002	0.813155530915
0.19953125		0.179356006567	0.812612867607
0.19984375		0.178875745542	0.812068320889
0.20015625		0.178394781331	0.811521876747
0.20046875		0.177913110303	0.810973521004
0.20078125		0.177430728794	0.810423239317
0.20109375		0.176947633103	0.809871017177
0.20140625		0.176463819496	0.809316839905
0.20171875		0.175979284201	0.808760692646
0.20203125		0.175494023411	0.808202560374
0.20234375		0.175008033279	0.807642427882
0.20265625		0.174521309925	0.80708027978
0.20296875		0.174033849428	0.806516100497
0.20328125		0.17354564783	0.805949874273
0.20359375		0.173056701132	0.805381585157
0.20390625		0.172567005296	0.804811217006
0.20421875		0.172076556246	0.80423875348
0.20453125		0.171585349862	0.803664178039
0.20484375		0.171093381984	0.803087473938
0.20515625		0.170600648412	0.802508624228
0.20546875		0.170107144899	0.801927611748
0.20578125		0.169612867159	0.801344419124
0.20609375		0.16911781086	0.800759028765
0.20640625		0.168621971626	0.800171422859
0.20671875		0.168125345035	0.799581583369
0.20703125		0.167627926622	0.798989492028
0.20734375		0.167129711871	0.798395130339
0.20765625		0.166630696223	0.797798479568
0.20796875		0.166130875069	0.797199520738
0.20828125		0.165630243752	0.796598234629
0.20859375		0.165128797565	0.795994601772
0.20890625		0.164626531751	0.795388602443
0.20921875		0.164123441503	0.794780216661
0.20953125		0.163619521962	0.794169424183
0.20984375		0.163114768215	0.793556204497
0.21015625		0.162609175298	0.79294053682
0.21046875		0.162102738192	0.792322400091
0.21078125		0.161595451822	0.791701772968
0.21109375		0.161087311058	0.79107863382
0.21140625		0.160578310714	0.790452960726
0.21171875		0.160068445546	0.789824731465
0.21203125		0.15955771025	0.789193923515
0.21234375		0.159046099464	0.788560514041
0.21265625		0.158533607765	0.787924479897
0.21296875		0.15802022967	0.787285797615
0.21328125		0.157505959631	0.7866444434
0.21359375		0.156990792039	0.786000393125
0.21390625		0.156474721218	0.785353622322
0.21421875		0.155957741429	0.784704106179
0.21453125		0.155439846865	0.784051819531
0.21484375		0.15492103165	0.783396736854
0.21515625		0.154401289842	0.782738832257
0.21546875		0.153880615428	0.782078079477
0.21578125		0.153359002321	0.78141445187
0.21609375		0.152836444365	0.780747922403
0.21640625		0.152312935329	0.780078463649
0.21671875		0.151788468907	0.779406047774
0.21703125		0.151263038716	0.778730646537
0.21734375		0.150736638297	0.778052231272
0.21765625		0.15020926111	0.777370772888
0.21796875		0.149680900536	0.776686241855
0.21828125		0.149151549875	0.775998608198
0.21859375		0.148621202342	0.775307841485
0.21890625		0.148089851067	0.77461391082
0.21921875		0.147557489096	0.773916784833
0.21953125		0.147024109385	0.773216431669
0.21984375		0.146489704802	0.772512818978
0.22015625		0.145954268124	0.771805913907
0.22046875		0.145417792033	0.771095683085
0.22078125		0.144880269119	0.770382092615
0.22109375		0.144341691876	0.769665108062
0.22140625		0.143802052699	0.768944694442
0.22171875		0.143261343882	0.768220816208
0.22203125		0.142719557619	0.76749343724
0.22234375		0.142176686001	0.766762520831
0.22265625		0.141632721011	0.766028029676
0.22296875		0.141087654527	0.765289925854
0.22328125		0.140541478314	0.764548170822
0.22359375		0.139994184029	0.763802725392
0.22390625		0.139445763212	0.763053549723
0.22421875		0.138896207287	0.762300603305
0.22453125		0.138345507561	0.761543844941
0.22484375		0.137793655219	0.760783232733
0.22515625		0.137240641323	0.760018724066
0.22546875		0.136686456808	0.759250275592
0.22578125		0.136131092482	0.758477843209
0.22609375		0.135574539022	0.75770138205
0.22640625		0.135016786969	0.756920846457
0.22671875		0.134457826729	0.756136189968
0.22703125		0.133897648571	0.755347365294
0.22734375		0.133336242617	0.754554324303
0.22765625		0.132773598848	0.753757017994
0.22796875		0.132209707094	0.752955396481
0.22828125		0.131644557034	0.752149408969
0.22859375		0.131078138194	0.751339003729
0.22890625		0.130510439939	0.75052412808
0.22921875		0.129941451476	0.74970472836
0.22953125		0.129371161843	0.748880749905
0.22984375		0.128799559913	0.748052137019
0.23015625		0.128226634384	0.747218832954
0.23046875		0.127652373778	0.746380779876
0.23078125		0.127076766439	0.745537918842
0.23109375		0.126499800524	0.744690189767
0.23140625		0.125921464004	0.743837531397
0.23171875		0.125341744654	0.742979881277
0.23203125		0.124760630054	0.742117175719
0.23234375		0.124178107582	0.741249349766
0.23265625		0.123594164409	0.740376337162
0.23296875		0.123008787494	0.739498070317
0.23328125		0.122421963581	0.738614480262
0.23359375		0.12183367919	0.737725496624
0.23390625		0.121243920617	0.736831047574
0.23421875		0.120652673924	0.735931059794
0.23453125		0.120059924933	0.735025458433
0.23484375		0.119465659225	0.734114167063
0.23515625		0.118869862129	0.733197107634
0.23546875		0.118272518718	0.732274200424
0.23578125		0.117673613804	0.731345363998
0.23609375		0.117073131926	0.730410515147
0.23640625		0.116471057349	0.729469568846
0.23671875		0.115867374054	0.728522438193
0.23703125		0.115262065732	0.727569034354
0.23734375		0.114655115774	0.726609266507
0.23765625		0.114046507265	0.725643041777
0.23796875		0.113436222977	0.724670265176
0.23828125		0.112824245357	0.723690839538
0.23859375		0.112210556522	0.722704665448
0.23890625		0.111595138248	0.721711641172
0.23921875		0.11097797196	0.720711662585
0.23953125		0.110359038724	0.719704623093
0.23984375		0.109738319236	0.71869041355
0.24015625		0.109115793813	0.717668922183
0.24046875		0.10849144238	0.716640034496
0.24078125		0.10786524446	0.715603633187
0.24109375		0.107237179162	0.71455959805
0.24140625		0.106607225169	0.713507805878
0.24171875		0.105975360727	0.71244813036
0.24203125		0.105341563629	0.711380441979
0.24234375		0.104705811205	0.710304607892
0.24265625		0.104068080305	0.709220491822
0.24296875		0.103428347285	0.708127953932
0.24328125		0.102786587993	0.707026850699
0.24359375		0.102142777754	0.705917034784
0.24390625		0.10149689135	0.704798354888
0.24421875		0.100848903005	0.703670655614
0.24453125		0.100198786371	0.702533777306
0.24484375		0.0995465144999	0.701387555901
0.24515625		0.098892059835	0.700231822752
0.24546875		0.0982353941835	0.69906640446
0.24578125		0.0975764886982	0.697891122689
0.24609375		0.0969153138551	0.696705793973
0.24640625		0.0962518394308	0.695510229517
0.24671875		0.095586034478	0.694304234983
0.24703125		0.0949178673011	0.693087610268
0.24734375		0.0942473054296	0.691860149271
0.24765625		0.0935743155909	0.690621639648
0.24796875		0.0928988636819	0.689371862552
0.24828125		0.0922209147388	0.688110592361
0.24859375		0.0915404329059	0.686837596391
0.24890625		0.0908573814027	0.685552634597
0.24921875		0.0901717224893	0.684255459251
0.24953125		0.0894834174306	0.682945814603
0.24984375		0.0887924264581	0.681623436536
0.25015625		0.0880987087302	0.680288052179
0.25046875		0.0874022222904	0.67893937952
0.25078125		0.0867029240231	0.677577126982
0.25109375		0.0860007696078	0.676200992978
0.25140625		0.08529571347	0.674810665446
0.25171875		0.0845877087301	0.673405821347
0.25203125		0.0838767071494	0.671986126137
0.25234375		0.0831626590731	0.670551233205
0.25265625		0.0824455133705	0.669100783282
0.25296875		0.0817252173708	0.667634403801
0.25328125		0.0810017167972	0.666151708228
0.25359375		0.0802749556949	0.664652295342
0.25390625		0.079544876357	0.663135748473
0.25421875		0.0788114192447	0.661601634682
0.25453125		0.0780745229032	0.660049503897
0.25484375		0.0773341238726	0.65847888798
0.25515625		0.0765901565935	0.65688929973
0.25546875		0.0758425533059	0.655280231827
0.25578125		0.0750912439428	0.653651155681
0.25609375		0.0743361560163	0.652001520221
0.25640625		0.0735772144969	0.650330750573
0.25671875		0.0728143416837	0.648638246657
0.25703125		0.0720474570676	0.646923381663
0.25734375		0.0712764771838	0.645185500424
0.25765625		0.0705013154545	0.643423917647
0.25796875		0.0697218820212	0.641637916017
0.25828125		0.0689380835644	0.639826744137
0.25859375		0.0681498231101	0.637989614305
0.25890625		0.0673569998231	0.636125700104
0.25921875		0.0665595087831	0.634234133783
0.25953125		0.065757240746	0.632314003418
0.25984375		0.0649500818842	0.630364349815
0.26015625		0.0641379135088	0.628384163146
0.26046875		0.0633206117674	0.62637237926
0.26078125		0.0624980473189	0.62432787567
0.26109375		0.0616700849798	0.622249467141
0.26140625		0.0608365833413	0.620135900865
0.26171875		0.0599973943528	0.617985851146
0.26203125		0.0591523628686	0.615797913558
0.26234375		0.0583013261536	0.613570598496
0.26265625		0.0574441133439	0.611302324045
0.26296875		0.0565805448555	0.608991408091
0.26328125		0.0557104317372	0.606636059552
0.26359375		0.0548335749591	0.604234368627
0.26390625		0.0539497646296	0.601784295921
0.26421875		0.0530587791313	0.599283660284
0.26453125		0.0521603841666	0.596730125177
0.26484375		0.0512543316986	0.594121183345
0.26515625		0.0503403587753	0.591454139543
0.26546875		0.0494181862197	0.588726090994
0.26578125		0.0484875171668	0.585933905226
0.26609375		0.0475480354243	0.583074194847
0.26640625		0.0465994036313	0.580143288722
0.26671875		0.0456412611824	0.577137198938
0.26703125		0.0446732218809	0.574051582774
0.26734375		0.0436948712747	0.57088169874
0.26765625		0.0427057636213	0.567622355542
0.26796875		0.0417054184181	0.564267852549
0.26828125		0.0406933164166	0.560811909997
0.26859375		0.039668895025	0.557247586732
0.26890625		0.0386315429811	0.553567182694
0.26921875		0.0375805941466	0.549762122631
0.26953125		0.0365153202415	0.545822816481
0.26984375		0.035434922288	0.541738490589
0.27015625		0.0343385204737	0.537496982084
0.27046875		0.0332251420644	0.533084486302
0.27078125		0.0320937068887	0.528485243762
0.27109375		0.030943009776	0.523681148393
0.27140625		0.0297716991353	0.518651251968
0.27171875		0.0285782505924	0.513371129839
0.27203125		0.0273609342349	0.507812058552
0.27234375		0.0261177734813	0.501939934138
0.27265625		0.0248464928311	0.495713826225
0.27296875		0.0235444506332	0.489084010159
0.27328125		0.0222085513311	0.48198923325
0.27359375		0.0208351290699	0.47435282709
0.27390625		0.01941979049	0.466077027118
0.27421875		0.0179571979428	0.457034405594
0.27453125		0.0164407632517	0.447054455568
0.27484375		0.0148622025427	0.435901602107
0.27515625		0.013210865763	0.423237068007
0.27546875		0.011472677086	0.408547762778
0.27578125		0.00962831959273	0.390999948206
0.27609375		0.00764945469293	0.369089628218
0.27640625		0.00554712464162	0.340526464256
0.27671875		0.00350677667207	0.303555822353
0.27703125		0.00177657879692	0.255986506323
0.27734375		0.000586571993593	0.193891729171
0.27765625		2.26396469715e-05	0.0849777576223
0.27796875		5.70098801446e-09	0.0108003242731
0.27828125		4.11323803411e-09	0.0100000484431
0.27859375		4.11315252811e-09	0.0100000000025
0.27890625		4.11315252376e-09	0.01
0.27921875		4.11315252376e-09	0.01
0.27953125		4.11315252376e-09	0.01
0.27984375		4.11315252376e-09	0.01
0.28015625		4.11315252376e-09	0.01
0.28046875		4.11315252376e-09	0.01
0.28078125		4.11315252376e-09	0.01
0.28109375		4.11315252376e-09	0.01
0.28140625		4.11315252376e-09	0.01
0.28171875		4.11315252376e-09	0.01
0.28203125		4.11315252376e-09	0.01
0.28234375		4.11315252376e-09	0.01
0.28265625		4.11315252376e-09	0.01
0.28296875		4.11315252376e-09	0.01
0.28328125		4.11315252376e-09	0.01
0.28359375		4.11315252376e-09	0.01
0.28390625		4.11315252376e-09	0.01
0.28421875		4.11315252376e-09	0.01
0.28453125		4.11315252376e-09	0.01
0.28484375		4.11315252376e-09	0.01
0.28515625		4.11315252376e-09	0.01
0.28546875		4.11315252376e-09	0.01
0.28578125		4.11315252376e-09	0.01
0.28609375		4.11315252376e-09	0.01
0.28640625		4.11315252376e-09	0.01
0.28671875		4.11315252376e-09	0.01
0.28703125		4.11315252376e-09	0.01
0.28734375		4.11315252376e-09	0.01
0.28765625		4.11315252376e-09	0.01
0.28796875		4.11315252376e-09	0.01
0.28828125		4.11315252376e-09	0.01
0.28859375		4.11315252376e-09	0.01
0.28890625		4.11315252376e-09	0.01
0.28921875		4.11315252376e-09	0.01
0.28953125		4.11315252376e-09	0.01
0.28984375		4.11315252376e-09	0.01
0.29015625		4.11315252376e-09	0.01
0.29046875		4.11315252376e-09	0.01
0.29078125		4.11315252376e-09	0.01
0.29109375		4.11315252376e-09	0.01
0.29140625		4.11315252376e-09	0.01
0.29171875		4.11315252376e-09	0.01
0.29203125		4.11315252376e-09	0.01
0.29234375		4.11315252376e-09	0.01
0.29265625		4.11315252376e-09	0.01
0.29296875		4.11315252376e-09	0.01
0.29328125		4.11315252376e-09	0.01
0.29359375		4.11315252376e-09	0.01
0.29390625		4.11315252376e-09	0.01
0.29421875		4.11315252376e-09	0.01
0.29453125		4.11315252376e-09	0.01
0.29484375		4.11315252376e-09	0.01
0.29515625		4.11315252376e-09	0.01
0.29546875		4.11315252376e-09	0.01
0.29578125		4.11315252376e-09	0.01
0.29609375		4.11315252376e-09	0.01
0.29640625		4.11315252376e-09	0.01
0.29671875		4.11315252376e-09	0.01
0.29703125		4.11315252376e-09	0.01
0.29734375		4.11315252376e-09	0.01
0.29765625		4.11315252376e-09	0.01
0.29796875		4.11315252376e-09	0.01
0.29828125		4.11315252376e-09	0.01
0.29859375		4.11315252376e-09	0.01
0.29890625		4.11315252376e-09	0.01
0.29921875		4.11315252376e-09	0.01
0.29953125		4.11315252376e-09	0.01
0.29984375		4.11315252376e-09	0.01
0.30015625		4.11315252376e-09	0.01
0.30046875		4.11315252376e-09	0.01
0.30078125		4.11315252376e-09	0.01
0.30109375		4.11315252376e-09	0.01
0.30140625		4.11315252376e-09	0.01
0.30171875		4.11315252376e-09	0.01
0.30203125		4.11315252376e-09	0.01
0.30234375		4.11315252376e-09	0.01
0.30265625		4.11315252376e-09	0.01
0.30296875		4.11315252376e-09	0.01
0.30328125		4.11315252376e-09	0.01
0.30359375		4.11315252376e-09	0.01
0.30390625		4.11315252376e-09	0.01
0.30421875		4.11315252376e-09	0.01
0.30453125		4.11315252376e-09	0.01
0.30484375		4.11315252376e-09	0.01
0.30515625		4.11315252376e-09	0.01
0.30546875		4.11315252376e-09	0.01
0.30578125		4.11315252376e-09	0.01
0.30609375		4.11315252376e-09	0.01
0.30640625		4.11315252376e-09	0.01
0.30671875		4.11315252376e-09	0.01
0.30703125		4.11315252376e-09	0.01
0.30734375		4.11315252376e-09	0.01
0.30765625		4.11315252376e-09	0.01
0.30796875		4.11315252376e-09	0.01
0.30828125		4.11315252376e-09	0.01
0.30859375		4.11315252376e-09	0.01
0.30890625		4.11315252376e-09	0.01
0.30921875		4.11315252376e-09	0.01
0.30953125		4.11315252376e-09	0.01
0.30984375		4.11315252376e-09	0.01
0.31015625		4.11315252376e-09	0.01
0.31046875		4.11315252376e-09	0.01
0.31078125		4.11315252376e-09	0.01
0.31109375		4.11315252376e-09	0.01
0.31140625		4.11315252376e-09	0.01
0.31171875		4.11315252376e-09	0.01
0.31203125		4.11315252376e-09	0.01
0.31234375		4.11315252376e-09	0.01
0.31265625		4.11315252376e-09	0.01
0.31296875		4.11315252376e-09	0.01
0.31328125		4.11315252376e-09	0.01
0.31359375		4.11315252376e-09	0.01
0.31390625		4.11315252376e-09	0.01
0.31421875		4.11315252376e-09	0.01
0.31453125		4.11315252376e-09	0.01
0.31484375		4.11315252376e-09	0.01
0.31515625		4.11315252376e-09	0.01
0.31546875		4.11315252376e-09	0.01
0.31578125		4.11315252376e-09	0.01
0.31609375		4.11315252376e-09	0.01
0.31640625		4.11315252376e-09	0.01
0.31671875		4.11315252376e-09	0.01
0.31703125		4.11315252376e-09	0.01
0.31734375		4.11315252376e-09	0.01
0.31765625		4.11315252376e-09	0.01
0.31796875		4.11315252376e-09	0.01
0.31828125		4.11315252376e-09	0.01
0.31859375		4.11315252376e-09	0.01
0.31890625		4.11315252376e-09	0.01
0.31921875		4.11315252376e-09	0.01
0.31953125		4.11315252376e-09	0.01
0.31984375		4.11315252376e-09	0.01
0.32015625		4.11315252376e-09	0.01
0.32046875		4.11315252376e-09	0.01
0.32078125		4.11315252376e-09	0.01
0.32109375		4.11315252376e-09	0.01
0.32140625		4.11315252376e-09	0.01
0.32171875		4.11315252376e-09	0.01
0.32203125		4.11315252376e-09	0.01
0.32234375		4.11315252376e-09	0.01
0.32265625		4.11315252376e-09	0.01
0.32296875		4.11315252376e-09	0.01
0.32328125		4.11315252376e-09	0.01
0.32359375		4.11315252376e-09	0.01
0.32390625		4.11315252376e-09	0.01
0.32421875		4.11315252376e-09	0.01
0.32453125		4.11315252376e-09	0.01
0.32484375		4.11315252376e-09	0.01
0.32515625		4.11315252376e-09	0.01
0.32546875		4.11315252376e-09	0.01
0.32578125		4.11315252376e-09	0.01
0.32609375		4.11315252376e-09	0.01
0.32640625		4.11315252376e-09	0.01
0.32671875		4.11315252376e-09	0.01
0.32703125		4.11315252376e-09	0.01
0.32734375		4.11315252376e-09	0.01
0.32765625		4.11315252376e-09	0.01
0.32796875		4.11315252376e-09	0.01
0.32828125		4.11315252376e-09	0.01
0.32859375		4.11315252376e-09	0.01
0.32890625		4.11315252376e-09	0.01
0.32921875		4.11315252376e-09	0.01
0.32953125		4.11315252376e-09	0.01
0.32984375		4.11315252376e-09	0.01
0.33015625		4.11315252376e-09	0.01
0.33046875		4.11315252376e-09	0.01
0.33078125		4.11315252376e-09	0.01
0.33109375		4.11315252376e-09	0.01
0.33140625		4.11315252376e-09	0.01
0.33171875		4.11315252376e-09	0.01
0.33203125		4.11315252376e-09	0.01
0.33234375		4.11315252376e-09	0.01
0.33265625		4.11315252376e-09	0.01
0.33296875		4.11315252376e-09	0.01
0.33328125		4.11315252376e-09	0.01
0.33359375		4.11315252376e-09	0.01
0.33390625		4.11315252376e-09	0.01
0.33421875		4.11315252376e-09	0.01
0.33453125		4.11315252376e-09	0.01
0.33484375		4.11315252376e-09	0.01
0.33515625		4.11315252376e-09	0.01
0.33546875		4.11315252376e-09	0.01
0.33578125		4.11315252376e-09	0.01
0.33609375		4.11315252376e-09	0.01
0.33640625		4.11315252376e-09	0.01
0.33671875		4.11315252376e-09	0.01
0.33703125		4.11315252376e-09	0.01
0.33734375		4.11315252376e-09	0.01
0.33765625		4.11315252376e-09	0.01
0.33796875		4.11315252376e-09	0.01
0.33828125		4.11315252376e-09	0.01
0.33859375		4.11315252376e-09	0.01
0.33890625		4.11315252376e-09	0.01
0.33921875		4.11315252376e-09	0.01
0.33953125		4.11315252376e-09	0.01
0.33984375		4.11315252376e-09	0.01
0.34015625		4.11315252376e-09	0.01
0.34046875		4.11315252376e-09	0.01
0.34078125		4.11315252376e-09	0.01
0.34109375		4.11315252376e-09	0.01
0.34140625		4.11315252376e-09	0.01
0.34171875		4.11315252376e-09	0.01
0.34203125		4.11315252376e-09	0.01
0.34234375		4.11315252376e-09	0.01
0.34265625		4.11315252376e-09	0.01
0.34296875		4.11315252376e-09	0.01
0.34328125		4.11315252376e-09	0.01
0.34359375		4.11315252376e-09	0.01
0.34390625		4.11315252376e-09	0.01
0.34421875		4.11315252376e-09	0.01
0.34453125		4.11315252376e-09	0.01
0.34484375		4.11315252376e-09	0.01
0.34515625		4.11315252376e-09	0.01
0.34546875		4.11315252376e-09	0.01
0.34578125		4.11315252376e-09	0.01
0.34609375		4.11315252376e-09	0.01
0.34640625		4.11315252376e-09	0.01
0.34671875		4.11315252376e-09	0.01
0.34703125		4.11315252376e-09	0.01
0.34734375		4.11315252376e-09	0.01
0.34765625		4.11315252376e-09	0.01
0.34796875		4.11315252376e-09	0.01
0.34828125		4.11315252376e-09	0.01
0.34859375		4.11315252376e-09	0.01
0.34890625		4.11315252376e-09	0.01
0.34921875		4.11315252376e-09	0.01
0.34953125		4.11315252376e-09	0.01
0.34984375		4.11315252376e-09	0.01
0.35015625		4.11315252376e-09	0.01
0.35046875		4.11315252376e-09	0.01
0.35078125		4.11315252376e-09	0.01
0.35109375		4.11315252376e-09	0.01
0.35140625		4.11315252376e-09	0.01
0.35171875		4.11315252376e-09	0.01
0.35203125		4.11315252376e-09	0.01
0.35234375		4.11315252376e-09	0.01
0.35265625		4.11315252376e-09	0.01
0.35296875		4.11315252376e-09	0.01
0.35328125		4.11315252376e-09	0.01
0.35359375		4.11315252376e-09	0.01
0.35390625		4.11315252376e-09	0.01
0.35421875		4.11315252376e-09	0.01
0.35453125		4.11315252376e-09	0.01
0.35484375		4.11315252376e-09	0.01
0.35515625		4.11315252376e-09	0.01
0.35546875		4.11315252376e-09	0.01
0.35578125		4.11315252376e-09	0.01
0.35609375		4.11315252376e-09	0.01
0.35640625		4.11315252376e-09	0.01
0.35671875		4.11315252376e-09	0.01
0.35703125		4.11315252376e-09	0.01
0.35734375		4.11315252376e-09	0.01
0.35765625		4.11315252376e-09	0.01
0.35796875		4.11315252376e-09	0.01
0.35828125		4.11315252376e-09	0.01
0.35859375		4.11315252376e-09	0.01
0.35890625		4.11315252376e-09	0.01
0.35921875		4.11315252376e-09	0.01
0.35953125		4.11315252376e-09	0.01
0.35984375		4.11315252376e-09	0.01
0.36015625		4.11315252376e-09	0.01
0.36046875		4.11315252376e-09	0.01
0.36078125		4.11315252376e-09	0.01
0.36109375		4.11315252376e-09	0.01
0.36140625		4.11315252376e-09	0.01
0.36171875		4.11315252376e-09	0.01
0.36203125		4.11315252376e-09	0.01
0.36234375		4.11315252376e-09	0.01
0.36265625		4.11315252376e-09	0.01
0.36296875		4.11315252376e-09	0.01
0.36328125		4.11315252376e-09	0.01
0.36359375		4.11315252376e-09	0.01
0.36390625		4.11315252376e-09	0.01
0.36421875		4.11315252376e-09	0.01
0.36453125		4.11315252376e-09	0.01
0.36484375		4.11315252376e-09	0.01
0.36515625		4.11315252376e-09	0.01
0.36546875		4.11315252376e-09	0.01
0.36578125		4.11315252376e-09	0.01
0.36609375		4.11315252376e-09	0.01
0.36640625		4.11315252376e-09	0.01
0.36671875		4.11315252376e-09	0.01
0.36703125		4.11315252376e-09	0.01
0.36734375		4.11315252376e-09	0.01
0.36765625		4.11315252376e-09	0.01
0.36796875		4.11315252376e-09	0.01
0.36828125		4.11315252376e-09	0.01
0.36859375		4.11315252376e-09	0.01
0.36890625		4.11315252376e-09	0.01
0.36921875		4.11315252376e-09	0.01
0.36953125		4.11315252376e-09	0.01
0.36984375		4.11315252376e-09	0.01
0.37015625		4.11315252376e-09	0.01
0.37046875		4.11315252376e-09	0.01
0.37078125		4.11315252376e-09	0.01
0.37109375		4.11315252376e-09	0.01
0.37140625		4.11315252376e-09	0.01
0.37171875		4.11315252376e-09	0.01
0.37203125		4.11315252376e-09	0.01
0.37234375		4.11315252376e-09	0.01
0.37265625		4.11315252376e-09	0.01
0.37296875		4.11315252376e-09	0.01
0.37328125		4.11315252376e-09	0.01
0.37359375		4.11315252376e-09	0.01
0.37390625		4.11315252376e-09	0.01
0.37421875		4.11315252376e-09	0.01
0.37453125		4.11315252376e-09	0.01
0.37484375		4.11315252376e-09	0.01
0.37515625		4.11315252376e-09	0.01
0.37546875		4.11315252376e-09	0.01
0.37578125		4.11315252376e-09	0.01
0.37609375		4.11315252376e-09	0.01
0.37640625		4.11315252376e-09	0.01
0.37671875		4.11315252376e-09	0.01
0.37703125		4.11315252376e-09	0.01
0.37734375		4.11315252376e-09	0.01
0.37765625		4.11315252376e-09	0.01
0.37796875		4.11315252376e-09	0.01
0.37828125		4.11315252376e-09	0.01
0.37859375		4.11315252376e-09	0.01
0.37890625		4.11315252376e-09	0.01
0.37921875		4.11315252376e-09	0.01
0.37953125		4.11315252376e-09	0.01
0.37984375		4.11315252376e-09	0.01
0.38015625		4.11315252376e-09	0.01
0.38046875		4.11315252376e-09	0.01
0.38078125		4.11315252376e-09	0.01
0.38109375		4.11315252376e-09	0.01
0.38140625		4.11315252376e-09	0.01
0.38171875		4.11315252376e-09	0.01
0.38203125		4.11315252376e-09	0.01
0.38234375		4.11315252376e-09	0.01
0.38265625		4.11315252376e-09	0.01
0.38296875		4.11315252376e-09	0.01
0.38328125		4.11315252376e-09	0.01
0.38359375		4.11315252376e-09	0.01
0.38390625		4.11315252376e-09	0.01
0.38421875		4.11315252376e-09	0.01
0.38453125		4.11315252376e-09	0.01
0.38484375		4.11315252376e-09	0.01
0.38515625		4.11315252376e-09	0.01
0.38546875		4.11315252376e-09	0.01
0.38578125		4.11315252376e-09	0.01
0.38609375		4.11315252376e-09	0.01
0.38640625		4.11315252376e-09	0.01
0.38671875		4.11315252376e-09	0.01
0.38703125		4.11315252376e-09	0.01
0.38734375		4.11315252376e-09	0.01
0.38765625		4.11315252376e-09	0.01
0.38796875		4.11315252376e-09	0.01
0.38828125		4.11315252376e-09	0.01
0.38859375		4.11315252376e-09	0.01
0.38890625		4.11315252376e-09	0.01
0.38921875		4.11315252376e-09	0.01
0.38953125		4.11315252376e-09	0.01
0.38984375		4.11315252376e-09	0.01
0.39015625		4.11315252376e-09	0.01
0.39046875		4.11315252376e-09	0.01
0.39078125		4.11315252376e-09	0.01
0.39109375		4.11315252376e-09	0.01
0.39140625		4.11315252376e-09	0.01
0.39171875		4.11315252376e-09	0.01
0.39203125		4.11315252376e-09	0.01
0.39234375		4.11315252376e-09	0.01
0.39265625		4.11315252376e-09	0.01
0.39296875		4.11315252376e-09	0.01
0.39328125		4.11315252376e-09	0.01
0.39359375		4.11315252376e-09	0.01
0.39390625		4.11315252376e-09	0.01
0.39421875		4.11315252376e-09	0.01
0.39453125		4.11315252376e-09	0.01
0.39484375		4.11315252376e-09	0.01
0.39515625		4.11315252376e-09	0.01
0.39546875		4.11315252376e-09	0.01
0.39578125		4.11315252376e-09	0.01
0.39609375		4.11315252376e-09	0.01
0.39640625		4.11315252376e-09	0.01
0.39671875		4.11315252376e-09	0.01
0.39703125		4.11315252376e-09	0.01
0.39734375		4.11315252376e-09	0.01
0.39765625		4.11315252376e-09	0.01
0.39796875		4.11315252376e-09	0.01
0.39828125		4.11315252376e-09	0.01
0.39859375		4.11315252376e-09	0.01
0.39890625		4.11315252376e-09	0.01
0.39921875		4.11315252376e-09	0.01
0.39953125		4.11315252376e-09	0.01
0.39984375		4.11315252376e-09	0.01
0.40015625		4.11315252376e-09	0.01
0.40046875		4.11315252376e-09	0.01
0.40078125		4.11315252376e-09	0.01
0.40109375		4.11315252376e-09	0.01
0.40140625		4.11315252376e-09	0.01
0.40171875		4.11315252376e-09	0.01
0.40203125		4.11315252376e-09	0.01
0.40234375		4.11315252376e-09	0.01
0.40265625		4.11315252376e-09	0.01
0.40296875		4.11315252376e-09	0.01
0.40328125		4.11315252376e-09	0.01
0.40359375		4.11315252376e-09	0.01
0.40390625		4.11315252376e-09	0.01
0.40421875		4.11315252376e-09	0.01
0.40453125		4.11315252376e-09	0.01
0.40484375		4.11315252376e-09	0.01
0.40515625		4.11315252376e-09	0.01
0.40546875		4.11315252376e-09	0.01
0.40578125		4.11315252376e-09	0.01
0.40609375		4.11315252376e-09	0.01
0.40640625		4.11315252376e-09	0.01
0.40671875		4.11315252376e-09	0.01
0.40703125		4.11315252376e-09	0.01
0.40734375		4.11315252376e-09	0.01
0.40765625		4.11315252376e-09	0.01
0.40796875		4.11315252376e-09	0.01
0.40828125		4.11315252376e-09	0.01
0.40859375		4.11315252376e-09	0.01
0.40890625		4.11315252376e-09	0.01
0.40921875		4.11315252376e-09	0.01
0.40953125		4.11315252376e-09	0.01
0.40984375		4.11315252376e-09	0.01
0.41015625		4.11315252376e-09	0.01
0.41046875		4.11315252376e-09	0.01
0.41078125		4.11315252376e-09	0.01
0.41109375		4.11315252376e-09	0.01
0.41140625		4.11315252376e-09	0.01
0.41171875		4.11315252376e-09	0.01
0.41203125		4.11315252376e-09	0.01
0.41234375		4.11315252376e-09	0.01
0.41265625		4.11315252376e-09	0.01
0.41296875		4.11315252376e-09	0.01
0.41328125		4.11315252376e-09	0.01
0.41359375		4.11315252376e-09	0.01
0.41390625		4.11315252376e-09	0.01
0.41421875		4.11315252376e-09	0.01
0.41453125		4.11315252376e-09	0.01
0.41484375		4.11315252376e-09	0.01
0.41515625		4.11315252376e-09	0.01
0.41546875		4.11315252376e-09	0.01
0.41578125		4.11315252376e-09	0.01
0.41609375		4.11315252376e-09	0.01
0.41640625		4.11315252376e-09	0.01
0.41671875		4.11315252376e-09	0.01
0.41703125		4.11315252376e-09	0.01
0.41734375		4.11315252376e-09	0.01
0.41765625		4.11315252376e-09	0.01
0.41796875		4.11315252376e-09	0.01
0.41828125		4.11315252376e-09	0.01
0.41859375		4.11315252376e-09	0.01
0.41890625		4.11315252376e-09	0.01
0.41921875		4.11315252376e-09	0.01
0.41953125		4.11315252376e-09	0.01
0.41984375		4.11315252376e-09	0.01
0.42015625		4.11315252376e-09	0.01
0.42046875		4.11315252376e-09	0.01
0.42078125		4.11315252376e-09	0.01
0.42109375		4.11315252376e-09	0.01
0.42140625		4.11315252376e-09	0.01
0.42171875		4.11315252376e-09	0.01
0.42203125		4.11315252376e-09	0.01
0.42234375		4.11315252376e-09	0.01
0.42265625		4.11315252376e-09	0.01
0.42296875		4.11315252376e-09	0.01
0.42328125		4.11315252376e-09	0.01
0.42359375		4.11315252376e-09	0.01
0.42390625		4.11315252376e-09	0.01
0.42421875		4.11315252376e-09	0.01
0.42453125		4.11315252376e-09	0.01
0.42484375		4.11315252376e-09	0.01
0.42515625		4.11315252376e-09	0.01
0.42546875		4.11315252376e-09	0.01
0.42578125		4.11315252376e-09	0.01
0.42609375		4.11315252376e-09	0.01
0.42640625		4.11315252376e-09	0.01
0.42671875		4.11315252376e-09	0.01
0.42703125		4.11315252376e-09	0.01
0.42734375		4.11315252376e-09	0.01
0.42765625		4.11315252376e-09	0.01
0.42796875		4.11315252376e-09	0.01
0.42828125		4.11315252376e-09	0.01
0.42859375		4.11315252376e-09	0.01
0.42890625		4.11315252376e-09	0.01
0.42921875		4.11315252376e-09	0.01
0.42953125		4.11315252376e-09	0.01
0.42984375		4.11315252376e-09	0.01
0.43015625		4.11315252376e-09	0.01
0.43046875		4.11315252376e-09	0.01
0.43078125		4.11315252376e-09	0.01
0.43109375		4.11315252376e-09	0.01
0.43140625		4.11315252376e-09	0.01
0.43171875		4.11315252376e-09	0.01
0.43203125		4.11315252376e-09	0.01
0.43234375		4.11315252376e-09	0.01
0.43265625		4.11315252376e-09	0.01
0.43296875		4.11315252376e-09	0.01
0.43328125		4.11315252376e-09	0.01
0.43359375		4.11315252376e-09	0.01
0.43390625		4.11315252376e-09	0.01
0.43421875		4.11315252376e-09	0.01
0.43453125		4.11315252376e-09	0.01
0.43484375		4.11315252376e-09	0.01
0.43515625		4.11315252376e-09	0.01
0.43546875		4.11315252376e-09	0.01
0.43578125		4.11315252376e-09	0.01
0.43609375		4.11315252376e-09	0.01
0.43640625		4.11315252376e-09	0.01
0.43671875		4.11315252376e-09	0.01
0.43703125		4.11315252376e-09	0.01
0.43734375		4.11315252376e-09	0.01
0.43765625		4.11315252376e-09	0.01
0.43796875		4.11315252376e-09	0.01
0.43828125		4.11315252376e-09	0.01
0.43859375		4.11315252376e-09	0.01
0.43890625		4.11315252376e-09	0.01
0.43921875		4.11315252376e-09	0.01
0.43953125		4.11315252376e-09	0.01
0.43984375		4.11315252376e-09	0.01
0.44015625		4.11315252376e-09	0.01
0.44046875		4.11315252376e-09	0.01
0.44078125		4.11315252376e-09	0.01
0.44109375		4.11315252376e-09	0.01
0.44140625		4.11315252376e-09	0.01
0.44171875		4.11315252376e-09	0.01
0.44203125		4.11315252376e-09	0.01
0.44234375		4.11315252376e-09	0.01
0.44265625		4.11315252376e-09	0.01
0.44296875		4.11315252376e-09	0.01
0.44328125		4.11315252376e-09	0.01
0.44359375		4.11315252376e-09	0.01
0.44390625		4.11315252376e-09	0.01
0.44421875		4.11315252376e-09	0.01
0.44453125		4.11315252376e-09	0.01
0.44484375		4.11315252376e-09	0.01
0.44515625		4.11315252376e-09	0.01
0.44546875		4.11315252376e-09	0.01
0.44578125		4.11315252376e-09	0.01
0.44609375		4.11315252376e-09	0.01
0.44640625		4.11315252376e-09	0.01
0.44671875		4.11315252376e-09	0.01
0.44703125		4.11315252376e-09	0.01
0.44734375		4.11315252376e-09	0.01
0.44765625		4.11315252376e-09	0.01
0.44796875		4.11315252376e-09	0.01
0.44828125		4.11315252376e-09	0.01
0.44859375		4.11315252376e-09	0.01
0.44890625		4.11315252376e-09	0.01
0.44921875		4.11315252376e-09	0.01
0.44953125		4.11315252376e-09	0.01
0.44984375		4.11315252376e-09	0.01
0.45015625		4.11315252376e-09	0.01
0.45046875		4.11315252376e-09	0.01
0.45078125		4.11315252376e-09	0.01
0.45109375		4.11315252376e-09	0.01
0.45140625		4.11315252376e-09	0.01
0.45171875		4.11315252376e-09	0.01
0.45203125		4.11315252376e-09	0.01
0.45234375		4.11315252376e-09	0.01
0.45265625		4.11315252376e-09	0.01
0.45296875		4.11315252376e-09	0.01
0.45328125		4.11315252376e-09	0.01
0.45359375		4.11315252376e-09	0.01
0.45390625		4.11315252376e-09	0.01
0.45421875		4.11315252376e-09	0.01
0.45453125		4.11315252376e-09	0.01
0.45484375		4.11315252376e-09	0.01
0.45515625		4.11315252376e-09	0.01
0.45546875		4.11315252376e-09	0.01
0.45578125		4.11315252376e-09	0.01
0.45609375		4.11315252376e-09	0.01
0.45640625		4.11315252376e-09	0.01
0.45671875		4.11315252376e-09	0.01
0.45703125		4.11315252376e-09	0.01
0.45734375		4.11315252376e-09	0.01
0.45765625		4.11315252376e-09	0.01
0.45796875		4.11315252376e-09	0.01
0.45828125		4.11315252376e-09	0.01
0.45859375		4.11315252376e-09	0.01
0.45890625		4.11315252376e-09	0.01
0.45921875		4.11315252376e-09	0.01
0.45953125		4.11315252376e-09	0.01
0.45984375		4.11315252376e-09	0.01
0.46015625		4.11315252376e-09	0.01
0.46046875		4.11315252376e-09	0.01
0.46078125		4.11315252376e-09	0.01
0.46109375		4.11315252376e-09	0.01
0.46140625		4.11315252376e-09	0.01
0.46171875		4.11315252376e-09	0.01
0.46203125		4.11315252376e-09	0.01
0.46234375		4.11315252376e-09	0.01
0.46265625		4.11315252376e-09	0.01
0.46296875		4.11315252376e-09	0.01
0.46328125		4.11315252376e-09	0.01
0.46359375		4.11315252376e-09	0.01
0.46390625		4.11315252376e-09	0.01
0.46421875		4.11315252376e-09	0.01
0.46453125		4.11315252376e-09	0.01
0.46484375		4.11315252376e-09	0.01
0.46515625		4.11315252376e-09	0.01
0.46546875		4.11315252376e-09	0.01
0.46578125		4.11315252376e-09	0.01
0.46609375		4.11315252376e-09	0.01
0.46640625		4.11315252376e-09	0.01
0.46671875		4.11315252376e-09	0.01
0.46703125		4.11315252376e-09	0.01
0.46734375		4.11315252376e-09	0.01
0.46765625		4.11315252376e-09	0.01
0.46796875		4.11315252376e-09	0.01
0.46828125		4.11315252376e-09	0.01
0.46859375		4.11315252376e-09	0.01
0.46890625		4.11315252376e-09	0.01
0.46921875		4.11315252376e-09	0.01
0.46953125		4.11315252376e-09	0.01
0.46984375		4.11315252376e-09	0.01
0.47015625		4.11315252376e-09	0.01
0.47046875		4.11315252376e-09	0.01
0.47078125		4.11315252376e-09	0.01
0.47109375		4.11315252376e-09	0.01
0.47140625		4.11315252376e-09	0.01
0.47171875		4.11315252376e-09	0.01
0.47203125		4.11315252376e-09	0.01
0.47234375		4.11315252376e-09	0.01
0.47265625		4.11315252376e-09	0.01
0.47296875		4.11315252376e-09	0.01
0.47328125		4.11315252376e-09	0.01
0.47359375		4.11315252376e-09	0.01
0.47390625		4.11315252376e-09	0.01
0.47421875		4.11315252376e-09	0.01
0.47453125		4.11315252376e-09	0.01
0.47484375		4.11315252376e-09	0.01
0.47515625		4.11315252376e-09	0.01
0.47546875		4.11315252376e-09	0.01
0.47578125		4.11315252376e-09	0.01
0.47609375		4.11315252376e-09	0.01
0.47640625		4.11315252376e-09	0.01
0.47671875		4.11315252376e-09	0.01
0.47703125		4.11315252376e-09	0.01
0.47734375		4.11315252376e-09	0.01
0.47765625		4.11315252376e-09	0.01
0.47796875		4.11315252376e-09	0.01
0.47828125		4.11315252376e-09	0.01
0.47859375		4.11315252376e-09	0.01
0.47890625		4.11315252376e-09	0.01
0.47921875		4.11315252376e-09	0.01
0.47953125		4.11315252376e-09	0.01
0.47984375		4.11315252376e-09	0.01
0.48015625		4.11315252376e-09	0.01
0.48046875		4.11315252376e-09	0.01
0.48078125		4.11315252376e-09	0.01
0.48109375		4.11315252376e-09	0.01
0.48140625		4.11315252376e-09	0.01
0.48171875		4.11315252376e-09	0.01
0.48203125		4.11315252376e-09	0.01
0.48234375		4.11315252376e-09	0.01
0.48265625		4.11315252376e-09	0.01
0.48296875		4.11315252376e-09	0.01
0.48328125		4.11315252376e-09	0.01
0.48359375		4.11315252376e-09	0.01
0.48390625		4.11315252376e-09	0.01
0.48421875		4.11315252376e-09	0.01
0.48453125		4.11315252376e-09	0.01
0.48484375		4.11315252376e-09	0.01
0.48515625		4.11315252376e-09	0.01
0.48546875		4.11315252376e-09	0.01
0.48578125		4.11315252376e-09	0.01
0.48609375		4.11315252376e-09	0.01
0.48640625		4.11315252376e-09	0.01
0.48671875		4.11315252376e-09	0.01
0.48703125		4.11315252376e-09	0.01
0.48734375		4.11315252376e-09	0.01
0.48765625		4.11315252376e-09	0.01
0.48796875		4.11315252376e-09	0.01
0.48828125		4.11315252376e-09	0.01
0.48859375		4.11315252376e-09	0.01
0.48890625		4.11315252376e-09	0.01
0.48921875		4.11315252376e-09	0.01
0.48953125		4.11315252376e-09	0.01
0.48984375		4.11315252376e-09	0.01
0.49015625		4.11315252376e-09	0.01
0.49046875		4.11315252376e-09	0.01
0.49078125		4.11315252376e-09	0.01
0.49109375		4.11315252376e-09	0.01
0.49140625		4.11315252376e-09	0.01
0.49171875		4.11315252376e-09	0.01
0.49203125		4.11315252376e-09	0.01
0.49234375		4.11315252376e-09	0.01
0.49265625		4.11315252376e-09	0.01
0.49296875		4.11315252376e-09	0.01
0.49328125		4.11315252376e-09	0.01
0.49359375		4.11315252376e-09	0.01
0.49390625		4.11315252376e-09	0.01
0.49421875		4.11315252376e-09	0.01
0.49453125		4.11315252376e-09	0.01
0.49484375		4.11315252376e-09	0.01
0.49515625		4.11315252376e-09	0.01
0.49546875		4.11315252376e-09	0.01
0.49578125		4.11315252376e-09	0.01
0.49609375		4.11315252376e-09	0.01
0.49640625		4.11315252376e-09	0.01
0.49671875		4.11315252376e-09	0.01
0.49703125		4.11315252376e-09	0.01
0.49734375		4.11315252376e-09	0.01
0.49765625		4.11315252376e-09	0.01
0.49796875		4.11315252376e-09	0.01
0.49828125		4.11315252376e-09	0.01
0.49859375		4.11315252376e-09	0.01
0.49890625		4.11315252376e-09	0.01
0.49921875		4.11315252376e-09	0.01
0.49953125		4.11315252376e-09	0.01
0.49984375		4.11315252376e-09	0.01
