0.00015625		0.409348046248	0.998802184168
0.00046875		0.409056884619	0.998624067072
0.00078125		0.408660833804	0.998382529732
0.00109375		0.408255650032	0.998135077351
0.00140625		0.407877363462	0.997903810686
0.00171875		0.407515676712	0.997682517825
0.00203125		0.407164234174	0.997467348375
0.00234375		0.406819651724	0.997256242061
0.00265625		0.406479950502	0.997047993913
0.00296875		0.406143832349	0.996841813698
0.00328125		0.405810294289	0.996637089609
0.00359375		0.405478583467	0.996433361708
0.00390625		0.40514819414	0.996230320936
0.00421875		0.404818799543	0.996027767701
0.00453125		0.404490170046	0.995825561667
0.00484375		0.404162127666	0.995623593958
0.00515625		0.403834521499	0.995421772095
0.00546875		0.403507226363	0.995220019166
0.00578125		0.403180151146	0.995018279113
0.00609375		0.402853231395	0.994816512244
0.00640625		0.402526414642	0.994614686162
0.00671875		0.40219965656	0.99441277341
0.00703125		0.401872922693	0.994210752593
0.00734375		0.401546189378	0.994008608899
0.00765625		0.401219429852	0.99380632552
0.00796875		0.400892613795	0.993603883485
0.00828125		0.400565719481	0.993401269124
0.00859375		0.400238729534	0.993198471382
0.00890625		0.399911629981	0.9929954813
0.00921875		0.399584409158	0.992792291329
0.00953125		0.399257056675	0.992588894693
0.00984375		0.398929562832	0.992385285027
0.01015625		0.398601919208	0.992181456749
0.01046875		0.398274118893	0.991977405204
0.01078125		0.397946156203	0.991773126489
0.01109375		0.397618026431	0.991568617301
0.01140625		0.397289725472	0.991363874702
0.01171875		0.396961249648	0.991158896013
0.01203125		0.396632595674	0.990953678797
0.01234375		0.396303760631	0.990748220837
0.01265625		0.395974741913	0.990542520106
0.01296875		0.395645537199	0.990336574751
0.01328125		0.39531614448	0.990130383109
0.01359375		0.39498656205	0.989923943703
0.01390625		0.394656788397	0.989717255174
0.01421875		0.394326822104	0.989510316218
0.01453125		0.393996661837	0.98930312558
0.01484375		0.393666306388	0.989095682082
0.01515625		0.39333575469	0.988887984629
0.01546875		0.393005005786	0.988680032194
0.01578125		0.392674058804	0.988471823802
0.01609375		0.392342912941	0.988263358515
0.01640625		0.39201156745	0.988054635431
0.01671875		0.391680021631	0.987845653673
0.01703125		0.391348274829	0.987636412393
0.01734375		0.391016326437	0.987426910766
0.01765625		0.390684175886	0.987217147995
0.01796875		0.39035182264	0.987007123296
0.01828125		0.390019266183	0.986796835897
0.01859375		0.389686506015	0.986586285037
0.01890625		0.389353541658	0.986375469963
0.01921875		0.389020372654	0.986164389934
0.01953125		0.388686998564	0.985953044218
0.01984375		0.38835341896	0.98574143209
0.02015625		0.388019633429	0.98552955283
0.02046875		0.387685641565	0.985317405723
0.02078125		0.38735144297	0.985104990055
0.02109375		0.387017037256	0.984892305116
0.02140625		0.386682424042	0.984679350199
0.02171875		0.386347602952	0.9844661246
0.02203125		0.386012573617	0.984252627615
0.02234375		0.385677335671	0.984038858539
0.02265625		0.385341888752	0.983824816671
0.02296875		0.385006232499	0.983610501307
0.02328125		0.384670366556	0.983395911742
0.02359375		0.384334290569	0.983181047273
0.02390625		0.383998004185	0.982965907194
0.02421875		0.383661507053	0.9827504908
0.02453125		0.383324798824	0.982534797382
0.02484375		0.382987879148	0.982318826232
0.02515625		0.382650747678	0.982102576638
0.02546875		0.382313404065	0.981886047889
0.02578125		0.381975847964	0.98166923927
0.02609375		0.381638079026	0.981452150065
0.02640625		0.381300096905	0.981234779555
0.02671875		0.380961901253	0.981017127018
0.02703125		0.380623491724	0.980799191734
0.02734375		0.38028486797	0.980580972975
0.02765625		0.379946029643	0.980362470014
0.02796875		0.379606976394	0.98014368212
0.02828125		0.379267707874	0.979924608561
0.02859375		0.378928223733	0.979705248602
0.02890625		0.378588523622	0.979485601503
0.02921875		0.378248607189	0.979265666524
0.02953125		0.377908474082	0.979045442921
0.02984375		0.377568123949	0.978824929947
0.03015625		0.377227556435	0.978604126854
0.03046875		0.376886771186	0.978383032889
0.03078125		0.376545767848	0.978161647296
0.03109375		0.376204546063	0.977939969319
0.03140625		0.375863105473	0.977717998194
0.03171875		0.375521445722	0.97749573316
0.03203125		0.375179566449	0.977273173447
0.03234375		0.374837467293	0.977050318287
0.03265625		0.374495147893	0.976827166906
0.03296875		0.374152607886	0.976603718528
0.03328125		0.37380984691	0.976379972373
0.03359375		0.373466864597	0.976155927658
0.03390625		0.373123660583	0.975931583598
0.03421875		0.3727802345	0.975706939404
0.03453125		0.372436585981	0.975481994283
0.03484375		0.372092714654	0.975256747441
0.03515625		0.371748620151	0.975031198078
0.03546875		0.371404302098	0.974805345393
0.03578125		0.371059760122	0.974579188579
0.03609375		0.37071499385	0.974352726829
0.03640625		0.370370002905	0.974125959331
0.03671875		0.370024786911	0.973898885268
0.03703125		0.369679345489	0.973671503823
0.03734375		0.36933367826	0.973443814173
0.03765625		0.368987784844	0.973215815493
0.03796875		0.368641664858	0.972987506953
0.03828125		0.36829531792	0.972758887721
0.03859375		0.367948743645	0.972529956961
0.03890625		0.367601941647	0.972300713833
0.03921875		0.367254911539	0.972071157495
0.03953125		0.366907652933	0.9718412871
0.03984375		0.366560165439	0.971611101797
0.04015625		0.366212448666	0.971380600733
0.04046875		0.365864502222	0.97114978305
0.04078125		0.365516325713	0.970918647888
0.04109375		0.365167918744	0.970687194381
0.04140625		0.364819280918	0.970455421661
0.04171875		0.364470411839	0.970223328856
0.04203125		0.364121311106	0.96999091509
0.04234375		0.363771978319	0.969758179484
0.04265625		0.363422413077	0.969525121154
0.04296875		0.363072614976	0.969291739213
0.04328125		0.362722583611	0.96905803277
0.04359375		0.362372318576	0.96882400093
0.04390625		0.362021819465	0.968589642795
0.04421875		0.361671085867	0.968354957462
0.04453125		0.361320117373	0.968119944024
0.04484375		0.36096891357	0.967884601571
0.04515625		0.360617474047	0.967648929189
0.04546875		0.360265798387	0.967412925959
0.04578125		0.359913886175	0.96717659096
0.04609375		0.359561736993	0.966939923264
0.04640625		0.359209350422	0.966702921941
0.04671875		0.358856726041	0.966465586057
0.04703125		0.358503863429	0.966227914673
0.04734375		0.358150762163	0.965989906847
0.04765625		0.357797421816	0.965751561631
0.04796875		0.357443841962	0.965512878075
0.04828125		0.357090022174	0.965273855223
0.04859375		0.356735962021	0.965034492116
0.04890625		0.356381661073	0.964794787791
0.04921875		0.356027118897	0.964554741278
0.04953125		0.355672335058	0.964314351607
0.04984375		0.355317309121	0.9640736178
0.05015625		0.354962040649	0.963832538877
0.05046875		0.354606529202	0.963591113852
0.05078125		0.354250774341	0.963349341736
0.05109375		0.353894775622	0.963107221534
0.05140625		0.353538532603	0.962864752248
0.05171875		0.353182044837	0.962621932874
0.05203125		0.352825311878	0.962378762406
0.05234375		0.352468333278	0.96213523983
0.05265625		0.352111108586	0.961891364131
0.05296875		0.35175363735	0.961647134287
0.05328125		0.351395919117	0.961402549272
0.05359375		0.351037953431	0.961157608056
0.05390625		0.350679739836	0.960912309603
0.05421875		0.350321277874	0.960666652874
0.05453125		0.349962567083	0.960420636823
0.05484375		0.349603607003	0.960174260402
0.05515625		0.34924439717	0.959927522555
0.05546875		0.348884937117	0.959680422225
0.05578125		0.348525226379	0.959432958346
0.05609375		0.348165264486	0.959185129851
0.05640625		0.347805050968	0.958936935665
0.05671875		0.347444585353	0.958688374711
0.05703125		0.347083867166	0.958439445903
0.05734375		0.346722895932	0.958190148154
0.05765625		0.346361671173	0.957940480369
0.05796875		0.34600019241	0.957690441451
0.05828125		0.345638459162	0.957440030295
0.05859375		0.345276470945	0.957189245792
0.05890625		0.344914227274	0.956938086828
0.05921875		0.344551727664	0.956686552284
0.05953125		0.344188971626	0.956434641035
0.05984375		0.343825958668	0.95618235195
0.06015625		0.3434626883	0.955929683896
0.06046875		0.343099160027	0.955676635731
0.06078125		0.342735373353	0.955423206309
0.06109375		0.34237132778	0.95516939448
0.06140625		0.342007022808	0.954915199086
0.06171875		0.341642457936	0.954660618966
0.06203125		0.34127763266	0.95440565295
0.06234375		0.340912546475	0.954150299868
0.06265625		0.340547198873	0.953894558538
0.06296875		0.340181589345	0.953638427778
0.06328125		0.339815717379	0.953381906396
0.06359375		0.339449582462	0.953124993198
0.06390625		0.339083184079	0.952867686981
0.06421875		0.338716521712	0.952609986538
0.06453125		0.338349594841	0.952351890657
0.06484375		0.337982402947	0.952093398118
0.06515625		0.337614945504	0.951834507696
0.06546875		0.337247221988	0.951575218161
0.06578125		0.336879231871	0.951315528277
0.06609375		0.336510974623	0.951055436799
0.06640625		0.336142449713	0.950794942481
0.06671875		0.335773656607	0.950534044066
0.06703125		0.335404594769	0.950272740295
0.06734375		0.335035263661	0.9500110299
0.06765625		0.334665662743	0.949748911608
0.06796875		0.334295791473	0.949486384139
0.06828125		0.333925649306	0.949223446208
0.06859375		0.333555235695	0.948960096523
0.06890625		0.333184550093	0.948696333785
0.06921875		0.332813591947	0.948432156689
0.06953125		0.332442360705	0.948167563925
0.06984375		0.332070855812	0.947902554175
0.07015625		0.331699076709	0.947637126113
0.07046875		0.331327022837	0.947371278411
0.07078125		0.330954693634	0.947105009729
0.07109375		0.330582088535	0.946838318724
0.07140625		0.330209206974	0.946571204045
0.07171875		0.329836048382	0.946303664334
0.07203125		0.329462612188	0.946035698228
0.07234375		0.329088897817	0.945767304355
0.07265625		0.328714904694	0.945498481336
0.07296875		0.328340632241	0.945229227787
0.07328125		0.327966079878	0.944959542315
0.07359375		0.32759124702	0.944689423522
0.07390625		0.327216133083	0.944418870001
0.07421875		0.326840737478	0.94414788034
0.07453125		0.326465059617	0.943876453116
0.07484375		0.326089098905	0.943604586904
0.07515625		0.325712854748	0.943332280268
0.07546875		0.325336326549	0.943059531764
0.07578125		0.324959513706	0.942786339945
0.07609375		0.324582415618	0.942512703353
0.07640625		0.32420503168	0.942238620522
0.07671875		0.323827361284	0.941964089981
0.07703125		0.323449403819	0.94168911025
0.07734375		0.323071158674	0.941413679842
0.07765625		0.322692625233	0.941137797261
0.07796875		0.322313802877	0.940861461005
0.07828125		0.321934690987	0.940584669563
0.07859375		0.32155528894	0.940307421416
0.07890625		0.32117559611	0.940029715039
0.07921875		0.320795611868	0.939751548896
0.07953125		0.320415335583	0.939472921445
0.07984375		0.320034766622	0.939193831136
0.08015625		0.319653904349	0.93891427641
0.08046875		0.319272748124	0.9386342557
0.08078125		0.318891297306	0.938353767431
0.08109375		0.318509551249	0.938072810019
0.08140625		0.318127509307	0.937791381873
0.08171875		0.317745170829	0.937509481393
0.08203125		0.317362535162	0.937227106969
0.08234375		0.316979601651	0.936944256984
0.08265625		0.316596369638	0.936660929813
0.08296875		0.31621283846	0.93637712382
0.08328125		0.315829007453	0.936092837363
0.08359375		0.31544487595	0.935808068789
0.08390625		0.315060443281	0.935522816436
0.08421875		0.314675708773	0.935237078636
0.08453125		0.31429067175	0.934950853708
0.08484375		0.313905331533	0.934664139966
0.08515625		0.31351968744	0.934376935711
0.08546875		0.313133738786	0.934089239237
0.08578125		0.312747484884	0.933801048828
0.08609375		0.312360925041	0.93351236276
0.08640625		0.311974058564	0.933223179297
0.08671875		0.311586884757	0.932933496697
0.08703125		0.311199402918	0.932643313205
0.08734375		0.310811612345	0.932352627058
0.08765625		0.31042351233	0.932061436483
0.08796875		0.310035102164	0.931769739699
0.08828125		0.309646381135	0.931477534911
0.08859375		0.309257348527	0.931184820319
0.08890625		0.308868003619	0.93089159411
0.08921875		0.30847834569	0.93059785446
0.08953125		0.308088374014	0.930303599539
0.08984375		0.307698087862	0.930008827502
0.09015625		0.307307486501	0.929713536497
0.09046875		0.306916569196	0.929417724661
0.09078125		0.306525335208	0.92912139012
0.09109375		0.306133783794	0.928824530989
0.09140625		0.305741914209	0.928527145373
0.09171875		0.305349725704	0.928229231366
0.09203125		0.304957217525	0.927930787053
0.09234375		0.304564388916	0.927631810506
0.09265625		0.304171239119	0.927332299785
0.09296875		0.30377776737	0.927032252943
0.09328125		0.303383972902	0.926731668019
0.09359375		0.302989854945	0.926430543041
0.09390625		0.302595412726	0.926128876027
0.09421875		0.302200645467	0.925826664981
0.09453125		0.301805552387	0.925523907899
0.09484375		0.301410132701	0.925220602763
0.09515625		0.301014385622	0.924916747544
0.09546875		0.300618310356	0.924612340202
0.09578125		0.300221906109	0.924307378684
0.09609375		0.299825172081	0.924001860926
0.09640625		0.299428107468	0.923695784851
0.09671875		0.299030711464	0.923389148372
0.09703125		0.298632983257	0.923081949387
0.09734375		0.298234922034	0.922774185783
0.09765625		0.297836526974	0.922465855436
0.09796875		0.297437797256	0.922156956206
0.09828125		0.297038732053	0.921847485945
0.09859375		0.296639330535	0.921537442488
0.09890625		0.296239591868	0.921226823661
0.09921875		0.295839515212	0.920915627273
0.09953125		0.295439099725	0.920603851124
0.09984375		0.295038344561	0.920291492998
0.10015625		0.294637248869	0.919978550667
0.10046875		0.294235811795	0.919665021891
0.10078125		0.293834032478	0.919350904413
0.10109375		0.293431910057	0.919036195966
0.10140625		0.293029443663	0.918720894267
0.10171875		0.292626632426	0.918404997022
0.10203125		0.292223475469	0.918088501919
0.10234375		0.291819971911	0.917771406636
0.10265625		0.291416120869	0.917453708835
0.10296875		0.291011921453	0.917135406164
0.10328125		0.290607372771	0.916816496256
0.10359375		0.290202473924	0.916496976731
0.10390625		0.28979722401	0.916176845194
0.10421875		0.289391622122	0.915856099235
0.10453125		0.288985667349	0.915534736428
0.10484375		0.288579358776	0.915212754334
0.10515625		0.288172695481	0.914890150499
0.10546875		0.287765676541	0.914566922452
0.10578125		0.287358301024	0.914243067708
0.10609375		0.286950567997	0.913918583766
0.10640625		0.286542476521	0.913593468111
0.10671875		0.286134025651	0.913267718209
0.10703125		0.285725214439	0.912941331514
0.10734375		0.285316041931	0.912614305461
0.10765625		0.284906507169	0.91228663747
0.10796875		0.28449660919	0.911958324946
0.10828125		0.284086347025	0.911629365275
0.10859375		0.283675719701	0.911299755829
0.10890625		0.28326472624	0.910969493962
0.10921875		0.282853365658	0.910638577011
0.10953125		0.282441636968	0.910307002297
0.10984375		0.282029539175	0.909974767123
0.11015625		0.28161707128	0.909641868775
0.11046875		0.281204232281	0.909308304522
0.11078125		0.280791021167	0.908974071615
0.11109375		0.280377436924	0.908639167289
0.11140625		0.279963478532	0.908303588757
0.11171875		0.279549144967	0.907967333218
0.11203125		0.279134435198	0.907630397852
0.11234375		0.278719348188	0.907292779819
0.11265625		0.278303882896	0.906954476262
0.11296875		0.277888038275	0.906615484304
0.11328125		0.277471813273	0.906275801052
0.11359375		0.27705520683	0.905935423591
0.11390625		0.276638217884	0.905594348988
0.11421875		0.276220845365	0.905252574291
0.11453125		0.275803088197	0.904910096527
0.11484375		0.275384945299	0.904566912706
0.11515625		0.274966415584	0.904223019815
0.11546875		0.27454749796	0.903878414824
0.11578125		0.274128191327	0.90353309468
0.11609375		0.273708494581	0.903187056312
0.11640625		0.27328840661	0.902840296627
0.11671875		0.272867926298	0.902492812511
0.11703125		0.272447052523	0.90214460083
0.11734375		0.272025784154	0.901795658429
0.11765625		0.271604120056	0.90144598213
0.11796875		0.271182059088	0.901095568735
0.11828125		0.270759600102	0.900744415025
0.11859375		0.270336741943	0.900392517755
0.11890625		0.269913483451	0.900039873664
0.11921875		0.269489823458	0.899686479463
0.11953125		0.26906576079	0.899332331844
0.11984375		0.268641294268	0.898977427474
0.12015625		0.268216422704	0.898621762999
0.12046875		0.267791144904	0.89826533504
0.12078125		0.267365459669	0.897908140197
0.12109375		0.266939365791	0.897550175043
0.12140625		0.266512862055	0.89719143613
0.12171875		0.266085947242	0.896831919984
0.12203125		0.265658620123	0.896471623108
0.12234375		0.265230879464	0.89611054198
0.12265625		0.264802724021	0.895748673054
0.12296875		0.264374152547	0.895386012757
0.12328125		0.263945163784	0.895022557492
0.12359375		0.26351575647	0.894658303637
0.12390625		0.263085929334	0.894293247543
0.12421875		0.262655681096	0.893927385536
0.12453125		0.262225010472	0.893560713917
0.12484375		0.261793916168	0.893193228956
0.12515625		0.261362396884	0.892824926902
0.12546875		0.260930451312	0.892455803972
0.12578125		0.260498078134	0.89208585636
0.12609375		0.260065276028	0.891715080228
0.12640625		0.259632043661	0.891343471715
0.12671875		0.259198379695	0.890971026927
0.12703125		0.258764282781	0.890597741946
0.12734375		0.258329751565	0.890223612823
0.12765625		0.257894784682	0.88984863558
0.12796875		0.257459380761	0.88947280621
0.12828125		0.257023538422	0.889096120678
0.12859375		0.256587256277	0.888718574918
0.12890625		0.256150532929	0.888340164832
0.12921875		0.255713366972	0.887960886295
0.12953125		0.255275756994	0.887580735149
0.12984375		0.254837701572	0.887199707206
0.13015625		0.254399199275	0.886817798246
0.13046875		0.253960248664	0.886435004018
0.13078125		0.253520848289	0.88605132024
0.13109375		0.253080996695	0.885666742594
0.13140625		0.252640692413	0.885281266733
0.13171875		0.25219993397	0.884894888275
0.13203125		0.251758719879	0.884507602807
0.13234375		0.251317048648	0.88411940588
0.13265625		0.250874918774	0.883730293011
0.13296875		0.250432328743	0.883340259685
0.13328125		0.249989277035	0.882949301349
0.13359375		0.249545762117	0.882557413418
0.13390625		0.249101782448	0.882164591269
0.13421875		0.248657336477	0.881770830246
0.13453125		0.248212422645	0.881376125654
0.13484375		0.247767039379	0.880980472762
0.13515625		0.247321185099	0.880583866804
0.13546875		0.246874858215	0.880186302974
0.13578125		0.246428057126	0.879787776431
0.13609375		0.24598078022	0.879388282293
0.13640625		0.245533025876	0.878987815641
0.13671875		0.245084792461	0.878586371517
0.13703125		0.244636078334	0.878183944924
0.13734375		0.24418688184	0.877780530824
0.13765625		0.243737201316	0.877376124138
0.13796875		0.243287035087	0.87697071975
0.13828125		0.242836381466	0.876564312499
0.13859375		0.242385238757	0.876156897185
0.13890625		0.241933605251	0.875748468563
0.13921875		0.241481479229	0.875339021349
0.13953125		0.241028858961	0.874928550213
0.13984375		0.240575742703	0.874517049784
0.14015625		0.240122128701	0.874104514646
0.14046875		0.239668015191	0.873690939338
0.14078125		0.239213400393	0.873276318355
0.14109375		0.238758282519	0.872860646146
0.14140625		0.238302659767	0.872443917114
0.14171875		0.237846530324	0.872026125617
0.14203125		0.237389892362	0.871607265964
0.14234375		0.236932744044	0.871187332417
0.14265625		0.236475083518	0.870766319192
0.14296875		0.236016908921	0.870344220454
0.14328125		0.235558218376	0.869921030319
0.14359375		0.235099009993	0.869496742855
0.14390625		0.23463928187	0.869071352079
0.14421875		0.23417903209	0.868644851956
0.14453125		0.233718258726	0.8682172364
0.14484375		0.233256959835	0.867788499275
0.14515625		0.232795133459	0.86735863439
0.14546875		0.23233277763	0.866927635502
0.14578125		0.231869890364	0.866495496313
0.14609375		0.231406469662	0.866062210473
0.14640625		0.230942513514	0.865627771572
0.14671875		0.230478019893	0.865192173151
0.14703125		0.230012986758	0.864755408688
0.14734375		0.229547412054	0.864317471608
0.14765625		0.229081293712	0.863878355277
0.14796875		0.228614629645	0.863438053003
0.14828125		0.228147417756	0.862996558033
0.14859375		0.227679655928	0.862553863556
0.14890625		0.227211342031	0.862109962701
0.14921875		0.22674247392	0.861664848533
0.14953125		0.226273049432	0.861218514057
0.14984375		0.22580306639	0.860770952214
0.15015625		0.225332522602	0.860322155883
0.15046875		0.224861415856	0.859872117877
0.15078125		0.224389743927	0.859420830944
0.15109375		0.223917504573	0.858968287767
0.15140625		0.223444695534	0.858514480961
0.15171875		0.222971314535	0.858059403075
0.15203125		0.222497359281	0.857603046587
0.15234375		0.222022827463	0.857145403908
0.15265625		0.221547716753	0.856686467378
0.15296875		0.221072024805	0.856226229266
0.15328125		0.220595749256	0.855764681768
0.15359375		0.220118887724	0.85530181701
0.15390625		0.21964143781	0.85483762704
0.15421875		0.219163397097	0.854372103835
0.15453125		0.218684763146	0.853905239294
0.15484375		0.218205533504	0.853437025241
0.15515625		0.217725705695	0.85296745342
0.15546875		0.217245277226	0.852496515499
0.15578125		0.216764245584	0.852024203065
0.15609375		0.216282608235	0.851550507625
0.15640625		0.215800362628	0.851075420602
0.15671875		0.215317506188	0.850598933339
0.15703125		0.214834036324	0.850121037094
0.15734375		0.214349950421	0.849641723039
0.15765625		0.213865245844	0.849160982262
0.15796875		0.213379919938	0.848678805762
0.15828125		0.212893970025	0.848195184449
0.15859375		0.212407393408	0.847710109146
0.15890625		0.211920187365	0.847223570583
0.15921875		0.211432349154	0.846735559397
0.15953125		0.210943876011	0.846246066135
0.15984375		0.210454765148	0.845755081248
0.16015625		0.209965013755	0.845262595089
0.16046875		0.209474618999	0.844768597916
0.16078125		0.208983578023	0.844273079889
0.16109375		0.208491887946	0.843776031067
0.16140625		0.207999545864	0.843277441408
0.16171875		0.20750654885	0.842777300768
0.16203125		0.207012893949	0.842275598898
0.16234375		0.206518578184	0.841772325444
0.16265625		0.206023598551	0.841267469945
0.16296875		0.205527952023	0.840761021831
0.16328125		0.205031635546	0.840252970424
0.16359375		0.204534646038	0.839743304932
0.16390625		0.204036980394	0.839232014451
0.16421875		0.203538635479	0.838719087962
0.16453125		0.203039608135	0.83820451433
0.16484375		0.202539895173	0.837688282303
0.16515625		0.202039493377	0.837170380505
0.16546875		0.201538399505	0.836650797445
0.16578125		0.201036610284	0.836129521502
0.16609375		0.200534122414	0.835606540936
0.16640625		0.200030932565	0.835081843875
0.16671875		0.199527037378	0.834555418322
0.16703125		0.199022433464	0.834027252148
0.16734375		0.198517117403	0.833497333091
0.16765625		0.198011085746	0.832965648755
0.16796875		0.19750433501	0.832432186607
0.16828125		0.196996861685	0.831896933976
0.16859375		0.196488662225	0.83135987805
0.16890625		0.195979733054	0.830821005874
0.16921875		0.195470070562	0.830280304349
0.16953125		0.194959671107	0.829737760229
0.16984375		0.194448531014	0.829193360116
0.17015625		0.193936646571	0.828647090462
0.17046875		0.193424014035	0.828098937567
0.17078125		0.192910629627	0.827548887571
0.17109375		0.192396489531	0.826996926458
0.17140625		0.191881589896	0.826443040048
0.17171875		0.191365926837	0.825887214001
0.17203125		0.190849496428	0.825329433806
0.17234375		0.190332294709	0.824769684786
0.17265625		0.189814317681	0.824207952092
0.17296875		0.189295561306	0.8236442207
0.17328125		0.188776021508	0.823078475408
0.17359375		0.188255694172	0.822510700836
0.17390625		0.18773457514	0.82194088142
0.17421875		0.187212660218	0.821369001408
0.17453125		0.186689945167	0.820795044864
0.17484375		0.186166425709	0.820218995654
0.17515625		0.185642097521	0.819640837454
0.17546875		0.18511695624	0.819060553738
0.17578125		0.184590997457	0.818478127781
0.17609375		0.18406421672	0.817893542651
0.17640625		0.183536609532	0.817306781208
0.17671875		0.183008171352	0.816717826102
0.17703125		0.182478897591	0.816126659765
0.17734375		0.181948783613	0.81553326441
0.17765625		0.181417824736	0.81493762203
0.17796875		0.180886016229	0.814339714388
0.17828125		0.180353353313	0.813739523019
0.17859375		0.179819831158	0.813137029222
0.17890625		0.179285444884	0.812532214058
0.17921875		0.178750189562	0.811925058345
0.17953125		0.178214060208	0.811315542656
0.17984375		0.177677051788	0.81070364731
0.18015625		0.177139159212	0.810089352372
0.18046875		0.176600377339	0.809472637647
0.18078125		0.176060700969	0.808853482675
0.18109375		0.175520124849	0.808231866726
0.18140625		0.174978643669	0.807607768796
0.18171875		0.17443625206	0.806981167603
0.18203125		0.173892944594	0.806352041579
0.18234375		0.173348715786	0.805720368868
0.18265625		0.172803560088	0.805086127318
0.18296875		0.172257471892	0.804449294478
0.18328125		0.171710445528	0.803809847591
0.18359375		0.17116247526	0.803167763588
0.18390625		0.17061355529	0.802523019084
0.18421875		0.170063679755	0.80187559037
0.18453125		0.169512842723	0.80122545341
0.18484375		0.168961038196	0.800572583829
0.18515625		0.168408260107	0.799916956914
0.18546875		0.16785450232	0.799258547602
0.18578125		0.167299758627	0.798597330476
0.18609375		0.166744022747	0.797933279756
0.18640625		0.166187288327	0.797266369295
0.18671875		0.165629548938	0.796596572569
0.18703125		0.165070798078	0.795923862672
0.18734375		0.164511029165	0.795248212304
0.18765625		0.163950235538	0.794569593772
0.18796875		0.163388410459	0.793887978972
0.18828125		0.162825547106	0.793203339387
0.18859375		0.162261638577	0.792515646079
0.18890625		0.161696677883	0.791824869676
0.18921875		0.16113065795	0.791130980366
0.18953125		0.16056357162	0.790433947892
0.18984375		0.159995411643	0.789733741533
0.19015625		0.15942617068	0.789030330104
0.19046875		0.1588558413	0.788323681943
0.19078125		0.158284415978	0.787613764899
0.19109375		0.157711887096	0.786900546323
0.19140625		0.157138246936	0.78618399306
0.19171875		0.156563487683	0.785464071434
0.19203125		0.155987601421	0.784740747243
0.19234375		0.155410580134	0.78401398574
0.19265625		0.154832415697	0.783283751626
0.19296875		0.154253099884	0.782550009039
0.19328125		0.153672624356	0.781812721539
0.19359375		0.153090980667	0.781071852096
0.19390625		0.152508160258	0.780327363077
0.19421875		0.151924154455	0.779579216234
0.19453125		0.151338954466	0.778827372689
0.19484375		0.150752551383	0.778071792921
0.19515625		0.150164936174	0.777312436748
0.19546875		0.149576099685	0.776549263316
0.19578125		0.148986032635	0.775782231085
0.19609375		0.148394725615	0.775011297807
0.19640625		0.147802169083	0.774236420515
0.19671875		0.147208353366	0.773457555504
0.19703125		0.146613268652	0.772674658314
0.19734375		0.146016904991	0.771887683714
0.19765625		0.14541925229	0.77109658568
0.19796875		0.144820300313	0.770301317382
0.19828125		0.144220038672	0.769501831157
0.19859375		0.143618456832	0.768698078496
0.19890625		0.143015544101	0.767890010021
0.19921875		0.14241128963	0.767077575459
0.19953125		0.14180568241	0.76626072363
0.19984375		0.141198711265	0.765439402416
0.20015625		0.140590364855	0.76461355874
0.20046875		0.139980631665	0.763783138544
0.20078125		0.139369500005	0.762948086762
0.20109375		0.138756958009	0.762108347297
0.20140625		0.138142993624	0.76126386299
0.20171875		0.137527594612	0.760414575598
0.20203125		0.136910748543	0.759560425764
0.20234375		0.136292442791	0.758701352984
0.20265625		0.135672664532	0.757837295585
0.20296875		0.135051400733	0.756968190686
0.20328125		0.134428638156	0.756093974172
0.20359375		0.133804363346	0.755214580655
0.20390625		0.13317856263	0.754329943448
0.20421875		0.13255122211	0.753439994519
0.20453125		0.13192232766	0.752544664464
0.20484375		0.131291864915	0.751643882463
0.20515625		0.130659819273	0.750737576245
0.20546875		0.130026175884	0.749825672042
0.20578125		0.129390919644	0.748908094552
0.20609375		0.128754035193	0.747984766893
0.20640625		0.128115506904	0.747055610559
0.20671875		0.127475318877	0.746120545371
0.20703125		0.126833454936	0.745179489432
0.20734375		0.126189898618	0.744232359072
0.20765625		0.125544633167	0.743279068802
0.20796875		0.124897641526	0.742319531253
0.20828125		0.124248906331	0.741353657124
0.20859375		0.123598409902	0.740381355125
0.20890625		0.122946134231	0.739402531913
0.20921875		0.122292060982	0.73841709203
0.20953125		0.121636171473	0.737424937839
0.20984375		0.120978446673	0.736425969454
0.21015625		0.120318867189	0.735420084673
0.21046875		0.119657413257	0.7344071789
0.21078125		0.118994064734	0.733387145073
0.21109375		0.118328801084	0.732359873582
0.21140625		0.117661601369	0.731325252186
0.21171875		0.116992444237	0.730283165928
0.21203125		0.116321307912	0.729233497046
0.21234375		0.115648170178	0.728176124878
0.21265625		0.11497300837	0.727110925766
0.21296875		0.114295799358	0.726037772952
0.21328125		0.113616519537	0.724956536477
0.21359375		0.112935144809	0.723867083062
0.21390625		0.112251650569	0.722769276004
0.21421875		0.111566011691	0.721662975045
0.21453125		0.110878202512	0.720548036251
0.21484375		0.110188196814	0.719424311881
0.21515625		0.109495967809	0.718291650248
0.21546875		0.108801488117	0.717149895575
0.21578125		0.108104729752	0.715998887845
0.21609375		0.1074056641	0.714838462643
0.21640625		0.106704261899	0.713668450991
0.21671875		0.106000493216	0.712488679176
0.21703125		0.105294327431	0.711298968568
0.21734375		0.104585733206	0.710099135428
0.21765625		0.103874678465	0.708888990713
0.21796875		0.103161130371	0.70766833986
0.21828125		0.102445055296	0.706436982574
0.21859375		0.101726418795	0.705194712591
0.21890625		0.101005185576	0.703941317435
0.21921875		0.100281319474	0.702676578168
0.21953125		0.0995547834154	0.701400269115
0.21984375		0.0988255393868	0.700112157583
0.22015625		0.0980935484006	0.698812003563
0.22046875		0.0973587704591	0.697499559416
0.22078125		0.0966211645161	0.696174569539
0.22109375		0.0958806884378	0.694836770018
0.22140625		0.0951372989608	0.693485888253
0.22171875		0.0943909516484	0.692121642575
0.22203125		0.0936416008447	0.690743741825
0.22234375		0.0928891996262	0.689351884922
0.22265625		0.092133699751	0.687945760397
0.22296875		0.0913750516054	0.686525045905
0.22328125		0.090613204147	0.685089407702
0.22359375		0.0898481048458	0.683638500098
0.22390625		0.0890796996213	0.682171964867
0.22421875		0.0883079327761	0.680689430624
0.22453125		0.0875327469263	0.679190512169
0.22484375		0.0867540829276	0.677674809776
0.22515625		0.0859718797972	0.676141908445
0.22546875		0.0851860746306	0.674591377106
0.22578125		0.084396602515	0.673022767759
0.22609375		0.0836033964355	0.671435614569
0.22640625		0.0828063871772	0.669829432889
0.22671875		0.0820055032204	0.668203718219
0.22703125		0.0812006706296	0.666557945091
0.22734375		0.0803918129353	0.664891565873
0.22765625		0.0795788510081	0.663204009489
0.22796875		0.078761702925	0.661494680037
0.22828125		0.0779402838263	0.65976295531
0.22859375		0.0771145057629	0.658008185203
0.22890625		0.0762842775338	0.656229689995
0.22921875		0.0754495045114	0.654426758494
0.22953125		0.0746100884549	0.652598646037
0.22984375		0.0737659273104	0.650744572324
0.23015625		0.0729169149963	0.648863719075
0.23046875		0.0720629411724	0.646955227489
0.23078125		0.0712038909922	0.645018195483
0.23109375		0.0703396448356	0.643051674693
0.23140625		0.069470078021	0.641054667203
0.23171875		0.0685950604944	0.639026121988
0.23203125		0.0677144564931	0.636964931017
0.23234375		0.0668281241818	0.634869924997
0.23265625		0.0659359152581	0.632739868708
0.23296875		0.0650376745236	0.630573455877
0.23328125		0.0641332394185	0.628369303545
0.23359375		0.0632224395134	0.62612594586
0.23390625		0.0623050959556	0.623841827222
0.23421875		0.0613810208633	0.621515294697
0.23453125		0.0604500166627	0.619144589611
0.23484375		0.0595118753604	0.616727838203
0.23515625		0.0585663777436	0.614263041223
0.23546875		0.0576132924988	0.611748062311
0.23578125		0.0566523752391	0.609180614989
0.23609375		0.0556833674281	0.606558248067
0.23640625		0.0547059951861	0.603878329214
0.23671875		0.0537199679631	0.601138026413
0.23703125		0.0527249770594	0.598334286969
0.23734375		0.0517206939721	0.595463813655
0.23765625		0.0507067685425	0.592523037534
0.23796875		0.0496828268722	0.589508086862
0.23828125		0.0486484689736	0.586414751387
0.23859375		0.0476032661116	0.583238441189
0.23890625		0.0465467577839	0.579974139028
0.23921875		0.0454784482805	0.576616344924
0.23953125		0.0443978027448	0.573159011389
0.23984375		0.0433042426488	0.569595467361
0.24015625		0.0421971405672	0.565918328357
0.24046875		0.0410758141168	0.562119389737
0.24078125		0.0399395188876	0.558189499111
0.24109375		0.0387874401534	0.554118402759
0.24140625		0.0376186830918	0.549894559433
0.24171875		0.0364322611692	0.54550491281
0.24203125		0.0352270822478	0.540934611018
0.24234375		0.0340019318398	0.536166657669
0.24265625		0.0327554527498	0.531181473189
0.24296875		0.0314861200963	0.525956337159
0.24328125		0.0301922103487	0.520464670473
0.24359375		0.0288717625126	0.514675098497
0.24390625		0.0275225288595	0.508550209386
0.24421875		0.0261419115118	0.502044879652
0.24453125		0.024726879549	0.495103971519
0.24484375		0.0232738587463	0.487659094909
0.24515625		0.0217785819977	0.479623935641
0.24546875		0.0202358818028	0.470887310514
0.24578125		0.0186393948421	0.461302473134
0.24609375		0.0169811284935	0.450669936545
0.24640625		0.015250801309	0.438708420548
0.24671875		0.0134347930046	0.42500241844
0.24703125		0.0115143655951	0.408899176835
0.24734375		0.00946232421958	0.389280786753
0.24765625		0.00723513351671	0.363956150455
0.24796875		0.00492085498179	0.33042811126
0.24828125		0.00278759298391	0.286516578849
0.24859375		0.00115433506171	0.229564595334
0.24890625		0.000243892211708	0.155005691358
0.24921875		1.43633283935e-07	0.0237808356237
0.24953125		4.11925317055e-09	0.0100033945738
0.24984375		4.11315280013e-09	0.0100000001544
0.25015625		4.11315252376e-09	0.01
0.25046875		4.11315252376e-09	0.01
0.25078125		4.11315252376e-09	0.01
0.25109375		4.11315252376e-09	0.01
0.25140625		4.11315252376e-09	0.01
0.25171875		4.11315252376e-09	0.01
0.25203125		4.11315252376e-09	0.01
0.25234375		4.11315252376e-09	0.01
0.25265625		4.11315252376e-09	0.01
0.25296875		4.11315252376e-09	0.01
0.25328125		4.11315252376e-09	0.01
0.25359375		4.11315252376e-09	0.01
0.25390625		4.11315252376e-09	0.01
0.25421875		4.11315252376e-09	0.01
0.25453125		4.11315252376e-09	0.01
0.25484375		4.11315252376e-09	0.01
0.25515625		4.11315252376e-09	0.01
0.25546875		4.11315252376e-09	0.01
0.25578125		4.11315252376e-09	0.01
0.25609375		4.11315252376e-09	0.01
0.25640625		4.11315252376e-09	0.01
0.25671875		4.11315252376e-09	0.01
0.25703125		4.11315252376e-09	0.01
0.25734375		4.11315252376e-09	0.01
0.25765625		4.11315252376e-09	0.01
0.25796875		4.11315252376e-09	0.01
0.25828125		4.11315252376e-09	0.01
0.25859375		4.11315252376e-09	0.01
0.25890625		4.11315252376e-09	0.01
0.25921875		4.11315252376e-09	0.01
0.25953125		4.11315252376e-09	0.01
0.25984375		4.11315252376e-09	0.01
0.26015625		4.11315252376e-09	0.01
0.26046875		4.11315252376e-09	0.01
0.26078125		4.11315252376e-09	0.01
0.26109375		4.11315252376e-09	0.01
0.26140625		4.11315252376e-09	0.01
0.26171875		4.11315252376e-09	0.01
0.26203125		4.11315252376e-09	0.01
0.26234375		4.11315252376e-09	0.01
0.26265625		4.11315252376e-09	0.01
0.26296875		4.11315252376e-09	0.01
0.26328125		4.11315252376e-09	0.01
0.26359375		4.11315252376e-09	0.01
0.26390625		4.11315252376e-09	0.01
0.26421875		4.11315252376e-09	0.01
0.26453125		4.11315252376e-09	0.01
0.26484375		4.11315252376e-09	0.01
0.26515625		4.11315252376e-09	0.01
0.26546875		4.11315252376e-09	0.01
0.26578125		4.11315252376e-09	0.01
0.26609375		4.11315252376e-09	0.01
0.26640625		4.11315252376e-09	0.01
0.26671875		4.11315252376e-09	0.01
0.26703125		4.11315252376e-09	0.01
0.26734375		4.11315252376e-09	0.01
0.26765625		4.11315252376e-09	0.01
0.26796875		4.11315252376e-09	0.01
0.26828125		4.11315252376e-09	0.01
0.26859375		4.11315252376e-09	0.01
0.26890625		4.11315252376e-09	0.01
0.26921875		4.11315252376e-09	0.01
0.26953125		4.11315252376e-09	0.01
0.26984375		4.11315252376e-09	0.01
0.27015625		4.11315252376e-09	0.01
0.27046875		4.11315252376e-09	0.01
0.27078125		4.11315252376e-09	0.01
0.27109375		4.11315252376e-09	0.01
0.27140625		4.11315252376e-09	0.01
0.27171875		4.11315252376e-09	0.01
0.27203125		4.11315252376e-09	0.01
0.27234375		4.11315252376e-09	0.01
0.27265625		4.11315252376e-09	0.01
0.27296875		4.11315252376e-09	0.01
0.27328125		4.11315252376e-09	0.01
0.27359375		4.11315252376e-09	0.01
0.27390625		4.11315252376e-09	0.01
0.27421875		4.11315252376e-09	0.01
0.27453125		4.11315252376e-09	0.01
0.27484375		4.11315252376e-09	0.01
0.27515625		4.11315252376e-09	0.01
0.27546875		4.11315252376e-09	0.01
0.27578125		4.11315252376e-09	0.01
0.27609375		4.11315252376e-09	0.01
0.27640625		4.11315252376e-09	0.01
0.27671875		4.11315252376e-09	0.01
0.27703125		4.11315252376e-09	0.01
0.27734375		4.11315252376e-09	0.01
0.27765625		4.11315252376e-09	0.01
0.27796875		4.11315252376e-09	0.01
0.27828125		4.11315252376e-09	0.01
0.27859375		4.11315252376e-09	0.01
0.27890625		4.11315252376e-09	0.01
0.27921875		4.11315252376e-09	0.01
0.27953125		4.11315252376e-09	0.01
0.27984375		4.11315252376e-09	0.01
0.28015625		4.11315252376e-09	0.01
0.28046875		4.11315252376e-09	0.01
0.28078125		4.11315252376e-09	0.01
0.28109375		4.11315252376e-09	0.01
0.28140625		4.11315252376e-09	0.01
0.28171875		4.11315252376e-09	0.01
0.28203125		4.11315252376e-09	0.01
0.28234375		4.11315252376e-09	0.01
0.28265625		4.11315252376e-09	0.01
0.28296875		4.11315252376e-09	0.01
0.28328125		4.11315252376e-09	0.01
0.28359375		4.11315252376e-09	0.01
0.28390625		4.11315252376e-09	0.01
0.28421875		4.11315252376e-09	0.01
0.28453125		4.11315252376e-09	0.01
0.28484375		4.11315252376e-09	0.01
0.28515625		4.11315252376e-09	0.01
0.28546875		4.11315252376e-09	0.01
0.28578125		4.11315252376e-09	0.01
0.28609375		4.11315252376e-09	0.01
0.28640625		4.11315252376e-09	0.01
0.28671875		4.11315252376e-09	0.01
0.28703125		4.11315252376e-09	0.01
0.28734375		4.11315252376e-09	0.01
0.28765625		4.11315252376e-09	0.01
0.28796875		4.11315252376e-09	0.01
0.28828125		4.11315252376e-09	0.01
0.28859375		4.11315252376e-09	0.01
0.28890625		4.11315252376e-09	0.01
0.28921875		4.11315252376e-09	0.01
0.28953125		4.11315252376e-09	0.01
0.28984375		4.11315252376e-09	0.01
0.29015625		4.11315252376e-09	0.01
0.29046875		4.11315252376e-09	0.01
0.29078125		4.11315252376e-09	0.01
0.29109375		4.11315252376e-09	0.01
0.29140625		4.11315252376e-09	0.01
0.29171875		4.11315252376e-09	0.01
0.29203125		4.11315252376e-09	0.01
0.29234375		4.11315252376e-09	0.01
0.29265625		4.11315252376e-09	0.01
0.29296875		4.11315252376e-09	0.01
0.29328125		4.11315252376e-09	0.01
0.29359375		4.11315252376e-09	0.01
0.29390625		4.11315252376e-09	0.01
0.29421875		4.11315252376e-09	0.01
0.29453125		4.11315252376e-09	0.01
0.29484375		4.11315252376e-09	0.01
0.29515625		4.11315252376e-09	0.01
0.29546875		4.11315252376e-09	0.01
0.29578125		4.11315252376e-09	0.01
0.29609375		4.11315252376e-09	0.01
0.29640625		4.11315252376e-09	0.01
0.29671875		4.11315252376e-09	0.01
0.29703125		4.11315252376e-09	0.01
0.29734375		4.11315252376e-09	0.01
0.29765625		4.11315252376e-09	0.01
0.29796875		4.11315252376e-09	0.01
0.29828125		4.11315252376e-09	0.01
0.29859375		4.11315252376e-09	0.01
0.29890625		4.11315252376e-09	0.01
0.29921875		4.11315252376e-09	0.01
0.29953125		4.11315252376e-09	0.01
0.29984375		4.11315252376e-09	0.01
0.30015625		4.11315252376e-09	0.01
0.30046875		4.11315252376e-09	0.01
0.30078125		4.11315252376e-09	0.01
0.30109375		4.11315252376e-09	0.01
0.30140625		4.11315252376e-09	0.01
0.30171875		4.11315252376e-09	0.01
0.30203125		4.11315252376e-09	0.01
0.30234375		4.11315252376e-09	0.01
0.30265625		4.11315252376e-09	0.01
0.30296875		4.11315252376e-09	0.01
0.30328125		4.11315252376e-09	0.01
0.30359375		4.11315252376e-09	0.01
0.30390625		4.11315252376e-09	0.01
0.30421875		4.11315252376e-09	0.01
0.30453125		4.11315252376e-09	0.01
0.30484375		4.11315252376e-09	0.01
0.30515625		4.11315252376e-09	0.01
0.30546875		4.11315252376e-09	0.01
0.30578125		4.11315252376e-09	0.01
0.30609375		4.11315252376e-09	0.01
0.30640625		4.11315252376e-09	0.01
0.30671875		4.11315252376e-09	0.01
0.30703125		4.11315252376e-09	0.01
0.30734375		4.11315252376e-09	0.01
0.30765625		4.11315252376e-09	0.01
0.30796875		4.11315252376e-09	0.01
0.30828125		4.11315252376e-09	0.01
0.30859375		4.11315252376e-09	0.01
0.30890625		4.11315252376e-09	0.01
0.30921875		4.11315252376e-09	0.01
0.30953125		4.11315252376e-09	0.01
0.30984375		4.11315252376e-09	0.01
0.31015625		4.11315252376e-09	0.01
0.31046875		4.11315252376e-09	0.01
0.31078125		4.11315252376e-09	0.01
0.31109375		4.11315252376e-09	0.01
0.31140625		4.11315252376e-09	0.01
0.31171875		4.11315252376e-09	0.01
0.31203125		4.11315252376e-09	0.01
0.31234375		4.11315252376e-09	0.01
0.31265625		4.11315252376e-09	0.01
0.31296875		4.11315252376e-09	0.01
0.31328125		4.11315252376e-09	0.01
0.31359375		4.11315252376e-09	0.01
0.31390625		4.11315252376e-09	0.01
0.31421875		4.11315252376e-09	0.01
0.31453125		4.11315252376e-09	0.01
0.31484375		4.11315252376e-09	0.01
0.31515625		4.11315252376e-09	0.01
0.31546875		4.11315252376e-09	0.01
0.31578125		4.11315252376e-09	0.01
0.31609375		4.11315252376e-09	0.01
0.31640625		4.11315252376e-09	0.01
0.31671875		4.11315252376e-09	0.01
0.31703125		4.11315252376e-09	0.01
0.31734375		4.11315252376e-09	0.01
0.31765625		4.11315252376e-09	0.01
0.31796875		4.11315252376e-09	0.01
0.31828125		4.11315252376e-09	0.01
0.31859375		4.11315252376e-09	0.01
0.31890625		4.11315252376e-09	0.01
0.31921875		4.11315252376e-09	0.01
0.31953125		4.11315252376e-09	0.01
0.31984375		4.11315252376e-09	0.01
0.32015625		4.11315252376e-09	0.01
0.32046875		4.11315252376e-09	0.01
0.32078125		4.11315252376e-09	0.01
0.32109375		4.11315252376e-09	0.01
0.32140625		4.11315252376e-09	0.01
0.32171875		4.11315252376e-09	0.01
0.32203125		4.11315252376e-09	0.01
0.32234375		4.11315252376e-09	0.01
0.32265625		4.11315252376e-09	0.01
0.32296875		4.11315252376e-09	0.01
0.32328125		4.11315252376e-09	0.01
0.32359375		4.11315252376e-09	0.01
0.32390625		4.11315252376e-09	0.01
0.32421875		4.11315252376e-09	0.01
0.32453125		4.11315252376e-09	0.01
0.32484375		4.11315252376e-09	0.01
0.32515625		4.11315252376e-09	0.01
0.32546875		4.11315252376e-09	0.01
0.32578125		4.11315252376e-09	0.01
0.32609375		4.11315252376e-09	0.01
0.32640625		4.11315252376e-09	0.01
0.32671875		4.11315252376e-09	0.01
0.32703125		4.11315252376e-09	0.01
0.32734375		4.11315252376e-09	0.01
0.32765625		4.11315252376e-09	0.01
0.32796875		4.11315252376e-09	0.01
0.32828125		4.11315252376e-09	0.01
0.32859375		4.11315252376e-09	0.01
0.32890625		4.11315252376e-09	0.01
0.32921875		4.11315252376e-09	0.01
0.32953125		4.11315252376e-09	0.01
0.32984375		4.11315252376e-09	0.01
0.33015625		4.11315252376e-09	0.01
0.33046875		4.11315252376e-09	0.01
0.33078125		4.11315252376e-09	0.01
0.33109375		4.11315252376e-09	0.01
0.33140625		4.11315252376e-09	0.01
0.33171875		4.11315252376e-09	0.01
0.33203125		4.11315252376e-09	0.01
0.33234375		4.11315252376e-09	0.01
0.33265625		4.11315252376e-09	0.01
0.33296875		4.11315252376e-09	0.01
0.33328125		4.11315252376e-09	0.01
0.33359375		4.11315252376e-09	0.01
0.33390625		4.11315252376e-09	0.01
0.33421875		4.11315252376e-09	0.01
0.33453125		4.11315252376e-09	0.01
0.33484375		4.11315252376e-09	0.01
0.33515625		4.11315252376e-09	0.01
0.33546875		4.11315252376e-09	0.01
0.33578125		4.11315252376e-09	0.01
0.33609375		4.11315252376e-09	0.01
0.33640625		4.11315252376e-09	0.01
0.33671875		4.11315252376e-09	0.01
0.33703125		4.11315252376e-09	0.01
0.33734375		4.11315252376e-09	0.01
0.33765625		4.11315252376e-09	0.01
0.33796875		4.11315252376e-09	0.01
0.33828125		4.11315252376e-09	0.01
0.33859375		4.11315252376e-09	0.01
0.33890625		4.11315252376e-09	0.01
0.33921875		4.11315252376e-09	0.01
0.33953125		4.11315252376e-09	0.01
0.33984375		4.11315252376e-09	0.01
0.34015625		4.11315252376e-09	0.01
0.34046875		4.11315252376e-09	0.01
0.34078125		4.11315252376e-09	0.01
0.34109375		4.11315252376e-09	0.01
0.34140625		4.11315252376e-09	0.01
0.34171875		4.11315252376e-09	0.01
0.34203125		4.11315252376e-09	0.01
0.34234375		4.11315252376e-09	0.01
0.34265625		4.11315252376e-09	0.01
0.34296875		4.11315252376e-09	0.01
0.34328125		4.11315252376e-09	0.01
0.34359375		4.11315252376e-09	0.01
0.34390625		4.11315252376e-09	0.01
0.34421875		4.11315252376e-09	0.01
0.34453125		4.11315252376e-09	0.01
0.34484375		4.11315252376e-09	0.01
0.34515625		4.11315252376e-09	0.01
0.34546875		4.11315252376e-09	0.01
0.34578125		4.11315252376e-09	0.01
0.34609375		4.11315252376e-09	0.01
0.34640625		4.11315252376e-09	0.01
0.34671875		4.11315252376e-09	0.01
0.34703125		4.11315252376e-09	0.01
0.34734375		4.11315252376e-09	0.01
0.34765625		4.11315252376e-09	0.01
0.34796875		4.11315252376e-09	0.01
0.34828125		4.11315252376e-09	0.01
0.34859375		4.11315252376e-09	0.01
0.34890625		4.11315252376e-09	0.01
0.34921875		4.11315252376e-09	0.01
0.34953125		4.11315252376e-09	0.01
0.34984375		4.11315252376e-09	0.01
0.35015625		4.11315252376e-09	0.01
0.35046875		4.11315252376e-09	0.01
0.35078125		4.11315252376e-09	0.01
0.35109375		4.11315252376e-09	0.01
0.35140625		4.11315252376e-09	0.01
0.35171875		4.11315252376e-09	0.01
0.35203125		4.11315252376e-09	0.01
0.35234375		4.11315252376e-09	0.01
0.35265625		4.11315252376e-09	0.01
0.35296875		4.11315252376e-09	0.01
0.35328125		4.11315252376e-09	0.01
0.35359375		4.11315252376e-09	0.01
0.35390625		4.11315252376e-09	0.01
0.35421875		4.11315252376e-09	0.01
0.35453125		4.11315252376e-09	0.01
0.35484375		4.11315252376e-09	0.01
0.35515625		4.11315252376e-09	0.01
0.35546875		4.11315252376e-09	0.01
0.35578125		4.11315252376e-09	0.01
0.35609375		4.11315252376e-09	0.01
0.35640625		4.11315252376e-09	0.01
0.35671875		4.11315252376e-09	0.01
0.35703125		4.11315252376e-09	0.01
0.35734375		4.11315252376e-09	0.01
0.35765625		4.11315252376e-09	0.01
0.35796875		4.11315252376e-09	0.01
0.35828125		4.11315252376e-09	0.01
0.35859375		4.11315252376e-09	0.01
0.35890625		4.11315252376e-09	0.01
0.35921875		4.11315252376e-09	0.01
0.35953125		4.11315252376e-09	0.01
0.35984375		4.11315252376e-09	0.01
0.36015625		4.11315252376e-09	0.01
0.36046875		4.11315252376e-09	0.01
0.36078125		4.11315252376e-09	0.01
0.36109375		4.11315252376e-09	0.01
0.36140625		4.11315252376e-09	0.01
0.36171875		4.11315252376e-09	0.01
0.36203125		4.11315252376e-09	0.01
0.36234375		4.11315252376e-09	0.01
0.36265625		4.11315252376e-09	0.01
0.36296875		4.11315252376e-09	0.01
0.36328125		4.11315252376e-09	0.01
0.36359375		4.11315252376e-09	0.01
0.36390625		4.11315252376e-09	0.01
0.36421875		4.11315252376e-09	0.01
0.36453125		4.11315252376e-09	0.01
0.36484375		4.11315252376e-09	0.01
0.36515625		4.11315252376e-09	0.01
0.36546875		4.11315252376e-09	0.01
0.36578125		4.11315252376e-09	0.01
0.36609375		4.11315252376e-09	0.01
0.36640625		4.11315252376e-09	0.01
0.36671875		4.11315252376e-09	0.01
0.36703125		4.11315252376e-09	0.01
0.36734375		4.11315252376e-09	0.01
0.36765625		4.11315252376e-09	0.01
0.36796875		4.11315252376e-09	0.01
0.36828125		4.11315252376e-09	0.01
0.36859375		4.11315252376e-09	0.01
0.36890625		4.11315252376e-09	0.01
0.36921875		4.11315252376e-09	0.01
0.36953125		4.11315252376e-09	0.01
0.36984375		4.11315252376e-09	0.01
0.37015625		4.11315252376e-09	0.01
0.37046875		4.11315252376e-09	0.01
0.37078125		4.11315252376e-09	0.01
0.37109375		4.11315252376e-09	0.01
0.37140625		4.11315252376e-09	0.01
0.37171875		4.11315252376e-09	0.01
0.37203125		4.11315252376e-09	0.01
0.37234375		4.11315252376e-09	0.01
0.37265625		4.11315252376e-09	0.01
0.37296875		4.11315252376e-09	0.01
0.37328125		4.11315252376e-09	0.01
0.37359375		4.11315252376e-09	0.01
0.37390625		4.11315252376e-09	0.01
0.37421875		4.11315252376e-09	0.01
0.37453125		4.11315252376e-09	0.01
0.37484375		4.11315252376e-09	0.01
0.37515625		4.11315252376e-09	0.01
0.37546875		4.11315252376e-09	0.01
0.37578125		4.11315252376e-09	0.01
0.37609375		4.11315252376e-09	0.01
0.37640625		4.11315252376e-09	0.01
0.37671875		4.11315252376e-09	0.01
0.37703125		4.11315252376e-09	0.01
0.37734375		4.11315252376e-09	0.01
0.37765625		4.11315252376e-09	0.01
0.37796875		4.11315252376e-09	0.01
0.37828125		4.11315252376e-09	0.01
0.37859375		4.11315252376e-09	0.01
0.37890625		4.11315252376e-09	0.01
0.37921875		4.11315252376e-09	0.01
0.37953125		4.11315252376e-09	0.01
0.37984375		4.11315252376e-09	0.01
0.38015625		4.11315252376e-09	0.01
0.38046875		4.11315252376e-09	0.01
0.38078125		4.11315252376e-09	0.01
0.38109375		4.11315252376e-09	0.01
0.38140625		4.11315252376e-09	0.01
0.38171875		4.11315252376e-09	0.01
0.38203125		4.11315252376e-09	0.01
0.38234375		4.11315252376e-09	0.01
0.38265625		4.11315252376e-09	0.01
0.38296875		4.11315252376e-09	0.01
0.38328125		4.11315252376e-09	0.01
0.38359375		4.11315252376e-09	0.01
0.38390625		4.11315252376e-09	0.01
0.38421875		4.11315252376e-09	0.01
0.38453125		4.11315252376e-09	0.01
0.38484375		4.11315252376e-09	0.01
0.38515625		4.11315252376e-09	0.01
0.38546875		4.11315252376e-09	0.01
0.38578125		4.11315252376e-09	0.01
0.38609375		4.11315252376e-09	0.01
0.38640625		4.11315252376e-09	0.01
0.38671875		4.11315252376e-09	0.01
0.38703125		4.11315252376e-09	0.01
0.38734375		4.11315252376e-09	0.01
0.38765625		4.11315252376e-09	0.01
0.38796875		4.11315252376e-09	0.01
0.38828125		4.11315252376e-09	0.01
0.38859375		4.11315252376e-09	0.01
0.38890625		4.11315252376e-09	0.01
0.38921875		4.11315252376e-09	0.01
0.38953125		4.11315252376e-09	0.01
0.38984375		4.11315252376e-09	0.01
0.39015625		4.11315252376e-09	0.01
0.39046875		4.11315252376e-09	0.01
0.39078125		4.11315252376e-09	0.01
0.39109375		4.11315252376e-09	0.01
0.39140625		4.11315252376e-09	0.01
0.39171875		4.11315252376e-09	0.01
0.39203125		4.11315252376e-09	0.01
0.39234375		4.11315252376e-09	0.01
0.39265625		4.11315252376e-09	0.01
0.39296875		4.11315252376e-09	0.01
0.39328125		4.11315252376e-09	0.01
0.39359375		4.11315252376e-09	0.01
0.39390625		4.11315252376e-09	0.01
0.39421875		4.11315252376e-09	0.01
0.39453125		4.11315252376e-09	0.01
0.39484375		4.11315252376e-09	0.01
0.39515625		4.11315252376e-09	0.01
0.39546875		4.11315252376e-09	0.01
0.39578125		4.11315252376e-09	0.01
0.39609375		4.11315252376e-09	0.01
0.39640625		4.11315252376e-09	0.01
0.39671875		4.11315252376e-09	0.01
0.39703125		4.11315252376e-09	0.01
0.39734375		4.11315252376e-09	0.01
0.39765625		4.11315252376e-09	0.01
0.39796875		4.11315252376e-09	0.01
0.39828125		4.11315252376e-09	0.01
0.39859375		4.11315252376e-09	0.01
0.39890625		4.11315252376e-09	0.01
0.39921875		4.11315252376e-09	0.01
0.39953125		4.11315252376e-09	0.01
0.39984375		4.11315252376e-09	0.01
0.40015625		4.11315252376e-09	0.01
0.40046875		4.11315252376e-09	0.01
0.40078125		4.11315252376e-09	0.01
0.40109375		4.11315252376e-09	0.01
0.40140625		4.11315252376e-09	0.01
0.40171875		4.11315252376e-09	0.01
0.40203125		4.11315252376e-09	0.01
0.40234375		4.11315252376e-09	0.01
0.40265625		4.11315252376e-09	0.01
0.40296875		4.11315252376e-09	0.01
0.40328125		4.11315252376e-09	0.01
0.40359375		4.11315252376e-09	0.01
0.40390625		4.11315252376e-09	0.01
0.40421875		4.11315252376e-09	0.01
0.40453125		4.11315252376e-09	0.01
0.40484375		4.11315252376e-09	0.01
0.40515625		4.11315252376e-09	0.01
0.40546875		4.11315252376e-09	0.01
0.40578125		4.11315252376e-09	0.01
0.40609375		4.11315252376e-09	0.01
0.40640625		4.11315252376e-09	0.01
0.40671875		4.11315252376e-09	0.01
0.40703125		4.11315252376e-09	0.01
0.40734375		4.11315252376e-09	0.01
0.40765625		4.11315252376e-09	0.01
0.40796875		4.11315252376e-09	0.01
0.40828125		4.11315252376e-09	0.01
0.40859375		4.11315252376e-09	0.01
0.40890625		4.11315252376e-09	0.01
0.40921875		4.11315252376e-09	0.01
0.40953125		4.11315252376e-09	0.01
0.40984375		4.11315252376e-09	0.01
0.41015625		4.11315252376e-09	0.01
0.41046875		4.11315252376e-09	0.01
0.41078125		4.11315252376e-09	0.01
0.41109375		4.11315252376e-09	0.01
0.41140625		4.11315252376e-09	0.01
0.41171875		4.11315252376e-09	0.01
0.41203125		4.11315252376e-09	0.01
0.41234375		4.11315252376e-09	0.01
0.41265625		4.11315252376e-09	0.01
0.41296875		4.11315252376e-09	0.01
0.41328125		4.11315252376e-09	0.01
0.41359375		4.11315252376e-09	0.01
0.41390625		4.11315252376e-09	0.01
0.41421875		4.11315252376e-09	0.01
0.41453125		4.11315252376e-09	0.01
0.41484375		4.11315252376e-09	0.01
0.41515625		4.11315252376e-09	0.01
0.41546875		4.11315252376e-09	0.01
0.41578125		4.11315252376e-09	0.01
0.41609375		4.11315252376e-09	0.01
0.41640625		4.11315252376e-09	0.01
0.41671875		4.11315252376e-09	0.01
0.41703125		4.11315252376e-09	0.01
0.41734375		4.11315252376e-09	0.01
0.41765625		4.11315252376e-09	0.01
0.41796875		4.11315252376e-09	0.01
0.41828125		4.11315252376e-09	0.01
0.41859375		4.11315252376e-09	0.01
0.41890625		4.11315252376e-09	0.01
0.41921875		4.11315252376e-09	0.01
0.41953125		4.11315252376e-09	0.01
0.41984375		4.11315252376e-09	0.01
0.42015625		4.11315252376e-09	0.01
0.42046875		4.11315252376e-09	0.01
0.42078125		4.11315252376e-09	0.01
0.42109375		4.11315252376e-09	0.01
0.42140625		4.11315252376e-09	0.01
0.42171875		4.11315252376e-09	0.01
0.42203125		4.11315252376e-09	0.01
0.42234375		4.11315252376e-09	0.01
0.42265625		4.11315252376e-09	0.01
0.42296875		4.11315252376e-09	0.01
0.42328125		4.11315252376e-09	0.01
0.42359375		4.11315252376e-09	0.01
0.42390625		4.11315252376e-09	0.01
0.42421875		4.11315252376e-09	0.01
0.42453125		4.11315252376e-09	0.01
0.42484375		4.11315252376e-09	0.01
0.42515625		4.11315252376e-09	0.01
0.42546875		4.11315252376e-09	0.01
0.42578125		4.11315252376e-09	0.01
0.42609375		4.11315252376e-09	0.01
0.42640625		4.11315252376e-09	0.01
0.42671875		4.11315252376e-09	0.01
0.42703125		4.11315252376e-09	0.01
0.42734375		4.11315252376e-09	0.01
0.42765625		4.11315252376e-09	0.01
0.42796875		4.11315252376e-09	0.01
0.42828125		4.11315252376e-09	0.01
0.42859375		4.11315252376e-09	0.01
0.42890625		4.11315252376e-09	0.01
0.42921875		4.11315252376e-09	0.01
0.42953125		4.11315252376e-09	0.01
0.42984375		4.11315252376e-09	0.01
0.43015625		4.11315252376e-09	0.01
0.43046875		4.11315252376e-09	0.01
0.43078125		4.11315252376e-09	0.01
0.43109375		4.11315252376e-09	0.01
0.43140625		4.11315252376e-09	0.01
0.43171875		4.11315252376e-09	0.01
0.43203125		4.11315252376e-09	0.01
0.43234375		4.11315252376e-09	0.01
0.43265625		4.11315252376e-09	0.01
0.43296875		4.11315252376e-09	0.01
0.43328125		4.11315252376e-09	0.01
0.43359375		4.11315252376e-09	0.01
0.43390625		4.11315252376e-09	0.01
0.43421875		4.11315252376e-09	0.01
0.43453125		4.11315252376e-09	0.01
0.43484375		4.11315252376e-09	0.01
0.43515625		4.11315252376e-09	0.01
0.43546875		4.11315252376e-09	0.01
0.43578125		4.11315252376e-09	0.01
0.43609375		4.11315252376e-09	0.01
0.43640625		4.11315252376e-09	0.01
0.43671875		4.11315252376e-09	0.01
0.43703125		4.11315252376e-09	0.01
0.43734375		4.11315252376e-09	0.01
0.43765625		4.11315252376e-09	0.01
0.43796875		4.11315252376e-09	0.01
0.43828125		4.11315252376e-09	0.01
0.43859375		4.11315252376e-09	0.01
0.43890625		4.11315252376e-09	0.01
0.43921875		4.11315252376e-09	0.01
0.43953125		4.11315252376e-09	0.01
0.43984375		4.11315252376e-09	0.01
0.44015625		4.11315252376e-09	0.01
0.44046875		4.11315252376e-09	0.01
0.44078125		4.11315252376e-09	0.01
0.44109375		4.11315252376e-09	0.01
0.44140625		4.11315252376e-09	0.01
0.44171875		4.11315252376e-09	0.01
0.44203125		4.11315252376e-09	0.01
0.44234375		4.11315252376e-09	0.01
0.44265625		4.11315252376e-09	0.01
0.44296875		4.11315252376e-09	0.01
0.44328125		4.11315252376e-09	0.01
0.44359375		4.11315252376e-09	0.01
0.44390625		4.11315252376e-09	0.01
0.44421875		4.11315252376e-09	0.01
0.44453125		4.11315252376e-09	0.01
0.44484375		4.11315252376e-09	0.01
0.44515625		4.11315252376e-09	0.01
0.44546875		4.11315252376e-09	0.01
0.44578125		4.11315252376e-09	0.01
0.44609375		4.11315252376e-09	0.01
0.44640625		4.11315252376e-09	0.01
0.44671875		4.11315252376e-09	0.01
0.44703125		4.11315252376e-09	0.01
0.44734375		4.11315252376e-09	0.01
0.44765625		4.11315252376e-09	0.01
0.44796875		4.11315252376e-09	0.01
0.44828125		4.11315252376e-09	0.01
0.44859375		4.11315252376e-09	0.01
0.44890625		4.11315252376e-09	0.01
0.44921875		4.11315252376e-09	0.01
0.44953125		4.11315252376e-09	0.01
0.44984375		4.11315252376e-09	0.01
0.45015625		4.11315252376e-09	0.01
0.45046875		4.11315252376e-09	0.01
0.45078125		4.11315252376e-09	0.01
0.45109375		4.11315252376e-09	0.01
0.45140625		4.11315252376e-09	0.01
0.45171875		4.11315252376e-09	0.01
0.45203125		4.11315252376e-09	0.01
0.45234375		4.11315252376e-09	0.01
0.45265625		4.11315252376e-09	0.01
0.45296875		4.11315252376e-09	0.01
0.45328125		4.11315252376e-09	0.01
0.45359375		4.11315252376e-09	0.01
0.45390625		4.11315252376e-09	0.01
0.45421875		4.11315252376e-09	0.01
0.45453125		4.11315252376e-09	0.01
0.45484375		4.11315252376e-09	0.01
0.45515625		4.11315252376e-09	0.01
0.45546875		4.11315252376e-09	0.01
0.45578125		4.11315252376e-09	0.01
0.45609375		4.11315252376e-09	0.01
0.45640625		4.11315252376e-09	0.01
0.45671875		4.11315252376e-09	0.01
0.45703125		4.11315252376e-09	0.01
0.45734375		4.11315252376e-09	0.01
0.45765625		4.11315252376e-09	0.01
0.45796875		4.11315252376e-09	0.01
0.45828125		4.11315252376e-09	0.01
0.45859375		4.11315252376e-09	0.01
0.45890625		4.11315252376e-09	0.01
0.45921875		4.11315252376e-09	0.01
0.45953125		4.11315252376e-09	0.01
0.45984375		4.11315252376e-09	0.01
0.46015625		4.11315252376e-09	0.01
0.46046875		4.11315252376e-09	0.01
0.46078125		4.11315252376e-09	0.01
0.46109375		4.11315252376e-09	0.01
0.46140625		4.11315252376e-09	0.01
0.46171875		4.11315252376e-09	0.01
0.46203125		4.11315252376e-09	0.01
0.46234375		4.11315252376e-09	0.01
0.46265625		4.11315252376e-09	0.01
0.46296875		4.11315252376e-09	0.01
0.46328125		4.11315252376e-09	0.01
0.46359375		4.11315252376e-09	0.01
0.46390625		4.11315252376e-09	0.01
0.46421875		4.11315252376e-09	0.01
0.46453125		4.11315252376e-09	0.01
0.46484375		4.11315252376e-09	0.01
0.46515625		4.11315252376e-09	0.01
0.46546875		4.11315252376e-09	0.01
0.46578125		4.11315252376e-09	0.01
0.46609375		4.11315252376e-09	0.01
0.46640625		4.11315252376e-09	0.01
0.46671875		4.11315252376e-09	0.01
0.46703125		4.11315252376e-09	0.01
0.46734375		4.11315252376e-09	0.01
0.46765625		4.11315252376e-09	0.01
0.46796875		4.11315252376e-09	0.01
0.46828125		4.11315252376e-09	0.01
0.46859375		4.11315252376e-09	0.01
0.46890625		4.11315252376e-09	0.01
0.46921875		4.11315252376e-09	0.01
0.46953125		4.11315252376e-09	0.01
0.46984375		4.11315252376e-09	0.01
0.47015625		4.11315252376e-09	0.01
0.47046875		4.11315252376e-09	0.01
0.47078125		4.11315252376e-09	0.01
0.47109375		4.11315252376e-09	0.01
0.47140625		4.11315252376e-09	0.01
0.47171875		4.11315252376e-09	0.01
0.47203125		4.11315252376e-09	0.01
0.47234375		4.11315252376e-09	0.01
0.47265625		4.11315252376e-09	0.01
0.47296875		4.11315252376e-09	0.01
0.47328125		4.11315252376e-09	0.01
0.47359375		4.11315252376e-09	0.01
0.47390625		4.11315252376e-09	0.01
0.47421875		4.11315252376e-09	0.01
0.47453125		4.11315252376e-09	0.01
0.47484375		4.11315252376e-09	0.01
0.47515625		4.11315252376e-09	0.01
0.47546875		4.11315252376e-09	0.01
0.47578125		4.11315252376e-09	0.01
0.47609375		4.11315252376e-09	0.01
0.47640625		4.11315252376e-09	0.01
0.47671875		4.11315252376e-09	0.01
0.47703125		4.11315252376e-09	0.01
0.47734375		4.11315252376e-09	0.01
0.47765625		4.11315252376e-09	0.01
0.47796875		4.11315252376e-09	0.01
0.47828125		4.11315252376e-09	0.01
0.47859375		4.11315252376e-09	0.01
0.47890625		4.11315252376e-09	0.01
0.47921875		4.11315252376e-09	0.01
0.47953125		4.11315252376e-09	0.01
0.47984375		4.11315252376e-09	0.01
0.48015625		4.11315252376e-09	0.01
0.48046875		4.11315252376e-09	0.01
0.48078125		4.11315252376e-09	0.01
0.48109375		4.11315252376e-09	0.01
0.48140625		4.11315252376e-09	0.01
0.48171875		4.11315252376e-09	0.01
0.48203125		4.11315252376e-09	0.01
0.48234375		4.11315252376e-09	0.01
0.48265625		4.11315252376e-09	0.01
0.48296875		4.11315252376e-09	0.01
0.48328125		4.11315252376e-09	0.01
0.48359375		4.11315252376e-09	0.01
0.48390625		4.11315252376e-09	0.01
0.48421875		4.11315252376e-09	0.01
0.48453125		4.11315252376e-09	0.01
0.48484375		4.11315252376e-09	0.01
0.48515625		4.11315252376e-09	0.01
0.48546875		4.11315252376e-09	0.01
0.48578125		4.11315252376e-09	0.01
0.48609375		4.11315252376e-09	0.01
0.48640625		4.11315252376e-09	0.01
0.48671875		4.11315252376e-09	0.01
0.48703125		4.11315252376e-09	0.01
0.48734375		4.11315252376e-09	0.01
0.48765625		4.11315252376e-09	0.01
0.48796875		4.11315252376e-09	0.01
0.48828125		4.11315252376e-09	0.01
0.48859375		4.11315252376e-09	0.01
0.48890625		4.11315252376e-09	0.01
0.48921875		4.11315252376e-09	0.01
0.48953125		4.11315252376e-09	0.01
0.48984375		4.11315252376e-09	0.01
0.49015625		4.11315252376e-09	0.01
0.49046875		4.11315252376e-09	0.01
0.49078125		4.11315252376e-09	0.01
0.49109375		4.11315252376e-09	0.01
0.49140625		4.11315252376e-09	0.01
0.49171875		4.11315252376e-09	0.01
0.49203125		4.11315252376e-09	0.01
0.49234375		4.11315252376e-09	0.01
0.49265625		4.11315252376e-09	0.01
0.49296875		4.11315252376e-09	0.01
0.49328125		4.11315252376e-09	0.01
0.49359375		4.11315252376e-09	0.01
0.49390625		4.11315252376e-09	0.01
0.49421875		4.11315252376e-09	0.01
0.49453125		4.11315252376e-09	0.01
0.49484375		4.11315252376e-09	0.01
0.49515625		4.11315252376e-09	0.01
0.49546875		4.11315252376e-09	0.01
0.49578125		4.11315252376e-09	0.01
0.49609375		4.11315252376e-09	0.01
0.49640625		4.11315252376e-09	0.01
0.49671875		4.11315252376e-09	0.01
0.49703125		4.11315252376e-09	0.01
0.49734375		4.11315252376e-09	0.01
0.49765625		4.11315252376e-09	0.01
0.49796875		4.11315252376e-09	0.01
0.49828125		4.11315252376e-09	0.01
0.49859375		4.11315252376e-09	0.01
0.49890625		4.11315252376e-09	0.01
0.49921875		4.11315252376e-09	0.01
0.49953125		4.11315252376e-09	0.01
0.49984375		4.11315252376e-09	0.01
