0.00015625		0.410115903946	0.999270243849
0.00046875		0.409938617775	0.99916195404
0.00078125		0.409697489045	0.999015157624
0.00109375		0.409450867991	0.998864850976
0.00140625		0.409220718051	0.998724476374
0.00171875		0.409000722485	0.998590225243
0.00203125		0.408787016599	0.998459758552
0.00234375		0.408577538	0.99833182196
0.00265625		0.408371079836	0.99820568132
0.00296875		0.408166852481	0.998080856522
0.00328125		0.407964245918	0.997956976065
0.00359375		0.407762801521	0.997833760347
0.00390625		0.407562210525	0.997711021126
0.00421875		0.407362273268	0.997588636757
0.00453125		0.407162849458	0.997466521756
0.00484375		0.406963830711	0.997344610055
0.00515625		0.406765125929	0.997222846072
0.00546875		0.406566659253	0.997101183452
0.00578125		0.406368374856	0.99697958806
0.00609375		0.406170233725	0.996858036054
0.00640625		0.405972205238	0.996736508705
0.00671875		0.405774262461	0.996614989516
0.00703125		0.405576381406	0.996493463772
0.00734375		0.40537854072	0.996371918363
0.00765625		0.405180722035	0.996250341977
0.00796875		0.404982912863	0.996128726921
0.00828125		0.40478510505	0.996007068145
0.00859375		0.404587289643	0.995885360084
0.00890625		0.40438945645	0.995763596423
0.00921875		0.404191598167	0.99564177263
0.00953125		0.403993708434	0.995519884729
0.00984375		0.403795781431	0.995397929071
0.01015625		0.403597812089	0.995275902469
0.01046875		0.403399796216	0.995153802269
0.01078125		0.403201730383	0.995031626287
0.01109375		0.40300361173	0.994909372683
0.01140625		0.402805437796	0.994787039865
0.01171875		0.40260720643	0.994664626427
0.01203125		0.402408915744	0.994542131123
0.01234375		0.402210564081	0.99441955285
0.01265625		0.402012149966	0.994296890616
0.01296875		0.401813672085	0.994174143524
0.01328125		0.401615129299	0.994051310788
0.01359375		0.401416520658	0.993928391735
0.01390625		0.401217845361	0.993805385784
0.01421875		0.401019102669	0.993682292392
0.01453125		0.400820291884	0.993559111041
0.01484375		0.400621412377	0.993435841253
0.01515625		0.400422463604	0.993312482604
0.01546875		0.400223445093	0.993189034712
0.01578125		0.400024356429	0.993065497233
0.01609375		0.399825197238	0.992941869844
0.01640625		0.399625967182	0.992818152247
0.01671875		0.399426665953	0.99269434416
0.01703125		0.399227293271	0.99257044532
0.01734375		0.399027848883	0.992446455479
0.01765625		0.398828332561	0.992322374403
0.01796875		0.398628744099	0.992198201875
0.01828125		0.398429083305	0.992073937682
0.01859375		0.39822935	0.991949581622
0.01890625		0.398029544014	0.991825133498
0.01921875		0.397829665191	0.991700593118
0.01953125		0.397629713386	0.991575960301
0.01984375		0.397429688465	0.99145123487
0.02015625		0.3972295903	0.991326416653
0.02046875		0.397029418772	0.991201505481
0.02078125		0.396829173764	0.991076501188
0.02109375		0.396628855166	0.990951403611
0.02140625		0.396428462874	0.990826212593
0.02171875		0.396227996789	0.990700927974
0.02203125		0.396027456813	0.990575549602
0.02234375		0.395826842854	0.990450077322
0.02265625		0.39562615482	0.990324510983
0.02296875		0.395425392624	0.990198850435
0.02328125		0.39522455618	0.990073095527
0.02359375		0.395023645403	0.989947246113
0.02390625		0.394822660212	0.989821302043
0.02421875		0.394621600525	0.989695263172
0.02453125		0.394420466263	0.989569129353
0.02484375		0.394219257348	0.989442900439
0.02515625		0.394017973702	0.989316576287
0.02546875		0.393816615248	0.98919015675
0.02578125		0.393615181912	0.989063641683
0.02609375		0.393413673618	0.988937030942
0.02640625		0.393212090292	0.988810324382
0.02671875		0.393010431859	0.988683521859
0.02703125		0.392808698246	0.988556623228
0.02734375		0.39260688938	0.988429628344
0.02765625		0.392405005189	0.988302537063
0.02796875		0.392203045599	0.98817534924
0.02828125		0.392001010538	0.98804806473
0.02859375		0.391798899934	0.987920683388
0.02890625		0.391596713716	0.98779320507
0.02921875		0.39139445181	0.987665629629
0.02953125		0.391192114146	0.987537956921
0.02984375		0.390989700651	0.987410186799
0.03015625		0.390787211255	0.987282319118
0.03046875		0.390584645884	0.987154353731
0.03078125		0.390382004468	0.987026290492
0.03109375		0.390179286935	0.986898129255
0.03140625		0.389976493213	0.986769869871
0.03171875		0.38977362323	0.986641512195
0.03203125		0.389570676915	0.986513056078
0.03234375		0.389367654195	0.986384501373
0.03265625		0.389164555	0.986255847931
0.03296875		0.388961379256	0.986127095604
0.03328125		0.388758126893	0.985998244244
0.03359375		0.388554797836	0.9858692937
0.03390625		0.388351392016	0.985740243824
0.03421875		0.388147909358	0.985611094467
0.03453125		0.387944349792	0.985481845477
0.03484375		0.387740713243	0.985352496705
0.03515625		0.38753699964	0.985223047999
0.03546875		0.38733320891	0.98509349921
0.03578125		0.387129340979	0.984963850184
0.03609375		0.386925395776	0.984834100771
0.03640625		0.386721373227	0.984704250819
0.03671875		0.386517273258	0.984574300174
0.03703125		0.386313095796	0.984444248685
0.03734375		0.386108840768	0.984314096197
0.03765625		0.3859045081	0.984183842558
0.03796875		0.385700097719	0.984053487614
0.03828125		0.38549560955	0.98392303121
0.03859375		0.38529104352	0.983792473191
0.03890625		0.385086399554	0.983661813403
0.03921875		0.384881677578	0.983531051691
0.03953125		0.384676877518	0.983400187898
0.03984375		0.384471999299	0.983269221869
0.04015625		0.384267042847	0.983138153447
0.04046875		0.384062008086	0.983006982475
0.04078125		0.383856894942	0.982875708797
0.04109375		0.38365170334	0.982744332254
0.04140625		0.383446433203	0.982612852688
0.04171875		0.383241084458	0.982481269942
0.04203125		0.383035657028	0.982349583857
0.04234375		0.382830150838	0.982217794273
0.04265625		0.382624565812	0.982085901031
0.04296875		0.382418901873	0.981953903971
0.04328125		0.382213158947	0.981821802933
0.04359375		0.382007336956	0.981689597757
0.04390625		0.381801435823	0.981557288281
0.04421875		0.381595455474	0.981424874344
0.04453125		0.38138939583	0.981292355784
0.04484375		0.381183256815	0.981159732439
0.04515625		0.380977038353	0.981027004146
0.04546875		0.380770740365	0.980894170743
0.04578125		0.380564362774	0.980761232066
0.04609375		0.380357905504	0.980628187951
0.04640625		0.380151368476	0.980495038234
0.04671875		0.379944751612	0.980361782751
0.04703125		0.379738054835	0.980228421336
0.04734375		0.379531278067	0.980094953825
0.04765625		0.37932442123	0.979961380051
0.04796875		0.379117484244	0.979827699849
0.04828125		0.378910467032	0.979693913051
0.04859375		0.378703369515	0.979560019491
0.04890625		0.378496191614	0.979426019001
0.04921875		0.378288933249	0.979291911414
0.04953125		0.378081594343	0.979157696561
0.04984375		0.377874174815	0.979023374274
0.05015625		0.377666674586	0.978888944384
0.05046875		0.377459093577	0.978754406721
0.05078125		0.377251431708	0.978619761115
0.05109375		0.377043688898	0.978485007396
0.05140625		0.376835865067	0.978350145393
0.05171875		0.376627960136	0.978215174935
0.05203125		0.376419974024	0.978080095851
0.05234375		0.376211906651	0.977944907969
0.05265625		0.376003757935	0.977809611115
0.05296875		0.375795527795	0.977674205118
0.05328125		0.375587216152	0.977538689804
0.05359375		0.375378822923	0.977403064999
0.05390625		0.375170348026	0.97726733053
0.05421875		0.374961791382	0.977131486221
0.05453125		0.374753152907	0.976995531897
0.05484375		0.374544432519	0.976859467384
0.05515625		0.374335630138	0.976723292505
0.05546875		0.37412674568	0.976587007084
0.05578125		0.373917779064	0.976450610944
0.05609375		0.373708730206	0.976314103908
0.05640625		0.373499599024	0.976177485798
0.05671875		0.373290385436	0.976040756436
0.05703125		0.373081089357	0.975903915644
0.05734375		0.372871710705	0.975766963243
0.05765625		0.372662249397	0.975629899053
0.05796875		0.372452705348	0.975492722894
0.05828125		0.372243078476	0.975355434587
0.05859375		0.372033368696	0.975218033949
0.05890625		0.371823575924	0.975080520801
0.05921875		0.371613700077	0.974942894959
0.05953125		0.371403741068	0.974805156243
0.05984375		0.371193698815	0.974667304469
0.06015625		0.370983573232	0.974529339454
0.06046875		0.370773364234	0.974391261015
0.06078125		0.370563071737	0.974253068968
0.06109375		0.370352695655	0.974114763128
0.06140625		0.370142235902	0.97397634331
0.06171875		0.369931692392	0.973837809329
0.06203125		0.369721065041	0.973699160999
0.06234375		0.369510353763	0.973560398133
0.06265625		0.36929955847	0.973421520545
0.06296875		0.369088679076	0.973282528048
0.06328125		0.368877715496	0.973143420452
0.06359375		0.368666667642	0.973004197572
0.06390625		0.368455535428	0.972864859216
0.06421875		0.368244318766	0.972725405197
0.06453125		0.368033017569	0.972585835324
0.06484375		0.367821631751	0.972446149407
0.06515625		0.367610161223	0.972306347256
0.06546875		0.367398605897	0.972166428679
0.06578125		0.367186965685	0.972026393484
0.06609375		0.366975240501	0.97188624148
0.06640625		0.366763430254	0.971745972474
0.06671875		0.366551534857	0.971605586272
0.06703125		0.366339554221	0.97146508268
0.06734375		0.366127488256	0.971324461506
0.06765625		0.365915336875	0.971183722553
0.06796875		0.365703099988	0.971042865627
0.06828125		0.365490777505	0.970901890532
0.06859375		0.365278369336	0.970760797071
0.06890625		0.365065875393	0.970619585049
0.06921875		0.364853295584	0.970478254268
0.06953125		0.36464062982	0.970336804529
0.06984375		0.36442787801	0.970195235635
0.07015625		0.364215040064	0.970053547388
0.07046875		0.364002115892	0.969911739587
0.07078125		0.363789105401	0.969769812033
0.07109375		0.363576008501	0.969627764525
0.07140625		0.363362825101	0.969485596863
0.07171875		0.363149555108	0.969343308846
0.07203125		0.362936198432	0.96920090027
0.07234375		0.362722754981	0.969058370935
0.07265625		0.362509224662	0.968915720636
0.07296875		0.362295607383	0.968772949171
0.07328125		0.362081903051	0.968630056335
0.07359375		0.361868111574	0.968487041924
0.07390625		0.361654232859	0.968343905733
0.07421875		0.361440266813	0.968200647555
0.07453125		0.361226213343	0.968057267186
0.07484375		0.361012072354	0.967913764417
0.07515625		0.360797843754	0.967770139042
0.07546875		0.360583527449	0.967626390852
0.07578125		0.360369123343	0.96748251964
0.07609375		0.360154631344	0.967338525197
0.07640625		0.359940051357	0.967194407312
0.07671875		0.359725383286	0.967050165776
0.07703125		0.359510627037	0.966905800378
0.07734375		0.359295782515	0.966761310907
0.07765625		0.359080849625	0.966616697152
0.07796875		0.358865828271	0.966471958899
0.07828125		0.358650718357	0.966327095936
0.07859375		0.358435519787	0.96618210805
0.07890625		0.358220232466	0.966036995027
0.07921875		0.358004856297	0.965891756651
0.07953125		0.357789391183	0.965746392708
0.07984375		0.357573837027	0.965600902981
0.08015625		0.357358193733	0.965455287256
0.08046875		0.357142461204	0.965309545314
0.08078125		0.356926639342	0.965163676938
0.08109375		0.356710728049	0.965017681911
0.08140625		0.356494727227	0.964871560012
0.08171875		0.356278636779	0.964725311024
0.08203125		0.356062456607	0.964578934726
0.08234375		0.355846186611	0.964432430898
0.08265625		0.355629826693	0.964285799318
0.08296875		0.355413376755	0.964139039766
0.08328125		0.355196836697	0.963992152018
0.08359375		0.354980206419	0.963845135853
0.08390625		0.354763485823	0.963697991045
0.08421875		0.354546674809	0.963550717372
0.08453125		0.354329773276	0.963403314609
0.08484375		0.354112781124	0.96325578253
0.08515625		0.353895698253	0.96310812091
0.08546875		0.353678524562	0.962960329522
0.08578125		0.353461259951	0.962812408138
0.08609375		0.353243904317	0.962664356532
0.08640625		0.353026457561	0.962516174474
0.08671875		0.35280891958	0.962367861735
0.08703125		0.352591290273	0.962219418087
0.08734375		0.352373569537	0.962070843298
0.08765625		0.352155757271	0.961922137138
0.08796875		0.351937853371	0.961773299375
0.08828125		0.351719857736	0.961624329777
0.08859375		0.351501770262	0.961475228111
0.08890625		0.351283590847	0.961325994144
0.08921875		0.351065319386	0.961176627641
0.08953125		0.350846955776	0.961027128368
0.08984375		0.350628499914	0.96087749609
0.09015625		0.350409951695	0.960727730569
0.09046875		0.350191311015	0.96057783157
0.09078125		0.349972577769	0.960427798856
0.09109375		0.349753751854	0.960277632187
0.09140625		0.349534833162	0.960127331326
0.09171875		0.349315821591	0.959976896033
0.09203125		0.349096717033	0.959826326068
0.09234375		0.348877519384	0.95967562119
0.09265625		0.348658228537	0.959524781158
0.09296875		0.348438844386	0.95937380573
0.09328125		0.348219366825	0.959222694662
0.09359375		0.347999795746	0.959071447713
0.09390625		0.347780131044	0.958920064637
0.09421875		0.347560372611	0.95876854519
0.09453125		0.347340520339	0.958616889126
0.09484375		0.347120574121	0.958465096199
0.09515625		0.346900533849	0.958313166162
0.09546875		0.346680399415	0.958161098768
0.09578125		0.34646017071	0.958008893769
0.09609375		0.346239847626	0.957856550915
0.09640625		0.346019430054	0.957704069957
0.09671875		0.345798917885	0.957551450644
0.09703125		0.345578311009	0.957398692726
0.09734375		0.345357609316	0.95724579595
0.09765625		0.345136812698	0.957092760064
0.09796875		0.344915921043	0.956939584815
0.09828125		0.344694934242	0.956786269949
0.09859375		0.344473852183	0.956632815211
0.09890625		0.344252674756	0.956479220346
0.09921875		0.34403140185	0.956325485098
0.09953125		0.343810033352	0.95617160921
0.09984375		0.343588569152	0.956017592424
0.10015625		0.343367009138	0.955863434481
0.10046875		0.343145353197	0.955709135124
0.10078125		0.342923601217	0.955554694092
0.10109375		0.342701753086	0.955400111124
0.10140625		0.342479808689	0.955245385959
0.10171875		0.342257767914	0.955090518336
0.10203125		0.342035630648	0.954935507991
0.10234375		0.341813396777	0.954780354661
0.10265625		0.341591066186	0.954625058081
0.10296875		0.341368638761	0.954469617986
0.10328125		0.341146114389	0.954314034111
0.10359375		0.340923492953	0.954158306189
0.10390625		0.340700774339	0.954002433952
0.10421875		0.340477958431	0.953846417132
0.10453125		0.340255045115	0.953690255461
0.10484375		0.340032034273	0.953533948668
0.10515625		0.33980892579	0.953377496483
0.10546875		0.339585719549	0.953220898635
0.10578125		0.339362415433	0.953064154851
0.10609375		0.339139013326	0.952907264859
0.10640625		0.33891551311	0.952750228385
0.10671875		0.338691914667	0.952593045155
0.10703125		0.338468217881	0.952435714893
0.10734375		0.338244422631	0.952278237323
0.10765625		0.338020528801	0.952120612168
0.10796875		0.337796536272	0.95196283915
0.10828125		0.337572444923	0.951804917991
0.10859375		0.337348254638	0.951646848412
0.10890625		0.337123965294	0.951488630132
0.10921875		0.336899576774	0.95133026287
0.10953125		0.336675088956	0.951171746345
0.10984375		0.33645050172	0.951013080274
0.11015625		0.336225814947	0.950854264372
0.11046875		0.336001028513	0.950695298357
0.11078125		0.335776142299	0.950536181942
0.11109375		0.335551156183	0.950376914842
0.11140625		0.335326070043	0.950217496769
0.11171875		0.335100883756	0.950057927437
0.11203125		0.334875597201	0.949898206555
0.11234375		0.334650210254	0.949738333836
0.11265625		0.334424722793	0.949578308988
0.11296875		0.334199134694	0.94941813172
0.11328125		0.333973445833	0.949257801741
0.11359375		0.333747656087	0.949097318757
0.11390625		0.333521765331	0.948936682474
0.11421875		0.333295773442	0.948775892598
0.11453125		0.333069680293	0.948614948834
0.11484375		0.33284348576	0.948453850884
0.11515625		0.332617189717	0.948292598451
0.11546875		0.332390792039	0.948131191237
0.11578125		0.332164292599	0.947969628943
0.11609375		0.331937691272	0.947807911269
0.11640625		0.33171098793	0.947646037914
0.11671875		0.331484182446	0.947484008575
0.11703125		0.331257274694	0.947321822951
0.11734375		0.331030264545	0.947159480737
0.11765625		0.330803151871	0.946996981628
0.11796875		0.330575936545	0.94683432532
0.11828125		0.330348618438	0.946671511505
0.11859375		0.330121197421	0.946508539877
0.11890625		0.329893673364	0.946345410126
0.11921875		0.329666046139	0.946182121944
0.11953125		0.329438315615	0.94601867502
0.11984375		0.329210481662	0.945855069043
0.12015625		0.32898254415	0.945691303701
0.12046875		0.328754502947	0.945527378681
0.12078125		0.328526357924	0.945363293668
0.12109375		0.328298108947	0.945199048348
0.12140625		0.328069755886	0.945034642405
0.12171875		0.327841298608	0.944870075521
0.12203125		0.327612736982	0.944705347379
0.12234375		0.327384070873	0.944540457659
0.12265625		0.327155300149	0.944375406042
0.12296875		0.326926424677	0.944210192207
0.12328125		0.326697444323	0.944044815832
0.12359375		0.326468358952	0.943879276593
0.12390625		0.326239168431	0.943713574168
0.12421875		0.326009872624	0.943547708231
0.12453125		0.325780471396	0.943381678456
0.12484375		0.325550964612	0.943215484517
0.12515625		0.325321352135	0.943049126084
0.12546875		0.325091633831	0.94288260283
0.12578125		0.324861809562	0.942715914424
0.12609375		0.324631879191	0.942549060536
0.12640625		0.324401842582	0.942382040832
0.12671875		0.324171699596	0.942214854981
0.12703125		0.323941450096	0.942047502647
0.12734375		0.323711093944	0.941879983496
0.12765625		0.323480631	0.941712297191
0.12796875		0.323250061126	0.941544443396
0.12828125		0.323019384184	0.94137642177
0.12859375		0.322788600032	0.941208231976
0.12890625		0.322557708531	0.941039873673
0.12921875		0.32232670954	0.940871346518
0.12953125		0.322095602919	0.94070265017
0.12984375		0.321864388528	0.940533784284
0.13015625		0.321633066223	0.940364748516
0.13046875		0.321401635864	0.940195542519
0.13078125		0.321170097307	0.940026165947
0.13109375		0.320938450412	0.939856618452
0.13140625		0.320706695034	0.939686899683
0.13171875		0.320474831031	0.939517009291
0.13203125		0.320242858258	0.939346946924
0.13234375		0.320010776572	0.93917671223
0.13265625		0.319778585828	0.939006304855
0.13296875		0.319546285882	0.938835724443
0.13328125		0.319313876588	0.938664970639
0.13359375		0.3190813578	0.938494043086
0.13390625		0.318848729374	0.938322941425
0.13421875		0.318615991161	0.938151665296
0.13453125		0.318383143017	0.93798021434
0.13484375		0.318150184793	0.937808588194
0.13515625		0.317917116342	0.937636786496
0.13546875		0.317683937517	0.93746480888
0.13578125		0.317450648169	0.937292654983
0.13609375		0.317217248149	0.937120324437
0.13640625		0.316983737308	0.936947816874
0.13671875		0.316750115498	0.936775131926
0.13703125		0.316516382567	0.936602269222
0.13734375		0.316282538367	0.936429228392
0.13765625		0.316048582746	0.936256009062
0.13796875		0.315814515553	0.936082610859
0.13828125		0.315580336637	0.935909033409
0.13859375		0.315346045847	0.935735276334
0.13890625		0.315111643029	0.935561339257
0.13921875		0.314877128032	0.9353872218
0.13953125		0.314642500701	0.935212923583
0.13984375		0.314407760885	0.935038444225
0.14015625		0.314172908429	0.934863783343
0.14046875		0.313937943178	0.934688940553
0.14078125		0.313702864978	0.934513915471
0.14109375		0.313467673675	0.934338707711
0.14140625		0.313232369112	0.934163316884
0.14171875		0.312996951133	0.933987742603
0.14203125		0.312761419583	0.933811984476
0.14234375		0.312525774304	0.933636042114
0.14265625		0.312290015139	0.933459915122
0.14296875		0.312054141931	0.933283603108
0.14328125		0.311818154522	0.933107105676
0.14359375		0.311582052752	0.932930422428
0.14390625		0.311345836465	0.932753552969
0.14421875		0.311109505499	0.932576496897
0.14453125		0.310873059695	0.932399253813
0.14484375		0.310636498893	0.932221823314
0.14515625		0.310399822933	0.932044204998
0.14546875		0.310163031653	0.93186639846
0.14578125		0.309926124892	0.931688403293
0.14609375		0.309689102488	0.931510219091
0.14640625		0.309451964278	0.931331845444
0.14671875		0.3092147101	0.931153281943
0.14703125		0.30897733979	0.930974528176
0.14734375		0.308739853185	0.930795583731
0.14765625		0.30850225012	0.930616448192
0.14796875		0.308264530432	0.930437121144
0.14828125		0.308026693954	0.930257602171
0.14859375		0.307788740521	0.930077890853
0.14890625		0.307550669968	0.929897986771
0.14921875		0.307312482127	0.929717889503
0.14953125		0.307074176832	0.929537598626
0.14984375		0.306835753916	0.929357113717
0.15015625		0.30659721321	0.92917643435
0.15046875		0.306358554547	0.928995560097
0.15078125		0.306119777757	0.928814490529
0.15109375		0.305880882672	0.928633225217
0.15140625		0.305641869121	0.92845176373
0.15171875		0.305402736934	0.928270105633
0.15203125		0.305163485941	0.928088250493
0.15234375		0.304924115971	0.927906197874
0.15265625		0.304684626852	0.927723947337
0.15296875		0.304445018411	0.927541498444
0.15328125		0.304205290477	0.927358850754
0.15359375		0.303965442876	0.927176003826
0.15390625		0.303725475434	0.926992957215
0.15421875		0.303485387978	0.926809710476
0.15453125		0.303245180333	0.926626263163
0.15484375		0.303004852323	0.926442614827
0.15515625		0.302764403774	0.926258765018
0.15546875		0.30252383451	0.926074713286
0.15578125		0.302283144353	0.925890459176
0.15609375		0.302042333127	0.925706002235
0.15640625		0.301801400654	0.925521342006
0.15671875		0.301560346756	0.925336478031
0.15703125		0.301319171254	0.925151409851
0.15734375		0.301077873971	0.924966137006
0.15765625		0.300836454725	0.924780659031
0.15796875		0.300594913337	0.924594975464
0.15828125		0.300353249626	0.924409085838
0.15859375		0.300111463411	0.924222989686
0.15890625		0.29986955451	0.924036686538
0.15921875		0.299627522742	0.923850175923
0.15953125		0.299385367923	0.92366345737
0.15984375		0.299143089871	0.923476530403
0.16015625		0.298900688401	0.923289394547
0.16046875		0.298658163329	0.923102049325
0.16078125		0.298415514471	0.922914494256
0.16109375		0.29817274164	0.92272672886
0.16140625		0.297929844652	0.922538752655
0.16171875		0.297686823319	0.922350565155
0.16203125		0.297443677456	0.922162165875
0.16234375		0.297200406873	0.921973554326
0.16265625		0.296957011383	0.92178473002
0.16296875		0.296713490798	0.921595692463
0.16328125		0.296469844928	0.921406441164
0.16359375		0.296226073584	0.921216975627
0.16390625		0.295982176575	0.921027295355
0.16421875		0.29573815371	0.92083739985
0.16453125		0.295494004798	0.920647288612
0.16484375		0.295249729647	0.920456961137
0.16515625		0.295005328065	0.920266416923
0.16546875		0.294760799857	0.920075655462
0.16578125		0.294516144832	0.919884676248
0.16609375		0.294271362794	0.919693478771
0.16640625		0.294026453548	0.91950206252
0.16671875		0.293781416899	0.91931042698
0.16703125		0.293536252652	0.919118571638
0.16734375		0.293290960609	0.918926495975
0.16765625		0.293045540573	0.918734199474
0.16796875		0.292799992347	0.918541681612
0.16828125		0.292554315732	0.918348941868
0.16859375		0.29230851053	0.918155979716
0.16890625		0.29206257654	0.91796279463
0.16921875		0.291816513562	0.917769386081
0.16953125		0.291570321397	0.917575753539
0.16984375		0.291323999842	0.917381896472
0.17015625		0.291077548696	0.917187814344
0.17046875		0.290830967755	0.916993506619
0.17078125		0.290584256818	0.916798972759
0.17109375		0.290337415679	0.916604212224
0.17140625		0.290090444135	0.91640922447
0.17171875		0.289843341981	0.916214008954
0.17203125		0.28959610901	0.916018565128
0.17234375		0.289348745018	0.915822892445
0.17265625		0.289101249796	0.915626990353
0.17296875		0.288853623137	0.9154308583
0.17328125		0.288605864833	0.915234495731
0.17359375		0.288357974675	0.915037902089
0.17390625		0.288109952455	0.914841076816
0.17421875		0.28786179796	0.914644019349
0.17453125		0.287613510982	0.914446729127
0.17484375		0.287365091309	0.914249205583
0.17515625		0.287116538727	0.91405144815
0.17546875		0.286867853026	0.913853456259
0.17578125		0.286619033991	0.913655229337
0.17609375		0.286370081409	0.913456766811
0.17640625		0.286120995064	0.913258068104
0.17671875		0.285871774742	0.913059132639
0.17703125		0.285622420226	0.912859959835
0.17734375		0.2853729313	0.912660549108
0.17765625		0.285123307747	0.912460899874
0.17796875		0.284873549348	0.912261011546
0.17828125		0.284623655884	0.912060883534
0.17859375		0.284373627137	0.911860515246
0.17890625		0.284123462886	0.911659906089
0.17921875		0.283873162911	0.911459055465
0.17953125		0.283622726989	0.911257962777
0.17984375		0.283372154899	0.911056627424
0.18015625		0.283121446418	0.910855048801
0.18046875		0.282870601323	0.910653226304
0.18078125		0.282619619388	0.910451159324
0.18109375		0.28236850039	0.910248847252
0.18140625		0.282117244102	0.910046289474
0.18171875		0.281865850298	0.909843485375
0.18203125		0.281614318751	0.909640434339
0.18234375		0.281362649233	0.909437135744
0.18265625		0.281110841515	0.909233588969
0.18296875		0.280858895369	0.909029793389
0.18328125		0.280606810564	0.908825748376
0.18359375		0.280354586869	0.908621453301
0.18390625		0.280102224052	0.908416907533
0.18421875		0.279849721883	0.908212110435
0.18453125		0.279597080127	0.908007061371
0.18484375		0.27934429855	0.907801759701
0.18515625		0.279091376919	0.907596204784
0.18546875		0.278838314999	0.907390395974
0.18578125		0.278585112552	0.907184332623
0.18609375		0.278331769342	0.906978014083
0.18640625		0.278078285132	0.9067714397
0.18671875		0.277824659683	0.90656460882
0.18703125		0.277570892757	0.906357520785
0.18734375		0.277316984113	0.906150174934
0.18765625		0.277062933511	0.905942570605
0.18796875		0.276808740709	0.905734707132
0.18828125		0.276554405465	0.905526583846
0.18859375		0.276299927536	0.905318200077
0.18890625		0.276045306678	0.905109555151
0.18921875		0.275790542647	0.904900648391
0.18953125		0.275535635198	0.904691479119
0.18984375		0.275280584083	0.904482046652
0.19015625		0.275025389056	0.904272350306
0.19046875		0.274770049869	0.904062389394
0.19078125		0.274514566273	0.903852163225
0.19109375		0.27425893802	0.903641671106
0.19140625		0.274003164858	0.903430912342
0.19171875		0.273747246536	0.903219886234
0.19203125		0.273491182803	0.903008592079
0.19234375		0.273234973405	0.902797029175
0.19265625		0.272978618089	0.902585196813
0.19296875		0.2727221166	0.902373094284
0.19328125		0.272465468684	0.902160720874
0.19359375		0.272208674083	0.901948075868
0.19390625		0.271951732541	0.901735158545
0.19421875		0.2716946438	0.901521968185
0.19453125		0.2714374076	0.901308504063
0.19484375		0.271180023683	0.90109476545
0.19515625		0.270922491787	0.900880751616
0.19546875		0.270664811652	0.900666461826
0.19578125		0.270406983014	0.900451895344
0.19609375		0.270149005611	0.90023705143
0.19640625		0.269890879179	0.900021929339
0.19671875		0.269632603452	0.899806528327
0.19703125		0.269374178164	0.899590847644
0.19734375		0.26911560305	0.899374886536
0.19765625		0.26885687784	0.899158644249
0.19796875		0.268598002267	0.898942120024
0.19828125		0.26833897606	0.898725313098
0.19859375		0.26807979895	0.898508222706
0.19890625		0.267820470665	0.898290848081
0.19921875		0.267560990932	0.898073188449
0.19953125		0.267301359478	0.897855243036
0.19984375		0.267041576029	0.897637011064
0.20015625		0.266781640311	0.897418491751
0.20046875		0.266521552045	0.897199684312
0.20078125		0.266261310957	0.896980587959
0.20109375		0.266000916766	0.8967612019
0.20140625		0.265740369195	0.896541525341
0.20171875		0.265479667964	0.896321557482
0.20203125		0.265218812791	0.896101297523
0.20234375		0.264957803394	0.895880744658
0.20265625		0.264696639492	0.895659898078
0.20296875		0.264435320798	0.895438756971
0.20328125		0.26417384703	0.895217320521
0.20359375		0.2639122179	0.894995587909
0.20390625		0.263650433122	0.894773558312
0.20421875		0.263388492407	0.894551230905
0.20453125		0.263126395468	0.894328604857
0.20484375		0.262864142013	0.894105679334
0.20515625		0.262601731753	0.8938824535
0.20546875		0.262339164394	0.893658926514
0.20578125		0.262076439643	0.89343509753
0.20609375		0.261813557208	0.893210965703
0.20640625		0.261550516792	0.892986530178
0.20671875		0.261287318098	0.892761790101
0.20703125		0.261023960831	0.892536744613
0.20734375		0.260760444691	0.892311392851
0.20765625		0.26049676938	0.892085733946
0.20796875		0.260232934595	0.89185976703
0.20828125		0.259968940037	0.891633491227
0.20859375		0.259704785402	0.891406905658
0.20890625		0.259440470387	0.891180009442
0.20921875		0.259175994686	0.890952801692
0.20953125		0.258911357993	0.890725281519
0.20984375		0.258646560003	0.890497448027
0.21015625		0.258381600405	0.890269300319
0.21046875		0.258116478892	0.890040837493
0.21078125		0.257851195152	0.889812058642
0.21109375		0.257585748875	0.889582962857
0.21140625		0.257320139746	0.889353549222
0.21171875		0.257054367453	0.88912381682
0.21203125		0.256788431681	0.888893764728
0.21234375		0.256522332112	0.888663392019
0.21265625		0.256256068431	0.888432697763
0.21296875		0.255989640318	0.888201681024
0.21328125		0.255723047453	0.887970340862
0.21359375		0.255456289517	0.887738676335
0.21390625		0.255189366186	0.887506686495
0.21421875		0.254922277137	0.887274370389
0.21453125		0.254655022047	0.88704172706
0.21484375		0.254387600589	0.886808755548
0.21515625		0.254120012437	0.886575454888
0.21546875		0.253852257262	0.886341824109
0.21578125		0.253584334735	0.886107862238
0.21609375		0.253316244526	0.885873568296
0.21640625		0.253047986302	0.885638941299
0.21671875		0.252779559731	0.88540398026
0.21703125		0.252510964479	0.885168684188
0.21734375		0.252242200209	0.884933052084
0.21765625		0.251973266585	0.884697082947
0.21796875		0.25170416327	0.884460775772
0.21828125		0.251434889922	0.884224129547
0.21859375		0.251165446203	0.883987143257
0.21890625		0.250895831769	0.883749815882
0.21921875		0.250626046278	0.883512146397
0.21953125		0.250356089385	0.883274133771
0.21984375		0.250085960745	0.883035776971
0.22015625		0.249815660009	0.882797074957
0.22046875		0.249545186829	0.882558026684
0.22078125		0.249274540856	0.882318631104
0.22109375		0.249003721738	0.882078887161
0.22140625		0.248732729122	0.881838793797
0.22171875		0.248461562655	0.881598349947
0.22203125		0.248190221982	0.881357554542
0.22234375		0.247918706745	0.881116406508
0.22265625		0.247647016587	0.880874904766
0.22296875		0.247375151147	0.88063304823
0.22328125		0.247103110066	0.88039083581
0.22359375		0.246830892981	0.880148266413
0.22390625		0.246558499528	0.879905338937
0.22421875		0.246285929341	0.879662052277
0.22453125		0.246013182056	0.879418405322
0.22484375		0.245740257303	0.879174396955
0.22515625		0.245467154712	0.878930026056
0.22546875		0.245193873914	0.878685291498
0.22578125		0.244920414536	0.878440192147
0.22609375		0.244646776204	0.878194726865
0.22640625		0.244372958542	0.87794889451
0.22671875		0.244098961174	0.877702693932
0.22703125		0.243824783721	0.877456123977
0.22734375		0.243550425805	0.877209183484
0.22765625		0.243275887042	0.876961871287
0.22796875		0.243001167051	0.876714186215
0.22828125		0.242726265447	0.87646612709
0.22859375		0.242451181844	0.876217692728
0.22890625		0.242175915855	0.875968881942
0.22921875		0.24190046709	0.875719693536
0.22953125		0.24162483516	0.875470126308
0.22984375		0.241349019671	0.875220179053
0.23015625		0.24107302023	0.874969850558
0.23046875		0.240796836442	0.874719139603
0.23078125		0.24052046791	0.874468044965
0.23109375		0.240243914235	0.874216565411
0.23140625		0.239967175016	0.873964699705
0.23171875		0.239690249853	0.873712446604
0.23203125		0.239413138342	0.873459804858
0.23234375		0.239135840076	0.873206773211
0.23265625		0.238858354651	0.872953350401
0.23296875		0.238580681656	0.87269953516
0.23328125		0.238302820682	0.872445326213
0.23359375		0.238024771318	0.872190722278
0.23390625		0.237746533149	0.871935722068
0.23421875		0.23746810576	0.871680324289
0.23453125		0.237189488735	0.871424527638
0.23484375		0.236910681654	0.87116833081
0.23515625		0.236631684097	0.870911732489
0.23546875		0.236352495642	0.870654731355
0.23578125		0.236073115864	0.870397326079
0.23609375		0.235793544339	0.870139515328
0.23640625		0.235513780639	0.86988129776
0.23671875		0.235233824333	0.869622672027
0.23703125		0.234953674992	0.869363636773
0.23734375		0.234673332181	0.869104190636
0.23765625		0.234392795467	0.868844332247
0.23796875		0.234112064413	0.868584060229
0.23828125		0.233831138579	0.8683233732
0.23859375		0.233550017526	0.868062269767
0.23890625		0.233268700812	0.867800748534
0.23921875		0.232987187992	0.867538808094
0.23953125		0.23270547862	0.867276447035
0.23984375		0.232423572249	0.867013663937
0.24015625		0.232141468428	0.866750457373
0.24046875		0.231859166706	0.866486825907
0.24078125		0.231576666629	0.866222768096
0.24109375		0.231293967741	0.865958282491
0.24140625		0.231011069585	0.865693367633
0.24171875		0.230727971701	0.865428022057
0.24203125		0.230444673628	0.86516224429
0.24234375		0.230161174901	0.864896032849
0.24265625		0.229877475055	0.864629386246
0.24296875		0.229593573623	0.864362302983
0.24328125		0.229309470134	0.864094781556
0.24359375		0.229025164117	0.863826820451
0.24390625		0.228740655098	0.863558418147
0.24421875		0.228455942601	0.863289573113
0.24453125		0.228171026149	0.863020283813
0.24484375		0.22788590526	0.8627505487
0.24515625		0.227600579452	0.862480366219
0.24546875		0.227315048242	0.862209734808
0.24578125		0.227029311142	0.861938652895
0.24609375		0.226743367665	0.8616671189
0.24640625		0.226457217318	0.861395131235
0.24671875		0.226170859609	0.861122688301
0.24703125		0.225884294042	0.860849788493
0.24734375		0.225597520121	0.860576430196
0.24765625		0.225310537345	0.860302611787
0.24796875		0.225023345212	0.860028331632
0.24828125		0.224735943218	0.859753588089
0.24859375		0.224448330856	0.859478379509
0.24890625		0.224160507618	0.85920270423
0.24921875		0.223872472993	0.858926560583
0.24953125		0.223584226466	0.858649946891
0.24984375		0.223295767522	0.858372861465
0.25015625		0.223007095644	0.858095302608
0.25046875		0.22271821031	0.857817268613
0.25078125		0.222429110997	0.857538757764
0.25109375		0.222139797181	0.857259768334
0.25140625		0.221850268333	0.856980298588
0.25171875		0.221560523923	0.856700346781
0.25203125		0.221270563418	0.856419911156
0.25234375		0.220980386285	0.856138989949
0.25265625		0.220689991984	0.855857581384
0.25296875		0.220399379976	0.855575683676
0.25328125		0.220108549719	0.855293295029
0.25359375		0.219817500667	0.855010413637
0.25390625		0.219526232272	0.854727037684
0.25421875		0.219234743984	0.854443165343
0.25453125		0.218943035252	0.854158794777
0.25484375		0.218651105518	0.853873924138
0.25515625		0.218358954225	0.853588551567
0.25546875		0.218066580813	0.853302675197
0.25578125		0.217773984718	0.853016293146
0.25609375		0.217481165374	0.852729403524
0.25640625		0.217188122212	0.852442004428
0.25671875		0.216894854661	0.852154093946
0.25703125		0.216601362148	0.851865670154
0.25734375		0.216307644094	0.851576731116
0.25765625		0.216013699921	0.851287274886
0.25796875		0.215719529046	0.850997299504
0.25828125		0.215425130884	0.850706803002
0.25859375		0.215130504846	0.850415783398
0.25890625		0.214835650343	0.850124238698
0.25921875		0.21454056678	0.849832166899
0.25953125		0.21424525356	0.849539565982
0.25984375		0.213949710084	0.84924643392
0.26015625		0.21365393575	0.848952768671
0.26046875		0.213357929952	0.848658568182
0.26078125		0.213061692082	0.848363830387
0.26109375		0.212765221529	0.84806855321
0.26140625		0.212468517678	0.847772734558
0.26171875		0.212171579912	0.84747637233
0.26203125		0.21187440761	0.84717946441
0.26234375		0.211577000149	0.846882008669
0.26265625		0.211279356903	0.846584002965
0.26296875		0.210981477241	0.846285445146
0.26328125		0.210683360531	0.845986333042
0.26359375		0.210385006137	0.845686664473
0.26390625		0.21008641342	0.845386437245
0.26421875		0.209787581738	0.84508564915
0.26453125		0.209488510444	0.844784297968
0.26484375		0.20918919889	0.844482381463
0.26515625		0.208889646424	0.844179897387
0.26546875		0.208589852391	0.843876843477
0.26578125		0.208289816131	0.843573217456
0.26609375		0.207989536983	0.843269017035
0.26640625		0.207689014281	0.842964239907
0.26671875		0.207388247357	0.842658883753
0.26703125		0.207087235537	0.84235294624
0.26734375		0.206785978147	0.842046425019
0.26765625		0.206484474508	0.841739317727
0.26796875		0.206182723936	0.841431621985
0.26828125		0.205880725745	0.841123335401
0.26859375		0.205578479246	0.840814455565
0.26890625		0.205275983745	0.840504980055
0.26921875		0.204973238546	0.840194906432
0.26953125		0.204670242948	0.83988423224
0.26984375		0.204366996246	0.83957295501
0.27015625		0.204063497733	0.839261072255
0.27046875		0.203759746697	0.838948581474
0.27078125		0.203455742423	0.838635480149
0.27109375		0.203151484192	0.838321765745
0.27140625		0.202846971281	0.838007435713
0.27171875		0.202542202963	0.837692487483
0.27203125		0.202237178508	0.837376918474
0.27234375		0.201931897181	0.837060726084
0.27265625		0.201626358244	0.836743907696
0.27296875		0.201320560954	0.836426460675
0.27328125		0.201014504565	0.83610838237
0.27359375		0.200708188328	0.835789670111
0.27390625		0.200401611487	0.835470321211
0.27421875		0.200094773285	0.835150332966
0.27453125		0.199787672958	0.834829702654
0.27484375		0.19948030974	0.834508427533
0.27515625		0.199172682861	0.834186504847
0.27546875		0.198864791546	0.833863931816
0.27578125		0.198556635015	0.833540705647
0.27609375		0.198248212485	0.833216823525
0.27640625		0.197939523168	0.832892282616
0.27671875		0.197630566272	0.832567080069
0.27703125		0.197321341001	0.832241213013
0.27734375		0.197011846554	0.831914678557
0.27765625		0.196702082125	0.83158747379
0.27796875		0.196392046906	0.831259595784
0.27828125		0.196081740081	0.830931041587
0.27859375		0.195771160832	0.83060180823
0.27890625		0.195460308337	0.830271892723
0.27921875		0.195149181766	0.829941292055
0.27953125		0.194837780287	0.829610003195
0.27984375		0.194526103063	0.82927802309
0.28015625		0.194214149253	0.828945348667
0.28046875		0.193901918008	0.828611976832
0.28078125		0.193589408479	0.828277904469
0.28109375		0.193276619808	0.82794312844
0.28140625		0.192963551134	0.827607645585
0.28171875		0.192650201591	0.827271452723
0.28203125		0.192336570308	0.82693454665
0.28234375		0.192022656409	0.826596924141
0.28265625		0.191708459013	0.826258581945
0.28296875		0.191393977233	0.825919516791
0.28328125		0.191079210178	0.825579725384
0.28359375		0.190764156951	0.825239204405
0.28390625		0.190448816651	0.824897950513
0.28421875		0.190133188371	0.824555960342
0.28453125		0.189817271199	0.824213230501
0.28484375		0.189501064216	0.823869757577
0.28515625		0.189184566501	0.823525538132
0.28546875		0.188867777123	0.823180568701
0.28578125		0.188550695151	0.822834845797
0.28609375		0.188233319643	0.822488365906
0.28640625		0.187915649655	0.822141125489
0.28671875		0.187597684237	0.821793120981
0.28703125		0.187279422431	0.821444348792
0.28734375		0.186960863277	0.821094805304
0.28765625		0.186642005806	0.820744486874
0.28796875		0.186322849045	0.820393389831
0.28828125		0.186003392014	0.820041510479
0.28859375		0.185683633727	0.819688845093
0.28890625		0.185363573195	0.81933538992
0.28921875		0.185043209418	0.818981141182
0.28953125		0.184722541394	0.818626095068
0.28984375		0.184401568113	0.818270247744
0.29015625		0.18408028856	0.817913595343
0.29046875		0.183758701712	0.817556133972
0.29078125		0.183436806541	0.817197859707
0.29109375		0.183114602013	0.816838768594
0.29140625		0.182792087086	0.816478856652
0.29171875		0.182469260713	0.816118119865
0.29203125		0.182146121841	0.815756554192
0.29234375		0.181822669408	0.815394155557
0.29265625		0.181498902347	0.815030919854
0.29296875		0.181174819586	0.814666842946
0.29328125		0.180850420042	0.814301920665
0.29359375		0.180525702628	0.813936148809
0.29390625		0.180200666251	0.813569523145
0.29421875		0.179875309809	0.813202039406
0.29453125		0.179549632194	0.812833693293
0.29484375		0.17922363229	0.812464480473
0.29515625		0.178897308975	0.812094396579
0.29546875		0.17857066112	0.811723437209
0.29578125		0.178243687588	0.811351597929
0.29609375		0.177916387233	0.810978874268
0.29640625		0.177588758906	0.810605261719
0.29671875		0.177260801446	0.810230755741
0.29703125		0.176932513687	0.809855351757
0.29734375		0.176603894456	0.809479045153
0.29765625		0.176274942569	0.809101831276
0.29796875		0.175945656838	0.80872370544
0.29828125		0.175616036065	0.808344662918
0.29859375		0.175286079044	0.807964698945
0.29890625		0.174955784563	0.807583808721
0.29921875		0.1746251514	0.807201987403
0.29953125		0.174294178326	0.806819230109
0.29984375		0.173962864102	0.806435531921
0.30015625		0.173631207484	0.806050887877
0.30046875		0.173299207216	0.805665292976
0.30078125		0.172966862036	0.805278742174
0.30109375		0.172634170673	0.804891230389
0.30140625		0.172301131847	0.804502752493
0.30171875		0.171967744269	0.804113303318
0.30203125		0.171634006642	0.803722877652
0.30234375		0.17129991766	0.803331470241
0.30265625		0.170965476008	0.802939075785
0.30296875		0.170630680362	0.80254568894
0.30328125		0.170295529388	0.802151304318
0.30359375		0.169960021743	0.801755916485
0.30390625		0.169624156078	0.80135951996
0.30421875		0.169287931029	0.800962109218
0.30453125		0.168951345226	0.800563678683
0.30484375		0.16861439729	0.800164222736
0.30515625		0.16827708583	0.799763735706
0.30546875		0.167939409446	0.799362211875
0.30578125		0.16760136673	0.798959645476
0.30609375		0.167262956261	0.798556030692
0.30640625		0.166924176609	0.798151361653
0.30671875		0.166585026336	0.797745632442
0.30703125		0.166245503991	0.797338837087
0.30734375		0.165905608114	0.796930969567
0.30765625		0.165565337233	0.796522023804
0.30796875		0.165224689867	0.79611199367
0.30828125		0.164883664524	0.795700872981
0.30859375		0.164542259701	0.795288655499
0.30890625		0.164200473883	0.79487533493
0.30921875		0.163858305545	0.794460904923
0.30953125		0.163515753152	0.794045359073
0.30984375		0.163172815156	0.793628690915
0.31015625		0.162829489997	0.793210893926
0.31046875		0.162485776106	0.792791961525
0.31078125		0.162141671899	0.792371887071
0.31109375		0.161797175784	0.791950663862
0.31140625		0.161452286154	0.791528285135
0.31171875		0.161107001392	0.791104744067
0.31203125		0.160761319867	0.790680033769
0.31234375		0.160415239937	0.790254147291
0.31265625		0.160068759948	0.789827077618
0.31296875		0.159721878232	0.789398817671
0.31328125		0.15937459311	0.788969360303
0.31359375		0.159026902888	0.788538698301
0.31390625		0.15867880586	0.788106824387
0.31421875		0.158330300309	0.787673731211
0.31453125		0.157981384501	0.787239411355
0.31484375		0.157632056691	0.786803857332
0.31515625		0.157282315121	0.786367061583
0.31546875		0.156932158016	0.785929016477
0.31578125		0.156581583591	0.785489714309
0.31609375		0.156230590045	0.785049147303
0.31640625		0.155879175563	0.784607307605
0.31671875		0.155527338316	0.784164187288
0.31703125		0.155175076459	0.783719778346
0.31734375		0.154822388135	0.783274072697
0.31765625		0.154469271471	0.782827062178
0.31796875		0.154115724578	0.782378738548
0.31828125		0.153761745552	0.781929093485
0.31859375		0.153407332476	0.781478118584
0.31890625		0.153052483414	0.781025805357
0.31921875		0.152697196417	0.780572145233
0.31953125		0.15234146952	0.780117129554
0.31984375		0.151985300739	0.779660749576
0.32015625		0.151628688076	0.779202996469
0.32046875		0.151271629518	0.778743861312
0.32078125		0.150914123033	0.778283335094
0.32109375		0.150556166572	0.777821408714
0.32140625		0.15019775807	0.777358072977
0.32171875		0.149838895445	0.776893318596
0.32203125		0.149479576597	0.776427136186
0.32234375		0.149119799408	0.775959516268
0.32265625		0.148759561742	0.775490449265
0.32296875		0.148398861447	0.7750199255
0.32328125		0.148037696349	0.774547935194
0.32359375		0.147676064259	0.774074468469
0.32390625		0.147313962967	0.773599515341
0.32421875		0.146951390245	0.773123065722
0.32453125		0.146588343845	0.772645109419
0.32484375		0.146224821501	0.772165636128
0.32515625		0.145860820925	0.771684635438
0.32546875		0.14549633981	0.771202096825
0.32578125		0.145131375831	0.770718009654
0.32609375		0.144765926639	0.770232363175
0.32640625		0.144399989865	0.769745146522
0.32671875		0.144033563122	0.76925634871
0.32703125		0.143666643998	0.768765958637
0.32734375		0.143299230062	0.768273965078
0.32765625		0.142931318859	0.767780356685
0.32796875		0.142562907914	0.767285121986
0.32828125		0.142193994728	0.766788249381
0.32859375		0.14182457678	0.766289727143
0.32890625		0.141454651527	0.765789543413
0.32921875		0.141084216401	0.765287686201
0.32953125		0.140713268812	0.76478414338
0.32984375		0.140341806144	0.76427890269
0.33015625		0.139969825758	0.763771951729
0.33046875		0.139597324992	0.763263277955
0.33078125		0.139224301157	0.762752868683
0.33109375		0.138850751539	0.762240711085
0.33140625		0.138476673399	0.761726792183
0.33171875		0.138102063973	0.761211098849
0.33203125		0.137726920469	0.760693617804
0.33234375		0.13735124007	0.760174335615
0.33265625		0.136975019931	0.759653238691
0.33296875		0.136598257179	0.759130313281
0.33328125		0.136220948916	0.758605545474
0.33359375		0.135843092213	0.758078921192
0.33390625		0.135464684114	0.757550426193
0.33421875		0.135085721634	0.757020046061
0.33453125		0.134706201759	0.756487766209
0.33484375		0.134326121444	0.755953571877
0.33515625		0.133945477616	0.755417448123
0.33546875		0.133564267169	0.754879379826
0.33578125		0.133182486968	0.754339351679
0.33609375		0.132800133846	0.753797348188
0.33640625		0.132417204604	0.753253353671
0.33671875		0.13203369601	0.752707352248
0.33703125		0.1316496048	0.752159327846
0.33734375		0.131264927678	0.75160926419
0.33765625		0.130879661311	0.751057144801
0.33796875		0.130493802334	0.750502952994
0.33828125		0.130107347348	0.749946671873
0.33859375		0.129720292916	0.749388284328
0.33890625		0.129332635567	0.74882777303
0.33921875		0.128944371794	0.74826512043
0.33953125		0.128555498052	0.747700308752
0.33984375		0.128166010759	0.747133319992
0.34015625		0.127775906295	0.74656413591
0.34046875		0.127385181002	0.745992738031
0.34078125		0.126993831181	0.745419107637
0.34109375		0.126601853095	0.744843225763
0.34140625		0.126209242966	0.744265073197
0.34171875		0.125815996974	0.743684630467
0.34203125		0.12542211126	0.743101877844
0.34234375		0.12502758192	0.742516795336
0.34265625		0.124632405007	0.741929362679
0.34296875		0.124236576532	0.741339559336
0.34328125		0.123840092462	0.740747364492
0.34359375		0.123442948715	0.740152757047
0.34390625		0.123045141168	0.73955571561
0.34421875		0.122646665649	0.738956218496
0.34453125		0.122247517939	0.738354243721
0.34484375		0.12184769377	0.737749768994
0.34515625		0.121447188827	0.737142771709
0.34546875		0.121045998744	0.736533228948
0.34578125		0.120644119105	0.735921117463
0.34609375		0.120241545443	0.73530641368
0.34640625		0.119838273237	0.734689093687
0.34671875		0.119434297916	0.734069133228
0.34703125		0.119029614853	0.733446507699
0.34734375		0.118624219365	0.732821192137
0.34765625		0.118218106716	0.732193161218
0.34796875		0.117811272112	0.731562389246
0.34828125		0.1174037107	0.730928850145
0.34859375		0.11699541757	0.730292517456
0.34890625		0.116586387751	0.729653364324
0.34921875		0.116176616212	0.729011363494
0.34953125		0.11576609786	0.728366487299
0.34984375		0.115354827538	0.727718707658
0.35015625		0.114942800027	0.727067996059
0.35046875		0.11453001004	0.726414323556
0.35078125		0.114116452227	0.725757660759
0.35109375		0.113702121166	0.725097977824
0.35140625		0.11328701137	0.724435244442
0.35171875		0.11287111728	0.723769429833
0.35203125		0.112454433266	0.723100502732
0.35234375		0.112036953625	0.722428431381
0.35265625		0.111618672581	0.721753183517
0.35296875		0.11119958428	0.721074726364
0.35328125		0.110779682795	0.720393026618
0.35359375		0.110358962117	0.719708050437
0.35390625		0.109937416159	0.719019763431
0.35421875		0.109515038752	0.718328130645
0.35453125		0.109091823645	0.717633116554
0.35484375		0.108667764502	0.716934685044
0.35515625		0.1082428549	0.716232799399
0.35546875		0.107817088329	0.715527422291
0.35578125		0.10739045819	0.714818515765
0.35609375		0.106962957791	0.714106041222
0.35640625		0.106534580349	0.713389959406
0.35671875		0.106105318984	0.712670230391
0.35703125		0.10567516672	0.71194681356
0.35734375		0.105244116482	0.711219667595
0.35765625		0.104812161093	0.710488750455
0.35796875		0.104379293276	0.709754019362
0.35828125		0.103945505645	0.709015430784
0.35859375		0.103510790709	0.708272940413
0.35890625		0.103075140868	0.707526503151
0.35921875		0.102638548409	0.706776073089
0.35953125		0.102201005504	0.706021603483
0.35984375		0.10176250421	0.70526304674
0.36015625		0.101323036463	0.704500354395
0.36046875		0.10088259408	0.703733477085
0.36078125		0.100441168752	0.702962364532
0.36109375		0.0999987520415	0.702186965517
0.36140625		0.0995553353836	0.701407227856
0.36171875		0.0991109100792	0.700623098377
0.36203125		0.098665467294	0.699834522891
0.36234375		0.0982189980548	0.69904144617
0.36265625		0.0977714932463	0.698243811918
0.36296875		0.0973229436083	0.69744156274
0.36328125		0.0968733397321	0.696634640118
0.36359375		0.096422672057	0.695822984376
0.36390625		0.0959709308668	0.695006534654
0.36421875		0.0955181062866	0.694185228871
0.36453125		0.0950641882782	0.693359003695
0.36484375		0.0946091666372	0.692527794506
0.36515625		0.0941530309882	0.691691535363
0.36546875		0.0936957707812	0.690850158967
0.36578125		0.0932373752871	0.69000359662
0.36609375		0.0927778335935	0.689151778188
0.36640625		0.0923171346003	0.688294632059
0.36671875		0.0918552670144	0.687432085102
0.36703125		0.0913922193457	0.686564062621
0.36734375		0.0909279799018	0.685690488311
0.36765625		0.0904625367826	0.68481128421
0.36796875		0.0899958778756	0.68392637065
0.36828125		0.0895279908498	0.683035666206
0.36859375		0.0890588631504	0.682139087644
0.36890625		0.088588481993	0.681236549865
0.36921875		0.0881168343573	0.680327965849
0.36953125		0.0876439069809	0.679413246596
0.36984375		0.087169686353	0.678492301064
0.37015625		0.0866941587076	0.677565036104
0.37046875		0.0862173100164	0.676631356396
0.37078125		0.0857391259817	0.675691164378
0.37109375		0.0852595920292	0.674744360177
0.37140625		0.0847786932999	0.673790841529
0.37171875		0.0842964146423	0.672830503706
0.37203125		0.083812740604	0.671863239432
0.37234375		0.0833276554235	0.670888938802
0.37265625		0.0828411430204	0.66990748919
0.37296875		0.0823531869872	0.668918775158
0.37328125		0.0818637705788	0.667922678363
0.37359375		0.081372876703	0.666919077453
0.37390625		0.08088048791	0.665907847967
0.37421875		0.0803865863817	0.664888862224
0.37453125		0.0798911539202	0.663861989209
0.37484375		0.0793941719366	0.662827094454
0.37515625		0.0788956214384	0.661784039915
0.37546875		0.0783954830174	0.660732683843
0.37578125		0.077893736836	0.659672880646
0.37609375		0.077390362614	0.658604480747
0.37640625		0.0768853396142	0.657527330437
0.37671875		0.0763786466273	0.656441271717
0.37703125		0.0758702619569	0.655346142137
0.37734375		0.075360163403	0.654241774623
0.37765625		0.0748483282451	0.653127997295
0.37796875		0.074334733225	0.652004633283
0.37828125		0.0738193545281	0.650871500527
0.37859375		0.0733021677643	0.649728411569
0.37890625		0.0727831479479	0.648575173332
0.37921875		0.0722622694767	0.647411586894
0.37953125		0.0717395061103	0.646237447243
0.37984375		0.0712148309464	0.645052543025
0.38015625		0.0706882163976	0.643856656271
0.38046875		0.0701596341656	0.642649562123
0.38078125		0.0696290552151	0.641431028524
0.38109375		0.069096449746	0.640200815914
0.38140625		0.0685617871643	0.638958676893
0.38171875		0.0680250360517	0.637704355871
0.38203125		0.0674861641331	0.636437588695
0.38234375		0.0669451382437	0.635158102262
0.38265625		0.0664019242928	0.633865614099
0.38296875		0.0658564872269	0.632559831926
0.38328125		0.0653087909904	0.631240453189
0.38359375		0.0647587984839	0.629907164566
0.38390625		0.0642064715211	0.628559641443
0.38421875		0.0636517707824	0.627197547355
0.38453125		0.0630946557666	0.625820533398
0.38484375		0.0625350847392	0.624428237594
0.38515625		0.0619730146785	0.623020284224
0.38546875		0.0614084012183	0.621596283111
0.38578125		0.0608411985866	0.62015582886
0.38609375		0.0602713595421	0.618698500043
0.38640625		0.0596988353051	0.617223858332
0.38671875		0.0591235754858	0.615731447568
0.38703125		0.0585455280071	0.61422079277
0.38734375		0.0579646390228	0.612691399066
0.38765625		0.057380852831	0.611142750553
0.38796875		0.0567941117814	0.609574309071
0.38828125		0.0562043561767	0.607985512888
0.38859375		0.0556115241677	0.606375775277
0.38890625		0.0550155516404	0.604744482998
0.38921875		0.0544163720966	0.603090994647
0.38953125		0.0538139165254	0.601414638883
0.38984375		0.0532081132655	0.59971471251
0.39015625		0.0525988878582	0.597990478397
0.39046875		0.0519861628887	0.596241163233
0.39078125		0.0513698578166	0.594465955082
0.39109375		0.050749888793	0.592664000737
0.39140625		0.0501261684632	0.590834402828
0.39171875		0.0494986057545	0.588976216685
0.39203125		0.048867105647	0.587088446904
0.39234375		0.0482315689252	0.5851700436
0.39265625		0.0475918919097	0.5832198983
0.39296875		0.0469479661655	0.581236839444
0.39328125		0.046299678186	0.579219627437
0.39359375		0.0456469090486	0.577166949207
0.39390625		0.0449895340395	0.575077412201
0.39421875		0.0443274222446	0.572949537752
0.39453125		0.0436604361019	0.570781753733
0.39484375		0.0429884309111	0.568572386406
0.39515625		0.0423112542956	0.566319651357
0.39546875		0.0416287456109	0.564021643389
0.39578125		0.0409407352923	0.561676325222
0.39609375		0.0402470441353	0.559281514841
0.39640625		0.0395474824982	0.556834871272
0.39671875		0.038841849418	0.554333878558
0.39703125		0.0381299316269	0.551775827653
0.39734375		0.0374115024557	0.54915779589
0.39765625		0.0366863206067	0.546476623633
0.39796875		0.0359541287791	0.543728887624
0.39828125		0.0352146521211	0.540910870459
0.39859375		0.0344675964842	0.538018525471
0.39890625		0.0337126464457	0.535047436194
0.39921875		0.0329494630624	0.531992769336
0.39953125		0.0321776813066	0.528849219998
0.39984375		0.031396907131	0.525610947521
0.40015625		0.0306067140909	0.522271499978
0.40046875		0.0298066394415	0.518823724794
0.40078125		0.0289961796053	0.51525966231
0.40109375		0.0281747848806	0.511570418209
0.40140625		0.0273418532291	0.507746009558
0.40171875		0.0264967229377	0.50377517758
0.40203125		0.0256386638943	0.49964515814
0.40234375		0.024766867142	0.495341397868
0.40265625		0.023880432275	0.49084719967
0.40296875		0.0229783521051	0.486143275357
0.40328125		0.0220594938368	0.481207174468
0.40359375		0.0211225757251	0.476012545639
0.40390625		0.0201661378174	0.470528167738
0.40421875		0.0191885048346	0.464716658645
0.40453125		0.0181877384534	0.458532723447
0.40484375		0.0171615750475	0.451920729184
0.40515625		0.0161073431038	0.444811268774
0.40546875		0.0150218516201	0.437116161307
0.40578125		0.0139012360618	0.428720947177
0.40609375		0.0127407405043	0.419473199866
0.40640625		0.011534400618	0.409163495344
0.40671875		0.0102745660792	0.397492680037
0.40703125		0.00895114690505	0.38401149044
0.40734375		0.00755032698123	0.367998121291
0.40765625		0.00605187312374	0.348171481784
0.40796875		0.00447202665677	0.322773579225
0.40828125		0.00294546236037	0.290726735705
0.40859375		0.00164006291281	0.2510563329
0.40890625		0.000697615613933	0.202618648982
0.40921875		0.000171731190115	0.142493538578
0.40953125		2.97236600333e-07	0.0287825402001
0.40984375		4.13426780914e-09	0.0100121591957
0.41015625		4.11315407595e-09	0.0100000008966
0.41046875		4.11315252377e-09	0.01
0.41078125		4.11315252376e-09	0.01
0.41109375		4.11315252376e-09	0.01
0.41140625		4.11315252376e-09	0.01
0.41171875		4.11315252376e-09	0.01
0.41203125		4.11315252376e-09	0.01
0.41234375		4.11315252376e-09	0.01
0.41265625		4.11315252376e-09	0.01
0.41296875		4.11315252376e-09	0.01
0.41328125		4.11315252376e-09	0.01
0.41359375		4.11315252376e-09	0.01
0.41390625		4.11315252376e-09	0.01
0.41421875		4.11315252376e-09	0.01
0.41453125		4.11315252376e-09	0.01
0.41484375		4.11315252376e-09	0.01
0.41515625		4.11315252376e-09	0.01
0.41546875		4.11315252376e-09	0.01
0.41578125		4.11315252376e-09	0.01
0.41609375		4.11315252376e-09	0.01
0.41640625		4.11315252376e-09	0.01
0.41671875		4.11315252376e-09	0.01
0.41703125		4.11315252376e-09	0.01
0.41734375		4.11315252376e-09	0.01
0.41765625		4.11315252376e-09	0.01
0.41796875		4.11315252376e-09	0.01
0.41828125		4.11315252376e-09	0.01
0.41859375		4.11315252376e-09	0.01
0.41890625		4.11315252376e-09	0.01
0.41921875		4.11315252376e-09	0.01
0.41953125		4.11315252376e-09	0.01
0.41984375		4.11315252376e-09	0.01
0.42015625		4.11315252376e-09	0.01
0.42046875		4.11315252376e-09	0.01
0.42078125		4.11315252376e-09	0.01
0.42109375		4.11315252376e-09	0.01
0.42140625		4.11315252376e-09	0.01
0.42171875		4.11315252376e-09	0.01
0.42203125		4.11315252376e-09	0.01
0.42234375		4.11315252376e-09	0.01
0.42265625		4.11315252376e-09	0.01
0.42296875		4.11315252376e-09	0.01
0.42328125		4.11315252376e-09	0.01
0.42359375		4.11315252376e-09	0.01
0.42390625		4.11315252376e-09	0.01
0.42421875		4.11315252376e-09	0.01
0.42453125		4.11315252376e-09	0.01
0.42484375		4.11315252376e-09	0.01
0.42515625		4.11315252376e-09	0.01
0.42546875		4.11315252376e-09	0.01
0.42578125		4.11315252376e-09	0.01
0.42609375		4.11315252376e-09	0.01
0.42640625		4.11315252376e-09	0.01
0.42671875		4.11315252376e-09	0.01
0.42703125		4.11315252376e-09	0.01
0.42734375		4.11315252376e-09	0.01
0.42765625		4.11315252376e-09	0.01
0.42796875		4.11315252376e-09	0.01
0.42828125		4.11315252376e-09	0.01
0.42859375		4.11315252376e-09	0.01
0.42890625		4.11315252376e-09	0.01
0.42921875		4.11315252376e-09	0.01
0.42953125		4.11315252376e-09	0.01
0.42984375		4.11315252376e-09	0.01
0.43015625		4.11315252376e-09	0.01
0.43046875		4.11315252376e-09	0.01
0.43078125		4.11315252376e-09	0.01
0.43109375		4.11315252376e-09	0.01
0.43140625		4.11315252376e-09	0.01
0.43171875		4.11315252376e-09	0.01
0.43203125		4.11315252376e-09	0.01
0.43234375		4.11315252376e-09	0.01
0.43265625		4.11315252376e-09	0.01
0.43296875		4.11315252376e-09	0.01
0.43328125		4.11315252376e-09	0.01
0.43359375		4.11315252376e-09	0.01
0.43390625		4.11315252376e-09	0.01
0.43421875		4.11315252376e-09	0.01
0.43453125		4.11315252376e-09	0.01
0.43484375		4.11315252376e-09	0.01
0.43515625		4.11315252376e-09	0.01
0.43546875		4.11315252376e-09	0.01
0.43578125		4.11315252376e-09	0.01
0.43609375		4.11315252376e-09	0.01
0.43640625		4.11315252376e-09	0.01
0.43671875		4.11315252376e-09	0.01
0.43703125		4.11315252376e-09	0.01
0.43734375		4.11315252376e-09	0.01
0.43765625		4.11315252376e-09	0.01
0.43796875		4.11315252376e-09	0.01
0.43828125		4.11315252376e-09	0.01
0.43859375		4.11315252376e-09	0.01
0.43890625		4.11315252376e-09	0.01
0.43921875		4.11315252376e-09	0.01
0.43953125		4.11315252376e-09	0.01
0.43984375		4.11315252376e-09	0.01
0.44015625		4.11315252376e-09	0.01
0.44046875		4.11315252376e-09	0.01
0.44078125		4.11315252376e-09	0.01
0.44109375		4.11315252376e-09	0.01
0.44140625		4.11315252376e-09	0.01
0.44171875		4.11315252376e-09	0.01
0.44203125		4.11315252376e-09	0.01
0.44234375		4.11315252376e-09	0.01
0.44265625		4.11315252376e-09	0.01
0.44296875		4.11315252376e-09	0.01
0.44328125		4.11315252376e-09	0.01
0.44359375		4.11315252376e-09	0.01
0.44390625		4.11315252376e-09	0.01
0.44421875		4.11315252376e-09	0.01
0.44453125		4.11315252376e-09	0.01
0.44484375		4.11315252376e-09	0.01
0.44515625		4.11315252376e-09	0.01
0.44546875		4.11315252376e-09	0.01
0.44578125		4.11315252376e-09	0.01
0.44609375		4.11315252376e-09	0.01
0.44640625		4.11315252376e-09	0.01
0.44671875		4.11315252376e-09	0.01
0.44703125		4.11315252376e-09	0.01
0.44734375		4.11315252376e-09	0.01
0.44765625		4.11315252376e-09	0.01
0.44796875		4.11315252376e-09	0.01
0.44828125		4.11315252376e-09	0.01
0.44859375		4.11315252376e-09	0.01
0.44890625		4.11315252376e-09	0.01
0.44921875		4.11315252376e-09	0.01
0.44953125		4.11315252376e-09	0.01
0.44984375		4.11315252376e-09	0.01
0.45015625		4.11315252376e-09	0.01
0.45046875		4.11315252376e-09	0.01
0.45078125		4.11315252376e-09	0.01
0.45109375		4.11315252376e-09	0.01
0.45140625		4.11315252376e-09	0.01
0.45171875		4.11315252376e-09	0.01
0.45203125		4.11315252376e-09	0.01
0.45234375		4.11315252376e-09	0.01
0.45265625		4.11315252376e-09	0.01
0.45296875		4.11315252376e-09	0.01
0.45328125		4.11315252376e-09	0.01
0.45359375		4.11315252376e-09	0.01
0.45390625		4.11315252376e-09	0.01
0.45421875		4.11315252376e-09	0.01
0.45453125		4.11315252376e-09	0.01
0.45484375		4.11315252376e-09	0.01
0.45515625		4.11315252376e-09	0.01
0.45546875		4.11315252376e-09	0.01
0.45578125		4.11315252376e-09	0.01
0.45609375		4.11315252376e-09	0.01
0.45640625		4.11315252376e-09	0.01
0.45671875		4.11315252376e-09	0.01
0.45703125		4.11315252376e-09	0.01
0.45734375		4.11315252376e-09	0.01
0.45765625		4.11315252376e-09	0.01
0.45796875		4.11315252376e-09	0.01
0.45828125		4.11315252376e-09	0.01
0.45859375		4.11315252376e-09	0.01
0.45890625		4.11315252376e-09	0.01
0.45921875		4.11315252376e-09	0.01
0.45953125		4.11315252376e-09	0.01
0.45984375		4.11315252376e-09	0.01
0.46015625		4.11315252376e-09	0.01
0.46046875		4.11315252376e-09	0.01
0.46078125		4.11315252376e-09	0.01
0.46109375		4.11315252376e-09	0.01
0.46140625		4.11315252376e-09	0.01
0.46171875		4.11315252376e-09	0.01
0.46203125		4.11315252376e-09	0.01
0.46234375		4.11315252376e-09	0.01
0.46265625		4.11315252376e-09	0.01
0.46296875		4.11315252376e-09	0.01
0.46328125		4.11315252376e-09	0.01
0.46359375		4.11315252376e-09	0.01
0.46390625		4.11315252376e-09	0.01
0.46421875		4.11315252376e-09	0.01
0.46453125		4.11315252376e-09	0.01
0.46484375		4.11315252376e-09	0.01
0.46515625		4.11315252376e-09	0.01
0.46546875		4.11315252376e-09	0.01
0.46578125		4.11315252376e-09	0.01
0.46609375		4.11315252376e-09	0.01
0.46640625		4.11315252376e-09	0.01
0.46671875		4.11315252376e-09	0.01
0.46703125		4.11315252376e-09	0.01
0.46734375		4.11315252376e-09	0.01
0.46765625		4.11315252376e-09	0.01
0.46796875		4.11315252376e-09	0.01
0.46828125		4.11315252376e-09	0.01
0.46859375		4.11315252376e-09	0.01
0.46890625		4.11315252376e-09	0.01
0.46921875		4.11315252376e-09	0.01
0.46953125		4.11315252376e-09	0.01
0.46984375		4.11315252376e-09	0.01
0.47015625		4.11315252376e-09	0.01
0.47046875		4.11315252376e-09	0.01
0.47078125		4.11315252376e-09	0.01
0.47109375		4.11315252376e-09	0.01
0.47140625		4.11315252376e-09	0.01
0.47171875		4.11315252376e-09	0.01
0.47203125		4.11315252376e-09	0.01
0.47234375		4.11315252376e-09	0.01
0.47265625		4.11315252376e-09	0.01
0.47296875		4.11315252376e-09	0.01
0.47328125		4.11315252376e-09	0.01
0.47359375		4.11315252376e-09	0.01
0.47390625		4.11315252376e-09	0.01
0.47421875		4.11315252376e-09	0.01
0.47453125		4.11315252376e-09	0.01
0.47484375		4.11315252376e-09	0.01
0.47515625		4.11315252376e-09	0.01
0.47546875		4.11315252376e-09	0.01
0.47578125		4.11315252376e-09	0.01
0.47609375		4.11315252376e-09	0.01
0.47640625		4.11315252376e-09	0.01
0.47671875		4.11315252376e-09	0.01
0.47703125		4.11315252376e-09	0.01
0.47734375		4.11315252376e-09	0.01
0.47765625		4.11315252376e-09	0.01
0.47796875		4.11315252376e-09	0.01
0.47828125		4.11315252376e-09	0.01
0.47859375		4.11315252376e-09	0.01
0.47890625		4.11315252376e-09	0.01
0.47921875		4.11315252376e-09	0.01
0.47953125		4.11315252376e-09	0.01
0.47984375		4.11315252376e-09	0.01
0.48015625		4.11315252376e-09	0.01
0.48046875		4.11315252376e-09	0.01
0.48078125		4.11315252376e-09	0.01
0.48109375		4.11315252376e-09	0.01
0.48140625		4.11315252376e-09	0.01
0.48171875		4.11315252376e-09	0.01
0.48203125		4.11315252376e-09	0.01
0.48234375		4.11315252376e-09	0.01
0.48265625		4.11315252376e-09	0.01
0.48296875		4.11315252376e-09	0.01
0.48328125		4.11315252376e-09	0.01
0.48359375		4.11315252376e-09	0.01
0.48390625		4.11315252376e-09	0.01
0.48421875		4.11315252376e-09	0.01
0.48453125		4.11315252376e-09	0.01
0.48484375		4.11315252376e-09	0.01
0.48515625		4.11315252376e-09	0.01
0.48546875		4.11315252376e-09	0.01
0.48578125		4.11315252376e-09	0.01
0.48609375		4.11315252376e-09	0.01
0.48640625		4.11315252376e-09	0.01
0.48671875		4.11315252376e-09	0.01
0.48703125		4.11315252376e-09	0.01
0.48734375		4.11315252376e-09	0.01
0.48765625		4.11315252376e-09	0.01
0.48796875		4.11315252376e-09	0.01
0.48828125		4.11315252376e-09	0.01
0.48859375		4.11315252376e-09	0.01
0.48890625		4.11315252376e-09	0.01
0.48921875		4.11315252376e-09	0.01
0.48953125		4.11315252376e-09	0.01
0.48984375		4.11315252376e-09	0.01
0.49015625		4.11315252376e-09	0.01
0.49046875		4.11315252376e-09	0.01
0.49078125		4.11315252376e-09	0.01
0.49109375		4.11315252376e-09	0.01
0.49140625		4.11315252376e-09	0.01
0.49171875		4.11315252376e-09	0.01
0.49203125		4.11315252376e-09	0.01
0.49234375		4.11315252376e-09	0.01
0.49265625		4.11315252376e-09	0.01
0.49296875		4.11315252376e-09	0.01
0.49328125		4.11315252376e-09	0.01
0.49359375		4.11315252376e-09	0.01
0.49390625		4.11315252376e-09	0.01
0.49421875		4.11315252376e-09	0.01
0.49453125		4.11315252376e-09	0.01
0.49484375		4.11315252376e-09	0.01
0.49515625		4.11315252376e-09	0.01
0.49546875		4.11315252376e-09	0.01
0.49578125		4.11315252376e-09	0.01
0.49609375		4.11315252376e-09	0.01
0.49640625		4.11315252376e-09	0.01
0.49671875		4.11315252376e-09	0.01
0.49703125		4.11315252376e-09	0.01
0.49734375		4.11315252376e-09	0.01
0.49765625		4.11315252376e-09	0.01
0.49796875		4.11315252376e-09	0.01
0.49828125		4.11315252376e-09	0.01
0.49859375		4.11315252376e-09	0.01
0.49890625		4.11315252376e-09	0.01
0.49921875		4.11315252376e-09	0.01
0.49953125		4.11315252376e-09	0.01
0.49984375		4.11315252376e-09	0.01
