0.00015625		0.410108139402	0.999265514182
0.00046875		0.409929703182	0.999156520234
0.00078125		0.40968701002	0.999008768778
0.00109375		0.40943878821	0.998857483394
0.00140625		0.409207143413	0.998716193711
0.00171875		0.408985718385	0.998581066711
0.00203125		0.408770623311	0.998449748137
0.00234375		0.408559782438	0.998320975511
0.00265625		0.408351981104	0.998194009927
0.00296875		0.408146424555	0.99806836815
0.00328125		0.407942498808	0.997943676261
0.00359375		0.407739742267	0.99781965284
0.00390625		0.407537844171	0.997696108423
0.00421875		0.40733660357	0.997572920581
0.00453125		0.407135879267	0.997450003272
0.00484375		0.406935562174	0.99732729
0.00515625		0.406735560598	0.997204724818
0.00546875		0.406535798186	0.997082261064
0.00578125		0.406336218754	0.996959864386
0.00609375		0.406136783037	0.996837510785
0.00640625		0.405937460214	0.99671518141
0.00671875		0.405738223173	0.996592859651
0.00703125		0.40553904776	0.996470530694
0.00734375		0.405339912445	0.996348181315
0.00765625		0.405140798735	0.996225800124
0.00796875		0.404941694246	0.996103379492
0.00828125		0.40474259081	0.995980914359
0.00859375		0.404543479258	0.995858399023
0.00890625		0.404344349312	0.995735827117
0.00921875		0.404145193614	0.995613194073
0.00953125		0.403946005764	0.99549049589
0.00984375		0.403746779908	0.995367728896
0.01015625		0.403547510948	0.995244889882
0.01046875		0.403348194665	0.995121976179
0.01078125		0.403148827612	0.994998985587
0.01109375		0.402949406908	0.994875916254
0.01140625		0.402749930076	0.994752766574
0.01171875		0.40255039495	0.994629535132
0.01203125		0.402350799631	0.994506220672
0.01234375		0.40215114245	0.994382822083
0.01265625		0.401951421921	0.994259338363
0.01296875		0.401751636723	0.994135768611
0.01328125		0.401551785705	0.994012112029
0.01359375		0.401351867914	0.993888367942
0.01390625		0.401151882541	0.993764535763
0.01421875		0.400951828842	0.993640614942
0.01453125		0.400751706114	0.993516604957
0.01484375		0.400551513722	0.993392505325
0.01515625		0.400351251118	0.993268315617
0.01546875		0.400150917827	0.993144035448
0.01578125		0.39995051343	0.993019664469
0.01609375		0.39975003755	0.992895202353
0.01640625		0.399549489845	0.992770648798
0.01671875		0.399348870005	0.99264600352
0.01703125		0.399148177748	0.992521266251
0.01734375		0.398947412817	0.992396436739
0.01765625		0.398746574982	0.992271514749
0.01796875		0.398545664035	0.992146500058
0.01828125		0.398344679784	0.992021392453
0.01859375		0.398143622044	0.991896191726
0.01890625		0.397942490646	0.991770897676
0.01921875		0.39774128543	0.991645510112
0.01953125		0.397540006252	0.991520028847
0.01984375		0.397338652973	0.991394453702
0.02015625		0.397137225465	0.9912687845
0.02046875		0.396935723607	0.991143021071
0.02078125		0.39673414728	0.991017163246
0.02109375		0.396532496374	0.99089121086
0.02140625		0.396330770782	0.99076516375
0.02171875		0.396128970403	0.990639021755
0.02203125		0.395927095139	0.99051278472
0.02234375		0.395725144894	0.990386452487
0.02265625		0.395523119578	0.990260024902
0.02296875		0.395321019099	0.990133501811
0.02328125		0.395118843371	0.990006883063
0.02359375		0.394916592309	0.989880168505
0.02390625		0.394714265828	0.989753357987
0.02421875		0.394511863845	0.98962645136
0.02453125		0.394309386281	0.989499448475
0.02484375		0.394106833055	0.989372349181
0.02515625		0.393904204089	0.989245153332
0.02546875		0.393701499304	0.989117860779
0.02578125		0.393498718623	0.988990471373
0.02609375		0.393295861971	0.988862984968
0.02640625		0.39309292927	0.988735401416
0.02671875		0.392889920446	0.988607720569
0.02703125		0.392686835424	0.988479942279
0.02734375		0.392483674128	0.9883520664
0.02765625		0.392280436486	0.988224092782
0.02796875		0.392077122422	0.98809602128
0.02828125		0.391873731863	0.987967851744
0.02859375		0.391670264735	0.987839584027
0.02890625		0.391466720965	0.98771121798
0.02921875		0.391263100479	0.987582753456
0.02953125		0.391059403204	0.987454190306
0.02984375		0.390855629068	0.987325528381
0.03015625		0.390651777996	0.987196767531
0.03046875		0.390447849916	0.987067907608
0.03078125		0.390243844754	0.986938948462
0.03109375		0.390039762438	0.986809889944
0.03140625		0.389835602893	0.986680731902
0.03171875		0.389631366048	0.986551474188
0.03203125		0.389427051828	0.98642211665
0.03234375		0.38922266016	0.986292659137
0.03265625		0.389018190971	0.986163101497
0.03296875		0.388813644188	0.98603344358
0.03328125		0.388609019736	0.985903685234
0.03359375		0.388404317543	0.985773826305
0.03390625		0.388199537534	0.985643866642
0.03421875		0.387994679635	0.985513806092
0.03453125		0.387789743774	0.985383644501
0.03484375		0.387584729875	0.985253381716
0.03515625		0.387379637864	0.985123017582
0.03546875		0.387174467668	0.984992551946
0.03578125		0.386969219212	0.984861984652
0.03609375		0.38676389242	0.984731315546
0.03640625		0.38655848722	0.984600544473
0.03671875		0.386353003535	0.984469671276
0.03703125		0.386147441291	0.9843386958
0.03734375		0.385941800413	0.984207617888
0.03765625		0.385736080826	0.984076437383
0.03796875		0.385530282454	0.983945154128
0.03828125		0.385324405223	0.983813767966
0.03859375		0.385118449056	0.983682278738
0.03890625		0.384912413877	0.983550686287
0.03921875		0.384706299611	0.983418990453
0.03953125		0.384500106183	0.983287191077
0.03984375		0.384293833515	0.983155288
0.04015625		0.384087481532	0.983023281063
0.04046875		0.383881050156	0.982891170104
0.04078125		0.383674539313	0.982758954964
0.04109375		0.383467948924	0.982626635481
0.04140625		0.383261278913	0.982494211494
0.04171875		0.383054529203	0.982361682841
0.04203125		0.382847699716	0.98222904936
0.04234375		0.382640790376	0.982096310889
0.04265625		0.382433801106	0.981963467264
0.04296875		0.382226731826	0.981830518323
0.04328125		0.382019582461	0.981697463901
0.04359375		0.381812352931	0.981564303834
0.04390625		0.381605043159	0.981431037958
0.04421875		0.381397653067	0.981297666108
0.04453125		0.381190182575	0.981164188119
0.04484375		0.380982631607	0.981030603824
0.04515625		0.380775000082	0.980896913058
0.04546875		0.380567287923	0.980763115654
0.04578125		0.38035949505	0.980629211445
0.04609375		0.380151621384	0.980495200265
0.04640625		0.379943666846	0.980361081944
0.04671875		0.379735631356	0.980226856315
0.04703125		0.379527514835	0.980092523209
0.04734375		0.379319317203	0.979958082457
0.04765625		0.37911103838	0.97982353389
0.04796875		0.378902678286	0.979688877339
0.04828125		0.378694236841	0.979554112632
0.04859375		0.378485713964	0.979419239598
0.04890625		0.378277109576	0.979284258068
0.04921875		0.378068423594	0.979149167869
0.04953125		0.377859655939	0.97901396883
0.04984375		0.377650806529	0.978878660777
0.05015625		0.377441875283	0.978743243539
0.05046875		0.37723286212	0.978607716942
0.05078125		0.377023766958	0.978472080812
0.05109375		0.376814589715	0.978336334975
0.05140625		0.37660533031	0.978200479257
0.05171875		0.376395988661	0.978064513483
0.05203125		0.376186564686	0.977928437477
0.05234375		0.375977058301	0.977792251063
0.05265625		0.375767469425	0.977655954066
0.05296875		0.375557797975	0.977519546308
0.05328125		0.375348043869	0.977383027612
0.05359375		0.375138207022	0.977246397801
0.05390625		0.374928287352	0.977109656696
0.05421875		0.374718284776	0.97697280412
0.05453125		0.37450819921	0.976835839893
0.05484375		0.374298030571	0.976698763836
0.05515625		0.374087778774	0.976561575768
0.05546875		0.373877443735	0.976424275511
0.05578125		0.373667025371	0.976286862882
0.05609375		0.373456523597	0.976149337701
0.05640625		0.373245938328	0.976011699785
0.05671875		0.37303526948	0.975873948954
0.05703125		0.372824516968	0.975736085024
0.05734375		0.372613680707	0.975598107812
0.05765625		0.372402760612	0.975460017135
0.05796875		0.372191756596	0.975321812808
0.05828125		0.371980668576	0.975183494648
0.05859375		0.371769496464	0.975045062469
0.05890625		0.371558240175	0.974906516086
0.05921875		0.371346899623	0.974767855314
0.05953125		0.371135474721	0.974629079965
0.05984375		0.370923965384	0.974490189853
0.06015625		0.370712371524	0.97435118479
0.06046875		0.370500693055	0.97421206459
0.06078125		0.37028892989	0.974072829063
0.06109375		0.370077081941	0.973933478021
0.06140625		0.369865149121	0.973794011275
0.06171875		0.369653131342	0.973654428635
0.06203125		0.369441028518	0.973514729911
0.06234375		0.36922884056	0.973374914912
0.06265625		0.369016567379	0.973234983448
0.06296875		0.368804208888	0.973094935325
0.06328125		0.368591764999	0.972954770353
0.06359375		0.368379235622	0.972814488338
0.06390625		0.368166620669	0.972674089088
0.06421875		0.36795392005	0.972533572409
0.06453125		0.367741133678	0.972392938106
0.06484375		0.367528261461	0.972252185986
0.06515625		0.367315303311	0.972111315852
0.06546875		0.367102259138	0.97197032751
0.06578125		0.366889128852	0.971829220763
0.06609375		0.366675912363	0.971687995414
0.06640625		0.366462609581	0.971546651266
0.06671875		0.366249220414	0.971405188122
0.06703125		0.366035744773	0.971263605784
0.06734375		0.365822182567	0.971121904052
0.06765625		0.365608533703	0.970980082728
0.06796875		0.365394798092	0.970838141611
0.06828125		0.365180975642	0.970696080501
0.06859375		0.364967066261	0.970553899198
0.06890625		0.364753069857	0.970411597501
0.06921875		0.364538986338	0.970269175206
0.06953125		0.364324815612	0.970126632113
0.06984375		0.364110557586	0.969983968018
0.07015625		0.363896212169	0.969841182717
0.07046875		0.363681779266	0.969698276007
0.07078125		0.363467258786	0.969555247683
0.07109375		0.363252650634	0.96941209754
0.07140625		0.363037954718	0.969268825372
0.07171875		0.362823170944	0.969125430974
0.07203125		0.362608299217	0.968981914138
0.07234375		0.362393339445	0.968838274658
0.07265625		0.362178291532	0.968694512325
0.07296875		0.361963155384	0.968550626931
0.07328125		0.361747930908	0.968406618268
0.07359375		0.361532618007	0.968262486125
0.07390625		0.361317216587	0.968118230294
0.07421875		0.361101726553	0.967973850562
0.07453125		0.360886147809	0.96782934672
0.07484375		0.360670480259	0.967684718555
0.07515625		0.360454723808	0.967539965855
0.07546875		0.36023887836	0.967395088408
0.07578125		0.360022943818	0.967250085999
0.07609375		0.359806920086	0.967104958416
0.07640625		0.359590807068	0.966959705443
0.07671875		0.359374604665	0.966814326866
0.07703125		0.359158312782	0.966668822468
0.07734375		0.358941931321	0.966523192034
0.07765625		0.358725460184	0.966377435346
0.07796875		0.358508899274	0.966231552187
0.07828125		0.358292248493	0.96608554234
0.07859375		0.358075507743	0.965939405585
0.07890625		0.357858676924	0.965793141703
0.07921875		0.357641755939	0.965646750475
0.07953125		0.357424744689	0.96550023168
0.07984375		0.357207643075	0.965353585097
0.08015625		0.356990450998	0.965206810505
0.08046875		0.356773168357	0.965059907681
0.08078125		0.356555795054	0.964912876402
0.08109375		0.356338330989	0.964765716446
0.08140625		0.356120776061	0.964618427589
0.08171875		0.35590313017	0.964471009605
0.08203125		0.355685393216	0.964323462269
0.08234375		0.355467565097	0.964175785356
0.08265625		0.355249645713	0.964027978639
0.08296875		0.355031634963	0.963880041891
0.08328125		0.354813532745	0.963731974884
0.08359375		0.354595338958	0.963583777391
0.08390625		0.354377053499	0.963435449181
0.08421875		0.354158676266	0.963286990027
0.08453125		0.353940207158	0.963138399696
0.08484375		0.353721646071	0.962989677959
0.08515625		0.353502992903	0.962840824584
0.08546875		0.353284247551	0.96269183934
0.08578125		0.353065409911	0.962542721992
0.08609375		0.35284647988	0.962393472308
0.08640625		0.352627457354	0.962244090054
0.08671875		0.35240834223	0.962094574995
0.08703125		0.352189134402	0.961944926896
0.08734375		0.351969833768	0.961795145521
0.08765625		0.351750440221	0.961645230633
0.08796875		0.351530953658	0.961495181994
0.08828125		0.351311373972	0.961344999368
0.08859375		0.35109170106	0.961194682515
0.08890625		0.350871934814	0.961044231196
0.08921875		0.350652075129	0.960893645171
0.08953125		0.3504321219	0.9607429242
0.08984375		0.35021207502	0.960592068041
0.09015625		0.349991934381	0.960441076452
0.09046875		0.349771699879	0.96028994919
0.09078125		0.349551371404	0.960138686013
0.09109375		0.349330948851	0.959987286676
0.09140625		0.349110432112	0.959835750935
0.09171875		0.348889821078	0.959684078544
0.09203125		0.348669115643	0.959532269257
0.09234375		0.348448315697	0.959380322828
0.09265625		0.348227421132	0.959228239008
0.09296875		0.348006431839	0.95907601755
0.09328125		0.34778534771	0.958923658206
0.09359375		0.347564168635	0.958771160724
0.09390625		0.347342894504	0.958618524856
0.09421875		0.347121525209	0.95846575035
0.09453125		0.346900060638	0.958312836954
0.09484375		0.346678500681	0.958159784417
0.09515625		0.346456845229	0.958006592484
0.09546875		0.34623509417	0.957853260902
0.09578125		0.346013247393	0.957699789418
0.09609375		0.345791304788	0.957546177774
0.09640625		0.345569266242	0.957392425716
0.09671875		0.345347131643	0.957238532986
0.09703125		0.34512490088	0.957084499327
0.09734375		0.344902573841	0.956930324481
0.09765625		0.344680150412	0.956776008189
0.09796875		0.344457630481	0.956621550192
0.09828125		0.344235013935	0.956466950228
0.09859375		0.344012300661	0.956312208036
0.09890625		0.343789490544	0.956157323356
0.09921875		0.343566583472	0.956002295923
0.09953125		0.343343579329	0.955847125475
0.09984375		0.343120478001	0.955691811747
0.10015625		0.342897279375	0.955536354474
0.10046875		0.342673983334	0.955380753391
0.10078125		0.342450589763	0.955225008231
0.10109375		0.342227098548	0.955069118727
0.10140625		0.342003509572	0.954913084611
0.10171875		0.34177982272	0.954756905613
0.10203125		0.341556037874	0.954600581465
0.10234375		0.341332154919	0.954444111896
0.10265625		0.341108173737	0.954287496635
0.10296875		0.340884094212	0.954130735409
0.10328125		0.340659916225	0.953973827946
0.10359375		0.34043563966	0.953816773973
0.10390625		0.340211264399	0.953659573215
0.10421875		0.339986790322	0.953502225396
0.10453125		0.339762217312	0.953344730242
0.10484375		0.33953754525	0.953187087474
0.10515625		0.339312774016	0.953029296816
0.10546875		0.339087903492	0.95287135799
0.10578125		0.338862933558	0.952713270715
0.10609375		0.338637864093	0.952555034712
0.10640625		0.338412694977	0.9523966497
0.10671875		0.338187426091	0.952238115397
0.10703125		0.337962057313	0.95207943152
0.10734375		0.337736588522	0.951920597788
0.10765625		0.337511019596	0.951761613914
0.10796875		0.337285350415	0.951602479614
0.10828125		0.337059580856	0.951443194602
0.10859375		0.336833710796	0.951283758592
0.10890625		0.336607740114	0.951124171295
0.10921875		0.336381668686	0.950964432424
0.10953125		0.33615549639	0.950804541689
0.10984375		0.335929223101	0.9506444988
0.11015625		0.335702848696	0.950484303465
0.11046875		0.335476373052	0.950323955393
0.11078125		0.335249796043	0.950163454291
0.11109375		0.335023117545	0.950002799866
0.11140625		0.334796337433	0.949841991822
0.11171875		0.334569455582	0.949681029864
0.11203125		0.334342471867	0.949519913697
0.11234375		0.33411538616	0.949358643023
0.11265625		0.333888198337	0.949197217543
0.11296875		0.333660908271	0.949035636959
0.11328125		0.333433515835	0.94887390097
0.11359375		0.333206020902	0.948712009277
0.11390625		0.332978423344	0.948549961577
0.11421875		0.332750723034	0.948387757567
0.11453125		0.332522919844	0.948225396945
0.11484375		0.332295013645	0.948062879405
0.11515625		0.332067004309	0.947900204642
0.11546875		0.331838891706	0.94773737235
0.11578125		0.331610675708	0.947574382221
0.11609375		0.331382356185	0.947411233948
0.11640625		0.331153933007	0.947247927221
0.11671875		0.330925406044	0.94708446173
0.11703125		0.330696775164	0.946920837164
0.11734375		0.330468040238	0.946757053212
0.11765625		0.330239201133	0.946593109559
0.11796875		0.330010257719	0.946429005893
0.11828125		0.329781209864	0.946264741898
0.11859375		0.329552057434	0.946100317258
0.11890625		0.329322800299	0.945935731657
0.11921875		0.329093438324	0.945770984777
0.11953125		0.328863971377	0.9456060763
0.11984375		0.328634399324	0.945441005904
0.12015625		0.328404722031	0.945275773271
0.12046875		0.328174939364	0.945110378077
0.12078125		0.327945051189	0.944944820001
0.12109375		0.32771505737	0.944779098718
0.12140625		0.327484957772	0.944613213904
0.12171875		0.32725475226	0.944447165232
0.12203125		0.327024440699	0.944280952377
0.12234375		0.32679402295	0.944114575011
0.12265625		0.326563498879	0.943948032804
0.12296875		0.326332868348	0.943781325428
0.12328125		0.32610213122	0.94361445255
0.12359375		0.325871287356	0.943447413839
0.12390625		0.32564033662	0.943280208963
0.12421875		0.325409278873	0.943112837587
0.12453125		0.325178113976	0.942945299376
0.12484375		0.32494684179	0.942777593994
0.12515625		0.324715462176	0.942609721104
0.12546875		0.324483974994	0.942441680368
0.12578125		0.324252380103	0.942273471447
0.12609375		0.324020677364	0.942105094
0.12640625		0.323788866636	0.941936547685
0.12671875		0.323556947776	0.941767832162
0.12703125		0.323324920645	0.941598947084
0.12734375		0.3230927851	0.941429892109
0.12765625		0.322860540998	0.941260666891
0.12796875		0.322628188197	0.941091271082
0.12828125		0.322395726554	0.940921704334
0.12859375		0.322163155925	0.940751966299
0.12890625		0.321930476167	0.940582056627
0.12921875		0.321697687136	0.940411974965
0.12953125		0.321464788688	0.940241720962
0.12984375		0.321231780676	0.940071294264
0.13015625		0.320998662956	0.939900694516
0.13046875		0.320765435383	0.939729921363
0.13078125		0.32053209781	0.939558974448
0.13109375		0.320298650092	0.939387853412
0.13140625		0.32006509208	0.939216557897
0.13171875		0.319831423629	0.939045087541
0.13203125		0.31959764459	0.938873441983
0.13234375		0.319363754815	0.938701620861
0.13265625		0.319129754157	0.938529623811
0.13296875		0.318895642466	0.938357450467
0.13328125		0.318661419594	0.938185100463
0.13359375		0.318427085391	0.938012573433
0.13390625		0.318192639707	0.937839869006
0.13421875		0.317958082391	0.937666986813
0.13453125		0.317723413294	0.937493926484
0.13484375		0.317488632264	0.937320687645
0.13515625		0.31725373915	0.937147269924
0.13546875		0.317018733799	0.936973672946
0.13578125		0.316783616059	0.936799896334
0.13609375		0.316548385779	0.936625939712
0.13640625		0.316313042803	0.936451802701
0.13671875		0.316077586981	0.936277484922
0.13703125		0.315842018156	0.936102985993
0.13734375		0.315606336175	0.935928305533
0.13765625		0.315370540883	0.935753443158
0.13796875		0.315134632126	0.935578398484
0.13828125		0.314898609747	0.935403171124
0.13859375		0.31466247359	0.935227760691
0.13890625		0.3144262235	0.935052166797
0.13921875		0.314189859319	0.934876389053
0.13953125		0.31395338089	0.934700427066
0.13984375		0.313716788055	0.934524280444
0.14015625		0.313480080656	0.934347948795
0.14046875		0.313243258536	0.934171431723
0.14078125		0.313006321534	0.933994728831
0.14109375		0.312769269492	0.933817839722
0.14140625		0.312532102249	0.933640763997
0.14171875		0.312294819646	0.933463501256
0.14203125		0.312057421521	0.933286051097
0.14234375		0.311819907714	0.933108413118
0.14265625		0.311582278063	0.932930586913
0.14296875		0.311344532407	0.932752572077
0.14328125		0.311106670582	0.932574368203
0.14359375		0.310868692425	0.932395974884
0.14390625		0.310630597774	0.932217391707
0.14421875		0.310392386465	0.932038618264
0.14453125		0.310154058333	0.931859654141
0.14484375		0.309915613214	0.931680498924
0.14515625		0.309677050943	0.931501152198
0.14546875		0.309438371354	0.931321613545
0.14578125		0.30919957428	0.931141882549
0.14609375		0.308960659557	0.930961958789
0.14640625		0.308721627015	0.930781841843
0.14671875		0.308482476489	0.930601531291
0.14703125		0.308243207811	0.930421026707
0.14734375		0.308003820811	0.930240327667
0.14765625		0.307764315321	0.930059433743
0.14796875		0.307524691172	0.929878344507
0.14828125		0.307284948194	0.92969705953
0.14859375		0.307045086217	0.92951557838
0.14890625		0.30680510507	0.929333900625
0.14921875		0.306565004582	0.92915202583
0.14953125		0.306324784581	0.92896995356
0.14984375		0.306084444895	0.928787683377
0.15015625		0.305843985352	0.928605214843
0.15046875		0.305603405778	0.928422547517
0.15078125		0.305362706	0.928239680958
0.15109375		0.305121885844	0.928056614722
0.15140625		0.304880945135	0.927873348365
0.15171875		0.304639883697	0.92768988144
0.15203125		0.304398701357	0.927506213499
0.15234375		0.304157397936	0.927322344093
0.15265625		0.30391597326	0.927138272771
0.15296875		0.30367442715	0.92695399908
0.15328125		0.303432759429	0.926769522566
0.15359375		0.30319096992	0.926584842772
0.15390625		0.302949058443	0.926399959243
0.15421875		0.30270702482	0.926214871518
0.15453125		0.30246486887	0.926029579137
0.15484375		0.302222590414	0.925844081637
0.15515625		0.301980189272	0.925658378556
0.15546875		0.301737665261	0.925472469427
0.15578125		0.3014950182	0.925286353783
0.15609375		0.301252247908	0.925100031155
0.15640625		0.301009354201	0.924913501074
0.15671875		0.300766336896	0.924726763065
0.15703125		0.30052319581	0.924539816657
0.15734375		0.300279930758	0.924352661374
0.15765625		0.300036541554	0.924165296737
0.15796875		0.299793028015	0.923977722269
0.15828125		0.299549389954	0.923789937489
0.15859375		0.299305627184	0.923601941913
0.15890625		0.299061739519	0.92341373506
0.15921875		0.298817726771	0.923225316441
0.15953125		0.298573588751	0.923036685571
0.15984375		0.298329325272	0.92284784196
0.16015625		0.298084936144	0.922658785116
0.16046875		0.297840421178	0.922469514547
0.16078125		0.297595780182	0.922280029759
0.16109375		0.297351012967	0.922090330254
0.16140625		0.297106119341	0.921900415535
0.16171875		0.296861099111	0.921710285102
0.16203125		0.296615952086	0.921519938453
0.16234375		0.296370678072	0.921329375085
0.16265625		0.296125276875	0.921138594491
0.16296875		0.295879748302	0.920947596165
0.16328125		0.295634092157	0.920756379598
0.16359375		0.295388308245	0.920564944279
0.16390625		0.29514239637	0.920373289694
0.16421875		0.294896356336	0.920181415329
0.16453125		0.294650187945	0.919989320668
0.16484375		0.294403891	0.919797005192
0.16515625		0.294157465302	0.919604468381
0.16546875		0.293910910653	0.919411709712
0.16578125		0.293664226852	0.91921872866
0.16609375		0.2934174137	0.919025524701
0.16640625		0.293170470996	0.918832097306
0.16671875		0.292923398539	0.918638445944
0.16703125		0.292676196126	0.918444570084
0.16734375		0.292428863556	0.918250469192
0.16765625		0.292181400625	0.918056142732
0.16796875		0.291933807129	0.917861590166
0.16828125		0.291686082865	0.917666810953
0.16859375		0.291438227626	0.917471804552
0.16890625		0.291190241208	0.917276570419
0.16921875		0.290942123403	0.917081108008
0.16953125		0.290693874006	0.916885416771
0.16984375		0.290445492809	0.916689496157
0.17015625		0.290196979604	0.916493345615
0.17046875		0.289948334181	0.91629696459
0.17078125		0.289699556332	0.916100352527
0.17109375		0.289450645847	0.915903508865
0.17140625		0.289201602514	0.915706433045
0.17171875		0.288952426123	0.915509124505
0.17203125		0.288703116461	0.915311582679
0.17234375		0.288453673316	0.915113807001
0.17265625		0.288204096475	0.914915796901
0.17296875		0.287954385723	0.914717551809
0.17328125		0.287704540846	0.91451907115
0.17359375		0.287454561629	0.91432035435
0.17390625		0.287204447856	0.91412140083
0.17421875		0.286954199309	0.913922210011
0.17453125		0.286703815773	0.91372278131
0.17484375		0.286453297029	0.913523114144
0.17515625		0.286202642858	0.913323207924
0.17546875		0.285951853041	0.913123062063
0.17578125		0.285700927357	0.912922675969
0.17609375		0.285449865588	0.912722049049
0.17640625		0.28519866751	0.912521180706
0.17671875		0.284947332901	0.912320070344
0.17703125		0.28469586154	0.912118717362
0.17734375		0.284444253203	0.911917121156
0.17765625		0.284192507664	0.911715281123
0.17796875		0.2839406247	0.911513196654
0.17828125		0.283688604086	0.91131086714
0.17859375		0.283436445593	0.911108291969
0.17890625		0.283184148996	0.910905470527
0.17921875		0.282931714067	0.910702402196
0.17953125		0.282679140577	0.910499086357
0.17984375		0.282426428297	0.910295522389
0.18015625		0.282173576998	0.910091709668
0.18046875		0.281920586448	0.909887647566
0.18078125		0.281667456416	0.909683335456
0.18109375		0.28141418667	0.909478772705
0.18140625		0.281160776976	0.90927395868
0.18171875		0.280907227103	0.909068892743
0.18203125		0.280653536814	0.908863574257
0.18234375		0.280399705875	0.908658002578
0.18265625		0.28014573405	0.908452177065
0.18296875		0.279891621103	0.908246097069
0.18328125		0.279637366795	0.908039761942
0.18359375		0.279382970889	0.907833171031
0.18390625		0.279128433146	0.907626323683
0.18421875		0.278873753325	0.907419219241
0.18453125		0.278618931188	0.907211857045
0.18484375		0.278363966491	0.907004236432
0.18515625		0.278108858993	0.906796356738
0.18546875		0.277853608452	0.906588217295
0.18578125		0.277598214623	0.906379817433
0.18609375		0.277342677262	0.906171156479
0.18640625		0.277086996124	0.905962233758
0.18671875		0.276831170962	0.90575304859
0.18703125		0.27657520153	0.905543600296
0.18734375		0.276319087581	0.905333888191
0.18765625		0.276062828865	0.905123911588
0.18796875		0.275806425133	0.904913669798
0.18828125		0.275549876135	0.904703162129
0.18859375		0.27529318162	0.904492387886
0.18890625		0.275036341336	0.90428134637
0.18921875		0.274779355031	0.904070036882
0.18953125		0.274522222452	0.903858458717
0.18984375		0.274264943342	0.90364661117
0.19015625		0.274007517449	0.90343449353
0.19046875		0.273749944514	0.903222105086
0.19078125		0.273492224283	0.903009445123
0.19109375		0.273234356496	0.902796512921
0.19140625		0.272976340895	0.902583307761
0.19171875		0.272718177221	0.902369828917
0.19203125		0.272459865213	0.902156075664
0.19234375		0.272201404611	0.90194204727
0.19265625		0.271942795151	0.901727743004
0.19296875		0.271684036571	0.901513162128
0.19328125		0.271425128607	0.901298303903
0.19359375		0.271166070994	0.901083167587
0.19390625		0.270906863467	0.900867752436
0.19421875		0.270647505758	0.900652057699
0.19453125		0.270387997601	0.900436082626
0.19484375		0.270128338727	0.900219826463
0.19515625		0.269868528866	0.90000328845
0.19546875		0.269608567748	0.899786467826
0.19578125		0.269348455103	0.899569363828
0.19609375		0.269088190657	0.899351975689
0.19640625		0.268827774138	0.899134302636
0.19671875		0.268567205273	0.898916343896
0.19703125		0.268306483785	0.898698098692
0.19734375		0.268045609399	0.898479566243
0.19765625		0.267784581838	0.898260745765
0.19796875		0.267523400825	0.898041636472
0.19828125		0.26726206608	0.897822237571
0.19859375		0.267000577324	0.89760254827
0.19890625		0.266738934276	0.89738256777
0.19921875		0.266477136655	0.897162295272
0.19953125		0.266215184177	0.89694172997
0.19984375		0.265953076559	0.896720871058
0.20015625		0.265690813517	0.896499717724
0.20046875		0.265428394765	0.896278269153
0.20078125		0.265165820016	0.896056524527
0.20109375		0.264903088982	0.895834483025
0.20140625		0.264640201374	0.89561214382
0.20171875		0.264377156904	0.895389506086
0.20203125		0.26411395528	0.895166568988
0.20234375		0.263850596211	0.894943331692
0.20265625		0.263587079404	0.894719793356
0.20296875		0.263323404564	0.894495953139
0.20328125		0.263059571397	0.894271810192
0.20359375		0.262795579608	0.894047363666
0.20390625		0.262531428899	0.893822612706
0.20421875		0.262267118971	0.893597556453
0.20453125		0.262002649527	0.893372194047
0.20484375		0.261738020266	0.89314652462
0.20515625		0.261473230886	0.892920547303
0.20546875		0.261208281085	0.892694261223
0.20578125		0.260943170561	0.892467665503
0.20609375		0.260677899007	0.892240759262
0.20640625		0.260412466119	0.892013541615
0.20671875		0.26014687159	0.891786011671
0.20703125		0.259881115112	0.89155816854
0.20734375		0.259615196376	0.891330011323
0.20765625		0.259349115073	0.891101539121
0.20796875		0.259082870889	0.890872751027
0.20828125		0.258816463515	0.890643646133
0.20859375		0.258549892635	0.890414223526
0.20890625		0.258283157936	0.890184482288
0.20921875		0.258016259101	0.8899544215
0.20953125		0.257749195814	0.889724040234
0.20984375		0.257481967757	0.889493337561
0.21015625		0.257214574609	0.889262312549
0.21046875		0.256947016052	0.889030964257
0.21078125		0.256679291762	0.888799291746
0.21109375		0.256411401418	0.888567294067
0.21140625		0.256143344695	0.888334970269
0.21171875		0.255875121267	0.888102319399
0.21203125		0.25560673081	0.887869340496
0.21234375		0.255338172994	0.887636032596
0.21265625		0.255069447491	0.88740239473
0.21296875		0.254800553971	0.887168425927
0.21328125		0.254531492103	0.886934125209
0.21359375		0.254262261554	0.886699491594
0.21390625		0.253992861989	0.886464524096
0.21421875		0.253723293075	0.886229221723
0.21453125		0.253453554474	0.885993583481
0.21484375		0.25318364585	0.88575760837
0.21515625		0.252913566862	0.885521295385
0.21546875		0.252643317171	0.885284643516
0.21578125		0.252372896436	0.88504765175
0.21609375		0.252102304313	0.884810319068
0.21640625		0.251831540459	0.884572644446
0.21671875		0.251560604528	0.884334626856
0.21703125		0.251289496174	0.884096265266
0.21734375		0.251018215047	0.883857558636
0.21765625		0.2507467608	0.883618505924
0.21796875		0.250475133082	0.883379106084
0.21828125		0.250203331539	0.883139358061
0.21859375		0.24993135582	0.882899260798
0.21890625		0.249659205568	0.882658813233
0.21921875		0.249386880428	0.882418014297
0.21953125		0.249114380043	0.882176862919
0.21984375		0.248841704053	0.881935358021
0.22015625		0.248568852099	0.881693498518
0.22046875		0.248295823817	0.881451283324
0.22078125		0.248022618847	0.881208711345
0.22109375		0.247749236821	0.880965781482
0.22140625		0.247475677376	0.880722492631
0.22171875		0.247201940143	0.880478843684
0.22203125		0.246928024754	0.880234833526
0.22234375		0.246653930838	0.879990461037
0.22265625		0.246379658023	0.879745725091
0.22296875		0.246105205937	0.879500624559
0.22328125		0.245830574204	0.879255158303
0.22359375		0.245555762449	0.879009325183
0.22390625		0.245280770294	0.87876312405
0.22421875		0.245005597359	0.878516553753
0.22453125		0.244730243264	0.878269613132
0.22484375		0.244454707627	0.878022301024
0.22515625		0.244178990064	0.877774616259
0.22546875		0.24390309019	0.877526557661
0.22578125		0.243627007618	0.877278124049
0.22609375		0.243350741959	0.877029314235
0.22640625		0.243074292825	0.876780127028
0.22671875		0.242797659822	0.876530561227
0.22703125		0.242520842559	0.876280615629
0.22734375		0.24224384064	0.876030289022
0.22765625		0.241966653669	0.87577958019
0.22796875		0.241689281249	0.875528487909
0.22828125		0.24141172298	0.875277010951
0.22859375		0.241133978461	0.875025148081
0.22890625		0.240856047289	0.874772898058
0.22921875		0.24057792906	0.874520259634
0.22953125		0.240299623368	0.874267231555
0.22984375		0.240021129804	0.874013812562
0.23015625		0.239742447961	0.873760001388
0.23046875		0.239463577426	0.87350579676
0.23078125		0.239184517787	0.8732511974
0.23109375		0.238905268629	0.872996202021
0.23140625		0.238625829536	0.872740809332
0.23171875		0.238346200091	0.872485018034
0.23203125		0.238066379874	0.872228826821
0.23234375		0.237786368463	0.871972234381
0.23265625		0.237506165435	0.871715239397
0.23296875		0.237225770366	0.871457840541
0.23328125		0.236945182828	0.871200036483
0.23359375		0.236664402393	0.870941825883
0.23390625		0.236383428632	0.870683207395
0.23421875		0.236102261111	0.870424179667
0.23453125		0.235820899397	0.870164741338
0.23484375		0.235539343054	0.869904891041
0.23515625		0.235257591645	0.869644627404
0.23546875		0.234975644731	0.869383949043
0.23578125		0.234693501869	0.869122854572
0.23609375		0.234411162617	0.868861342594
0.23640625		0.23412862653	0.868599411707
0.23671875		0.23384589316	0.868337060501
0.23703125		0.23356296206	0.868074287558
0.23734375		0.233279832778	0.867811091453
0.23765625		0.232996504861	0.867547470753
0.23796875		0.232712977855	0.867283424019
0.23828125		0.232429251303	0.867018949804
0.23859375		0.232145324746	0.86675404665
0.23890625		0.231861197725	0.866488713097
0.23921875		0.231576869776	0.866222947672
0.23953125		0.231292340434	0.865956748898
0.23984375		0.231007609234	0.865690115288
0.24015625		0.230722675707	0.865423045347
0.24046875		0.230437539381	0.865155537573
0.24078125		0.230152199784	0.864887590456
0.24109375		0.229866656442	0.864619202477
0.24140625		0.229580908877	0.86435037211
0.24171875		0.22929495661	0.864081097818
0.24203125		0.229008799161	0.86381137806
0.24234375		0.228722436046	0.863541211284
0.24265625		0.228435866779	0.863270595929
0.24296875		0.228149090873	0.862999530427
0.24328125		0.227862107839	0.862728013201
0.24359375		0.227574917185	0.862456042666
0.24390625		0.227287518416	0.862183617227
0.24421875		0.226999911036	0.861910735281
0.24453125		0.226712094546	0.861637395216
0.24484375		0.226424068447	0.861363595413
0.24515625		0.226135832235	0.86108933424
0.24546875		0.225847385404	0.86081461006
0.24578125		0.225558727448	0.860539421225
0.24609375		0.225269857856	0.860263766079
0.24640625		0.224980776116	0.859987642954
0.24671875		0.224691481714	0.859711050177
0.24703125		0.224401974133	0.859433986063
0.24734375		0.224112252854	0.859156448917
0.24765625		0.223822317355	0.858878437037
0.24796875		0.223532167112	0.858599948709
0.24828125		0.223241801599	0.858320982211
0.24859375		0.222951220288	0.85804153581
0.24890625		0.222660422646	0.857761607765
0.24921875		0.222369408141	0.857481196324
0.24953125		0.222078176237	0.857200299724
0.24984375		0.221786726394	0.856918916195
0.25015625		0.221495058073	0.856637043954
0.25046875		0.221203170728	0.856354681209
0.25078125		0.220911063814	0.856071826159
0.25109375		0.220618736783	0.85578847699
0.25140625		0.220326189083	0.85550463188
0.25171875		0.22003342016	0.855220288995
0.25203125		0.219740429458	0.854935446491
0.25234375		0.219447216418	0.854650102515
0.25265625		0.219153780479	0.8543642552
0.25296875		0.218860121074	0.854077902671
0.25328125		0.218566237639	0.853791043041
0.25359375		0.218272129603	0.853503674412
0.25390625		0.217977796394	0.853215794874
0.25421875		0.217683237436	0.852927402509
0.25453125		0.217388452152	0.852638495384
0.25484375		0.217093439961	0.852349071556
0.25515625		0.21679820028	0.852059129073
0.25546875		0.216502732521	0.851768665969
0.25578125		0.216207036098	0.851477680265
0.25609375		0.215911110416	0.851186169974
0.25640625		0.215614954882	0.850894133095
0.25671875		0.215318568899	0.850601567616
0.25703125		0.215021951864	0.850308471512
0.25734375		0.214725103176	0.850014842746
0.25765625		0.214428022227	0.84972067927
0.25796875		0.214130708408	0.849425979024
0.25828125		0.213833161107	0.849130739933
0.25859375		0.213535379708	0.848834959913
0.25890625		0.213237363593	0.848538636865
0.25921875		0.21293911214	0.848241768677
0.25953125		0.212640624726	0.847944353227
0.25984375		0.212341900722	0.847646388378
0.26015625		0.212042939497	0.84734787198
0.26046875		0.211743740418	0.847048801871
0.26078125		0.211444302848	0.846749175874
0.26109375		0.211144626147	0.846448991802
0.26140625		0.21084470967	0.84614824745
0.26171875		0.210544552772	0.845846940604
0.26203125		0.210244154802	0.845545069033
0.26234375		0.209943515108	0.845242630494
0.26265625		0.209642633032	0.84493962273
0.26296875		0.209341507916	0.844636043469
0.26328125		0.209040139096	0.844331890427
0.26359375		0.208738525905	0.844027161303
0.26390625		0.208436667673	0.843721853783
0.26421875		0.208134563728	0.84341596554
0.26453125		0.207832213392	0.84310949423
0.26484375		0.207529615985	0.842802437496
0.26515625		0.207226770824	0.842494792965
0.26546875		0.206923677221	0.842186558249
0.26578125		0.206620334485	0.841877730947
0.26609375		0.206316741922	0.841568308639
0.26640625		0.206012898834	0.841258288894
0.26671875		0.20570880452	0.840947669263
0.26703125		0.205404458273	0.840636447281
0.26734375		0.205099859386	0.840324620469
0.26765625		0.204795007145	0.84001218633
0.26796875		0.204489900835	0.839699142353
0.26828125		0.204184539734	0.83938548601
0.26859375		0.203878923119	0.839071214757
0.26890625		0.203573050262	0.838756326033
0.26921875		0.203266920432	0.83844081726
0.26953125		0.202960532892	0.838124685845
0.26984375		0.202653886905	0.837807929176
0.27015625		0.202346981725	0.837490544626
0.27046875		0.202039816606	0.837172529549
0.27078125		0.201732390796	0.836853881283
0.27109375		0.201424703541	0.836534597148
0.27140625		0.20111675408	0.836214674447
0.27171875		0.20080854165	0.835894110464
0.27203125		0.200500065484	0.835572902465
0.27234375		0.200191324809	0.835251047699
0.27265625		0.199882318849	0.834928543397
0.27296875		0.199573046824	0.83460538677
0.27328125		0.199263507951	0.834281575011
0.27359375		0.198953701439	0.833957105294
0.27390625		0.198643626496	0.833631974776
0.27421875		0.198333282324	0.833306180593
0.27453125		0.198022668121	0.83297971986
0.27484375		0.197711783082	0.832652589677
0.27515625		0.197400626395	0.83232478712
0.27546875		0.197089197244	0.831996309248
0.27578125		0.196777494811	0.831667153099
0.27609375		0.196465518271	0.83133731569
0.27640625		0.196153266794	0.83100679402
0.27671875		0.195840739547	0.830675585064
0.27703125		0.195527935693	0.830343685779
0.27734375		0.195214854387	0.8300110931
0.27765625		0.194901494781	0.829677803941
0.27796875		0.194587856025	0.829343815194
0.27828125		0.194273937259	0.82900912373
0.27859375		0.193959737621	0.8286737264
0.27890625		0.193645256245	0.828337620029
0.27921875		0.193330492258	0.828000801423
0.27953125		0.193015444783	0.827663267364
0.27984375		0.192700112937	0.827325014614
0.28015625		0.192384495834	0.826986039908
0.28046875		0.192068592581	0.826646339962
0.28078125		0.19175240228	0.826305911466
0.28109375		0.191435924028	0.825964751087
0.28140625		0.191119156918	0.82562285547
0.28171875		0.190802100037	0.825280221235
0.28203125		0.190484752464	0.824936844977
0.28234375		0.190167113277	0.824592723267
0.28265625		0.189849181546	0.824247852652
0.28296875		0.189530956335	0.823902229653
0.28328125		0.189212436705	0.823555850769
0.28359375		0.188893621709	0.823208712469
0.28390625		0.188574510396	0.822860811199
0.28421875		0.188255101808	0.82251214338
0.28453125		0.187935394981	0.822162705405
0.28484375		0.187615388949	0.821812493641
0.28515625		0.187295082735	0.821461504428
0.28546875		0.186974475359	0.821109734082
0.28578125		0.186653565834	0.820757178887
0.28609375		0.186332353169	0.820403835104
0.28640625		0.186010836365	0.820049698964
0.28671875		0.185689014418	0.819694766669
0.28703125		0.185366886316	0.819339034396
0.28734375		0.185044451043	0.81898249829
0.28765625		0.184721707577	0.818625154469
0.28796875		0.184398654887	0.818266999023
0.28828125		0.184075291939	0.817908028009
0.28859375		0.18375161769	0.817548237457
0.28890625		0.183427631091	0.817187623366
0.28921875		0.183103331088	0.816826181706
0.28953125		0.18277871662	0.816463908414
0.28984375		0.182453786617	0.816100799397
0.29015625		0.182128540006	0.815736850532
0.29046875		0.181802975705	0.815372057662
0.29078125		0.181477092624	0.8150064166
0.29109375		0.18115088967	0.814639923125
0.29140625		0.180824365739	0.814272572986
0.29171875		0.180497519723	0.813904361895
0.29203125		0.180170350505	0.813535285535
0.29234375		0.179842856962	0.813165339552
0.29265625		0.179515037963	0.81279451956
0.29296875		0.179186892371	0.812422821137
0.29328125		0.17885841904	0.812050239827
0.29359375		0.178529616817	0.81167677114
0.29390625		0.178200484544	0.811302410548
0.29421875		0.177871021052	0.810927153489
0.29453125		0.177541225166	0.810550995364
0.29484375		0.177211095703	0.810173931538
0.29515625		0.176880631473	0.809795957338
0.29546875		0.176549831278	0.809417068053
0.29578125		0.176218693911	0.809037258937
0.29609375		0.175887218158	0.808656525202
0.29640625		0.175555402797	0.808274862024
0.29671875		0.175223246598	0.807892264538
0.29703125		0.174890748322	0.807508727841
0.29734375		0.174557906721	0.807124246989
0.29765625		0.174224720542	0.806738816998
0.29796875		0.173891188521	0.806352432842
0.29828125		0.173557309385	0.805965089455
0.29859375		0.173223081853	0.805576781729
0.29890625		0.172888504637	0.805187504513
0.29921875		0.172553576439	0.804797252614
0.29953125		0.172218295951	0.804406020794
0.29984375		0.171882661857	0.804013803775
0.30015625		0.171546672832	0.80362059623
0.30046875		0.171210327544	0.803226392791
0.30078125		0.170873624647	0.802831188043
0.30109375		0.170536562791	0.802434976526
0.30140625		0.170199140612	0.802037752732
0.30171875		0.16986135674	0.801639511108
0.30203125		0.169523209794	0.801240246054
0.30234375		0.169184698382	0.800839951921
0.30265625		0.168845821105	0.800438623011
0.30296875		0.168506576553	0.800036253577
0.30328125		0.168166963305	0.799632837825
0.30359375		0.16782697993	0.799228369907
0.30390625		0.16748662499	0.798822843928
0.30421875		0.167145897032	0.798416253937
0.30453125		0.166804794596	0.798008593936
0.30484375		0.16646331621	0.797599857871
0.30515625		0.166121460392	0.797190039637
0.30546875		0.165779225649	0.796779133072
0.30578125		0.165436610478	0.796367131963
0.30609375		0.165093613364	0.795954030039
0.30640625		0.164750232781	0.795539820976
0.30671875		0.164406467192	0.795124498391
0.30703125		0.164062315051	0.794708055845
0.30734375		0.163717774796	0.79429048684
0.30765625		0.163372844857	0.793871784821
0.30796875		0.163027523652	0.793451943173
0.30828125		0.162681809587	0.793030955221
0.30859375		0.162335701054	0.792608814228
0.30890625		0.161989196436	0.792185513397
0.30921875		0.161642294102	0.79176104587
0.30953125		0.161294992411	0.791335404721
0.30984375		0.160947289706	0.790908582966
0.31015625		0.16059918432	0.790480573552
0.31046875		0.160250674573	0.790051369362
0.31078125		0.159901758772	0.789620963215
0.31109375		0.159552435211	0.789189347858
0.31140625		0.159202702171	0.788756515974
0.31171875		0.15885255792	0.788322460176
0.31203125		0.158502000711	0.787887173007
0.31234375		0.158151028785	0.787450646939
0.31265625		0.15779964037	0.787012874373
0.31296875		0.157447833679	0.786573847637
0.31328125		0.157095606911	0.786133558988
0.31359375		0.156742958251	0.785692000604
0.31390625		0.15638988587	0.785249164593
0.31421875		0.156036387924	0.784805042982
0.31453125		0.155682462555	0.784359627723
0.31484375		0.15532810789	0.78391291069
0.31515625		0.15497332204	0.783464883677
0.31546875		0.154618103103	0.783015538397
0.31578125		0.154262449159	0.782564866483
0.31609375		0.153906358275	0.782112859483
0.31640625		0.153549828501	0.781659508864
0.31671875		0.153192857871	0.781204806007
0.31703125		0.152835444404	0.780748742207
0.31734375		0.152477586102	0.780291308672
0.31765625		0.15211928095	0.77983249652
0.31796875		0.151760526918	0.779372296784
0.31828125		0.151401321957	0.7789107004
0.31859375		0.151041664003	0.778447698218
0.31890625		0.150681550975	0.777983280991
0.31921875		0.150320980772	0.777517439379
0.31953125		0.149959951278	0.777050163945
0.31984375		0.149598460357	0.776581445156
0.32015625		0.149236505857	0.77611127338
0.32046875		0.148874085606	0.775639638885
0.32078125		0.148511197416	0.775166531838
0.32109375		0.148147839076	0.774691942301
0.32140625		0.14778400836	0.774215860236
0.32171875		0.147419703022	0.773738275496
0.32203125		0.147054920794	0.773259177827
0.32234375		0.146689659392	0.772778556868
0.32265625		0.14632391651	0.772296402146
0.32296875		0.145957689821	0.771812703077
0.32328125		0.14559097698	0.771327448962
0.32359375		0.145223775619	0.770840628989
0.32390625		0.144856083351	0.770352232227
0.32421875		0.144487897766	0.769862247628
0.32453125		0.144119216434	0.769370664023
0.32484375		0.143750036903	0.76887747012
0.32515625		0.143380356698	0.768382654504
0.32546875		0.143010173322	0.767886205634
0.32578125		0.142639484256	0.767388111842
0.32609375		0.142268286958	0.766888361328
0.32640625		0.141896578862	0.766386942164
0.32671875		0.14152435738	0.765883842284
0.32703125		0.141151619898	0.765379049492
0.32734375		0.14077836378	0.764872551448
0.32765625		0.140404586363	0.764364335678
0.32796875		0.140030284963	0.763854389561
0.32828125		0.139655456868	0.763342700337
0.32859375		0.13928009934	0.762829255095
0.32890625		0.138904209618	0.762314040777
0.32921875		0.138527784913	0.761797044176
0.32953125		0.138150822409	0.761278251929
0.32984375		0.137773319265	0.760757650518
0.33015625		0.137395272611	0.760235226267
0.33046875		0.13701667955	0.75971096534
0.33078125		0.136637537157	0.759184853736
0.33109375		0.13625784248	0.758656877288
0.33140625		0.135877592536	0.758127021663
0.33171875		0.135496784314	0.757595272355
0.33203125		0.135115414773	0.757061614682
0.33234375		0.134733480843	0.756526033789
0.33265625		0.134350979421	0.755988514637
0.33296875		0.133967907377	0.755449042008
0.33328125		0.133584261546	0.754907600495
0.33359375		0.133200038734	0.754364174504
0.33390625		0.132815235713	0.753818748247
0.33421875		0.132429849223	0.753271305744
0.33453125		0.13204387597	0.752721830813
0.33484375		0.131657312629	0.752170307073
0.33515625		0.131270155838	0.751616717934
0.33546875		0.130882402201	0.7510610466
0.33578125		0.130494048288	0.750503276063
0.33609375		0.130105090633	0.749943389096
0.33640625		0.129715525731	0.749381368255
0.33671875		0.129325350045	0.748817195872
0.33703125		0.128934559998	0.748250854049
0.33734375		0.128543151974	0.747682324659
0.33765625		0.128151122321	0.747111589339
0.33796875		0.127758467347	0.746538629485
0.33828125		0.12736518332	0.745963426251
0.33859375		0.126971266469	0.745385960542
0.33890625		0.126576712979	0.744806213008
0.33921875		0.126181518998	0.744224164045
0.33953125		0.125785680629	0.743639793785
0.33984375		0.125389193931	0.743053082093
0.34015625		0.124992054923	0.742464008564
0.34046875		0.124594259578	0.741872552516
0.34078125		0.124195803824	0.741278692983
0.34109375		0.123796683542	0.740682408714
0.34140625		0.12339689457	0.740083678167
0.34171875		0.122996432697	0.7394824795
0.34203125		0.122595293663	0.738878790569
0.34234375		0.122193473161	0.73827258892
0.34265625		0.121790966835	0.737663851784
0.34296875		0.121387770277	0.737052556072
0.34328125		0.120983879029	0.736438678368
0.34359375		0.120579288581	0.735822194922
0.34390625		0.12017399437	0.735203081644
0.34421875		0.119767991779	0.734581314098
0.34453125		0.119361276137	0.733956867495
0.34484375		0.118953842717	0.733329716685
0.34515625		0.118545686736	0.732699836151
0.34546875		0.118136803353	0.732067200003
0.34578125		0.117727187669	0.731431781966
0.34609375		0.117316834725	0.730793555378
0.34640625		0.116905739502	0.730152493178
0.34671875		0.116493896919	0.729508567899
0.34703125		0.116081301833	0.728861751662
0.34734375		0.115667949036	0.728212016164
0.34765625		0.115253833257	0.727559332671
0.34796875		0.114838949157	0.726903672009
0.34828125		0.114423291331	0.726245004555
0.34859375		0.114006854305	0.725583300228
0.34890625		0.113589632535	0.724918528478
0.34921875		0.113171620407	0.724250658276
0.34953125		0.112752812234	0.723579658107
0.34984375		0.112333202256	0.722905495955
0.35015625		0.111912784636	0.722228139295
0.35046875		0.111491553462	0.721547555082
0.35078125		0.111069502746	0.720863709739
0.35109375		0.110646626417	0.720176569144
0.35140625		0.110222918327	0.719486098621
0.35171875		0.109798372241	0.718792262926
0.35203125		0.109372981844	0.718095026234
0.35234375		0.108946740734	0.717394352126
0.35265625		0.108519642422	0.716690203577
0.35296875		0.108091680328	0.715982542941
0.35328125		0.107662847785	0.715271331937
0.35359375		0.107233138031	0.714556531635
0.35390625		0.106802544209	0.713838102439
0.35421875		0.106371059367	0.713116004076
0.35453125		0.105938676455	0.712390195575
0.35484375		0.105505388323	0.711660635253
0.35515625		0.105071187716	0.7109272807
0.35546875		0.104636067278	0.710190088758
0.35578125		0.104200019545	0.709449015504
0.35609375		0.103763036943	0.708704016235
0.35640625		0.10332511179	0.707955045445
0.35671875		0.102886236288	0.707202056806
0.35703125		0.102446402524	0.70644500315
0.35734375		0.102005602466	0.705683836448
0.35765625		0.101563827963	0.704918507783
0.35796875		0.10112107074	0.704148967338
0.35828125		0.100677322394	0.703375164364
0.35859375		0.100232574395	0.70259704716
0.35890625		0.0997868180814	0.701814563049
0.35921875		0.0993400446555	0.701027658355
0.35953125		0.0988922451831	0.70023627837
0.35984375		0.0984434105888	0.699440367335
0.36015625		0.0979935316533	0.698639868408
0.36046875		0.0975425990101	0.697834723637
0.36078125		0.0970906031421	0.69702487393
0.36109375		0.0966375343778	0.696210259023
0.36140625		0.0961833828884	0.695390817451
0.36171875		0.0957281386834	0.694566486516
0.36203125		0.0952717916072	0.693737202247
0.36234375		0.0948143313349	0.692902899373
0.36265625		0.0943557473685	0.692063511282
0.36296875		0.0938960290326	0.691218969984
0.36328125		0.0934351654701	0.690369206075
0.36359375		0.0929731456377	0.689514148693
0.36390625		0.0925099583012	0.688653725478
0.36421875		0.0920455920311	0.68778786253
0.36453125		0.0915800351975	0.686916484362
0.36484375		0.0911132759648	0.686039513857
0.36515625		0.090645302287	0.685156872216
0.36546875		0.0901761019017	0.68426847891
0.36578125		0.0897056623252	0.683374251628
0.36609375		0.089233970846	0.682474106225
0.36640625		0.0887610145195	0.681567956663
0.36671875		0.0882867801613	0.680655714954
0.36703125		0.087811254341	0.679737291102
0.36734375		0.0873344233759	0.678812593038
0.36765625		0.0868562733237	0.677881526556
0.36796875		0.0863767899755	0.676943995244
0.36828125		0.0858959588489	0.675999900418
0.36859375		0.0854137651796	0.675049141041
0.36890625		0.0849301939145	0.674091613655
0.36921875		0.0844452297026	0.673127212295
0.36953125		0.0839588568872	0.672155828412
0.36984375		0.0834710594968	0.671177350781
0.37015625		0.082981821236	0.670191665418
0.37046875		0.0824911254761	0.669198655481
0.37078125		0.0819989552455	0.668198201172
0.37109375		0.081505293219	0.667190179641
0.37140625		0.0810101217075	0.666174464872
0.37171875		0.0805134226471	0.66515092758
0.37203125		0.0800151775874	0.664119435086
0.37234375		0.0795153676797	0.663079851205
0.37265625		0.0790139736646	0.662032036112
0.37296875		0.0785109758592	0.660975846212
0.37328125		0.0780063541434	0.659911134002
0.37359375		0.0775000879463	0.658837747926
0.37390625		0.0769921562311	0.657755532221
0.37421875		0.0764825374807	0.656664326758
0.37453125		0.0759712096808	0.655563966876
0.37484375		0.0754581503045	0.654454283208
0.37515625		0.074943336294	0.653335101493
0.37546875		0.0744267440436	0.652206242386
0.37578125		0.0739083493801	0.651067521256
0.37609375		0.0733881275434	0.649918747972
0.37640625		0.0728660531661	0.648759726678
0.37671875		0.0723421002518	0.647590255559
0.37703125		0.071816242153	0.646410126594
0.37734375		0.0712884515468	0.645219125292
0.37765625		0.070758700411	0.644017030421
0.37796875		0.070226959998	0.642803613715
0.37828125		0.0696932008073	0.641578639571
0.37859375		0.0691573925579	0.640341864724
0.37890625		0.0686195041576	0.639093037908
0.37921875		0.0680795036722	0.637831899495
0.37953125		0.0675373582925	0.636558181117
0.37984375		0.0669930342995	0.63527160526
0.38015625		0.0664464970282	0.63397188484
0.38046875		0.0658977108292	0.632658722749
0.38078125		0.0653466390282	0.63133181138
0.38109375		0.0647932438837	0.629990832117
0.38140625		0.064237486542	0.628635454793
0.38171875		0.0636793269899	0.627265337123
0.38203125		0.0631187240046	0.625880124088
0.38234375		0.0625556351013	0.624479447294
0.38265625		0.0619900164767	0.623062924275
0.38296875		0.0614218229505	0.621630157759
0.38328125		0.0608510079024	0.620180734886
0.38359375		0.0602775232063	0.618714226366
0.38390625		0.0597013191592	0.617230185583
0.38421875		0.0591223444075	0.61572814764
0.38453125		0.0585405458668	0.614207628332
0.38484375		0.0579558686383	0.612668123042
0.38515625		0.0573682559184	0.611109105569
0.38546875		0.056777648904	0.609530026854
0.38578125		0.0561839866899	0.607930313624
0.38609375		0.0555872061603	0.606309366922
0.38640625		0.0549872418729	0.604666560531
0.38671875		0.0543840259347	0.60300123927
0.38703125		0.0537774878691	0.601312717153
0.38734375		0.0531675544733	0.599600275403
0.38765625		0.0525541496661	0.597863160295
0.38796875		0.0519371943238	0.596100580826
0.38828125		0.0513166061035	0.594311706176
0.38859375		0.0506922992541	0.592495662956
0.38890625		0.0500641844111	0.590651532209
0.38921875		0.0494321683763	0.588778346136
0.38953125		0.0487961538793	0.58687508453
0.38984375		0.0481560393192	0.584940670864
0.39015625		0.0475117184851	0.582973968014
0.39046875		0.0468630802525	0.580973773562
0.39078125		0.0462100082532	0.578938814628
0.39109375		0.0455523805163	0.57686774218
0.39140625		0.044890069076	0.574759124752
0.39171875		0.0442229395435	0.572611441498
0.39203125		0.0435508506388	0.570423074491
0.39234375		0.0428736536763	0.568192300165
0.39265625		0.0421911920008	0.565917279793
0.39296875		0.0415033003651	0.563596048851
0.39328125		0.0408098042447	0.561226505126
0.39359375		0.0401105190788	0.558806395361
0.39390625		0.0394052494297	0.556333300243
0.39421875		0.0386937880485	0.553804617452
0.39453125		0.037975914834	0.551217542488
0.39484375		0.0372513956702	0.548569046886
0.39515625		0.0365199811239	0.545855853412
0.39546875		0.0357814049814	0.54307440769
0.39578125		0.0350353825996	0.540220845643
0.39609375		0.0342816090418	0.537290955981
0.39640625		0.0335197569618	0.534280136788
0.39671875		0.032749474196	0.531183345065
0.39703125		0.0319703810099	0.527995037803
0.39734375		0.0311820669387	0.524709102822
0.39765625		0.0303840871457	0.521318777148
0.39796875		0.0295759582056	0.51781655014
0.39828125		0.0287571531987	0.514194047797
0.39859375		0.0279270959742	0.510441893675
0.39890625		0.0270851544033	0.506549540493
0.39921875		0.0262306323988	0.502505064663
0.39953125		0.025362760415	0.498294913499
0.39984375		0.0244806840603	0.493903591362
0.40015625		0.0235834503461	0.489313266105
0.40046875		0.0226699909467	0.484503270231
0.40078125		0.0217391016402	0.47944946096
0.40109375		0.0207894168108	0.474123388388
0.40140625		0.0198193774868	0.468491198161
0.40171875		0.0188271907942	0.462512159828
0.40203125		0.017810777827	0.456136656123
0.40234375		0.0167677056124	0.449303376861
0.40265625		0.0156950967929	0.441935306398
0.40296875		0.0145895073777	0.433933821665
0.40328125		0.013446757545	0.425169718171
0.40359375		0.0122616913298	0.415469013906
0.40390625		0.0110278247125	0.40458938451
0.40421875		0.00973681047022	0.392178624689
0.40453125		0.00837758071139	0.377695499028
0.40484375		0.0069348336594	0.360241779364
0.40515625		0.00538552425736	0.338139219544
0.40546875		0.00380947666183	0.310060165574
0.40578125		0.00236149973422	0.275074461155
0.40609375		0.00118887952935	0.231644825392
0.40640625		0.000401799409265	0.176521012431
0.40671875		2.78067873738e-05	0.0899645921223
0.40703125		7.69161134619e-09	0.0116327665266
0.40734375		4.11344134035e-09	0.0100001676121
0.40765625		4.11315254632e-09	0.0100000000131
0.40796875		4.11315252376e-09	0.01
0.40828125		4.11315252376e-09	0.01
0.40859375		4.11315252376e-09	0.01
0.40890625		4.11315252376e-09	0.01
0.40921875		4.11315252376e-09	0.01
0.40953125		4.11315252376e-09	0.01
0.40984375		4.11315252376e-09	0.01
0.41015625		4.11315252376e-09	0.01
0.41046875		4.11315252376e-09	0.01
0.41078125		4.11315252376e-09	0.01
0.41109375		4.11315252376e-09	0.01
0.41140625		4.11315252376e-09	0.01
0.41171875		4.11315252376e-09	0.01
0.41203125		4.11315252376e-09	0.01
0.41234375		4.11315252376e-09	0.01
0.41265625		4.11315252376e-09	0.01
0.41296875		4.11315252376e-09	0.01
0.41328125		4.11315252376e-09	0.01
0.41359375		4.11315252376e-09	0.01
0.41390625		4.11315252376e-09	0.01
0.41421875		4.11315252376e-09	0.01
0.41453125		4.11315252376e-09	0.01
0.41484375		4.11315252376e-09	0.01
0.41515625		4.11315252376e-09	0.01
0.41546875		4.11315252376e-09	0.01
0.41578125		4.11315252376e-09	0.01
0.41609375		4.11315252376e-09	0.01
0.41640625		4.11315252376e-09	0.01
0.41671875		4.11315252376e-09	0.01
0.41703125		4.11315252376e-09	0.01
0.41734375		4.11315252376e-09	0.01
0.41765625		4.11315252376e-09	0.01
0.41796875		4.11315252376e-09	0.01
0.41828125		4.11315252376e-09	0.01
0.41859375		4.11315252376e-09	0.01
0.41890625		4.11315252376e-09	0.01
0.41921875		4.11315252376e-09	0.01
0.41953125		4.11315252376e-09	0.01
0.41984375		4.11315252376e-09	0.01
0.42015625		4.11315252376e-09	0.01
0.42046875		4.11315252376e-09	0.01
0.42078125		4.11315252376e-09	0.01
0.42109375		4.11315252376e-09	0.01
0.42140625		4.11315252376e-09	0.01
0.42171875		4.11315252376e-09	0.01
0.42203125		4.11315252376e-09	0.01
0.42234375		4.11315252376e-09	0.01
0.42265625		4.11315252376e-09	0.01
0.42296875		4.11315252376e-09	0.01
0.42328125		4.11315252376e-09	0.01
0.42359375		4.11315252376e-09	0.01
0.42390625		4.11315252376e-09	0.01
0.42421875		4.11315252376e-09	0.01
0.42453125		4.11315252376e-09	0.01
0.42484375		4.11315252376e-09	0.01
0.42515625		4.11315252376e-09	0.01
0.42546875		4.11315252376e-09	0.01
0.42578125		4.11315252376e-09	0.01
0.42609375		4.11315252376e-09	0.01
0.42640625		4.11315252376e-09	0.01
0.42671875		4.11315252376e-09	0.01
0.42703125		4.11315252376e-09	0.01
0.42734375		4.11315252376e-09	0.01
0.42765625		4.11315252376e-09	0.01
0.42796875		4.11315252376e-09	0.01
0.42828125		4.11315252376e-09	0.01
0.42859375		4.11315252376e-09	0.01
0.42890625		4.11315252376e-09	0.01
0.42921875		4.11315252376e-09	0.01
0.42953125		4.11315252376e-09	0.01
0.42984375		4.11315252376e-09	0.01
0.43015625		4.11315252376e-09	0.01
0.43046875		4.11315252376e-09	0.01
0.43078125		4.11315252376e-09	0.01
0.43109375		4.11315252376e-09	0.01
0.43140625		4.11315252376e-09	0.01
0.43171875		4.11315252376e-09	0.01
0.43203125		4.11315252376e-09	0.01
0.43234375		4.11315252376e-09	0.01
0.43265625		4.11315252376e-09	0.01
0.43296875		4.11315252376e-09	0.01
0.43328125		4.11315252376e-09	0.01
0.43359375		4.11315252376e-09	0.01
0.43390625		4.11315252376e-09	0.01
0.43421875		4.11315252376e-09	0.01
0.43453125		4.11315252376e-09	0.01
0.43484375		4.11315252376e-09	0.01
0.43515625		4.11315252376e-09	0.01
0.43546875		4.11315252376e-09	0.01
0.43578125		4.11315252376e-09	0.01
0.43609375		4.11315252376e-09	0.01
0.43640625		4.11315252376e-09	0.01
0.43671875		4.11315252376e-09	0.01
0.43703125		4.11315252376e-09	0.01
0.43734375		4.11315252376e-09	0.01
0.43765625		4.11315252376e-09	0.01
0.43796875		4.11315252376e-09	0.01
0.43828125		4.11315252376e-09	0.01
0.43859375		4.11315252376e-09	0.01
0.43890625		4.11315252376e-09	0.01
0.43921875		4.11315252376e-09	0.01
0.43953125		4.11315252376e-09	0.01
0.43984375		4.11315252376e-09	0.01
0.44015625		4.11315252376e-09	0.01
0.44046875		4.11315252376e-09	0.01
0.44078125		4.11315252376e-09	0.01
0.44109375		4.11315252376e-09	0.01
0.44140625		4.11315252376e-09	0.01
0.44171875		4.11315252376e-09	0.01
0.44203125		4.11315252376e-09	0.01
0.44234375		4.11315252376e-09	0.01
0.44265625		4.11315252376e-09	0.01
0.44296875		4.11315252376e-09	0.01
0.44328125		4.11315252376e-09	0.01
0.44359375		4.11315252376e-09	0.01
0.44390625		4.11315252376e-09	0.01
0.44421875		4.11315252376e-09	0.01
0.44453125		4.11315252376e-09	0.01
0.44484375		4.11315252376e-09	0.01
0.44515625		4.11315252376e-09	0.01
0.44546875		4.11315252376e-09	0.01
0.44578125		4.11315252376e-09	0.01
0.44609375		4.11315252376e-09	0.01
0.44640625		4.11315252376e-09	0.01
0.44671875		4.11315252376e-09	0.01
0.44703125		4.11315252376e-09	0.01
0.44734375		4.11315252376e-09	0.01
0.44765625		4.11315252376e-09	0.01
0.44796875		4.11315252376e-09	0.01
0.44828125		4.11315252376e-09	0.01
0.44859375		4.11315252376e-09	0.01
0.44890625		4.11315252376e-09	0.01
0.44921875		4.11315252376e-09	0.01
0.44953125		4.11315252376e-09	0.01
0.44984375		4.11315252376e-09	0.01
0.45015625		4.11315252376e-09	0.01
0.45046875		4.11315252376e-09	0.01
0.45078125		4.11315252376e-09	0.01
0.45109375		4.11315252376e-09	0.01
0.45140625		4.11315252376e-09	0.01
0.45171875		4.11315252376e-09	0.01
0.45203125		4.11315252376e-09	0.01
0.45234375		4.11315252376e-09	0.01
0.45265625		4.11315252376e-09	0.01
0.45296875		4.11315252376e-09	0.01
0.45328125		4.11315252376e-09	0.01
0.45359375		4.11315252376e-09	0.01
0.45390625		4.11315252376e-09	0.01
0.45421875		4.11315252376e-09	0.01
0.45453125		4.11315252376e-09	0.01
0.45484375		4.11315252376e-09	0.01
0.45515625		4.11315252376e-09	0.01
0.45546875		4.11315252376e-09	0.01
0.45578125		4.11315252376e-09	0.01
0.45609375		4.11315252376e-09	0.01
0.45640625		4.11315252376e-09	0.01
0.45671875		4.11315252376e-09	0.01
0.45703125		4.11315252376e-09	0.01
0.45734375		4.11315252376e-09	0.01
0.45765625		4.11315252376e-09	0.01
0.45796875		4.11315252376e-09	0.01
0.45828125		4.11315252376e-09	0.01
0.45859375		4.11315252376e-09	0.01
0.45890625		4.11315252376e-09	0.01
0.45921875		4.11315252376e-09	0.01
0.45953125		4.11315252376e-09	0.01
0.45984375		4.11315252376e-09	0.01
0.46015625		4.11315252376e-09	0.01
0.46046875		4.11315252376e-09	0.01
0.46078125		4.11315252376e-09	0.01
0.46109375		4.11315252376e-09	0.01
0.46140625		4.11315252376e-09	0.01
0.46171875		4.11315252376e-09	0.01
0.46203125		4.11315252376e-09	0.01
0.46234375		4.11315252376e-09	0.01
0.46265625		4.11315252376e-09	0.01
0.46296875		4.11315252376e-09	0.01
0.46328125		4.11315252376e-09	0.01
0.46359375		4.11315252376e-09	0.01
0.46390625		4.11315252376e-09	0.01
0.46421875		4.11315252376e-09	0.01
0.46453125		4.11315252376e-09	0.01
0.46484375		4.11315252376e-09	0.01
0.46515625		4.11315252376e-09	0.01
0.46546875		4.11315252376e-09	0.01
0.46578125		4.11315252376e-09	0.01
0.46609375		4.11315252376e-09	0.01
0.46640625		4.11315252376e-09	0.01
0.46671875		4.11315252376e-09	0.01
0.46703125		4.11315252376e-09	0.01
0.46734375		4.11315252376e-09	0.01
0.46765625		4.11315252376e-09	0.01
0.46796875		4.11315252376e-09	0.01
0.46828125		4.11315252376e-09	0.01
0.46859375		4.11315252376e-09	0.01
0.46890625		4.11315252376e-09	0.01
0.46921875		4.11315252376e-09	0.01
0.46953125		4.11315252376e-09	0.01
0.46984375		4.11315252376e-09	0.01
0.47015625		4.11315252376e-09	0.01
0.47046875		4.11315252376e-09	0.01
0.47078125		4.11315252376e-09	0.01
0.47109375		4.11315252376e-09	0.01
0.47140625		4.11315252376e-09	0.01
0.47171875		4.11315252376e-09	0.01
0.47203125		4.11315252376e-09	0.01
0.47234375		4.11315252376e-09	0.01
0.47265625		4.11315252376e-09	0.01
0.47296875		4.11315252376e-09	0.01
0.47328125		4.11315252376e-09	0.01
0.47359375		4.11315252376e-09	0.01
0.47390625		4.11315252376e-09	0.01
0.47421875		4.11315252376e-09	0.01
0.47453125		4.11315252376e-09	0.01
0.47484375		4.11315252376e-09	0.01
0.47515625		4.11315252376e-09	0.01
0.47546875		4.11315252376e-09	0.01
0.47578125		4.11315252376e-09	0.01
0.47609375		4.11315252376e-09	0.01
0.47640625		4.11315252376e-09	0.01
0.47671875		4.11315252376e-09	0.01
0.47703125		4.11315252376e-09	0.01
0.47734375		4.11315252376e-09	0.01
0.47765625		4.11315252376e-09	0.01
0.47796875		4.11315252376e-09	0.01
0.47828125		4.11315252376e-09	0.01
0.47859375		4.11315252376e-09	0.01
0.47890625		4.11315252376e-09	0.01
0.47921875		4.11315252376e-09	0.01
0.47953125		4.11315252376e-09	0.01
0.47984375		4.11315252376e-09	0.01
0.48015625		4.11315252376e-09	0.01
0.48046875		4.11315252376e-09	0.01
0.48078125		4.11315252376e-09	0.01
0.48109375		4.11315252376e-09	0.01
0.48140625		4.11315252376e-09	0.01
0.48171875		4.11315252376e-09	0.01
0.48203125		4.11315252376e-09	0.01
0.48234375		4.11315252376e-09	0.01
0.48265625		4.11315252376e-09	0.01
0.48296875		4.11315252376e-09	0.01
0.48328125		4.11315252376e-09	0.01
0.48359375		4.11315252376e-09	0.01
0.48390625		4.11315252376e-09	0.01
0.48421875		4.11315252376e-09	0.01
0.48453125		4.11315252376e-09	0.01
0.48484375		4.11315252376e-09	0.01
0.48515625		4.11315252376e-09	0.01
0.48546875		4.11315252376e-09	0.01
0.48578125		4.11315252376e-09	0.01
0.48609375		4.11315252376e-09	0.01
0.48640625		4.11315252376e-09	0.01
0.48671875		4.11315252376e-09	0.01
0.48703125		4.11315252376e-09	0.01
0.48734375		4.11315252376e-09	0.01
0.48765625		4.11315252376e-09	0.01
0.48796875		4.11315252376e-09	0.01
0.48828125		4.11315252376e-09	0.01
0.48859375		4.11315252376e-09	0.01
0.48890625		4.11315252376e-09	0.01
0.48921875		4.11315252376e-09	0.01
0.48953125		4.11315252376e-09	0.01
0.48984375		4.11315252376e-09	0.01
0.49015625		4.11315252376e-09	0.01
0.49046875		4.11315252376e-09	0.01
0.49078125		4.11315252376e-09	0.01
0.49109375		4.11315252376e-09	0.01
0.49140625		4.11315252376e-09	0.01
0.49171875		4.11315252376e-09	0.01
0.49203125		4.11315252376e-09	0.01
0.49234375		4.11315252376e-09	0.01
0.49265625		4.11315252376e-09	0.01
0.49296875		4.11315252376e-09	0.01
0.49328125		4.11315252376e-09	0.01
0.49359375		4.11315252376e-09	0.01
0.49390625		4.11315252376e-09	0.01
0.49421875		4.11315252376e-09	0.01
0.49453125		4.11315252376e-09	0.01
0.49484375		4.11315252376e-09	0.01
0.49515625		4.11315252376e-09	0.01
0.49546875		4.11315252376e-09	0.01
0.49578125		4.11315252376e-09	0.01
0.49609375		4.11315252376e-09	0.01
0.49640625		4.11315252376e-09	0.01
0.49671875		4.11315252376e-09	0.01
0.49703125		4.11315252376e-09	0.01
0.49734375		4.11315252376e-09	0.01
0.49765625		4.11315252376e-09	0.01
0.49796875		4.11315252376e-09	0.01
0.49828125		4.11315252376e-09	0.01
0.49859375		4.11315252376e-09	0.01
0.49890625		4.11315252376e-09	0.01
0.49921875		4.11315252376e-09	0.01
0.49953125		4.11315252376e-09	0.01
0.49984375		4.11315252376e-09	0.01
