0.00015625		0.408120609993	0.998052586071
0.00046875		0.407646810279	0.997762033182
0.00078125		0.407002223317	0.997367804424
0.00109375		0.4063424778	0.996963553628
0.00140625		0.405726097576	0.996585307432
0.00171875		0.40513652738	0.99622307049
0.00203125		0.404563402152	0.995870552981
0.00234375		0.404001222402	0.995524400988
0.00265625		0.403446775853	0.995182654974
0.00296875		0.402897946088	0.994844023746
0.00328125		0.402353097648	0.994507506615
0.00359375		0.401811006317	0.994172352727
0.00390625		0.401270852846	0.993838059107
0.00421875		0.400732107917	0.993504300661
0.00453125		0.400194397446	0.99317084723
0.00484375		0.399657427373	0.992837517448
0.00515625		0.399120944395	0.992504154445
0.00546875		0.398584748104	0.992170633525
0.00578125		0.398048703336	0.991836870343
0.00609375		0.397512708713	0.991502801158
0.00640625		0.396976704085	0.991168387696
0.00671875		0.39644062091	0.990833586202
0.00703125		0.395904379427	0.990498345872
0.00734375		0.395367920516	0.990162628683
0.00765625		0.394831195018	0.989826402579
0.00796875		0.394294161158	0.989489640022
0.00828125		0.393756783864	0.989152317572
0.00859375		0.393219034254	0.988814415589
0.00890625		0.392680888859	0.988475917754
0.00921875		0.392142328816	0.988136810589
0.00953125		0.391603336943	0.98779708161
0.00984375		0.391063896533	0.987456718577
0.01015625		0.390523992825	0.987115710437
0.01046875		0.389983613952	0.986774047922
0.01078125		0.389442750325	0.986431723165
0.01109375		0.38890139363	0.986088729072
0.01140625		0.388359536314	0.985745058998
0.01171875		0.387817171518	0.985400706715
0.01203125		0.387274293073	0.985055666402
0.01234375		0.386730895397	0.984709932589
0.01265625		0.386186973389	0.984363500087
0.01296875		0.385642522433	0.984016363991
0.01328125		0.385097538472	0.983668519735
0.01359375		0.384552017915	0.983319963026
0.01390625		0.384005957389	0.982970689693
0.01421875		0.383459353629	0.982620695615
0.01453125		0.382912203553	0.982269976767
0.01484375		0.382364504313	0.981918529257
0.01515625		0.381816253281	0.981566349316
0.01546875		0.381267447988	0.981213433258
0.01578125		0.380718086082	0.980859777459
0.01609375		0.380168165314	0.980505378338
0.01640625		0.379617683513	0.980150232352
0.01671875		0.379066638585	0.979794335987
0.01703125		0.378515028509	0.979437685763
0.01734375		0.377962851332	0.979080278223
0.01765625		0.377410105154	0.978722109932
0.01796875		0.376856788107	0.978363177455
0.01828125		0.376302898351	0.978003477359
0.01859375		0.375748434071	0.977643006212
0.01890625		0.375193393484	0.977281760584
0.01921875		0.374637774831	0.976919737045
0.01953125		0.374081576374	0.976556932161
0.01984375		0.373524796389	0.976193342489
0.02015625		0.372967433159	0.975828964576
0.02046875		0.372409484979	0.975463794956
0.02078125		0.371850950148	0.975097830151
0.02109375		0.371291826976	0.974731066671
0.02140625		0.370732113776	0.974363501009
0.02171875		0.37017180886	0.973995129644
0.02203125		0.369610910544	0.973625949035
0.02234375		0.369049417139	0.973255955623
0.02265625		0.368487326959	0.972885145829
0.02296875		0.367924638312	0.972513516055
0.02328125		0.367361349505	0.972141062682
0.02359375		0.366797458838	0.971767782068
0.02390625		0.366232964609	0.971393670553
0.02421875		0.36566786511	0.971018724449
0.02453125		0.365102158628	0.970642940049
0.02484375		0.364535843441	0.970266313622
0.02515625		0.363968917823	0.96988884141
0.02546875		0.36340138004	0.969510519635
0.02578125		0.362833228349	0.96913134449
0.02609375		0.362264461002	0.968751312145
0.02640625		0.36169507624	0.968370418743
0.02671875		0.361125072298	0.967988660402
0.02703125		0.360554447401	0.967606033213
0.02734375		0.359983199765	0.96722253324
0.02765625		0.359411327597	0.96683815652
0.02796875		0.358838829096	0.966452899063
0.02828125		0.35826570245	0.96606675685
0.02859375		0.357691945837	0.965679725835
0.02890625		0.357117557426	0.965291801942
0.02921875		0.356542535376	0.964902981068
0.02953125		0.355966877836	0.964513259079
0.02984375		0.355390582945	0.964122631813
0.03015625		0.354813648832	0.96373109508
0.03046875		0.354236073614	0.963338644654
0.03078125		0.353657855397	0.962945276284
0.03109375		0.353078992277	0.962550985685
0.03140625		0.352499482339	0.962155768542
0.03171875		0.351919323655	0.961759620509
0.03203125		0.351338514289	0.961362537207
0.03234375		0.350757052292	0.960964514226
0.03265625		0.350174935704	0.960565547124
0.03296875		0.349592162552	0.960165631423
0.03328125		0.349008730853	0.959764762616
0.03359375		0.348424638611	0.959362936161
0.03390625		0.34783988382	0.95896014748
0.03421875		0.34725446446	0.958556391965
0.03453125		0.346668378499	0.95815166497
0.03484375		0.346081623895	0.957745961816
0.03515625		0.345494198591	0.957339277788
0.03546875		0.344906100516	0.956931608134
0.03578125		0.344317327589	0.956522948067
0.03609375		0.343727877716	0.956113292766
0.03640625		0.343137748792	0.955702637369
0.03671875		0.342546938696	0.955290976982
0.03703125		0.341955445294	0.954878306669
0.03734375		0.341363266442	0.954464621458
0.03765625		0.340770399977	0.954049916338
0.03796875		0.340176843729	0.953634186261
0.03828125		0.339582595509	0.953217426137
0.03859375		0.338987653117	0.952799630838
0.03890625		0.338392014339	0.952380795198
0.03921875		0.337795676947	0.951960914007
0.03953125		0.337198638697	0.951539982016
0.03984375		0.336600897333	0.951117993935
0.04015625		0.336002450585	0.950694944431
0.04046875		0.335403296165	0.950270828132
0.04078125		0.334803431775	0.949845639619
0.04109375		0.334202855098	0.949419373433
0.04140625		0.333601563806	0.948992024071
0.04171875		0.332999555552	0.948563585985
0.04203125		0.332396827976	0.948134053584
0.04234375		0.331793378704	0.94770342123
0.04265625		0.331189205343	0.947271683242
0.04296875		0.330584305487	0.946838833892
0.04328125		0.329978676712	0.946404867404
0.04359375		0.329372316582	0.945969777957
0.04390625		0.328765222641	0.945533559683
0.04421875		0.328157392417	0.945096206665
0.04453125		0.327548823424	0.944657712936
0.04484375		0.326939513158	0.944218072482
0.04515625		0.326329459098	0.943777279239
0.04546875		0.325718658707	0.943335327093
0.04578125		0.325107109429	0.942892209878
0.04609375		0.324494808694	0.942447921378
0.04640625		0.323881753912	0.942002455325
0.04671875		0.323267942476	0.941555805397
0.04703125		0.322653371761	0.941107965221
0.04734375		0.322038039126	0.940658928369
0.04765625		0.32142194191	0.940208688358
0.04796875		0.320805077433	0.939757238653
0.04828125		0.320187442999	0.939304572661
0.04859375		0.319569035892	0.938850683733
0.04890625		0.318949853377	0.938395565163
0.04921875		0.318329892701	0.937939210189
0.04953125		0.31770915109	0.937481611989
0.04984375		0.317087625752	0.937022763684
0.05015625		0.316465313875	0.936562658332
0.05046875		0.315842212628	0.936101288936
0.05078125		0.315218319158	0.935638648433
0.05109375		0.314593630595	0.935174729702
0.05140625		0.313968144045	0.934709525556
0.05171875		0.313341856595	0.934243028749
0.05203125		0.312714765313	0.933775231967
0.05234375		0.312086867242	0.933306127835
0.05265625		0.311458159408	0.93283570891
0.05296875		0.310828638812	0.932363967683
0.05328125		0.310198302435	0.931890896578
0.05359375		0.309567147235	0.931416487953
0.05390625		0.30893517015	0.930940734096
0.05421875		0.308302368094	0.930463627224
0.05453125		0.307668737958	0.929985159485
0.05484375		0.307034276611	0.929505322956
0.05515625		0.306398980898	0.929024109642
0.05546875		0.305762847641	0.928541511474
0.05578125		0.30512587364	0.92805752031
0.05609375		0.304488055668	0.927572127932
0.05640625		0.303849390476	0.927085326047
0.05671875		0.30320987479	0.926597106286
0.05703125		0.302569505311	0.9261074602
0.05734375		0.301928278717	0.925616379265
0.05765625		0.301286191658	0.925123854873
0.05796875		0.30064324076	0.924629878337
0.05828125		0.299999422623	0.924134440891
0.05859375		0.299354733821	0.923637533682
0.05890625		0.298709170901	0.923139147776
0.05921875		0.298062730385	0.922639274153
0.05953125		0.297415408766	0.922137903706
0.05984375		0.296767202512	0.921635027243
0.06015625		0.296118108061	0.921130635483
0.06046875		0.295468121825	0.920624719054
0.06078125		0.294817240188	0.920117268497
0.06109375		0.294165459503	0.919608274256
0.06140625		0.293512776097	0.919097726688
0.06171875		0.292859186266	0.91858561605
0.06203125		0.292204686278	0.918071932508
0.06234375		0.291549272371	0.917556666129
0.06265625		0.290892940751	0.917039806883
0.06296875		0.290235687595	0.91652134464
0.06328125		0.28957750905	0.916001269169
0.06359375		0.288918401229	0.915479570137
0.06390625		0.288258360216	0.91495623711
0.06421875		0.287597382063	0.914431259545
0.06453125		0.286935462787	0.913904626797
0.06484375		0.286272598375	0.91337632811
0.06515625		0.28560878478	0.912846352619
0.06546875		0.284944017921	0.912314689351
0.06578125		0.284278293684	0.911781327219
0.06609375		0.28361160792	0.911246255021
0.06640625		0.282943956444	0.910709461442
0.06671875		0.282275335039	0.910170935048
0.06703125		0.281605739451	0.909630664287
0.06734375		0.280935165387	0.909088637488
0.06765625		0.280263608523	0.908544842856
0.06796875		0.279591064494	0.907999268473
0.06828125		0.278917528899	0.907451902296
0.06859375		0.278242997299	0.906902732154
0.06890625		0.277567465217	0.906351745746
0.06921875		0.276890928136	0.905798930642
0.06953125		0.276213381502	0.905244274278
0.06984375		0.27553482072	0.904687763955
0.07015625		0.274855241154	0.904129386838
0.07046875		0.274174638127	0.903569129951
0.07078125		0.273493006924	0.903006980179
0.07109375		0.272810342784	0.902442924265
0.07140625		0.272126640905	0.901876948805
0.07171875		0.271441896445	0.901309040248
0.07203125		0.270756104514	0.900739184894
0.07234375		0.27006926018	0.900167368891
0.07265625		0.269381358467	0.899593578234
0.07296875		0.268692394354	0.899017798762
0.07328125		0.268002362773	0.898440016152
0.07359375		0.267311258611	0.897860215924
0.07390625		0.266619076705	0.897278383432
0.07421875		0.265925811848	0.896694503865
0.07453125		0.265231458784	0.896108562244
0.07484375		0.264536012206	0.895520543417
0.07515625		0.26383946676	0.894930432059
0.07546875		0.263141817041	0.894338212668
0.07578125		0.262443057591	0.893743869565
0.07609375		0.261743182904	0.893147386885
0.07640625		0.261042187419	0.892548748581
0.07671875		0.260340065523	0.891947938417
0.07703125		0.25963681155	0.891344939965
0.07734375		0.258932419777	0.890739736604
0.07765625		0.258226884429	0.890132311517
0.07796875		0.257520199673	0.889522647683
0.07828125		0.256812359619	0.888910727882
0.07859375		0.256103358321	0.888296534684
0.07890625		0.255393189773	0.887680050449
0.07921875		0.25468184791	0.887061257325
0.07953125		0.253969326608	0.886440137241
0.07984375		0.253255619682	0.885816671905
0.08015625		0.252540720882	0.885190842803
0.08046875		0.251824623901	0.884562631189
0.08078125		0.251107322362	0.883932018088
0.08109375		0.250388809829	0.883298984288
0.08140625		0.249669079798	0.882663510337
0.08171875		0.248948125697	0.882025576537
0.08203125		0.24822594089	0.881385162946
0.08234375		0.247502518669	0.880742249365
0.08265625		0.24677785226	0.880096815341
0.08296875		0.246051934816	0.87944884016
0.08328125		0.245324759419	0.878798302839
0.08359375		0.24459631908	0.878145182128
0.08390625		0.243866606733	0.8774894565
0.08421875		0.24313561524	0.876831104149
0.08453125		0.242403337386	0.876170102981
0.08484375		0.241669765879	0.875506430617
0.08515625		0.240934893348	0.874840064379
0.08546875		0.240198712343	0.874170981288
0.08578125		0.239461215332	0.873499158062
0.08609375		0.238722394704	0.872824571105
0.08640625		0.237982242761	0.872147196505
0.08671875		0.237240751723	0.871467010027
0.08703125		0.236497913721	0.870783987106
0.08734375		0.235753720802	0.870098102842
0.08765625		0.235008164921	0.869409331996
0.08796875		0.234261237946	0.868717648979
0.08828125		0.23351293165	0.868023027849
0.08859375		0.232763237714	0.867325442302
0.08890625		0.232012147726	0.866624865668
0.08921875		0.231259653175	0.865921270902
0.08953125		0.230505745454	0.865214630576
0.08984375		0.229750415855	0.864504916875
0.09015625		0.22899365557	0.863792101585
0.09046875		0.228235455687	0.86307615609
0.09078125		0.227475807191	0.86235705136
0.09109375		0.22671470096	0.861634757946
0.09140625		0.225952127762	0.86090924597
0.09171875		0.225188078257	0.860180485116
0.09203125		0.224422542992	0.859448444624
0.09234375		0.223655512401	0.858713093278
0.09265625		0.222886976802	0.857974399399
0.09296875		0.222116926393	0.857232330834
0.09328125		0.221345351256	0.856486854949
0.09359375		0.220572241346	0.855737938614
0.09390625		0.219797586499	0.854985548201
0.09421875		0.21902137642	0.854229649563
0.09453125		0.218243600688	0.853470208035
0.09484375		0.217464248749	0.852707188412
0.09515625		0.216683309917	0.851940554947
0.09546875		0.21590077337	0.851170271334
0.09578125		0.215116628146	0.850396300696
0.09609375		0.214330863145	0.849618605578
0.09640625		0.21354346712	0.848837147928
0.09671875		0.21275442868	0.848051889088
0.09703125		0.211963736284	0.84726278978
0.09734375		0.211171378241	0.846469810092
0.09765625		0.210377342702	0.845672909467
0.09796875		0.209581617662	0.844872046682
0.09828125		0.208784190957	0.844067179842
0.09859375		0.207985050257	0.843258266356
0.09890625		0.207184183066	0.84244526293
0.09921875		0.206381576717	0.841628125544
0.09953125		0.20557721837	0.840806809439
0.09984375		0.204771095008	0.8399812691
0.10015625		0.203963193433	0.839151458239
0.10046875		0.203153500263	0.838317329774
0.10078125		0.202342001929	0.837478835814
0.10109375		0.201528684668	0.836635927639
0.10140625		0.200713534525	0.835788555679
0.10171875		0.199896537342	0.834936669496
0.10203125		0.19907767876	0.834080217762
0.10234375		0.198256944209	0.833219148238
0.10265625		0.197434318909	0.832353407751
0.10296875		0.196609787864	0.831482942174
0.10328125		0.195783335853	0.8306076964
0.10359375		0.194954947432	0.829727614316
0.10390625		0.194124606926	0.828842638785
0.10421875		0.193292298422	0.827952711613
0.10453125		0.192458005769	0.827057773527
0.10484375		0.191621712567	0.826157764145
0.10515625		0.190783402165	0.825252621951
0.10546875		0.189943057655	0.824342284262
0.10578125		0.189100661867	0.823426687201
0.10609375		0.18825619736	0.822505765663
0.10640625		0.187409646418	0.821579453288
0.10671875		0.186560991047	0.820647682421
0.10703125		0.185710212961	0.819710384083
0.10734375		0.184857293582	0.818767487934
0.10765625		0.184002214031	0.817818922236
0.10796875		0.183144955118	0.816864613815
0.10828125		0.182285497342	0.815904488023
0.10859375		0.181423820874	0.814938468696
0.10890625		0.180559905558	0.813966478114
0.10921875		0.179693730897	0.812988436955
0.10953125		0.178825276049	0.812004264253
0.10984375		0.177954519815	0.811013877348
0.11015625		0.177081440632	0.810017191841
0.11046875		0.176206016564	0.809014121543
0.11078125		0.175328225292	0.808004578422
0.11109375		0.174448044107	0.80698847255
0.11140625		0.173565449895	0.805965712051
0.11171875		0.172680419131	0.804936203035
0.11203125		0.171792927867	0.803899849546
0.11234375		0.17090295172	0.802856553496
0.11265625		0.170010465864	0.801806214601
0.11296875		0.169115445012	0.800748730315
0.11328125		0.168217863411	0.799683995758
0.11359375		0.167317694826	0.798611903647
0.11390625		0.166414912525	0.797532344217
0.11421875		0.165509489269	0.796445205146
0.11453125		0.164601397297	0.795350371471
0.11484375		0.16369060831	0.794247725507
0.11515625		0.162777093458	0.793137146753
0.11546875		0.161860823324	0.792018511808
0.11578125		0.160941767908	0.790891694267
0.11609375		0.160019896607	0.78975656463
0.11640625		0.159095178204	0.78861299019
0.11671875		0.158167580845	0.787460834931
0.11703125		0.157237072021	0.786299959414
0.11734375		0.156303618551	0.785130220657
0.11765625		0.15536718656	0.783951472014
0.11796875		0.154427741456	0.782763563046
0.11828125		0.153485247914	0.781566339388
0.11859375		0.152539669847	0.780359642608
0.11890625		0.151590970387	0.779143310063
0.11921875		0.150639111859	0.777917174741
0.11953125		0.149684055753	0.776681065108
0.11984375		0.148725762701	0.775434804932
0.12015625		0.147764192449	0.774178213117
0.12046875		0.146799303826	0.772911103512
0.12078125		0.145831054713	0.771633284719
0.12109375		0.144859402016	0.770344559896
0.12140625		0.143884301631	0.769044726539
0.12171875		0.142905708406	0.767733576266
0.12203125		0.141923576113	0.766410894578
0.12234375		0.140937857403	0.765076460614
0.12265625		0.139948503771	0.763730046897
0.12296875		0.138955465515	0.762371419062
0.12328125		0.137958691693	0.761000335568
0.12359375		0.136958130076	0.759616547397
0.12390625		0.135953727105	0.758219797744
0.12421875		0.134945427837	0.756809821676
0.12453125		0.133933175899	0.755386345785
0.12484375		0.13291691343	0.753949087815
0.12515625		0.131896581026	0.752497756272
0.12546875		0.130872117679	0.751032050008
0.12578125		0.129843460716	0.749551657784
0.12609375		0.128810545732	0.74805625781
0.12640625		0.127773306522	0.74654551725
0.12671875		0.126731675008	0.745019091708
0.12703125		0.125685581159	0.743476624675
0.12734375		0.124634952916	0.741917746948
0.12765625		0.123579716101	0.740342076007
0.12796875		0.122519794332	0.738749215362
0.12828125		0.121455108923	0.73713875385
0.12859375		0.120385578788	0.735510264893
0.12890625		0.119311120332	0.733863305706
0.12921875		0.118231647339	0.73219741645
0.12953125		0.117147070856	0.730512119337
0.12984375		0.11605729906	0.728806917663
0.13015625		0.114962237133	0.727081294787
0.13046875		0.113861787114	0.725334713027
0.13078125		0.11275584775	0.723566612491
0.13109375		0.111644314334	0.721776409813
0.13140625		0.110527078537	0.719963496806
0.13171875		0.109404028227	0.718127239006
0.13203125		0.108275047269	0.716266974124
0.13234375		0.107140015325	0.714382010358
0.13265625		0.105998807631	0.712471624596
0.13296875		0.104851294756	0.710535060463
0.13328125		0.103697342358	0.708571526223
0.13359375		0.102536810906	0.706580192502
0.13390625		0.101369555389	0.70456018983
0.13421875		0.100195425009	0.702510605978
0.13453125		0.0990142628412	0.700430483059
0.13484375		0.0978259054732	0.69831881439
0.13515625		0.0966301826153	0.696174541063
0.13546875		0.09542691668	0.693996548224
0.13578125		0.0942159223271	0.691783660994
0.13609375		0.0929970059713	0.689534640019
0.13640625		0.0917699652491	0.687248176596
0.13671875		0.0905345884389	0.684922887319
0.13703125		0.0892906538316	0.6825573082
0.13734375		0.0880379290441	0.680149888195
0.13765625		0.0867761702713	0.677698982054
0.13796875		0.0855051214678	0.675202842424
0.13828125		0.084224513452	0.672659611095
0.13859375		0.0829340629242	0.67006730928
0.13890625		0.0816334713856	0.667423826796
0.13921875		0.0803224239496	0.664726909998
0.13953125		0.0790005880274	0.661974148276
0.13984375		0.077667611876	0.659162958919
0.14015625		0.0763231229859	0.656290570091
0.14046875		0.0749667262897	0.65335400163
0.14078125		0.0735980021649	0.650350043334
0.14109375		0.0722165042016	0.647275230306
0.14140625		0.0708217567003	0.644125814894
0.14171875		0.069413251858	0.640897734617
0.14203125		0.0679904465951	0.637586575373
0.14234375		0.0665527589639	0.634187529077
0.14265625		0.0650995640695	0.630695344666
0.14296875		0.0636301894202	0.627104271185
0.14328125		0.0621439096053	0.623407991368
0.14359375		0.0606399401777	0.619599543717
0.14390625		0.059117430592	0.61567123061
0.14421875		0.0575754560106	0.611614509301
0.14453125		0.05601300775	0.607419861823
0.14484375		0.0544289820792	0.603076638686
0.14515625		0.0528221670066	0.598572869727
0.14546875		0.0511912265985	0.593895033455
0.14578125		0.0495346822346	0.589027773395
0.14609375		0.0478508900375	0.583953546064
0.14640625		0.0461380134706	0.578652179717
0.14671875		0.0443939897727	0.573100315162
0.14703125		0.042616488438	0.567270688526
0.14734375		0.040802859294	0.561131198919
0.14765625		0.0389500667901	0.554643678301
0.14796875		0.0370546057038	0.547762241105
0.14828125		0.0351123913698	0.540431027869
0.14859375		0.0331186142655	0.532581053427
0.14890625		0.0310675435894	0.524125694245
0.14921875		0.0289522559247	0.514954039415
0.14953125		0.0267642505043	0.504920757786
0.14984375		0.024492886628	0.493830020613
0.15015625		0.02212453001	0.481408709012
0.15046875		0.0196411969665	0.467258944756
0.15078125		0.0170182701543	0.450767073352
0.15109375		0.0142203214694	0.430909479956
0.15140625		0.0111923862958	0.405768366519
0.15171875		0.00786507922166	0.371363870334
0.15203125		0.00456638082907	0.323938192104
0.15234375		0.00184597059099	0.257793054313
0.15265625		0.00030144047563	0.162236794732
0.15296875		5.93949489582e-08	0.0188464477008
0.15328125		4.11472961461e-09	0.0100008339305
0.15359375		4.11315257023e-09	0.0100000000247
0.15390625		4.11315252376e-09	0.01
0.15421875		4.11315252376e-09	0.01
0.15453125		4.11315252376e-09	0.01
0.15484375		4.11315252376e-09	0.01
0.15515625		4.11315252376e-09	0.01
0.15546875		4.11315252376e-09	0.01
0.15578125		4.11315252376e-09	0.01
0.15609375		4.11315252376e-09	0.01
0.15640625		4.11315252376e-09	0.01
0.15671875		4.11315252376e-09	0.01
0.15703125		4.11315252376e-09	0.01
0.15734375		4.11315252376e-09	0.01
0.15765625		4.11315252376e-09	0.01
0.15796875		4.11315252376e-09	0.01
0.15828125		4.11315252376e-09	0.01
0.15859375		4.11315252376e-09	0.01
0.15890625		4.11315252376e-09	0.01
0.15921875		4.11315252376e-09	0.01
0.15953125		4.11315252376e-09	0.01
0.15984375		4.11315252376e-09	0.01
0.16015625		4.11315252376e-09	0.01
0.16046875		4.11315252376e-09	0.01
0.16078125		4.11315252376e-09	0.01
0.16109375		4.11315252376e-09	0.01
0.16140625		4.11315252376e-09	0.01
0.16171875		4.11315252376e-09	0.01
0.16203125		4.11315252376e-09	0.01
0.16234375		4.11315252376e-09	0.01
0.16265625		4.11315252376e-09	0.01
0.16296875		4.11315252376e-09	0.01
0.16328125		4.11315252376e-09	0.01
0.16359375		4.11315252376e-09	0.01
0.16390625		4.11315252376e-09	0.01
0.16421875		4.11315252376e-09	0.01
0.16453125		4.11315252376e-09	0.01
0.16484375		4.11315252376e-09	0.01
0.16515625		4.11315252376e-09	0.01
0.16546875		4.11315252376e-09	0.01
0.16578125		4.11315252376e-09	0.01
0.16609375		4.11315252376e-09	0.01
0.16640625		4.11315252376e-09	0.01
0.16671875		4.11315252376e-09	0.01
0.16703125		4.11315252376e-09	0.01
0.16734375		4.11315252376e-09	0.01
0.16765625		4.11315252376e-09	0.01
0.16796875		4.11315252376e-09	0.01
0.16828125		4.11315252376e-09	0.01
0.16859375		4.11315252376e-09	0.01
0.16890625		4.11315252376e-09	0.01
0.16921875		4.11315252376e-09	0.01
0.16953125		4.11315252376e-09	0.01
0.16984375		4.11315252376e-09	0.01
0.17015625		4.11315252376e-09	0.01
0.17046875		4.11315252376e-09	0.01
0.17078125		4.11315252376e-09	0.01
0.17109375		4.11315252376e-09	0.01
0.17140625		4.11315252376e-09	0.01
0.17171875		4.11315252376e-09	0.01
0.17203125		4.11315252376e-09	0.01
0.17234375		4.11315252376e-09	0.01
0.17265625		4.11315252376e-09	0.01
0.17296875		4.11315252376e-09	0.01
0.17328125		4.11315252376e-09	0.01
0.17359375		4.11315252376e-09	0.01
0.17390625		4.11315252376e-09	0.01
0.17421875		4.11315252376e-09	0.01
0.17453125		4.11315252376e-09	0.01
0.17484375		4.11315252376e-09	0.01
0.17515625		4.11315252376e-09	0.01
0.17546875		4.11315252376e-09	0.01
0.17578125		4.11315252376e-09	0.01
0.17609375		4.11315252376e-09	0.01
0.17640625		4.11315252376e-09	0.01
0.17671875		4.11315252376e-09	0.01
0.17703125		4.11315252376e-09	0.01
0.17734375		4.11315252376e-09	0.01
0.17765625		4.11315252376e-09	0.01
0.17796875		4.11315252376e-09	0.01
0.17828125		4.11315252376e-09	0.01
0.17859375		4.11315252376e-09	0.01
0.17890625		4.11315252376e-09	0.01
0.17921875		4.11315252376e-09	0.01
0.17953125		4.11315252376e-09	0.01
0.17984375		4.11315252376e-09	0.01
0.18015625		4.11315252376e-09	0.01
0.18046875		4.11315252376e-09	0.01
0.18078125		4.11315252376e-09	0.01
0.18109375		4.11315252376e-09	0.01
0.18140625		4.11315252376e-09	0.01
0.18171875		4.11315252376e-09	0.01
0.18203125		4.11315252376e-09	0.01
0.18234375		4.11315252376e-09	0.01
0.18265625		4.11315252376e-09	0.01
0.18296875		4.11315252376e-09	0.01
0.18328125		4.11315252376e-09	0.01
0.18359375		4.11315252376e-09	0.01
0.18390625		4.11315252376e-09	0.01
0.18421875		4.11315252376e-09	0.01
0.18453125		4.11315252376e-09	0.01
0.18484375		4.11315252376e-09	0.01
0.18515625		4.11315252376e-09	0.01
0.18546875		4.11315252376e-09	0.01
0.18578125		4.11315252376e-09	0.01
0.18609375		4.11315252376e-09	0.01
0.18640625		4.11315252376e-09	0.01
0.18671875		4.11315252376e-09	0.01
0.18703125		4.11315252376e-09	0.01
0.18734375		4.11315252376e-09	0.01
0.18765625		4.11315252376e-09	0.01
0.18796875		4.11315252376e-09	0.01
0.18828125		4.11315252376e-09	0.01
0.18859375		4.11315252376e-09	0.01
0.18890625		4.11315252376e-09	0.01
0.18921875		4.11315252376e-09	0.01
0.18953125		4.11315252376e-09	0.01
0.18984375		4.11315252376e-09	0.01
0.19015625		4.11315252376e-09	0.01
0.19046875		4.11315252376e-09	0.01
0.19078125		4.11315252376e-09	0.01
0.19109375		4.11315252376e-09	0.01
0.19140625		4.11315252376e-09	0.01
0.19171875		4.11315252376e-09	0.01
0.19203125		4.11315252376e-09	0.01
0.19234375		4.11315252376e-09	0.01
0.19265625		4.11315252376e-09	0.01
0.19296875		4.11315252376e-09	0.01
0.19328125		4.11315252376e-09	0.01
0.19359375		4.11315252376e-09	0.01
0.19390625		4.11315252376e-09	0.01
0.19421875		4.11315252376e-09	0.01
0.19453125		4.11315252376e-09	0.01
0.19484375		4.11315252376e-09	0.01
0.19515625		4.11315252376e-09	0.01
0.19546875		4.11315252376e-09	0.01
0.19578125		4.11315252376e-09	0.01
0.19609375		4.11315252376e-09	0.01
0.19640625		4.11315252376e-09	0.01
0.19671875		4.11315252376e-09	0.01
0.19703125		4.11315252376e-09	0.01
0.19734375		4.11315252376e-09	0.01
0.19765625		4.11315252376e-09	0.01
0.19796875		4.11315252376e-09	0.01
0.19828125		4.11315252376e-09	0.01
0.19859375		4.11315252376e-09	0.01
0.19890625		4.11315252376e-09	0.01
0.19921875		4.11315252376e-09	0.01
0.19953125		4.11315252376e-09	0.01
0.19984375		4.11315252376e-09	0.01
0.20015625		4.11315252376e-09	0.01
0.20046875		4.11315252376e-09	0.01
0.20078125		4.11315252376e-09	0.01
0.20109375		4.11315252376e-09	0.01
0.20140625		4.11315252376e-09	0.01
0.20171875		4.11315252376e-09	0.01
0.20203125		4.11315252376e-09	0.01
0.20234375		4.11315252376e-09	0.01
0.20265625		4.11315252376e-09	0.01
0.20296875		4.11315252376e-09	0.01
0.20328125		4.11315252376e-09	0.01
0.20359375		4.11315252376e-09	0.01
0.20390625		4.11315252376e-09	0.01
0.20421875		4.11315252376e-09	0.01
0.20453125		4.11315252376e-09	0.01
0.20484375		4.11315252376e-09	0.01
0.20515625		4.11315252376e-09	0.01
0.20546875		4.11315252376e-09	0.01
0.20578125		4.11315252376e-09	0.01
0.20609375		4.11315252376e-09	0.01
0.20640625		4.11315252376e-09	0.01
0.20671875		4.11315252376e-09	0.01
0.20703125		4.11315252376e-09	0.01
0.20734375		4.11315252376e-09	0.01
0.20765625		4.11315252376e-09	0.01
0.20796875		4.11315252376e-09	0.01
0.20828125		4.11315252376e-09	0.01
0.20859375		4.11315252376e-09	0.01
0.20890625		4.11315252376e-09	0.01
0.20921875		4.11315252376e-09	0.01
0.20953125		4.11315252376e-09	0.01
0.20984375		4.11315252376e-09	0.01
0.21015625		4.11315252376e-09	0.01
0.21046875		4.11315252376e-09	0.01
0.21078125		4.11315252376e-09	0.01
0.21109375		4.11315252376e-09	0.01
0.21140625		4.11315252376e-09	0.01
0.21171875		4.11315252376e-09	0.01
0.21203125		4.11315252376e-09	0.01
0.21234375		4.11315252376e-09	0.01
0.21265625		4.11315252376e-09	0.01
0.21296875		4.11315252376e-09	0.01
0.21328125		4.11315252376e-09	0.01
0.21359375		4.11315252376e-09	0.01
0.21390625		4.11315252376e-09	0.01
0.21421875		4.11315252376e-09	0.01
0.21453125		4.11315252376e-09	0.01
0.21484375		4.11315252376e-09	0.01
0.21515625		4.11315252376e-09	0.01
0.21546875		4.11315252376e-09	0.01
0.21578125		4.11315252376e-09	0.01
0.21609375		4.11315252376e-09	0.01
0.21640625		4.11315252376e-09	0.01
0.21671875		4.11315252376e-09	0.01
0.21703125		4.11315252376e-09	0.01
0.21734375		4.11315252376e-09	0.01
0.21765625		4.11315252376e-09	0.01
0.21796875		4.11315252376e-09	0.01
0.21828125		4.11315252376e-09	0.01
0.21859375		4.11315252376e-09	0.01
0.21890625		4.11315252376e-09	0.01
0.21921875		4.11315252376e-09	0.01
0.21953125		4.11315252376e-09	0.01
0.21984375		4.11315252376e-09	0.01
0.22015625		4.11315252376e-09	0.01
0.22046875		4.11315252376e-09	0.01
0.22078125		4.11315252376e-09	0.01
0.22109375		4.11315252376e-09	0.01
0.22140625		4.11315252376e-09	0.01
0.22171875		4.11315252376e-09	0.01
0.22203125		4.11315252376e-09	0.01
0.22234375		4.11315252376e-09	0.01
0.22265625		4.11315252376e-09	0.01
0.22296875		4.11315252376e-09	0.01
0.22328125		4.11315252376e-09	0.01
0.22359375		4.11315252376e-09	0.01
0.22390625		4.11315252376e-09	0.01
0.22421875		4.11315252376e-09	0.01
0.22453125		4.11315252376e-09	0.01
0.22484375		4.11315252376e-09	0.01
0.22515625		4.11315252376e-09	0.01
0.22546875		4.11315252376e-09	0.01
0.22578125		4.11315252376e-09	0.01
0.22609375		4.11315252376e-09	0.01
0.22640625		4.11315252376e-09	0.01
0.22671875		4.11315252376e-09	0.01
0.22703125		4.11315252376e-09	0.01
0.22734375		4.11315252376e-09	0.01
0.22765625		4.11315252376e-09	0.01
0.22796875		4.11315252376e-09	0.01
0.22828125		4.11315252376e-09	0.01
0.22859375		4.11315252376e-09	0.01
0.22890625		4.11315252376e-09	0.01
0.22921875		4.11315252376e-09	0.01
0.22953125		4.11315252376e-09	0.01
0.22984375		4.11315252376e-09	0.01
0.23015625		4.11315252376e-09	0.01
0.23046875		4.11315252376e-09	0.01
0.23078125		4.11315252376e-09	0.01
0.23109375		4.11315252376e-09	0.01
0.23140625		4.11315252376e-09	0.01
0.23171875		4.11315252376e-09	0.01
0.23203125		4.11315252376e-09	0.01
0.23234375		4.11315252376e-09	0.01
0.23265625		4.11315252376e-09	0.01
0.23296875		4.11315252376e-09	0.01
0.23328125		4.11315252376e-09	0.01
0.23359375		4.11315252376e-09	0.01
0.23390625		4.11315252376e-09	0.01
0.23421875		4.11315252376e-09	0.01
0.23453125		4.11315252376e-09	0.01
0.23484375		4.11315252376e-09	0.01
0.23515625		4.11315252376e-09	0.01
0.23546875		4.11315252376e-09	0.01
0.23578125		4.11315252376e-09	0.01
0.23609375		4.11315252376e-09	0.01
0.23640625		4.11315252376e-09	0.01
0.23671875		4.11315252376e-09	0.01
0.23703125		4.11315252376e-09	0.01
0.23734375		4.11315252376e-09	0.01
0.23765625		4.11315252376e-09	0.01
0.23796875		4.11315252376e-09	0.01
0.23828125		4.11315252376e-09	0.01
0.23859375		4.11315252376e-09	0.01
0.23890625		4.11315252376e-09	0.01
0.23921875		4.11315252376e-09	0.01
0.23953125		4.11315252376e-09	0.01
0.23984375		4.11315252376e-09	0.01
0.24015625		4.11315252376e-09	0.01
0.24046875		4.11315252376e-09	0.01
0.24078125		4.11315252376e-09	0.01
0.24109375		4.11315252376e-09	0.01
0.24140625		4.11315252376e-09	0.01
0.24171875		4.11315252376e-09	0.01
0.24203125		4.11315252376e-09	0.01
0.24234375		4.11315252376e-09	0.01
0.24265625		4.11315252376e-09	0.01
0.24296875		4.11315252376e-09	0.01
0.24328125		4.11315252376e-09	0.01
0.24359375		4.11315252376e-09	0.01
0.24390625		4.11315252376e-09	0.01
0.24421875		4.11315252376e-09	0.01
0.24453125		4.11315252376e-09	0.01
0.24484375		4.11315252376e-09	0.01
0.24515625		4.11315252376e-09	0.01
0.24546875		4.11315252376e-09	0.01
0.24578125		4.11315252376e-09	0.01
0.24609375		4.11315252376e-09	0.01
0.24640625		4.11315252376e-09	0.01
0.24671875		4.11315252376e-09	0.01
0.24703125		4.11315252376e-09	0.01
0.24734375		4.11315252376e-09	0.01
0.24765625		4.11315252376e-09	0.01
0.24796875		4.11315252376e-09	0.01
0.24828125		4.11315252376e-09	0.01
0.24859375		4.11315252376e-09	0.01
0.24890625		4.11315252376e-09	0.01
0.24921875		4.11315252376e-09	0.01
0.24953125		4.11315252376e-09	0.01
0.24984375		4.11315252376e-09	0.01
0.25015625		4.11315252376e-09	0.01
0.25046875		4.11315252376e-09	0.01
0.25078125		4.11315252376e-09	0.01
0.25109375		4.11315252376e-09	0.01
0.25140625		4.11315252376e-09	0.01
0.25171875		4.11315252376e-09	0.01
0.25203125		4.11315252376e-09	0.01
0.25234375		4.11315252376e-09	0.01
0.25265625		4.11315252376e-09	0.01
0.25296875		4.11315252376e-09	0.01
0.25328125		4.11315252376e-09	0.01
0.25359375		4.11315252376e-09	0.01
0.25390625		4.11315252376e-09	0.01
0.25421875		4.11315252376e-09	0.01
0.25453125		4.11315252376e-09	0.01
0.25484375		4.11315252376e-09	0.01
0.25515625		4.11315252376e-09	0.01
0.25546875		4.11315252376e-09	0.01
0.25578125		4.11315252376e-09	0.01
0.25609375		4.11315252376e-09	0.01
0.25640625		4.11315252376e-09	0.01
0.25671875		4.11315252376e-09	0.01
0.25703125		4.11315252376e-09	0.01
0.25734375		4.11315252376e-09	0.01
0.25765625		4.11315252376e-09	0.01
0.25796875		4.11315252376e-09	0.01
0.25828125		4.11315252376e-09	0.01
0.25859375		4.11315252376e-09	0.01
0.25890625		4.11315252376e-09	0.01
0.25921875		4.11315252376e-09	0.01
0.25953125		4.11315252376e-09	0.01
0.25984375		4.11315252376e-09	0.01
0.26015625		4.11315252376e-09	0.01
0.26046875		4.11315252376e-09	0.01
0.26078125		4.11315252376e-09	0.01
0.26109375		4.11315252376e-09	0.01
0.26140625		4.11315252376e-09	0.01
0.26171875		4.11315252376e-09	0.01
0.26203125		4.11315252376e-09	0.01
0.26234375		4.11315252376e-09	0.01
0.26265625		4.11315252376e-09	0.01
0.26296875		4.11315252376e-09	0.01
0.26328125		4.11315252376e-09	0.01
0.26359375		4.11315252376e-09	0.01
0.26390625		4.11315252376e-09	0.01
0.26421875		4.11315252376e-09	0.01
0.26453125		4.11315252376e-09	0.01
0.26484375		4.11315252376e-09	0.01
0.26515625		4.11315252376e-09	0.01
0.26546875		4.11315252376e-09	0.01
0.26578125		4.11315252376e-09	0.01
0.26609375		4.11315252376e-09	0.01
0.26640625		4.11315252376e-09	0.01
0.26671875		4.11315252376e-09	0.01
0.26703125		4.11315252376e-09	0.01
0.26734375		4.11315252376e-09	0.01
0.26765625		4.11315252376e-09	0.01
0.26796875		4.11315252376e-09	0.01
0.26828125		4.11315252376e-09	0.01
0.26859375		4.11315252376e-09	0.01
0.26890625		4.11315252376e-09	0.01
0.26921875		4.11315252376e-09	0.01
0.26953125		4.11315252376e-09	0.01
0.26984375		4.11315252376e-09	0.01
0.27015625		4.11315252376e-09	0.01
0.27046875		4.11315252376e-09	0.01
0.27078125		4.11315252376e-09	0.01
0.27109375		4.11315252376e-09	0.01
0.27140625		4.11315252376e-09	0.01
0.27171875		4.11315252376e-09	0.01
0.27203125		4.11315252376e-09	0.01
0.27234375		4.11315252376e-09	0.01
0.27265625		4.11315252376e-09	0.01
0.27296875		4.11315252376e-09	0.01
0.27328125		4.11315252376e-09	0.01
0.27359375		4.11315252376e-09	0.01
0.27390625		4.11315252376e-09	0.01
0.27421875		4.11315252376e-09	0.01
0.27453125		4.11315252376e-09	0.01
0.27484375		4.11315252376e-09	0.01
0.27515625		4.11315252376e-09	0.01
0.27546875		4.11315252376e-09	0.01
0.27578125		4.11315252376e-09	0.01
0.27609375		4.11315252376e-09	0.01
0.27640625		4.11315252376e-09	0.01
0.27671875		4.11315252376e-09	0.01
0.27703125		4.11315252376e-09	0.01
0.27734375		4.11315252376e-09	0.01
0.27765625		4.11315252376e-09	0.01
0.27796875		4.11315252376e-09	0.01
0.27828125		4.11315252376e-09	0.01
0.27859375		4.11315252376e-09	0.01
0.27890625		4.11315252376e-09	0.01
0.27921875		4.11315252376e-09	0.01
0.27953125		4.11315252376e-09	0.01
0.27984375		4.11315252376e-09	0.01
0.28015625		4.11315252376e-09	0.01
0.28046875		4.11315252376e-09	0.01
0.28078125		4.11315252376e-09	0.01
0.28109375		4.11315252376e-09	0.01
0.28140625		4.11315252376e-09	0.01
0.28171875		4.11315252376e-09	0.01
0.28203125		4.11315252376e-09	0.01
0.28234375		4.11315252376e-09	0.01
0.28265625		4.11315252376e-09	0.01
0.28296875		4.11315252376e-09	0.01
0.28328125		4.11315252376e-09	0.01
0.28359375		4.11315252376e-09	0.01
0.28390625		4.11315252376e-09	0.01
0.28421875		4.11315252376e-09	0.01
0.28453125		4.11315252376e-09	0.01
0.28484375		4.11315252376e-09	0.01
0.28515625		4.11315252376e-09	0.01
0.28546875		4.11315252376e-09	0.01
0.28578125		4.11315252376e-09	0.01
0.28609375		4.11315252376e-09	0.01
0.28640625		4.11315252376e-09	0.01
0.28671875		4.11315252376e-09	0.01
0.28703125		4.11315252376e-09	0.01
0.28734375		4.11315252376e-09	0.01
0.28765625		4.11315252376e-09	0.01
0.28796875		4.11315252376e-09	0.01
0.28828125		4.11315252376e-09	0.01
0.28859375		4.11315252376e-09	0.01
0.28890625		4.11315252376e-09	0.01
0.28921875		4.11315252376e-09	0.01
0.28953125		4.11315252376e-09	0.01
0.28984375		4.11315252376e-09	0.01
0.29015625		4.11315252376e-09	0.01
0.29046875		4.11315252376e-09	0.01
0.29078125		4.11315252376e-09	0.01
0.29109375		4.11315252376e-09	0.01
0.29140625		4.11315252376e-09	0.01
0.29171875		4.11315252376e-09	0.01
0.29203125		4.11315252376e-09	0.01
0.29234375		4.11315252376e-09	0.01
0.29265625		4.11315252376e-09	0.01
0.29296875		4.11315252376e-09	0.01
0.29328125		4.11315252376e-09	0.01
0.29359375		4.11315252376e-09	0.01
0.29390625		4.11315252376e-09	0.01
0.29421875		4.11315252376e-09	0.01
0.29453125		4.11315252376e-09	0.01
0.29484375		4.11315252376e-09	0.01
0.29515625		4.11315252376e-09	0.01
0.29546875		4.11315252376e-09	0.01
0.29578125		4.11315252376e-09	0.01
0.29609375		4.11315252376e-09	0.01
0.29640625		4.11315252376e-09	0.01
0.29671875		4.11315252376e-09	0.01
0.29703125		4.11315252376e-09	0.01
0.29734375		4.11315252376e-09	0.01
0.29765625		4.11315252376e-09	0.01
0.29796875		4.11315252376e-09	0.01
0.29828125		4.11315252376e-09	0.01
0.29859375		4.11315252376e-09	0.01
0.29890625		4.11315252376e-09	0.01
0.29921875		4.11315252376e-09	0.01
0.29953125		4.11315252376e-09	0.01
0.29984375		4.11315252376e-09	0.01
0.30015625		4.11315252376e-09	0.01
0.30046875		4.11315252376e-09	0.01
0.30078125		4.11315252376e-09	0.01
0.30109375		4.11315252376e-09	0.01
0.30140625		4.11315252376e-09	0.01
0.30171875		4.11315252376e-09	0.01
0.30203125		4.11315252376e-09	0.01
0.30234375		4.11315252376e-09	0.01
0.30265625		4.11315252376e-09	0.01
0.30296875		4.11315252376e-09	0.01
0.30328125		4.11315252376e-09	0.01
0.30359375		4.11315252376e-09	0.01
0.30390625		4.11315252376e-09	0.01
0.30421875		4.11315252376e-09	0.01
0.30453125		4.11315252376e-09	0.01
0.30484375		4.11315252376e-09	0.01
0.30515625		4.11315252376e-09	0.01
0.30546875		4.11315252376e-09	0.01
0.30578125		4.11315252376e-09	0.01
0.30609375		4.11315252376e-09	0.01
0.30640625		4.11315252376e-09	0.01
0.30671875		4.11315252376e-09	0.01
0.30703125		4.11315252376e-09	0.01
0.30734375		4.11315252376e-09	0.01
0.30765625		4.11315252376e-09	0.01
0.30796875		4.11315252376e-09	0.01
0.30828125		4.11315252376e-09	0.01
0.30859375		4.11315252376e-09	0.01
0.30890625		4.11315252376e-09	0.01
0.30921875		4.11315252376e-09	0.01
0.30953125		4.11315252376e-09	0.01
0.30984375		4.11315252376e-09	0.01
0.31015625		4.11315252376e-09	0.01
0.31046875		4.11315252376e-09	0.01
0.31078125		4.11315252376e-09	0.01
0.31109375		4.11315252376e-09	0.01
0.31140625		4.11315252376e-09	0.01
0.31171875		4.11315252376e-09	0.01
0.31203125		4.11315252376e-09	0.01
0.31234375		4.11315252376e-09	0.01
0.31265625		4.11315252376e-09	0.01
0.31296875		4.11315252376e-09	0.01
0.31328125		4.11315252376e-09	0.01
0.31359375		4.11315252376e-09	0.01
0.31390625		4.11315252376e-09	0.01
0.31421875		4.11315252376e-09	0.01
0.31453125		4.11315252376e-09	0.01
0.31484375		4.11315252376e-09	0.01
0.31515625		4.11315252376e-09	0.01
0.31546875		4.11315252376e-09	0.01
0.31578125		4.11315252376e-09	0.01
0.31609375		4.11315252376e-09	0.01
0.31640625		4.11315252376e-09	0.01
0.31671875		4.11315252376e-09	0.01
0.31703125		4.11315252376e-09	0.01
0.31734375		4.11315252376e-09	0.01
0.31765625		4.11315252376e-09	0.01
0.31796875		4.11315252376e-09	0.01
0.31828125		4.11315252376e-09	0.01
0.31859375		4.11315252376e-09	0.01
0.31890625		4.11315252376e-09	0.01
0.31921875		4.11315252376e-09	0.01
0.31953125		4.11315252376e-09	0.01
0.31984375		4.11315252376e-09	0.01
0.32015625		4.11315252376e-09	0.01
0.32046875		4.11315252376e-09	0.01
0.32078125		4.11315252376e-09	0.01
0.32109375		4.11315252376e-09	0.01
0.32140625		4.11315252376e-09	0.01
0.32171875		4.11315252376e-09	0.01
0.32203125		4.11315252376e-09	0.01
0.32234375		4.11315252376e-09	0.01
0.32265625		4.11315252376e-09	0.01
0.32296875		4.11315252376e-09	0.01
0.32328125		4.11315252376e-09	0.01
0.32359375		4.11315252376e-09	0.01
0.32390625		4.11315252376e-09	0.01
0.32421875		4.11315252376e-09	0.01
0.32453125		4.11315252376e-09	0.01
0.32484375		4.11315252376e-09	0.01
0.32515625		4.11315252376e-09	0.01
0.32546875		4.11315252376e-09	0.01
0.32578125		4.11315252376e-09	0.01
0.32609375		4.11315252376e-09	0.01
0.32640625		4.11315252376e-09	0.01
0.32671875		4.11315252376e-09	0.01
0.32703125		4.11315252376e-09	0.01
0.32734375		4.11315252376e-09	0.01
0.32765625		4.11315252376e-09	0.01
0.32796875		4.11315252376e-09	0.01
0.32828125		4.11315252376e-09	0.01
0.32859375		4.11315252376e-09	0.01
0.32890625		4.11315252376e-09	0.01
0.32921875		4.11315252376e-09	0.01
0.32953125		4.11315252376e-09	0.01
0.32984375		4.11315252376e-09	0.01
0.33015625		4.11315252376e-09	0.01
0.33046875		4.11315252376e-09	0.01
0.33078125		4.11315252376e-09	0.01
0.33109375		4.11315252376e-09	0.01
0.33140625		4.11315252376e-09	0.01
0.33171875		4.11315252376e-09	0.01
0.33203125		4.11315252376e-09	0.01
0.33234375		4.11315252376e-09	0.01
0.33265625		4.11315252376e-09	0.01
0.33296875		4.11315252376e-09	0.01
0.33328125		4.11315252376e-09	0.01
0.33359375		4.11315252376e-09	0.01
0.33390625		4.11315252376e-09	0.01
0.33421875		4.11315252376e-09	0.01
0.33453125		4.11315252376e-09	0.01
0.33484375		4.11315252376e-09	0.01
0.33515625		4.11315252376e-09	0.01
0.33546875		4.11315252376e-09	0.01
0.33578125		4.11315252376e-09	0.01
0.33609375		4.11315252376e-09	0.01
0.33640625		4.11315252376e-09	0.01
0.33671875		4.11315252376e-09	0.01
0.33703125		4.11315252376e-09	0.01
0.33734375		4.11315252376e-09	0.01
0.33765625		4.11315252376e-09	0.01
0.33796875		4.11315252376e-09	0.01
0.33828125		4.11315252376e-09	0.01
0.33859375		4.11315252376e-09	0.01
0.33890625		4.11315252376e-09	0.01
0.33921875		4.11315252376e-09	0.01
0.33953125		4.11315252376e-09	0.01
0.33984375		4.11315252376e-09	0.01
0.34015625		4.11315252376e-09	0.01
0.34046875		4.11315252376e-09	0.01
0.34078125		4.11315252376e-09	0.01
0.34109375		4.11315252376e-09	0.01
0.34140625		4.11315252376e-09	0.01
0.34171875		4.11315252376e-09	0.01
0.34203125		4.11315252376e-09	0.01
0.34234375		4.11315252376e-09	0.01
0.34265625		4.11315252376e-09	0.01
0.34296875		4.11315252376e-09	0.01
0.34328125		4.11315252376e-09	0.01
0.34359375		4.11315252376e-09	0.01
0.34390625		4.11315252376e-09	0.01
0.34421875		4.11315252376e-09	0.01
0.34453125		4.11315252376e-09	0.01
0.34484375		4.11315252376e-09	0.01
0.34515625		4.11315252376e-09	0.01
0.34546875		4.11315252376e-09	0.01
0.34578125		4.11315252376e-09	0.01
0.34609375		4.11315252376e-09	0.01
0.34640625		4.11315252376e-09	0.01
0.34671875		4.11315252376e-09	0.01
0.34703125		4.11315252376e-09	0.01
0.34734375		4.11315252376e-09	0.01
0.34765625		4.11315252376e-09	0.01
0.34796875		4.11315252376e-09	0.01
0.34828125		4.11315252376e-09	0.01
0.34859375		4.11315252376e-09	0.01
0.34890625		4.11315252376e-09	0.01
0.34921875		4.11315252376e-09	0.01
0.34953125		4.11315252376e-09	0.01
0.34984375		4.11315252376e-09	0.01
0.35015625		4.11315252376e-09	0.01
0.35046875		4.11315252376e-09	0.01
0.35078125		4.11315252376e-09	0.01
0.35109375		4.11315252376e-09	0.01
0.35140625		4.11315252376e-09	0.01
0.35171875		4.11315252376e-09	0.01
0.35203125		4.11315252376e-09	0.01
0.35234375		4.11315252376e-09	0.01
0.35265625		4.11315252376e-09	0.01
0.35296875		4.11315252376e-09	0.01
0.35328125		4.11315252376e-09	0.01
0.35359375		4.11315252376e-09	0.01
0.35390625		4.11315252376e-09	0.01
0.35421875		4.11315252376e-09	0.01
0.35453125		4.11315252376e-09	0.01
0.35484375		4.11315252376e-09	0.01
0.35515625		4.11315252376e-09	0.01
0.35546875		4.11315252376e-09	0.01
0.35578125		4.11315252376e-09	0.01
0.35609375		4.11315252376e-09	0.01
0.35640625		4.11315252376e-09	0.01
0.35671875		4.11315252376e-09	0.01
0.35703125		4.11315252376e-09	0.01
0.35734375		4.11315252376e-09	0.01
0.35765625		4.11315252376e-09	0.01
0.35796875		4.11315252376e-09	0.01
0.35828125		4.11315252376e-09	0.01
0.35859375		4.11315252376e-09	0.01
0.35890625		4.11315252376e-09	0.01
0.35921875		4.11315252376e-09	0.01
0.35953125		4.11315252376e-09	0.01
0.35984375		4.11315252376e-09	0.01
0.36015625		4.11315252376e-09	0.01
0.36046875		4.11315252376e-09	0.01
0.36078125		4.11315252376e-09	0.01
0.36109375		4.11315252376e-09	0.01
0.36140625		4.11315252376e-09	0.01
0.36171875		4.11315252376e-09	0.01
0.36203125		4.11315252376e-09	0.01
0.36234375		4.11315252376e-09	0.01
0.36265625		4.11315252376e-09	0.01
0.36296875		4.11315252376e-09	0.01
0.36328125		4.11315252376e-09	0.01
0.36359375		4.11315252376e-09	0.01
0.36390625		4.11315252376e-09	0.01
0.36421875		4.11315252376e-09	0.01
0.36453125		4.11315252376e-09	0.01
0.36484375		4.11315252376e-09	0.01
0.36515625		4.11315252376e-09	0.01
0.36546875		4.11315252376e-09	0.01
0.36578125		4.11315252376e-09	0.01
0.36609375		4.11315252376e-09	0.01
0.36640625		4.11315252376e-09	0.01
0.36671875		4.11315252376e-09	0.01
0.36703125		4.11315252376e-09	0.01
0.36734375		4.11315252376e-09	0.01
0.36765625		4.11315252376e-09	0.01
0.36796875		4.11315252376e-09	0.01
0.36828125		4.11315252376e-09	0.01
0.36859375		4.11315252376e-09	0.01
0.36890625		4.11315252376e-09	0.01
0.36921875		4.11315252376e-09	0.01
0.36953125		4.11315252376e-09	0.01
0.36984375		4.11315252376e-09	0.01
0.37015625		4.11315252376e-09	0.01
0.37046875		4.11315252376e-09	0.01
0.37078125		4.11315252376e-09	0.01
0.37109375		4.11315252376e-09	0.01
0.37140625		4.11315252376e-09	0.01
0.37171875		4.11315252376e-09	0.01
0.37203125		4.11315252376e-09	0.01
0.37234375		4.11315252376e-09	0.01
0.37265625		4.11315252376e-09	0.01
0.37296875		4.11315252376e-09	0.01
0.37328125		4.11315252376e-09	0.01
0.37359375		4.11315252376e-09	0.01
0.37390625		4.11315252376e-09	0.01
0.37421875		4.11315252376e-09	0.01
0.37453125		4.11315252376e-09	0.01
0.37484375		4.11315252376e-09	0.01
0.37515625		4.11315252376e-09	0.01
0.37546875		4.11315252376e-09	0.01
0.37578125		4.11315252376e-09	0.01
0.37609375		4.11315252376e-09	0.01
0.37640625		4.11315252376e-09	0.01
0.37671875		4.11315252376e-09	0.01
0.37703125		4.11315252376e-09	0.01
0.37734375		4.11315252376e-09	0.01
0.37765625		4.11315252376e-09	0.01
0.37796875		4.11315252376e-09	0.01
0.37828125		4.11315252376e-09	0.01
0.37859375		4.11315252376e-09	0.01
0.37890625		4.11315252376e-09	0.01
0.37921875		4.11315252376e-09	0.01
0.37953125		4.11315252376e-09	0.01
0.37984375		4.11315252376e-09	0.01
0.38015625		4.11315252376e-09	0.01
0.38046875		4.11315252376e-09	0.01
0.38078125		4.11315252376e-09	0.01
0.38109375		4.11315252376e-09	0.01
0.38140625		4.11315252376e-09	0.01
0.38171875		4.11315252376e-09	0.01
0.38203125		4.11315252376e-09	0.01
0.38234375		4.11315252376e-09	0.01
0.38265625		4.11315252376e-09	0.01
0.38296875		4.11315252376e-09	0.01
0.38328125		4.11315252376e-09	0.01
0.38359375		4.11315252376e-09	0.01
0.38390625		4.11315252376e-09	0.01
0.38421875		4.11315252376e-09	0.01
0.38453125		4.11315252376e-09	0.01
0.38484375		4.11315252376e-09	0.01
0.38515625		4.11315252376e-09	0.01
0.38546875		4.11315252376e-09	0.01
0.38578125		4.11315252376e-09	0.01
0.38609375		4.11315252376e-09	0.01
0.38640625		4.11315252376e-09	0.01
0.38671875		4.11315252376e-09	0.01
0.38703125		4.11315252376e-09	0.01
0.38734375		4.11315252376e-09	0.01
0.38765625		4.11315252376e-09	0.01
0.38796875		4.11315252376e-09	0.01
0.38828125		4.11315252376e-09	0.01
0.38859375		4.11315252376e-09	0.01
0.38890625		4.11315252376e-09	0.01
0.38921875		4.11315252376e-09	0.01
0.38953125		4.11315252376e-09	0.01
0.38984375		4.11315252376e-09	0.01
0.39015625		4.11315252376e-09	0.01
0.39046875		4.11315252376e-09	0.01
0.39078125		4.11315252376e-09	0.01
0.39109375		4.11315252376e-09	0.01
0.39140625		4.11315252376e-09	0.01
0.39171875		4.11315252376e-09	0.01
0.39203125		4.11315252376e-09	0.01
0.39234375		4.11315252376e-09	0.01
0.39265625		4.11315252376e-09	0.01
0.39296875		4.11315252376e-09	0.01
0.39328125		4.11315252376e-09	0.01
0.39359375		4.11315252376e-09	0.01
0.39390625		4.11315252376e-09	0.01
0.39421875		4.11315252376e-09	0.01
0.39453125		4.11315252376e-09	0.01
0.39484375		4.11315252376e-09	0.01
0.39515625		4.11315252376e-09	0.01
0.39546875		4.11315252376e-09	0.01
0.39578125		4.11315252376e-09	0.01
0.39609375		4.11315252376e-09	0.01
0.39640625		4.11315252376e-09	0.01
0.39671875		4.11315252376e-09	0.01
0.39703125		4.11315252376e-09	0.01
0.39734375		4.11315252376e-09	0.01
0.39765625		4.11315252376e-09	0.01
0.39796875		4.11315252376e-09	0.01
0.39828125		4.11315252376e-09	0.01
0.39859375		4.11315252376e-09	0.01
0.39890625		4.11315252376e-09	0.01
0.39921875		4.11315252376e-09	0.01
0.39953125		4.11315252376e-09	0.01
0.39984375		4.11315252376e-09	0.01
0.40015625		4.11315252376e-09	0.01
0.40046875		4.11315252376e-09	0.01
0.40078125		4.11315252376e-09	0.01
0.40109375		4.11315252376e-09	0.01
0.40140625		4.11315252376e-09	0.01
0.40171875		4.11315252376e-09	0.01
0.40203125		4.11315252376e-09	0.01
0.40234375		4.11315252376e-09	0.01
0.40265625		4.11315252376e-09	0.01
0.40296875		4.11315252376e-09	0.01
0.40328125		4.11315252376e-09	0.01
0.40359375		4.11315252376e-09	0.01
0.40390625		4.11315252376e-09	0.01
0.40421875		4.11315252376e-09	0.01
0.40453125		4.11315252376e-09	0.01
0.40484375		4.11315252376e-09	0.01
0.40515625		4.11315252376e-09	0.01
0.40546875		4.11315252376e-09	0.01
0.40578125		4.11315252376e-09	0.01
0.40609375		4.11315252376e-09	0.01
0.40640625		4.11315252376e-09	0.01
0.40671875		4.11315252376e-09	0.01
0.40703125		4.11315252376e-09	0.01
0.40734375		4.11315252376e-09	0.01
0.40765625		4.11315252376e-09	0.01
0.40796875		4.11315252376e-09	0.01
0.40828125		4.11315252376e-09	0.01
0.40859375		4.11315252376e-09	0.01
0.40890625		4.11315252376e-09	0.01
0.40921875		4.11315252376e-09	0.01
0.40953125		4.11315252376e-09	0.01
0.40984375		4.11315252376e-09	0.01
0.41015625		4.11315252376e-09	0.01
0.41046875		4.11315252376e-09	0.01
0.41078125		4.11315252376e-09	0.01
0.41109375		4.11315252376e-09	0.01
0.41140625		4.11315252376e-09	0.01
0.41171875		4.11315252376e-09	0.01
0.41203125		4.11315252376e-09	0.01
0.41234375		4.11315252376e-09	0.01
0.41265625		4.11315252376e-09	0.01
0.41296875		4.11315252376e-09	0.01
0.41328125		4.11315252376e-09	0.01
0.41359375		4.11315252376e-09	0.01
0.41390625		4.11315252376e-09	0.01
0.41421875		4.11315252376e-09	0.01
0.41453125		4.11315252376e-09	0.01
0.41484375		4.11315252376e-09	0.01
0.41515625		4.11315252376e-09	0.01
0.41546875		4.11315252376e-09	0.01
0.41578125		4.11315252376e-09	0.01
0.41609375		4.11315252376e-09	0.01
0.41640625		4.11315252376e-09	0.01
0.41671875		4.11315252376e-09	0.01
0.41703125		4.11315252376e-09	0.01
0.41734375		4.11315252376e-09	0.01
0.41765625		4.11315252376e-09	0.01
0.41796875		4.11315252376e-09	0.01
0.41828125		4.11315252376e-09	0.01
0.41859375		4.11315252376e-09	0.01
0.41890625		4.11315252376e-09	0.01
0.41921875		4.11315252376e-09	0.01
0.41953125		4.11315252376e-09	0.01
0.41984375		4.11315252376e-09	0.01
0.42015625		4.11315252376e-09	0.01
0.42046875		4.11315252376e-09	0.01
0.42078125		4.11315252376e-09	0.01
0.42109375		4.11315252376e-09	0.01
0.42140625		4.11315252376e-09	0.01
0.42171875		4.11315252376e-09	0.01
0.42203125		4.11315252376e-09	0.01
0.42234375		4.11315252376e-09	0.01
0.42265625		4.11315252376e-09	0.01
0.42296875		4.11315252376e-09	0.01
0.42328125		4.11315252376e-09	0.01
0.42359375		4.11315252376e-09	0.01
0.42390625		4.11315252376e-09	0.01
0.42421875		4.11315252376e-09	0.01
0.42453125		4.11315252376e-09	0.01
0.42484375		4.11315252376e-09	0.01
0.42515625		4.11315252376e-09	0.01
0.42546875		4.11315252376e-09	0.01
0.42578125		4.11315252376e-09	0.01
0.42609375		4.11315252376e-09	0.01
0.42640625		4.11315252376e-09	0.01
0.42671875		4.11315252376e-09	0.01
0.42703125		4.11315252376e-09	0.01
0.42734375		4.11315252376e-09	0.01
0.42765625		4.11315252376e-09	0.01
0.42796875		4.11315252376e-09	0.01
0.42828125		4.11315252376e-09	0.01
0.42859375		4.11315252376e-09	0.01
0.42890625		4.11315252376e-09	0.01
0.42921875		4.11315252376e-09	0.01
0.42953125		4.11315252376e-09	0.01
0.42984375		4.11315252376e-09	0.01
0.43015625		4.11315252376e-09	0.01
0.43046875		4.11315252376e-09	0.01
0.43078125		4.11315252376e-09	0.01
0.43109375		4.11315252376e-09	0.01
0.43140625		4.11315252376e-09	0.01
0.43171875		4.11315252376e-09	0.01
0.43203125		4.11315252376e-09	0.01
0.43234375		4.11315252376e-09	0.01
0.43265625		4.11315252376e-09	0.01
0.43296875		4.11315252376e-09	0.01
0.43328125		4.11315252376e-09	0.01
0.43359375		4.11315252376e-09	0.01
0.43390625		4.11315252376e-09	0.01
0.43421875		4.11315252376e-09	0.01
0.43453125		4.11315252376e-09	0.01
0.43484375		4.11315252376e-09	0.01
0.43515625		4.11315252376e-09	0.01
0.43546875		4.11315252376e-09	0.01
0.43578125		4.11315252376e-09	0.01
0.43609375		4.11315252376e-09	0.01
0.43640625		4.11315252376e-09	0.01
0.43671875		4.11315252376e-09	0.01
0.43703125		4.11315252376e-09	0.01
0.43734375		4.11315252376e-09	0.01
0.43765625		4.11315252376e-09	0.01
0.43796875		4.11315252376e-09	0.01
0.43828125		4.11315252376e-09	0.01
0.43859375		4.11315252376e-09	0.01
0.43890625		4.11315252376e-09	0.01
0.43921875		4.11315252376e-09	0.01
0.43953125		4.11315252376e-09	0.01
0.43984375		4.11315252376e-09	0.01
0.44015625		4.11315252376e-09	0.01
0.44046875		4.11315252376e-09	0.01
0.44078125		4.11315252376e-09	0.01
0.44109375		4.11315252376e-09	0.01
0.44140625		4.11315252376e-09	0.01
0.44171875		4.11315252376e-09	0.01
0.44203125		4.11315252376e-09	0.01
0.44234375		4.11315252376e-09	0.01
0.44265625		4.11315252376e-09	0.01
0.44296875		4.11315252376e-09	0.01
0.44328125		4.11315252376e-09	0.01
0.44359375		4.11315252376e-09	0.01
0.44390625		4.11315252376e-09	0.01
0.44421875		4.11315252376e-09	0.01
0.44453125		4.11315252376e-09	0.01
0.44484375		4.11315252376e-09	0.01
0.44515625		4.11315252376e-09	0.01
0.44546875		4.11315252376e-09	0.01
0.44578125		4.11315252376e-09	0.01
0.44609375		4.11315252376e-09	0.01
0.44640625		4.11315252376e-09	0.01
0.44671875		4.11315252376e-09	0.01
0.44703125		4.11315252376e-09	0.01
0.44734375		4.11315252376e-09	0.01
0.44765625		4.11315252376e-09	0.01
0.44796875		4.11315252376e-09	0.01
0.44828125		4.11315252376e-09	0.01
0.44859375		4.11315252376e-09	0.01
0.44890625		4.11315252376e-09	0.01
0.44921875		4.11315252376e-09	0.01
0.44953125		4.11315252376e-09	0.01
0.44984375		4.11315252376e-09	0.01
0.45015625		4.11315252376e-09	0.01
0.45046875		4.11315252376e-09	0.01
0.45078125		4.11315252376e-09	0.01
0.45109375		4.11315252376e-09	0.01
0.45140625		4.11315252376e-09	0.01
0.45171875		4.11315252376e-09	0.01
0.45203125		4.11315252376e-09	0.01
0.45234375		4.11315252376e-09	0.01
0.45265625		4.11315252376e-09	0.01
0.45296875		4.11315252376e-09	0.01
0.45328125		4.11315252376e-09	0.01
0.45359375		4.11315252376e-09	0.01
0.45390625		4.11315252376e-09	0.01
0.45421875		4.11315252376e-09	0.01
0.45453125		4.11315252376e-09	0.01
0.45484375		4.11315252376e-09	0.01
0.45515625		4.11315252376e-09	0.01
0.45546875		4.11315252376e-09	0.01
0.45578125		4.11315252376e-09	0.01
0.45609375		4.11315252376e-09	0.01
0.45640625		4.11315252376e-09	0.01
0.45671875		4.11315252376e-09	0.01
0.45703125		4.11315252376e-09	0.01
0.45734375		4.11315252376e-09	0.01
0.45765625		4.11315252376e-09	0.01
0.45796875		4.11315252376e-09	0.01
0.45828125		4.11315252376e-09	0.01
0.45859375		4.11315252376e-09	0.01
0.45890625		4.11315252376e-09	0.01
0.45921875		4.11315252376e-09	0.01
0.45953125		4.11315252376e-09	0.01
0.45984375		4.11315252376e-09	0.01
0.46015625		4.11315252376e-09	0.01
0.46046875		4.11315252376e-09	0.01
0.46078125		4.11315252376e-09	0.01
0.46109375		4.11315252376e-09	0.01
0.46140625		4.11315252376e-09	0.01
0.46171875		4.11315252376e-09	0.01
0.46203125		4.11315252376e-09	0.01
0.46234375		4.11315252376e-09	0.01
0.46265625		4.11315252376e-09	0.01
0.46296875		4.11315252376e-09	0.01
0.46328125		4.11315252376e-09	0.01
0.46359375		4.11315252376e-09	0.01
0.46390625		4.11315252376e-09	0.01
0.46421875		4.11315252376e-09	0.01
0.46453125		4.11315252376e-09	0.01
0.46484375		4.11315252376e-09	0.01
0.46515625		4.11315252376e-09	0.01
0.46546875		4.11315252376e-09	0.01
0.46578125		4.11315252376e-09	0.01
0.46609375		4.11315252376e-09	0.01
0.46640625		4.11315252376e-09	0.01
0.46671875		4.11315252376e-09	0.01
0.46703125		4.11315252376e-09	0.01
0.46734375		4.11315252376e-09	0.01
0.46765625		4.11315252376e-09	0.01
0.46796875		4.11315252376e-09	0.01
0.46828125		4.11315252376e-09	0.01
0.46859375		4.11315252376e-09	0.01
0.46890625		4.11315252376e-09	0.01
0.46921875		4.11315252376e-09	0.01
0.46953125		4.11315252376e-09	0.01
0.46984375		4.11315252376e-09	0.01
0.47015625		4.11315252376e-09	0.01
0.47046875		4.11315252376e-09	0.01
0.47078125		4.11315252376e-09	0.01
0.47109375		4.11315252376e-09	0.01
0.47140625		4.11315252376e-09	0.01
0.47171875		4.11315252376e-09	0.01
0.47203125		4.11315252376e-09	0.01
0.47234375		4.11315252376e-09	0.01
0.47265625		4.11315252376e-09	0.01
0.47296875		4.11315252376e-09	0.01
0.47328125		4.11315252376e-09	0.01
0.47359375		4.11315252376e-09	0.01
0.47390625		4.11315252376e-09	0.01
0.47421875		4.11315252376e-09	0.01
0.47453125		4.11315252376e-09	0.01
0.47484375		4.11315252376e-09	0.01
0.47515625		4.11315252376e-09	0.01
0.47546875		4.11315252376e-09	0.01
0.47578125		4.11315252376e-09	0.01
0.47609375		4.11315252376e-09	0.01
0.47640625		4.11315252376e-09	0.01
0.47671875		4.11315252376e-09	0.01
0.47703125		4.11315252376e-09	0.01
0.47734375		4.11315252376e-09	0.01
0.47765625		4.11315252376e-09	0.01
0.47796875		4.11315252376e-09	0.01
0.47828125		4.11315252376e-09	0.01
0.47859375		4.11315252376e-09	0.01
0.47890625		4.11315252376e-09	0.01
0.47921875		4.11315252376e-09	0.01
0.47953125		4.11315252376e-09	0.01
0.47984375		4.11315252376e-09	0.01
0.48015625		4.11315252376e-09	0.01
0.48046875		4.11315252376e-09	0.01
0.48078125		4.11315252376e-09	0.01
0.48109375		4.11315252376e-09	0.01
0.48140625		4.11315252376e-09	0.01
0.48171875		4.11315252376e-09	0.01
0.48203125		4.11315252376e-09	0.01
0.48234375		4.11315252376e-09	0.01
0.48265625		4.11315252376e-09	0.01
0.48296875		4.11315252376e-09	0.01
0.48328125		4.11315252376e-09	0.01
0.48359375		4.11315252376e-09	0.01
0.48390625		4.11315252376e-09	0.01
0.48421875		4.11315252376e-09	0.01
0.48453125		4.11315252376e-09	0.01
0.48484375		4.11315252376e-09	0.01
0.48515625		4.11315252376e-09	0.01
0.48546875		4.11315252376e-09	0.01
0.48578125		4.11315252376e-09	0.01
0.48609375		4.11315252376e-09	0.01
0.48640625		4.11315252376e-09	0.01
0.48671875		4.11315252376e-09	0.01
0.48703125		4.11315252376e-09	0.01
0.48734375		4.11315252376e-09	0.01
0.48765625		4.11315252376e-09	0.01
0.48796875		4.11315252376e-09	0.01
0.48828125		4.11315252376e-09	0.01
0.48859375		4.11315252376e-09	0.01
0.48890625		4.11315252376e-09	0.01
0.48921875		4.11315252376e-09	0.01
0.48953125		4.11315252376e-09	0.01
0.48984375		4.11315252376e-09	0.01
0.49015625		4.11315252376e-09	0.01
0.49046875		4.11315252376e-09	0.01
0.49078125		4.11315252376e-09	0.01
0.49109375		4.11315252376e-09	0.01
0.49140625		4.11315252376e-09	0.01
0.49171875		4.11315252376e-09	0.01
0.49203125		4.11315252376e-09	0.01
0.49234375		4.11315252376e-09	0.01
0.49265625		4.11315252376e-09	0.01
0.49296875		4.11315252376e-09	0.01
0.49328125		4.11315252376e-09	0.01
0.49359375		4.11315252376e-09	0.01
0.49390625		4.11315252376e-09	0.01
0.49421875		4.11315252376e-09	0.01
0.49453125		4.11315252376e-09	0.01
0.49484375		4.11315252376e-09	0.01
0.49515625		4.11315252376e-09	0.01
0.49546875		4.11315252376e-09	0.01
0.49578125		4.11315252376e-09	0.01
0.49609375		4.11315252376e-09	0.01
0.49640625		4.11315252376e-09	0.01
0.49671875		4.11315252376e-09	0.01
0.49703125		4.11315252376e-09	0.01
0.49734375		4.11315252376e-09	0.01
0.49765625		4.11315252376e-09	0.01
0.49796875		4.11315252376e-09	0.01
0.49828125		4.11315252376e-09	0.01
0.49859375		4.11315252376e-09	0.01
0.49890625		4.11315252376e-09	0.01
0.49921875		4.11315252376e-09	0.01
0.49953125		4.11315252376e-09	0.01
0.49984375		4.11315252376e-09	0.01
