0.00015625		0.41016636032	0.999300977009
0.00046875		0.409996546792	0.999197261949
0.00078125		0.409765583156	0.999056670199
0.00109375		0.409529363	0.998912721889
0.00140625		0.409308925566	0.998778291777
0.00171875		0.409098217434	0.998649730177
0.00203125		0.408893537129	0.998524796988
0.00234375		0.408692909076	0.998402290745
0.00265625		0.408495177164	0.998281508214
0.00296875		0.408299585101	0.998161989582
0.00328125		0.408105548622	0.99804337907
0.00359375		0.407912628413	0.997925408882
0.00390625		0.407720528672	0.997807898703
0.00421875		0.407529058107	0.997690732008
0.00453125		0.40733808232	0.997573826914
0.00484375		0.407147497487	0.997457120147
0.00515625		0.406957216382	0.997340558501
0.00546875		0.406767166352	0.99722409759
0.00578125		0.406577293896	0.997107704716
0.00609375		0.406387561627	0.996991357036
0.00640625		0.406197940228	0.99687503663
0.00671875		0.40600840392	0.996758727717
0.00703125		0.40581892978	0.996642416243
0.00734375		0.4056294976	0.996526089809
0.00765625		0.405440089817	0.996409737614
0.00796875		0.40525069333	0.996293351587
0.00828125		0.405061300079	0.996176926753
0.00859375		0.404871902276	0.996060458278
0.00890625		0.404682490801	0.995943940505
0.00921875		0.404493058365	0.995827368923
0.00953125		0.40430359883	0.995710739706
0.00984375		0.404114106618	0.995594049365
0.01015625		0.40392457687	0.995477294851
0.01046875		0.403735005566	0.99536047363
0.01078125		0.403545389422	0.995243583614
0.01109375		0.403355725694	0.99512662305
0.01140625		0.40316601203	0.99500959042
0.01171875		0.402976246374	0.99489248439
0.01203125		0.402786426919	0.994775303775
0.01234375		0.402596552075	0.994658047523
0.01265625		0.402406620437	0.994540714697
0.01296875		0.402216630753	0.99442330445
0.01328125		0.402026581933	0.994305816037
0.01359375		0.401836473074	0.994188248825
0.01390625		0.40164630341	0.994070602267
0.01421875		0.401456072241	0.993952875854
0.01453125		0.401265778903	0.993835069101
0.01484375		0.401075422798	0.99371718156
0.01515625		0.400885003409	0.993599212835
0.01546875		0.400694520289	0.993481162572
0.01578125		0.400503973045	0.993363030451
0.01609375		0.400313361323	0.993244816175
0.01640625		0.400122684806	0.993126519467
0.01671875		0.399931943203	0.99300814007
0.01703125		0.399741136253	0.992889677743
0.01734375		0.399550263715	0.992771132257
0.01765625		0.399359325378	0.992652503402
0.01796875		0.39916832105	0.992533790978
0.01828125		0.398977250552	0.992414994795
0.01859375		0.398786113718	0.99229611467
0.01890625		0.39859491039	0.992177150423
0.01921875		0.398403640425	0.992058101885
0.01953125		0.398212303688	0.991938968892
0.01984375		0.398020900057	0.991819751286
0.02015625		0.397829429414	0.991700448913
0.02046875		0.397637891651	0.991581061623
0.02078125		0.397446286662	0.991461589269
0.02109375		0.397254614347	0.991342031706
0.02140625		0.397062874611	0.991222388794
0.02171875		0.396871067365	0.991102660394
0.02203125		0.39667919252	0.99098284637
0.02234375		0.396487249995	0.990862946585
0.02265625		0.396295239707	0.990742960907
0.02296875		0.396103161578	0.990622889203
0.02328125		0.395911015531	0.990502731342
0.02359375		0.395718801491	0.990382487194
0.02390625		0.395526519384	0.990262156628
0.02421875		0.39533416914	0.990141739517
0.02453125		0.395141750688	0.990021235732
0.02484375		0.394949263958	0.989900645145
0.02515625		0.394756708881	0.989779967629
0.02546875		0.394564085392	0.989659203056
0.02578125		0.394371393422	0.989538351302
0.02609375		0.394178632906	0.989417412238
0.02640625		0.393985803779	0.989296385738
0.02671875		0.393792905974	0.989175271676
0.02703125		0.393599939429	0.989054069927
0.02734375		0.393406904077	0.988932780363
0.02765625		0.393213799857	0.988811402858
0.02796875		0.393020626703	0.988689937287
0.02828125		0.392827384553	0.988568383523
0.02859375		0.392634073343	0.98844674144
0.02890625		0.392440693011	0.98832501091
0.02921875		0.392247243493	0.988203191809
0.02953125		0.392053724727	0.988081284008
0.02984375		0.39186013665	0.987959287381
0.03015625		0.391666479199	0.9878372018
0.03046875		0.391472752312	0.987715027139
0.03078125		0.391278955926	0.98759276327
0.03109375		0.391085089978	0.987470410065
0.03140625		0.390891154407	0.987347967396
0.03171875		0.390697149148	0.987225435135
0.03203125		0.39050307414	0.987102813155
0.03234375		0.390308929321	0.986980101325
0.03265625		0.390114714626	0.986857299517
0.03296875		0.389920429994	0.986734407603
0.03328125		0.389726075362	0.986611425453
0.03359375		0.389531650666	0.986488352936
0.03390625		0.389337155845	0.986365189924
0.03421875		0.389142590834	0.986241936286
0.03453125		0.388947955571	0.986118591892
0.03484375		0.388753249992	0.98599515661
0.03515625		0.388558474035	0.985871630311
0.03546875		0.388363627635	0.985748012862
0.03578125		0.38816871073	0.985624304133
0.03609375		0.387973723256	0.985500503991
0.03640625		0.387778665149	0.985376612304
0.03671875		0.387583536345	0.98525262894
0.03703125		0.387388336781	0.985128553766
0.03734375		0.387193066392	0.985004386649
0.03765625		0.386997725116	0.984880127457
0.03796875		0.386802312886	0.984755776054
0.03828125		0.38660682964	0.984631332308
0.03859375		0.386411275312	0.984506796084
0.03890625		0.386215649838	0.984382167248
0.03921875		0.386019953155	0.984257445665
0.03953125		0.385824185196	0.9841326312
0.03984375		0.385628345897	0.984007723717
0.04015625		0.385432435193	0.983882723082
0.04046875		0.385236453019	0.983757629157
0.04078125		0.38504039931	0.983632441807
0.04109375		0.384844274	0.983507160894
0.04140625		0.384648077025	0.983381786283
0.04171875		0.384451808318	0.983256317836
0.04203125		0.384255467814	0.983130755414
0.04234375		0.384059055448	0.983005098881
0.04265625		0.383862571152	0.982879348098
0.04296875		0.383666014862	0.982753502927
0.04328125		0.383469386511	0.982627563229
0.04359375		0.383272686033	0.982501528865
0.04390625		0.383075913361	0.982375399694
0.04421875		0.38287906843	0.982249175578
0.04453125		0.382682151171	0.982122856377
0.04484375		0.38248516152	0.98199644195
0.04515625		0.382288099408	0.981869932155
0.04546875		0.382090964768	0.981743326853
0.04578125		0.381893757535	0.981616625902
0.04609375		0.38169647764	0.98148982916
0.04640625		0.381499125016	0.981362936484
0.04671875		0.381301699595	0.981235947734
0.04703125		0.38110420131	0.981108862765
0.04734375		0.380906630094	0.980981681435
0.04765625		0.380708985878	0.9808544036
0.04796875		0.380511268594	0.980727029117
0.04828125		0.380313478174	0.980599557842
0.04859375		0.380115614551	0.98047198963
0.04890625		0.379917677654	0.980344324337
0.04921875		0.379719667417	0.980216561817
0.04953125		0.37952158377	0.980088701926
0.04984375		0.379323426645	0.979960744516
0.05015625		0.379125195973	0.979832689443
0.05046875		0.378926891684	0.97970453656
0.05078125		0.37872851371	0.97957628572
0.05109375		0.378530061981	0.979447936777
0.05140625		0.378331536428	0.979319489581
0.05171875		0.378132936981	0.979190943986
0.05203125		0.377934263571	0.979062299844
0.05234375		0.377735516128	0.978933557006
0.05265625		0.377536694581	0.978804715324
0.05296875		0.377337798861	0.978675774647
0.05328125		0.377138828898	0.978546734827
0.05359375		0.376939784621	0.978417595713
0.05390625		0.376740665959	0.978288357156
0.05421875		0.376541472843	0.978159019004
0.05453125		0.376342205201	0.978029581107
0.05484375		0.376142862962	0.977900043313
0.05515625		0.375943446056	0.977770405471
0.05546875		0.375743954411	0.977640667429
0.05578125		0.375544387956	0.977510829034
0.05609375		0.375344746619	0.977380890133
0.05640625		0.375145030329	0.977250850573
0.05671875		0.374945239015	0.977120710202
0.05703125		0.374745372604	0.976990468864
0.05734375		0.374545431024	0.976860126405
0.05765625		0.374345414204	0.976729682672
0.05796875		0.37414532207	0.976599137509
0.05828125		0.373945154551	0.97646849076
0.05859375		0.373744911575	0.976337742271
0.05890625		0.373544593067	0.976206891884
0.05921875		0.373344198956	0.976075939443
0.05953125		0.373143729169	0.975944884792
0.05984375		0.372943183632	0.975813727774
0.06015625		0.372742562273	0.975682468229
0.06046875		0.372541865017	0.975551106002
0.06078125		0.372341091791	0.975419640933
0.06109375		0.372140242522	0.975288072864
0.06140625		0.371939317136	0.975156401634
0.06171875		0.371738315559	0.975024627086
0.06203125		0.371537237716	0.974892749059
0.06234375		0.371336083534	0.974760767392
0.06265625		0.371134852938	0.974628681926
0.06296875		0.370933545853	0.974496492498
0.06328125		0.370732162205	0.974364198948
0.06359375		0.370530701919	0.974231801114
0.06390625		0.370329164921	0.974099298832
0.06421875		0.370127551134	0.973966691942
0.06453125		0.369925860483	0.973833980279
0.06484375		0.369724092894	0.973701163681
0.06515625		0.36952224829	0.973568241982
0.06546875		0.369320326596	0.97343521502
0.06578125		0.369118327736	0.97330208263
0.06609375		0.368916251634	0.973168844646
0.06640625		0.368714098214	0.973035500903
0.06671875		0.368511867399	0.972902051235
0.06703125		0.368309559114	0.972768495476
0.06734375		0.36810717328	0.972634833459
0.06765625		0.367904709822	0.972501065017
0.06796875		0.367702168663	0.972367189983
0.06828125		0.367499549725	0.972233208189
0.06859375		0.367296852931	0.972099119466
0.06890625		0.367094078205	0.971964923646
0.06921875		0.366891225467	0.971830620559
0.06953125		0.366688294641	0.971696210036
0.06984375		0.36648528565	0.971561691907
0.07015625		0.366282198413	0.971427066002
0.07046875		0.366079032855	0.97129233215
0.07078125		0.365875788895	0.971157490179
0.07109375		0.365672466457	0.971022539918
0.07140625		0.36546906546	0.970887481194
0.07171875		0.365265585827	0.970752313836
0.07203125		0.365062027479	0.97061703767
0.07234375		0.364858390335	0.970481652522
0.07265625		0.364654674318	0.97034615822
0.07296875		0.364450879347	0.970210554588
0.07328125		0.364247005343	0.970074841453
0.07359375		0.364043052226	0.969939018638
0.07390625		0.363839019916	0.969803085969
0.07421875		0.363634908334	0.969667043269
0.07453125		0.363430717399	0.969530890361
0.07484375		0.36322644703	0.96939462707
0.07515625		0.363022097147	0.969258253217
0.07546875		0.36281766767	0.969121768625
0.07578125		0.362613158516	0.968985173116
0.07609375		0.362408569607	0.96884846651
0.07640625		0.362203900859	0.96871164863
0.07671875		0.361999152192	0.968574719294
0.07703125		0.361794323524	0.968437678324
0.07734375		0.361589414773	0.968300525538
0.07765625		0.361384425858	0.968163260756
0.07796875		0.361179356696	0.968025883796
0.07828125		0.360974207206	0.967888394477
0.07859375		0.360768977305	0.967750792616
0.07890625		0.360563666909	0.96761307803
0.07921875		0.360358275938	0.967475250536
0.07953125		0.360152804307	0.96733730995
0.07984375		0.359947251933	0.967199256089
0.08015625		0.359741618734	0.967061088767
0.08046875		0.359535904626	0.966922807799
0.08078125		0.359330109525	0.966784413
0.08109375		0.359124233348	0.966645904184
0.08140625		0.35891827601	0.966507281164
0.08171875		0.358712237428	0.966368543753
0.08203125		0.358506117517	0.966229691764
0.08234375		0.358299916193	0.966090725008
0.08265625		0.358093633372	0.965951643297
0.08296875		0.357887268967	0.965812446442
0.08328125		0.357680822895	0.965673134254
0.08359375		0.35747429507	0.965533706543
0.08390625		0.357267685407	0.965394163118
0.08421875		0.357060993821	0.965254503789
0.08453125		0.356854220225	0.965114728364
0.08484375		0.356647364534	0.96497483665
0.08515625		0.356440426662	0.964834828457
0.08546875		0.356233406522	0.96469470359
0.08578125		0.356026304028	0.964554461857
0.08609375		0.355819119094	0.964414103064
0.08640625		0.355611851633	0.964273627015
0.08671875		0.355404501558	0.964133033517
0.08703125		0.355197068781	0.963992322374
0.08734375		0.354989553215	0.963851493389
0.08765625		0.354781954774	0.963710546367
0.08796875		0.354574273368	0.963569481111
0.08828125		0.354366508911	0.963428297423
0.08859375		0.354158661314	0.963286995105
0.08890625		0.353950730489	0.963145573959
0.08921875		0.353742716348	0.963004033785
0.08953125		0.353534618802	0.962862374384
0.08984375		0.353326437761	0.962720595557
0.09015625		0.353118173138	0.962578697102
0.09046875		0.352909824843	0.962436678818
0.09078125		0.352701392786	0.962294540504
0.09109375		0.352492876879	0.962152281958
0.09140625		0.35228427703	0.962009902977
0.09171875		0.352075593151	0.961867403357
0.09203125		0.351866825151	0.961724782896
0.09234375		0.35165797294	0.961582041388
0.09265625		0.351449036427	0.961439178628
0.09296875		0.351240015522	0.961296194412
0.09328125		0.351030910134	0.961153088534
0.09359375		0.350821720171	0.961009860786
0.09390625		0.350612445542	0.960866510963
0.09421875		0.350403086156	0.960723038856
0.09453125		0.350193641921	0.960579444257
0.09484375		0.349984112745	0.960435726958
0.09515625		0.349774498537	0.960291886749
0.09546875		0.349564799203	0.960147923421
0.09578125		0.349355014652	0.960003836763
0.09609375		0.34914514479	0.959859626564
0.09640625		0.348935189525	0.959715292613
0.09671875		0.348725148763	0.959570834697
0.09703125		0.348515022412	0.959426252605
0.09734375		0.348304810378	0.959281546123
0.09765625		0.348094512567	0.959136715037
0.09796875		0.347884128885	0.958991759133
0.09828125		0.347673659238	0.958846678196
0.09859375		0.347463103533	0.958701472011
0.09890625		0.347252461673	0.958556140361
0.09921875		0.347041733565	0.958410683029
0.09953125		0.346830919114	0.9582650998
0.09984375		0.346620018224	0.958119390454
0.10015625		0.346409030801	0.957973554773
0.10046875		0.346197956748	0.957827592539
0.10078125		0.34598679597	0.957681503531
0.10109375		0.345775548371	0.95753528753
0.10140625		0.345564213855	0.957388944315
0.10171875		0.345352792325	0.957242473664
0.10203125		0.345141283685	0.957095875355
0.10234375		0.344929687837	0.956949149166
0.10265625		0.344718004686	0.956802294874
0.10296875		0.344506234133	0.956655312254
0.10328125		0.344294376082	0.956508201083
0.10359375		0.344082430433	0.956360961136
0.10390625		0.343870397091	0.956213592185
0.10421875		0.343658275956	0.956066094007
0.10453125		0.34344606693	0.955918466372
0.10484375		0.343233769914	0.955770709055
0.10515625		0.343021384811	0.955622821827
0.10546875		0.34280891152	0.955474804459
0.10578125		0.342596349943	0.955326656721
0.10609375		0.34238369998	0.955178378384
0.10640625		0.342170961532	0.955029969217
0.10671875		0.341958134498	0.954881428989
0.10703125		0.341745218779	0.954732757467
0.10734375		0.341532214274	0.95458395442
0.10765625		0.341319120883	0.954435019614
0.10796875		0.341105938505	0.954285952815
0.10828125		0.340892667039	0.954136753788
0.10859375		0.340679306384	0.953987422299
0.10890625		0.340465856438	0.953837958112
0.10921875		0.340252317099	0.953688360989
0.10953125		0.340038688266	0.953538630695
0.10984375		0.339824969837	0.953388766991
0.11015625		0.339611161709	0.953238769638
0.11046875		0.339397263779	0.953088638398
0.11078125		0.339183275945	0.952938373031
0.11109375		0.338969198104	0.952787973296
0.11140625		0.338755030152	0.952637438953
0.11171875		0.338540771986	0.952486769758
0.11203125		0.338326423502	0.952335965471
0.11234375		0.338111984596	0.952185025847
0.11265625		0.337897455164	0.952033950644
0.11296875		0.337682835101	0.951882739615
0.11328125		0.337468124303	0.951731392517
0.11359375		0.337253322665	0.951579909102
0.11390625		0.337038430081	0.951428289125
0.11421875		0.336823446445	0.951276532339
0.11453125		0.336608371654	0.951124638494
0.11484375		0.336393205599	0.950972607343
0.11515625		0.336177948176	0.950820438636
0.11546875		0.335962599278	0.950668132123
0.11578125		0.335747158797	0.950515687553
0.11609375		0.335531626628	0.950363104674
0.11640625		0.335316002664	0.950210383234
0.11671875		0.335100286795	0.950057522981
0.11703125		0.334884478916	0.94990452366
0.11734375		0.334668578918	0.949751385016
0.11765625		0.334452586693	0.949598106796
0.11796875		0.334236502133	0.949444688743
0.11828125		0.334020325129	0.9492911306
0.11859375		0.333804055571	0.94913743211
0.11890625		0.333587693352	0.948983593015
0.11921875		0.333371238361	0.948829613055
0.11953125		0.333154690489	0.948675491972
0.11984375		0.332938049626	0.948521229506
0.12015625		0.332721315662	0.948366825394
0.12046875		0.332504488486	0.948212279375
0.12078125		0.332287567987	0.948057591186
0.12109375		0.332070554056	0.947902760565
0.12140625		0.33185344658	0.947747787247
0.12171875		0.331636245448	0.947592670966
0.12203125		0.331418950548	0.947437411459
0.12234375		0.331201561768	0.947282008457
0.12265625		0.330984078997	0.947126461694
0.12296875		0.330766502121	0.946970770902
0.12328125		0.330548831027	0.946814935812
0.12359375		0.330331065604	0.946658956154
0.12390625		0.330113205736	0.946502831659
0.12421875		0.329895251312	0.946346562054
0.12453125		0.329677202216	0.946190147069
0.12484375		0.329459058335	0.946033586431
0.12515625		0.329240819554	0.945876879865
0.12546875		0.32902248576	0.945720027098
0.12578125		0.328804056835	0.945563027854
0.12609375		0.328585532667	0.945405881858
0.12640625		0.328366913138	0.945248588833
0.12671875		0.328148198134	0.945091148501
0.12703125		0.327929387538	0.944933560584
0.12734375		0.327710481233	0.944775824802
0.12765625		0.327491479104	0.944617940877
0.12796875		0.327272381034	0.944459908526
0.12828125		0.327053186904	0.944301727468
0.12859375		0.326833896599	0.944143397421
0.12890625		0.326614509999	0.943984918102
0.12921875		0.326395026987	0.943826289225
0.12953125		0.326175447446	0.943667510507
0.12984375		0.325955771255	0.943508581661
0.13015625		0.325735998297	0.9433495024
0.13046875		0.325516128451	0.943190272437
0.13078125		0.3252961616	0.943030891484
0.13109375		0.325076097622	0.94287135925
0.13140625		0.324855936399	0.942711675447
0.13171875		0.324635677809	0.942551839782
0.13203125		0.324415321732	0.942391851965
0.13234375		0.324194868047	0.942231711701
0.13265625		0.323974316633	0.942071418698
0.13296875		0.323753667369	0.941910972661
0.13328125		0.323532920132	0.941750373295
0.13359375		0.3233120748	0.941589620302
0.13390625		0.323091131252	0.941428713386
0.13421875		0.322870089365	0.941267652249
0.13453125		0.322648949014	0.941106436592
0.13484375		0.322427710078	0.940945066115
0.13515625		0.322206372433	0.940783540516
0.13546875		0.321984935954	0.940621859495
0.13578125		0.321763400518	0.940460022748
0.13609375		0.321541766	0.940298029972
0.13640625		0.321320032275	0.940135880862
0.13671875		0.321098199218	0.939973575113
0.13703125		0.320876266704	0.939811112419
0.13734375		0.320654234607	0.939648492472
0.13765625		0.320432102801	0.939485714964
0.13796875		0.320209871159	0.939322779586
0.13828125		0.319987539554	0.939159686027
0.13859375		0.319765107861	0.938996433977
0.13890625		0.319542575951	0.938833023123
0.13921875		0.319319943697	0.938669453152
0.13953125		0.319097210971	0.938505723751
0.13984375		0.318874377644	0.938341834604
0.14015625		0.318651443589	0.938177785396
0.14046875		0.318428408676	0.93801357581
0.14078125		0.318205272775	0.937849205527
0.14109375		0.317982035758	0.93768467423
0.14140625		0.317758697494	0.937519981597
0.14171875		0.317535257854	0.937355127309
0.14203125		0.317311716706	0.937190111043
0.14234375		0.31708807392	0.937024932476
0.14265625		0.316864329365	0.936859591286
0.14296875		0.316640482909	0.936694087146
0.14328125		0.31641653442	0.936528419731
0.14359375		0.316192483766	0.936362588715
0.14390625		0.315968330814	0.936196593769
0.14421875		0.315744075432	0.936030434564
0.14453125		0.315519717487	0.93586411077
0.14484375		0.315295256844	0.935697622057
0.14515625		0.31507069337	0.935530968092
0.14546875		0.314846026931	0.935364148542
0.14578125		0.314621257392	0.935197163074
0.14609375		0.314396384619	0.935030011351
0.14640625		0.314171408475	0.934862693039
0.14671875		0.313946328826	0.934695207799
0.14703125		0.313721145535	0.934527555292
0.14734375		0.313495858467	0.934359735181
0.14765625		0.313270467484	0.934191747124
0.14796875		0.313044972449	0.934023590779
0.14828125		0.312819373225	0.933855265804
0.14859375		0.312593669675	0.933686771855
0.14890625		0.31236786166	0.933518108588
0.14921875		0.312141949042	0.933349275656
0.14953125		0.311915931682	0.933180272712
0.14984375		0.311689809441	0.933011099409
0.15015625		0.311463582179	0.932841755396
0.15046875		0.311237249757	0.932672240324
0.15078125		0.311010812034	0.93250255384
0.15109375		0.31078426887	0.932332695593
0.15140625		0.310557620124	0.932162665229
0.15171875		0.310330865654	0.931992462392
0.15203125		0.310104005319	0.931822086727
0.15234375		0.309877038977	0.931651537876
0.15265625		0.309649966485	0.931480815481
0.15296875		0.3094227877	0.931309919183
0.15328125		0.309195502479	0.931138848621
0.15359375		0.308968110679	0.930967603432
0.15390625		0.308740612156	0.930796183255
0.15421875		0.308513006765	0.930624587724
0.15453125		0.308285294362	0.930452816474
0.15484375		0.308057474801	0.93028086914
0.15515625		0.307829547938	0.930108745353
0.15546875		0.307601513625	0.929936444743
0.15578125		0.307373371718	0.929763966942
0.15609375		0.307145122069	0.929591311578
0.15640625		0.306916764531	0.929418478277
0.15671875		0.306688298957	0.929245466667
0.15703125		0.3064597252	0.929072276372
0.15734375		0.30623104311	0.928898907015
0.15765625		0.306002252539	0.928725358221
0.15796875		0.305773353339	0.928551629609
0.15828125		0.30554434536	0.928377720799
0.15859375		0.305315228452	0.928203631412
0.15890625		0.305086002465	0.928029361063
0.15921875		0.304856667248	0.927854909369
0.15953125		0.30462722265	0.927680275946
0.15984375		0.304397668521	0.927505460407
0.16015625		0.304168004707	0.927330462364
0.16046875		0.303938231058	0.927155281428
0.16078125		0.30370834742	0.92697991721
0.16109375		0.30347835364	0.926804369317
0.16140625		0.303248249564	0.926628637358
0.16171875		0.30301803504	0.926452720937
0.16203125		0.302787709912	0.92627661966
0.16234375		0.302557274026	0.92610033313
0.16265625		0.302326727227	0.925923860949
0.16296875		0.302096069359	0.925747202717
0.16328125		0.301865300266	0.925570358034
0.16359375		0.301634419792	0.925393326497
0.16390625		0.30140342778	0.925216107704
0.16421875		0.301172324072	0.925038701249
0.16453125		0.300941108512	0.924861106726
0.16484375		0.30070978094	0.924683323729
0.16515625		0.300478341199	0.924505351847
0.16546875		0.300246789129	0.92432719067
0.16578125		0.30001512457	0.924148839788
0.16609375		0.299783347364	0.923970298786
0.16640625		0.299551457349	0.923791567251
0.16671875		0.299319454366	0.923612644766
0.16703125		0.299087338251	0.923433530914
0.16734375		0.298855108845	0.923254225277
0.16765625		0.298622765985	0.923074727435
0.16796875		0.298390309508	0.922895036965
0.16828125		0.298157739252	0.922715153445
0.16859375		0.297925055052	0.92253507645
0.16890625		0.297692256746	0.922354805554
0.16921875		0.297459344168	0.92217434033
0.16953125		0.297226317154	0.92199368035
0.16984375		0.296993175538	0.921812825182
0.17015625		0.296759919155	0.921631774395
0.17046875		0.296526547839	0.921450527556
0.17078125		0.296293061422	0.921269084229
0.17109375		0.296059459738	0.921087443979
0.17140625		0.295825742619	0.920905606368
0.17171875		0.295591909897	0.920723570956
0.17203125		0.295357961404	0.920541337302
0.17234375		0.29512389697	0.920358904965
0.17265625		0.294889716425	0.920176273499
0.17296875		0.294655419601	0.91999344246
0.17328125		0.294421006325	0.919810411401
0.17359375		0.294186476428	0.919627179873
0.17390625		0.293951829738	0.919443747425
0.17421875		0.293717066083	0.919260113607
0.17453125		0.29348218529	0.919076277964
0.17484375		0.293247187187	0.918892240042
0.17515625		0.2930120716	0.918707999384
0.17546875		0.292776838355	0.918523555532
0.17578125		0.292541487278	0.918338908027
0.17609375		0.292306018194	0.918154056407
0.17640625		0.292070430927	0.917969000208
0.17671875		0.291834725302	0.917783738967
0.17703125		0.291598901142	0.917598272217
0.17734375		0.29136295827	0.917412599491
0.17765625		0.291126896508	0.917226720318
0.17796875		0.29089071568	0.917040634227
0.17828125		0.290654415605	0.916854340745
0.17859375		0.290417996106	0.916667839398
0.17890625		0.290181457002	0.91648112971
0.17921875		0.289944798114	0.916294211201
0.17953125		0.289708019261	0.916107083394
0.17984375		0.289471120262	0.915919745805
0.18015625		0.289234100936	0.915732197953
0.18046875		0.2889969611	0.915544439351
0.18078125		0.288759700571	0.915356469514
0.18109375		0.288522319166	0.915168287953
0.18140625		0.288284816702	0.914979894177
0.18171875		0.288047192995	0.914791287696
0.18203125		0.287809447859	0.914602468014
0.18234375		0.287571581109	0.914413434637
0.18265625		0.287333592559	0.914224187068
0.18296875		0.287095482022	0.914034724806
0.18328125		0.286857249312	0.913845047352
0.18359375		0.286618894242	0.913655154202
0.18390625		0.286380416622	0.913465044852
0.18421875		0.286141816264	0.913274718796
0.18453125		0.28590309298	0.913084175525
0.18484375		0.285664246578	0.912893414529
0.18515625		0.285425276869	0.912702435296
0.18546875		0.285186183662	0.912511237312
0.18578125		0.284946966765	0.912319820061
0.18609375		0.284707625987	0.912128183027
0.18640625		0.284468161134	0.911936325689
0.18671875		0.284228572013	0.911744247525
0.18703125		0.28398885843	0.911551948013
0.18734375		0.283749020192	0.911359426627
0.18765625		0.283509057102	0.911166682839
0.18796875		0.283268968966	0.910973716121
0.18828125		0.283028755588	0.910780525942
0.18859375		0.282788416769	0.910587111767
0.18890625		0.282547952314	0.910393473063
0.18921875		0.282307362024	0.910199609291
0.18953125		0.282066645701	0.910005519913
0.18984375		0.281825803145	0.909811204388
0.19015625		0.281584834156	0.909616662172
0.19046875		0.281343738535	0.90942189272
0.19078125		0.28110251608	0.909226895485
0.19109375		0.28086116659	0.909031669917
0.19140625		0.280619689862	0.908836215466
0.19171875		0.280378085694	0.908640531577
0.19203125		0.280136353882	0.908444617695
0.19234375		0.279894494222	0.908248473263
0.19265625		0.279652506509	0.908052097721
0.19296875		0.279410390539	0.907855490507
0.19328125		0.279168146104	0.907658651056
0.19359375		0.278925772999	0.907461578803
0.19390625		0.278683271016	0.90726427318
0.19421875		0.278440639947	0.907066733615
0.19453125		0.278197879583	0.906868959537
0.19484375		0.277954989717	0.906670950371
0.19515625		0.277711970136	0.906472705539
0.19546875		0.277468820632	0.906274224462
0.19578125		0.277225540993	0.90607550656
0.19609375		0.276982131007	0.905876551247
0.19640625		0.276738590462	0.905677357939
0.19671875		0.276494919145	0.905477926047
0.19703125		0.276251116841	0.905278254981
0.19734375		0.276007183336	0.905078344148
0.19765625		0.275763118416	0.904878192953
0.19796875		0.275518921863	0.904677800798
0.19828125		0.275274593463	0.904477167085
0.19859375		0.275030132997	0.904276291211
0.19890625		0.274785540248	0.904075172572
0.19921875		0.274540814997	0.903873810561
0.19953125		0.274295957025	0.90367220457
0.19984375		0.274050966112	0.903470353987
0.20015625		0.273805842037	0.903268258197
0.20046875		0.273560584579	0.903065916586
0.20078125		0.273315193515	0.902863328535
0.20109375		0.273069668624	0.902660493422
0.20140625		0.272824009681	0.902457410624
0.20171875		0.272578216463	0.902254079516
0.20203125		0.272332288744	0.902050499468
0.20234375		0.272086226298	0.901846669851
0.20265625		0.271840028901	0.90164259003
0.20296875		0.271593696323	0.90143825937
0.20328125		0.271347228338	0.901233677233
0.20359375		0.271100624717	0.901028842978
0.20390625		0.27085388523	0.900823755961
0.20421875		0.270607009648	0.900618415537
0.20453125		0.270359997739	0.900412821056
0.20484375		0.270112849273	0.900206971869
0.20515625		0.269865564016	0.90000086732
0.20546875		0.269618141737	0.899794506754
0.20578125		0.2693705822	0.899587889512
0.20609375		0.269122885172	0.899381014932
0.20640625		0.268875050417	0.89917388235
0.20671875		0.268627077698	0.898966491098
0.20703125		0.26837896678	0.898758840509
0.20734375		0.268130717424	0.898550929908
0.20765625		0.267882329392	0.898342758621
0.20796875		0.267633802445	0.89813432597
0.20828125		0.267385136342	0.897925631275
0.20859375		0.267136330844	0.897716673852
0.20890625		0.266887385707	0.897507453015
0.20921875		0.26663830069	0.897297968076
0.20953125		0.26638907555	0.897088218343
0.20984375		0.266139710042	0.896878203121
0.21015625		0.265890203922	0.896667921713
0.21046875		0.265640556944	0.896457373419
0.21078125		0.265390768861	0.896246557536
0.21109375		0.265140839427	0.896035473358
0.21140625		0.264890768392	0.895824120176
0.21171875		0.264640555509	0.895612497278
0.21203125		0.264390200527	0.89540060395
0.21234375		0.264139703196	0.895188439474
0.21265625		0.263889063264	0.894976003129
0.21296875		0.263638280478	0.894763294193
0.21328125		0.263387354587	0.894550311937
0.21359375		0.263136285335	0.894337055634
0.21390625		0.262885072467	0.894123524549
0.21421875		0.262633715729	0.893909717948
0.21453125		0.262382214863	0.893695635092
0.21484375		0.262130569611	0.893481275238
0.21515625		0.261878779716	0.893266637642
0.21546875		0.261626844918	0.893051721556
0.21578125		0.261374764957	0.892836526229
0.21609375		0.261122539572	0.892621050906
0.21640625		0.260870168501	0.89240529483
0.21671875		0.26061765148	0.89218925724
0.21703125		0.260364988248	0.891972937373
0.21734375		0.260112178537	0.89175633446
0.21765625		0.259859222084	0.891539447731
0.21796875		0.259606118622	0.891322276414
0.21828125		0.259352867882	0.891104819731
0.21859375		0.259099469598	0.890887076901
0.21890625		0.258845923499	0.890669047141
0.21921875		0.258592229315	0.890450729665
0.21953125		0.258338386776	0.890232123682
0.21984375		0.258084395609	0.890013228397
0.22015625		0.257830255541	0.889794043015
0.22046875		0.257575966298	0.889574566735
0.22078125		0.257321527605	0.889354798752
0.22109375		0.257066939186	0.88913473826
0.22140625		0.256812200765	0.888914384447
0.22171875		0.256557312063	0.8886937365
0.22203125		0.256302272801	0.888472793599
0.22234375		0.256047082701	0.888251554924
0.22265625		0.25579174148	0.888030019651
0.22296875		0.255536248857	0.887808186949
0.22328125		0.25528060455	0.887586055987
0.22359375		0.255024808274	0.88736362593
0.22390625		0.254768859745	0.887140895937
0.22421875		0.254512758677	0.886917865166
0.22453125		0.254256504782	0.88669453277
0.22484375		0.254000097774	0.886470897898
0.22515625		0.253743537363	0.886246959696
0.22546875		0.253486823258	0.886022717305
0.22578125		0.25322995517	0.885798169865
0.22609375		0.252972932807	0.88557331651
0.22640625		0.252715755874	0.88534815637
0.22671875		0.252458424078	0.885122688571
0.22703125		0.252200937124	0.884896912237
0.22734375		0.251943294715	0.884670826487
0.22765625		0.251685496554	0.884444430435
0.22796875		0.251427542342	0.884217723193
0.22828125		0.251169431781	0.883990703868
0.22859375		0.250911164569	0.883763371563
0.22890625		0.250652740404	0.883535725377
0.22921875		0.250394158985	0.883307764405
0.22953125		0.250135420006	0.883079487739
0.22984375		0.249876523164	0.882850894464
0.23015625		0.249617468151	0.882621983665
0.23046875		0.24935825466	0.882392754419
0.23078125		0.249098882384	0.882163205801
0.23109375		0.248839351012	0.881933336882
0.23140625		0.248579660234	0.881703146727
0.23171875		0.248319809737	0.881472634399
0.23203125		0.24805979921	0.881241798956
0.23234375		0.247799628337	0.881010639449
0.23265625		0.247539296803	0.880779154929
0.23296875		0.247278804293	0.88054734444
0.23328125		0.247018150487	0.880315207023
0.23359375		0.246757335068	0.880082741713
0.23390625		0.246496357715	0.879849947541
0.23421875		0.246235218107	0.879616823535
0.23453125		0.245973915921	0.879383368718
0.23484375		0.245712450834	0.879149582107
0.23515625		0.245450822521	0.878915462715
0.23546875		0.245189030655	0.878681009552
0.23578125		0.24492707491	0.878446221623
0.23609375		0.244664954956	0.878211097925
0.23640625		0.244402670464	0.877975637456
0.23671875		0.244140221103	0.877739839204
0.23703125		0.24387760654	0.877503702156
0.23734375		0.243614826441	0.877267225293
0.23765625		0.243351880472	0.877030407591
0.23796875		0.243088768296	0.87679324802
0.23828125		0.242825489577	0.876555745548
0.23859375		0.242562043974	0.876317899136
0.23890625		0.242298431149	0.876079707741
0.23921875		0.242034650759	0.875841170314
0.23953125		0.241770702462	0.875602285803
0.23984375		0.241506585913	0.87536305315
0.24015625		0.241242300769	0.87512347129
0.24046875		0.240977846681	0.874883539157
0.24078125		0.240713223301	0.874643255676
0.24109375		0.240448430281	0.874402619769
0.24140625		0.24018346727	0.874161630353
0.24171875		0.239918333914	0.873920286338
0.24203125		0.239653029862	0.873678586632
0.24234375		0.239387554757	0.873436530134
0.24265625		0.239121908244	0.87319411574
0.24296875		0.238856089964	0.87295134234
0.24328125		0.238590099559	0.87270820882
0.24359375		0.238323936669	0.872464714057
0.24390625		0.23805760093	0.872220856927
0.24421875		0.23779109198	0.871976636298
0.24453125		0.237524409454	0.871732051033
0.24484375		0.237257552986	0.871487099989
0.24515625		0.236990522208	0.871241782018
0.24546875		0.23672331675	0.870996095967
0.24578125		0.236455936242	0.870750040676
0.24609375		0.236188380312	0.87050361498
0.24640625		0.235920648586	0.870256817708
0.24671875		0.235652740689	0.870009647684
0.24703125		0.235384656245	0.869762103725
0.24734375		0.235116394874	0.869514184644
0.24765625		0.234847956198	0.869265889246
0.24796875		0.234579339835	0.869017216331
0.24828125		0.234310545402	0.868768164694
0.24859375		0.234041572515	0.868518733122
0.24890625		0.233772420788	0.868268920398
0.24921875		0.233503089834	0.868018725297
0.24953125		0.233233579264	0.86776814659
0.24984375		0.232963888686	0.86751718304
0.25015625		0.232694017708	0.867265833404
0.25046875		0.232423965938	0.867014096434
0.25078125		0.232153732978	0.866761970875
0.25109375		0.231883318433	0.866509455465
0.25140625		0.231612721903	0.866256548937
0.25171875		0.231341942988	0.866003250017
0.25203125		0.231070981286	0.865749557423
0.25234375		0.230799836393	0.86549546987
0.25265625		0.230528507903	0.865240986062
0.25296875		0.230256995411	0.864986104701
0.25328125		0.229985298506	0.864730824479
0.25359375		0.229713416779	0.864475144082
0.25390625		0.229441349817	0.86421906219
0.25421875		0.229169097206	0.863962577477
0.25453125		0.228896658531	0.863705688607
0.25484375		0.228624033374	0.863448394241
0.25515625		0.228351221316	0.863190693031
0.25546875		0.228078221936	0.862932583621
0.25578125		0.227805034811	0.862674064651
0.25609375		0.227531659517	0.862415134752
0.25640625		0.227258095627	0.862155792547
0.25671875		0.226984342714	0.861896036653
0.25703125		0.226710400347	0.861635865681
0.25734375		0.226436268095	0.861375278233
0.25765625		0.226161945523	0.861114272903
0.25796875		0.225887432197	0.86085284828
0.25828125		0.225612727678	0.860591002944
0.25859375		0.225337831529	0.860328735468
0.25890625		0.225062743307	0.860066044416
0.25921875		0.224787462569	0.859802928348
0.25953125		0.224511988871	0.859539385813
0.25984375		0.224236321766	0.859275415352
0.26015625		0.223960460804	0.859011015502
0.26046875		0.223684405535	0.858746184789
0.26078125		0.223408155506	0.858480921731
0.26109375		0.223131710263	0.85821522484
0.26140625		0.222855069349	0.857949092619
0.26171875		0.222578232304	0.857682523563
0.26203125		0.222301198669	0.857415516158
0.26234375		0.22202396798	0.857148068884
0.26265625		0.221746539773	0.856880180212
0.26296875		0.22146891358	0.856611848602
0.26328125		0.221191088933	0.85634307251
0.26359375		0.220913065361	0.856073850381
0.26390625		0.220634842391	0.855804180652
0.26421875		0.220356419547	0.855534061752
0.26453125		0.220077796352	0.8552634921
0.26484375		0.219798972327	0.854992470108
0.26515625		0.21951994699	0.854720994179
0.26546875		0.219240719857	0.854449062706
0.26578125		0.218961290442	0.854176674075
0.26609375		0.218681658257	0.853903826661
0.26640625		0.218401822812	0.853630518832
0.26671875		0.218121783615	0.853356748946
0.26703125		0.217841540169	0.853082515352
0.26734375		0.217561091979	0.852807816389
0.26765625		0.217280438545	0.852532650389
0.26796875		0.216999579365	0.852257015672
0.26828125		0.216718513936	0.85198091055
0.26859375		0.216437241751	0.851704333326
0.26890625		0.216155762302	0.851427282292
0.26921875		0.215874075078	0.851149755733
0.26953125		0.215592179566	0.85087175192
0.26984375		0.21531007525	0.850593269119
0.27015625		0.215027761612	0.850314305583
0.27046875		0.214745238132	0.850034859557
0.27078125		0.214462504287	0.849754929274
0.27109375		0.214179559552	0.849474512958
0.27140625		0.2138964034	0.849193608824
0.27171875		0.213613035299	0.848912215075
0.27203125		0.213329454718	0.848630329905
0.27234375		0.213045661122	0.848347951497
0.27265625		0.212761653973	0.848065078023
0.27296875		0.21247743273	0.847781707646
0.27328125		0.212192996852	0.847497838516
0.27359375		0.211908345792	0.847213468775
0.27390625		0.211623479004	0.846928596553
0.27421875		0.211338395935	0.846643219969
0.27453125		0.211053096035	0.846357337131
0.27484375		0.210767578746	0.846070946137
0.27515625		0.210481843511	0.845784045071
0.27546875		0.210195889768	0.84549663201
0.27578125		0.209909716954	0.845208705016
0.27609375		0.209623324502	0.844920262142
0.27640625		0.209336711844	0.844631301428
0.27671875		0.209049878407	0.844341820903
0.27703125		0.208762823616	0.844051818586
0.27734375		0.208475546894	0.84376129248
0.27765625		0.208188047662	0.843470240581
0.27796875		0.207900325335	0.84317866087
0.27828125		0.207612379328	0.842886551316
0.27859375		0.207324209053	0.842593909878
0.27890625		0.207035813916	0.8423007345
0.27921875		0.206747193325	0.842007023117
0.27953125		0.206458346681	0.841712773647
0.27984375		0.206169273384	0.841417984
0.28015625		0.20587997283	0.841122652071
0.28046875		0.205590444414	0.840826775742
0.28078125		0.205300687525	0.840530352883
0.28109375		0.205010701551	0.840233381351
0.28140625		0.204720485877	0.83993585899
0.28171875		0.204430039884	0.83963778363
0.28203125		0.20413936295	0.839339153088
0.28234375		0.203848454451	0.839039965169
0.28265625		0.203557313759	0.838740217663
0.28296875		0.203265940243	0.838439908346
0.28328125		0.202974333267	0.838139034981
0.28359375		0.202682492196	0.837837595318
0.28390625		0.202390416387	0.837535587092
0.28421875		0.202098105198	0.837233008024
0.28453125		0.201805557981	0.83692985582
0.28484375		0.201512774084	0.836626128174
0.28515625		0.201219752855	0.836321822763
0.28546875		0.200926493636	0.836016937251
0.28578125		0.200632995767	0.835711469287
0.28609375		0.200339258582	0.835405416504
0.28640625		0.200045281416	0.835098776522
0.28671875		0.199751063596	0.834791546945
0.28703125		0.19945660445	0.834483725362
0.28734375		0.199161903297	0.834175309346
0.28765625		0.198866959458	0.833866296455
0.28796875		0.198571772247	0.833556684231
0.28828125		0.198276340975	0.833246470202
0.28859375		0.197980664951	0.832935651877
0.28890625		0.197684743478	0.832624226752
0.28921875		0.197388575857	0.832312192305
0.28953125		0.197092161385	0.831999545999
0.28984375		0.196795499355	0.831686285279
0.29015625		0.196498589056	0.831372407576
0.29046875		0.196201429773	0.8310579103
0.29078125		0.195904020789	0.830742790848
0.29109375		0.195606361381	0.8304270466
0.29140625		0.195308450823	0.830110674915
0.29171875		0.195010288386	0.829793673139
0.29203125		0.194711873335	0.829476038598
0.29234375		0.194413204933	0.829157768601
0.29265625		0.194114282438	0.82883886044
0.29296875		0.193815105104	0.828519311388
0.29328125		0.193515672181	0.828199118699
0.29359375		0.193215982916	0.827878279611
0.29390625		0.19291603655	0.827556791343
0.29421875		0.192615832322	0.827234651094
0.29453125		0.192315369464	0.826911856045
0.29484375		0.192014647207	0.826588403359
0.29515625		0.191713664775	0.826264290178
0.29546875		0.191412421389	0.825939513626
0.29578125		0.191110916266	0.825614070808
0.29609375		0.190809148619	0.825287958808
0.29640625		0.190507117655	0.82496117469
0.29671875		0.190204822577	0.824633715499
0.29703125		0.189902262584	0.824305578261
0.29734375		0.189599436871	0.823976759978
0.29765625		0.189296344629	0.823647257635
0.29796875		0.188992985041	0.823317068194
0.29828125		0.18868935729	0.822986188598
0.29859375		0.188385460551	0.822654615766
0.29890625		0.188081293995	0.822322346598
0.29921875		0.187776856791	0.821989377971
0.29953125		0.187472148098	0.821655706743
0.29984375		0.187167167076	0.821321329745
0.30015625		0.186861912875	0.820986243791
0.30046875		0.186556384645	0.82065044567
0.30078125		0.186250581526	0.820313932148
0.30109375		0.185944502658	0.81997669997
0.30140625		0.185638147172	0.819638745856
0.30171875		0.185331514197	0.819300066504
0.30203125		0.185024602855	0.818960658588
0.30234375		0.184717412263	0.818620518758
0.30265625		0.184409941533	0.818279643642
0.30296875		0.184102189774	0.817938029841
0.30328125		0.183794156086	0.817595673933
0.30359375		0.183485839566	0.817252572471
0.30390625		0.183177239306	0.816908721985
0.30421875		0.182868354391	0.816564118977
0.30453125		0.182559183902	0.816218759925
0.30484375		0.182249726913	0.815872641281
0.30515625		0.181939982495	0.815525759471
0.30546875		0.18162994971	0.815178110897
0.30578125		0.181319627617	0.81482969193
0.30609375		0.181009015269	0.81448049892
0.30640625		0.180698111712	0.814130528186
0.30671875		0.180386915989	0.81377977602
0.30703125		0.180075427133	0.813428238689
0.30734375		0.179763644174	0.813075912431
0.30765625		0.179451566136	0.812722793454
0.30796875		0.179139192036	0.812368877941
0.30828125		0.178826520887	0.812014162044
0.30859375		0.178513551692	0.811658641888
0.30890625		0.178200283453	0.811302313567
0.30921875		0.177886715161	0.810945173146
0.30953125		0.177572845803	0.810587216662
0.30984375		0.177258674361	0.810228440118
0.31015625		0.176944199808	0.809868839492
0.31046875		0.176629421113	0.809508410726
0.31078125		0.176314337237	0.809147149734
0.31109375		0.175998947134	0.808785052398
0.31140625		0.175683249753	0.808422114569
0.31171875		0.175367244036	0.808058332064
0.31203125		0.175050928917	0.80769370067
0.31234375		0.174734303325	0.807328216139
0.31265625		0.174417366181	0.806961874193
0.31296875		0.1741001164	0.806594670517
0.31328125		0.17378255289	0.806226600765
0.31359375		0.17346467455	0.805857660556
0.31390625		0.173146480274	0.805487845474
0.31421875		0.172827968949	0.805117151069
0.31453125		0.172509139453	0.804745572856
0.31484375		0.172189990659	0.804373106314
0.31515625		0.171870521431	0.803999746885
0.31546875		0.171550730627	0.803625489977
0.31578125		0.171230617095	0.803250330959
0.31609375		0.170910179678	0.802874265164
0.31640625		0.170589417211	0.802497287887
0.31671875		0.170268328519	0.802119394386
0.31703125		0.169946912423	0.801740579879
0.31734375		0.169625167733	0.801360839547
0.31765625		0.169303093252	0.800980168531
0.31796875		0.168980687777	0.800598561932
0.31828125		0.168657950093	0.800216014811
0.31859375		0.16833487898	0.79983252219
0.31890625		0.168011473209	0.799448079047
0.31921875		0.167687731542	0.79906268032
0.31953125		0.167363652734	0.798676320908
0.31984375		0.16703923553	0.798288995662
0.32015625		0.166714478667	0.797900699396
0.32046875		0.166389380874	0.797511426875
0.32078125		0.16606394087	0.797121172825
0.32109375		0.165738157367	0.796729931925
0.32140625		0.165412029067	0.79633769881
0.32171875		0.165085554662	0.795944468069
0.32203125		0.164758732837	0.795550234246
0.32234375		0.164431562266	0.795154991838
0.32265625		0.164104041616	0.794758735296
0.32296875		0.163776169542	0.794361459023
0.32328125		0.163447944692	0.793963157372
0.32359375		0.163119365702	0.793563824651
0.32390625		0.1627904312	0.793163455116
0.32421875		0.162461139806	0.792762042976
0.32453125		0.162131490125	0.792359582386
0.32484375		0.161801480757	0.791956067454
0.32515625		0.161471110291	0.791551492233
0.32546875		0.161140377303	0.791145850727
0.32578125		0.160809280362	0.790739136884
0.32609375		0.160477818026	0.790331344603
0.32640625		0.160145988841	0.789922467724
0.32671875		0.159813791344	0.789512500036
0.32703125		0.159481224061	0.789101435271
0.32734375		0.159148285507	0.788689267106
0.32765625		0.158814974186	0.78827598916
0.32796875		0.158481288591	0.787861594997
0.32828125		0.158147227204	0.78744607812
0.32859375		0.157812788496	0.787029431975
0.32890625		0.157477970927	0.786611649948
0.32921875		0.157142772944	0.786192725366
0.32953125		0.156807192984	0.785772651492
0.32984375		0.156471229471	0.785351421532
0.33015625		0.156134880819	0.784929028625
0.33046875		0.155798145427	0.784505465848
0.33078125		0.155461021686	0.784080726216
0.33109375		0.15512350797	0.783654802678
0.33140625		0.154785602645	0.783227688115
0.33171875		0.154447304062	0.782799375345
0.33203125		0.154108610559	0.782369857116
0.33234375		0.153769520463	0.78193912611
0.33265625		0.153430032087	0.781507174938
0.33296875		0.153090143731	0.781073996142
0.33328125		0.152749853682	0.780639582193
0.33359375		0.152409160214	0.780203925491
0.33390625		0.152068061586	0.779767018362
0.33421875		0.151726556045	0.779328853058
0.33453125		0.151384641823	0.778889421758
0.33484375		0.151042317139	0.778448716564
0.33515625		0.150699580197	0.778006729504
0.33546875		0.150356429187	0.777563452524
0.33578125		0.150012862286	0.777118877495
0.33609375		0.149668877653	0.776672996207
0.33640625		0.149324473435	0.776225800369
0.33671875		0.148979647763	0.77577728161
0.33703125		0.148634398754	0.775327431473
0.33734375		0.148288724507	0.77487624142
0.33765625		0.147942623109	0.774423702827
0.33796875		0.147596092629	0.773969806982
0.33828125		0.14724913112	0.773514545088
0.33859375		0.14690173662	0.773057908257
0.33890625		0.14655390715	0.772599887514
0.33921875		0.146205640716	0.77214047379
0.33953125		0.145856935306	0.771679657925
0.33984375		0.145507788891	0.771217430665
0.34015625		0.145158199425	0.770753782662
0.34046875		0.144808164846	0.770288704471
0.34078125		0.144457683074	0.769822186549
0.34109375		0.14410675201	0.769354219254
0.34140625		0.14375536954	0.768884792845
0.34171875		0.143403533527	0.768413897477
0.34203125		0.143051241822	0.767941523205
0.34234375		0.142698492253	0.767467659975
0.34265625		0.142345282629	0.766992297631
0.34296875		0.141991610744	0.766515425906
0.34328125		0.141637474369	0.766037034426
0.34359375		0.141282871256	0.765557112705
0.34390625		0.140927799139	0.765075650145
0.34421875		0.14057225573	0.764592636032
0.34453125		0.140216238723	0.76410805954
0.34484375		0.13985974579	0.763621909722
0.34515625		0.139502774582	0.763134175514
0.34546875		0.139145322729	0.76264484573
0.34578125		0.138787387841	0.762153909061
0.34609375		0.138428967506	0.761661354073
0.34640625		0.138070059289	0.761167169208
0.34671875		0.137710660734	0.760671342777
0.34703125		0.137350769362	0.760173862962
0.34734375		0.136990382672	0.759674717812
0.34765625		0.136629498139	0.759173895243
0.34796875		0.136268113215	0.758671383032
0.34828125		0.135906225329	0.758167168821
0.34859375		0.135543831886	0.757661240109
0.34890625		0.135180930266	0.757153584253
0.34921875		0.134817517824	0.756644188465
0.34953125		0.134453591893	0.756133039809
0.34984375		0.134089149776	0.755620125202
0.35015625		0.133724188755	0.755105431407
0.35046875		0.133358706082	0.754588945032
0.35078125		0.132992698987	0.75407065253
0.35109375		0.13262616467	0.753550540196
0.35140625		0.132259100305	0.753028594159
0.35171875		0.131891503039	0.752504800388
0.35203125		0.131523369991	0.751979144683
0.35234375		0.131154698251	0.751451612674
0.35265625		0.130785484881	0.75092218982
0.35296875		0.130415726915	0.750390861403
0.35328125		0.130045421356	0.749857612529
0.35359375		0.129674565179	0.749322428121
0.35390625		0.129303155326	0.748785292919
0.35421875		0.128931188711	0.748246191476
0.35453125		0.128558662215	0.747705108154
0.35484375		0.12818557269	0.747162027123
0.35515625		0.127811916953	0.746616932355
0.35546875		0.12743769179	0.746069807622
0.35578125		0.127062893954	0.745520636494
0.35609375		0.126687520164	0.744969402333
0.35640625		0.126311567106	0.744416088291
0.35671875		0.12593503143	0.743860677307
0.35703125		0.125557909753	0.743303152101
0.35734375		0.125180198656	0.742743495172
0.35765625		0.124801894682	0.742181688793
0.35796875		0.124422994339	0.74161771501
0.35828125		0.124043494099	0.741051555634
0.35859375		0.123663390395	0.740483192239
0.35890625		0.12328267962	0.739912606157
0.35921875		0.122901358131	0.739339778475
0.35953125		0.122519422245	0.738764690028
0.35984375		0.122136868238	0.738187321399
0.36015625		0.121753692345	0.73760765291
0.36046875		0.121369890761	0.737025664618
0.36078125		0.120985459639	0.736441336312
0.36109375		0.120600395086	0.735854647508
0.36140625		0.120214693171	0.735265577442
0.36171875		0.119828349915	0.734674105067
0.36203125		0.119441361295	0.734080209044
0.36234375		0.119053723244	0.733483867743
0.36265625		0.118665431647	0.732885059231
0.36296875		0.118276482344	0.732283761271
0.36328125		0.117886871124	0.731679951311
0.36359375		0.117496593731	0.731073606485
0.36390625		0.117105645857	0.730464703601
0.36421875		0.116714023147	0.729853219139
0.36453125		0.116321721191	0.72923912924
0.36484375		0.11592873553	0.728622409703
0.36515625		0.115535061651	0.728003035979
0.36546875		0.115140694988	0.72738098316
0.36578125		0.11474563092	0.726756225976
0.36609375		0.114349864771	0.726128738785
0.36640625		0.113953391809	0.725498495569
0.36671875		0.113556207243	0.724865469923
0.36703125		0.113158306224	0.724229635046
0.36734375		0.112759683845	0.72359096374
0.36765625		0.112360335136	0.722949428394
0.36796875		0.111960255069	0.722305000981
0.36828125		0.11155943855	0.721657653044
0.36859375		0.111157880423	0.721007355696
0.36890625		0.110755575466	0.720354079599
0.36921875		0.110352518391	0.719697794966
0.36953125		0.109948703844	0.719038471544
0.36984375		0.109544126402	0.718376078608
0.37015625		0.109138780571	0.717710584948
0.37046875		0.108732660786	0.717041958863
0.37078125		0.108325761411	0.716370168144
0.37109375		0.107918076736	0.71569518007
0.37140625		0.107509600974	0.715016961393
0.37171875		0.107100328263	0.714335478324
0.37203125		0.106690252664	0.713650696529
0.37234375		0.106279368155	0.712962581108
0.37265625		0.105867668636	0.712271096588
0.37296875		0.105455147923	0.711576206909
0.37328125		0.105041799749	0.71087787541
0.37359375		0.104627617759	0.710176064816
0.37390625		0.104212595512	0.709470737223
0.37421875		0.103796726477	0.708761854084
0.37453125		0.103380004033	0.708049376197
0.37484375		0.102962421464	0.707333263684
0.37515625		0.102543971961	0.706613475981
0.37546875		0.102124648617	0.705889971818
0.37578125		0.101704444428	0.705162709205
0.37609375		0.101283352287	0.704431645412
0.37640625		0.100861364985	0.703696736954
0.37671875		0.100438475208	0.702957939571
0.37703125		0.100014675537	0.70221520821
0.37734375		0.0995899584394	0.701468497005
0.37765625		0.0991643162742	0.70071775926
0.37796875		0.0987377412846	0.699962947423
0.37828125		0.0983102255978	0.69920401307
0.37859375		0.0978817612217	0.698440906879
0.37890625		0.0974523400424	0.69767357861
0.37921875		0.0970219538218	0.696901977083
0.37953125		0.0965905941944	0.696126050149
0.37984375		0.096158252665	0.69534574467
0.38015625		0.0957249206054	0.694561006492
0.38046875		0.0952905892516	0.693771780415
0.38078125		0.0948552497006	0.692978010173
0.38109375		0.0944188929073	0.692179638399
0.38140625		0.0939815096812	0.691376606598
0.38171875		0.0935430906833	0.690568855117
0.38203125		0.0931036264221	0.689756323115
0.38234375		0.0926631072506	0.68893894853
0.38265625		0.0922215233622	0.688116668042
0.38296875		0.091778864787	0.687289417045
0.38328125		0.0913351213882	0.686457129606
0.38359375		0.0908902828576	0.68561973843
0.38390625		0.0904443387118	0.684777174822
0.38421875		0.0899972782877	0.683929368645
0.38453125		0.0895490907381	0.683076248282
0.38484375		0.0890997650274	0.682217740593
0.38515625		0.0886492899263	0.681353770866
0.38546875		0.0881976540076	0.680484262778
0.38578125		0.0877448456405	0.679609138344
0.38609375		0.0872908529861	0.678728317867
0.38640625		0.0868356639912	0.677841719889
0.38671875		0.0863792663837	0.676949261134
0.38703125		0.0859216476659	0.67605085646
0.38734375		0.0854627951091	0.675146418793
0.38765625		0.0850026957476	0.674235859075
0.38796875		0.0845413363716	0.673319086198
0.38828125		0.0840787035215	0.67239600694
0.38859375		0.0836147834803	0.6714665259
0.38890625		0.0831495622672	0.670530545427
0.38921875		0.0826830256296	0.669587965547
0.38953125		0.0822151590362	0.66863868389
0.38984375		0.0817459476686	0.667682595611
0.39015625		0.0812753764133	0.666719593305
0.39046875		0.0808034298534	0.665749566929
0.39078125		0.0803300922595	0.664772403704
0.39109375		0.079855347581	0.663787988031
0.39140625		0.0793791794363	0.66279620139
0.39171875		0.078901571103	0.661796922239
0.39203125		0.0784225055079	0.660790025914
0.39234375		0.0779419652162	0.659775384512
0.39265625		0.0774599324206	0.658752866781
0.39296875		0.0769763889296	0.657722338001
0.39328125		0.0764913161559	0.656683659857
0.39359375		0.0760046951037	0.655636690306
0.39390625		0.075516506356	0.654581283444
0.39421875		0.0750267300607	0.653517289361
0.39453125		0.0745353459173	0.652444553992
0.39484375		0.0740423331613	0.651362918954
0.39515625		0.0735476705501	0.650272221391
0.39546875		0.0730513363459	0.649172293791
0.39578125		0.0725533083001	0.648062963813
0.39609375		0.0720535636353	0.646944054089
0.39640625		0.0715520790274	0.645815382031
0.39671875		0.071048830587	0.644676759615
0.39703125		0.070543793839	0.643527993164
0.39734375		0.0700369437024	0.642368883114
0.39765625		0.0695282544686	0.641199223771
0.39796875		0.0690176997784	0.640018803051
0.39828125		0.0685052525986	0.63882740221
0.39859375		0.0679908851973	0.637624795559
0.39890625		0.0674745691171	0.636410750163
0.39921875		0.0669562751486	0.635185025521
0.39953125		0.0664359733012	0.633947373229
0.39984375		0.065913632773	0.632697536631
0.40015625		0.0653892219194	0.631435250436
0.40046875		0.0648627082193	0.630160240326
0.40078125		0.0643340582408	0.628872222533
0.40109375		0.0638032376036	0.627570903399
0.40140625		0.0632702109408	0.626255978895
0.40171875		0.0627349418575	0.624927134128
0.40203125		0.0621973928881	0.623584042806
0.40234375		0.0616575254504	0.622226366675
0.40265625		0.0611152997981	0.620853754916
0.40296875		0.0605706749692	0.619465843509
0.40328125		0.0600236087333	0.618062254549
0.40359375		0.0594740575341	0.616642595526
0.40390625		0.0589219764294	0.615206458545
0.40421875		0.0583673190277	0.613753419508
0.40453125		0.0578100374203	0.612283037222
0.40484375		0.0572500821097	0.610794852466
0.40515625		0.0566874019335	0.60928838697
0.40546875		0.0561219439832	0.60776314234
0.40578125		0.0555536535184	0.606218598894
0.40609375		0.0549824738746	0.604654214413
0.40640625		0.0544083463657	0.603069422804
0.40671875		0.0538312101796	0.601463632654
0.40703125		0.0532510022666	0.599836225678
0.40734375		0.0526676572204	0.598186555043
0.40765625		0.0520811071505	0.596513943558
0.40796875		0.0514912815457	0.594817681716
0.40828125		0.0508981071272	0.593097025578
0.40859375		0.050301507692	0.591351194474
0.40890625		0.0497014039431	0.589579368515
0.40921875		0.0490977133078	0.587780685879
0.40953125		0.0484903497416	0.585954239869
0.40984375		0.0478792235164	0.584099075691
0.41015625		0.047264240992	0.58221418695
0.41046875		0.0466453043687	0.580298511808
0.41078125		0.0460223114188	0.578350928783
0.41109375		0.0453951551964	0.576370252128
0.41140625		0.0447637237207	0.574355226766
0.41171875		0.0441278996319	0.5723045227
0.41203125		0.0434875598163	0.570216728843
0.41234375		0.042842574996	0.568090346206
0.41265625		0.0421928092806	0.565923780339
0.41296875		0.0415381196754	0.563715332941
0.41328125		0.0408783555418	0.561463192519
0.41359375		0.0402133580023	0.559165423963
0.41390625		0.0395429592854	0.556819956893
0.41421875		0.0388669820008	0.554424572574
0.41453125		0.0381852383369	0.551976889217
0.41484375		0.0374975291687	0.549474345386
0.41515625		0.036803643066	0.54691418123
0.41546875		0.036103355185	0.544293417189
0.41578125		0.0353964260283	0.541608829731
0.41609375		0.0346826000525	0.538856923641
0.41640625		0.0339616041014	0.53603390022
0.41671875		0.0332331456347	0.533135620676
0.41703125		0.032496910722	0.530157563779
0.41734375		0.03175256176	0.527094776688
0.41765625		0.0309997348669	0.523941817561
0.41796875		0.0302380368959	0.520692688244
0.41828125		0.0294670419971	0.517340754917
0.41859375		0.0286862876429	0.513878653987
0.41890625		0.0278952700092	0.510298179815
0.41921875		0.0270934385826	0.506590149887
0.41953125		0.0262801898272	0.502744241752
0.41984375		0.0254548597039	0.498748794299
0.42015625		0.024616714777	0.49459056357
0.42046875		0.0237649415668	0.490254420003
0.42078125		0.0228986337077	0.485722969338
0.42109375		0.0220167763289	0.480976072809
0.42140625		0.0211182268851	0.475990232628
0.42171875		0.0202016913959	0.470737794542
0.42203125		0.0192656946678	0.465185897774
0.42234375		0.0183085425172	0.459295069547
0.42265625		0.0173282731912	0.453017308868
0.42296875		0.0163225939398	0.446293418684
0.42328125		0.0152887967727	0.439049201295
0.42359375		0.0142236443801	0.431189879675
0.42390625		0.0131232121941	0.422591646193
0.42421875		0.0119826640566	0.413088352669
0.42453125		0.0107959237959	0.402449537319
0.42484375		0.00955517607901	0.390341959957
0.42515625		0.00825006753894	0.37625697342
0.42546875		0.0068663027797	0.359358336136
0.42578125		0.00538245174565	0.338106405027
0.42609375		0.00385784870592	0.311061084689
0.42640625		0.00243622575509	0.277250471618
0.42671875		0.00126584489699	0.235326972403
0.42703125		0.000462970640326	0.182885409681
0.42734375		6.38198956735e-05	0.110990940882
0.42765625		2.09277089764e-08	0.0148792380681
0.42796875		4.1145460558e-09	0.0100008096319
0.42828125		4.11315264035e-09	0.0100000000678
0.42859375		4.11315252376e-09	0.01
0.42890625		4.11315252376e-09	0.01
0.42921875		4.11315252376e-09	0.01
0.42953125		4.11315252376e-09	0.01
0.42984375		4.11315252376e-09	0.01
0.43015625		4.11315252376e-09	0.01
0.43046875		4.11315252376e-09	0.01
0.43078125		4.11315252376e-09	0.01
0.43109375		4.11315252376e-09	0.01
0.43140625		4.11315252376e-09	0.01
0.43171875		4.11315252376e-09	0.01
0.43203125		4.11315252376e-09	0.01
0.43234375		4.11315252376e-09	0.01
0.43265625		4.11315252376e-09	0.01
0.43296875		4.11315252376e-09	0.01
0.43328125		4.11315252376e-09	0.01
0.43359375		4.11315252376e-09	0.01
0.43390625		4.11315252376e-09	0.01
0.43421875		4.11315252376e-09	0.01
0.43453125		4.11315252376e-09	0.01
0.43484375		4.11315252376e-09	0.01
0.43515625		4.11315252376e-09	0.01
0.43546875		4.11315252376e-09	0.01
0.43578125		4.11315252376e-09	0.01
0.43609375		4.11315252376e-09	0.01
0.43640625		4.11315252376e-09	0.01
0.43671875		4.11315252376e-09	0.01
0.43703125		4.11315252376e-09	0.01
0.43734375		4.11315252376e-09	0.01
0.43765625		4.11315252376e-09	0.01
0.43796875		4.11315252376e-09	0.01
0.43828125		4.11315252376e-09	0.01
0.43859375		4.11315252376e-09	0.01
0.43890625		4.11315252376e-09	0.01
0.43921875		4.11315252376e-09	0.01
0.43953125		4.11315252376e-09	0.01
0.43984375		4.11315252376e-09	0.01
0.44015625		4.11315252376e-09	0.01
0.44046875		4.11315252376e-09	0.01
0.44078125		4.11315252376e-09	0.01
0.44109375		4.11315252376e-09	0.01
0.44140625		4.11315252376e-09	0.01
0.44171875		4.11315252376e-09	0.01
0.44203125		4.11315252376e-09	0.01
0.44234375		4.11315252376e-09	0.01
0.44265625		4.11315252376e-09	0.01
0.44296875		4.11315252376e-09	0.01
0.44328125		4.11315252376e-09	0.01
0.44359375		4.11315252376e-09	0.01
0.44390625		4.11315252376e-09	0.01
0.44421875		4.11315252376e-09	0.01
0.44453125		4.11315252376e-09	0.01
0.44484375		4.11315252376e-09	0.01
0.44515625		4.11315252376e-09	0.01
0.44546875		4.11315252376e-09	0.01
0.44578125		4.11315252376e-09	0.01
0.44609375		4.11315252376e-09	0.01
0.44640625		4.11315252376e-09	0.01
0.44671875		4.11315252376e-09	0.01
0.44703125		4.11315252376e-09	0.01
0.44734375		4.11315252376e-09	0.01
0.44765625		4.11315252376e-09	0.01
0.44796875		4.11315252376e-09	0.01
0.44828125		4.11315252376e-09	0.01
0.44859375		4.11315252376e-09	0.01
0.44890625		4.11315252376e-09	0.01
0.44921875		4.11315252376e-09	0.01
0.44953125		4.11315252376e-09	0.01
0.44984375		4.11315252376e-09	0.01
0.45015625		4.11315252376e-09	0.01
0.45046875		4.11315252376e-09	0.01
0.45078125		4.11315252376e-09	0.01
0.45109375		4.11315252376e-09	0.01
0.45140625		4.11315252376e-09	0.01
0.45171875		4.11315252376e-09	0.01
0.45203125		4.11315252376e-09	0.01
0.45234375		4.11315252376e-09	0.01
0.45265625		4.11315252376e-09	0.01
0.45296875		4.11315252376e-09	0.01
0.45328125		4.11315252376e-09	0.01
0.45359375		4.11315252376e-09	0.01
0.45390625		4.11315252376e-09	0.01
0.45421875		4.11315252376e-09	0.01
0.45453125		4.11315252376e-09	0.01
0.45484375		4.11315252376e-09	0.01
0.45515625		4.11315252376e-09	0.01
0.45546875		4.11315252376e-09	0.01
0.45578125		4.11315252376e-09	0.01
0.45609375		4.11315252376e-09	0.01
0.45640625		4.11315252376e-09	0.01
0.45671875		4.11315252376e-09	0.01
0.45703125		4.11315252376e-09	0.01
0.45734375		4.11315252376e-09	0.01
0.45765625		4.11315252376e-09	0.01
0.45796875		4.11315252376e-09	0.01
0.45828125		4.11315252376e-09	0.01
0.45859375		4.11315252376e-09	0.01
0.45890625		4.11315252376e-09	0.01
0.45921875		4.11315252376e-09	0.01
0.45953125		4.11315252376e-09	0.01
0.45984375		4.11315252376e-09	0.01
0.46015625		4.11315252376e-09	0.01
0.46046875		4.11315252376e-09	0.01
0.46078125		4.11315252376e-09	0.01
0.46109375		4.11315252376e-09	0.01
0.46140625		4.11315252376e-09	0.01
0.46171875		4.11315252376e-09	0.01
0.46203125		4.11315252376e-09	0.01
0.46234375		4.11315252376e-09	0.01
0.46265625		4.11315252376e-09	0.01
0.46296875		4.11315252376e-09	0.01
0.46328125		4.11315252376e-09	0.01
0.46359375		4.11315252376e-09	0.01
0.46390625		4.11315252376e-09	0.01
0.46421875		4.11315252376e-09	0.01
0.46453125		4.11315252376e-09	0.01
0.46484375		4.11315252376e-09	0.01
0.46515625		4.11315252376e-09	0.01
0.46546875		4.11315252376e-09	0.01
0.46578125		4.11315252376e-09	0.01
0.46609375		4.11315252376e-09	0.01
0.46640625		4.11315252376e-09	0.01
0.46671875		4.11315252376e-09	0.01
0.46703125		4.11315252376e-09	0.01
0.46734375		4.11315252376e-09	0.01
0.46765625		4.11315252376e-09	0.01
0.46796875		4.11315252376e-09	0.01
0.46828125		4.11315252376e-09	0.01
0.46859375		4.11315252376e-09	0.01
0.46890625		4.11315252376e-09	0.01
0.46921875		4.11315252376e-09	0.01
0.46953125		4.11315252376e-09	0.01
0.46984375		4.11315252376e-09	0.01
0.47015625		4.11315252376e-09	0.01
0.47046875		4.11315252376e-09	0.01
0.47078125		4.11315252376e-09	0.01
0.47109375		4.11315252376e-09	0.01
0.47140625		4.11315252376e-09	0.01
0.47171875		4.11315252376e-09	0.01
0.47203125		4.11315252376e-09	0.01
0.47234375		4.11315252376e-09	0.01
0.47265625		4.11315252376e-09	0.01
0.47296875		4.11315252376e-09	0.01
0.47328125		4.11315252376e-09	0.01
0.47359375		4.11315252376e-09	0.01
0.47390625		4.11315252376e-09	0.01
0.47421875		4.11315252376e-09	0.01
0.47453125		4.11315252376e-09	0.01
0.47484375		4.11315252376e-09	0.01
0.47515625		4.11315252376e-09	0.01
0.47546875		4.11315252376e-09	0.01
0.47578125		4.11315252376e-09	0.01
0.47609375		4.11315252376e-09	0.01
0.47640625		4.11315252376e-09	0.01
0.47671875		4.11315252376e-09	0.01
0.47703125		4.11315252376e-09	0.01
0.47734375		4.11315252376e-09	0.01
0.47765625		4.11315252376e-09	0.01
0.47796875		4.11315252376e-09	0.01
0.47828125		4.11315252376e-09	0.01
0.47859375		4.11315252376e-09	0.01
0.47890625		4.11315252376e-09	0.01
0.47921875		4.11315252376e-09	0.01
0.47953125		4.11315252376e-09	0.01
0.47984375		4.11315252376e-09	0.01
0.48015625		4.11315252376e-09	0.01
0.48046875		4.11315252376e-09	0.01
0.48078125		4.11315252376e-09	0.01
0.48109375		4.11315252376e-09	0.01
0.48140625		4.11315252376e-09	0.01
0.48171875		4.11315252376e-09	0.01
0.48203125		4.11315252376e-09	0.01
0.48234375		4.11315252376e-09	0.01
0.48265625		4.11315252376e-09	0.01
0.48296875		4.11315252376e-09	0.01
0.48328125		4.11315252376e-09	0.01
0.48359375		4.11315252376e-09	0.01
0.48390625		4.11315252376e-09	0.01
0.48421875		4.11315252376e-09	0.01
0.48453125		4.11315252376e-09	0.01
0.48484375		4.11315252376e-09	0.01
0.48515625		4.11315252376e-09	0.01
0.48546875		4.11315252376e-09	0.01
0.48578125		4.11315252376e-09	0.01
0.48609375		4.11315252376e-09	0.01
0.48640625		4.11315252376e-09	0.01
0.48671875		4.11315252376e-09	0.01
0.48703125		4.11315252376e-09	0.01
0.48734375		4.11315252376e-09	0.01
0.48765625		4.11315252376e-09	0.01
0.48796875		4.11315252376e-09	0.01
0.48828125		4.11315252376e-09	0.01
0.48859375		4.11315252376e-09	0.01
0.48890625		4.11315252376e-09	0.01
0.48921875		4.11315252376e-09	0.01
0.48953125		4.11315252376e-09	0.01
0.48984375		4.11315252376e-09	0.01
0.49015625		4.11315252376e-09	0.01
0.49046875		4.11315252376e-09	0.01
0.49078125		4.11315252376e-09	0.01
0.49109375		4.11315252376e-09	0.01
0.49140625		4.11315252376e-09	0.01
0.49171875		4.11315252376e-09	0.01
0.49203125		4.11315252376e-09	0.01
0.49234375		4.11315252376e-09	0.01
0.49265625		4.11315252376e-09	0.01
0.49296875		4.11315252376e-09	0.01
0.49328125		4.11315252376e-09	0.01
0.49359375		4.11315252376e-09	0.01
0.49390625		4.11315252376e-09	0.01
0.49421875		4.11315252376e-09	0.01
0.49453125		4.11315252376e-09	0.01
0.49484375		4.11315252376e-09	0.01
0.49515625		4.11315252376e-09	0.01
0.49546875		4.11315252376e-09	0.01
0.49578125		4.11315252376e-09	0.01
0.49609375		4.11315252376e-09	0.01
0.49640625		4.11315252376e-09	0.01
0.49671875		4.11315252376e-09	0.01
0.49703125		4.11315252376e-09	0.01
0.49734375		4.11315252376e-09	0.01
0.49765625		4.11315252376e-09	0.01
0.49796875		4.11315252376e-09	0.01
0.49828125		4.11315252376e-09	0.01
0.49859375		4.11315252376e-09	0.01
0.49890625		4.11315252376e-09	0.01
0.49921875		4.11315252376e-09	0.01
0.49953125		4.11315252376e-09	0.01
0.49984375		4.11315252376e-09	0.01
