0.00015625		0.410186117614	0.999313010469
0.00046875		0.410019229821	0.999211086294
0.00078125		0.409792246049	0.99907292342
0.00109375		0.409560097977	0.998931464014
0.00140625		0.409343462961	0.998799360658
0.00171875		0.409136390751	0.998673025915
0.00203125		0.408935243768	0.998550258408
0.00234375		0.408738080428	0.998429877376
0.00265625		0.408543764493	0.998311191687
0.00296875		0.40835155272	0.998193749476
0.00328125		0.408160870924	0.998077201114
0.00359375		0.407971287356	0.997961283431
0.00390625		0.407782511286	0.997845819213
0.00421875		0.407594354704	0.997730693939
0.00453125		0.407406685517	0.997615827139
0.00484375		0.407219401688	0.99750115663
0.00515625		0.407032417507	0.997386630134
0.00546875		0.406845661575	0.99727220404
0.00578125		0.406659081303	0.997157846209
0.00609375		0.40647263994	0.99704353419
0.00640625		0.406286308678	0.99692925038
0.00671875		0.406100062192	0.996814979276
0.00703125		0.405913877975	0.996700707083
0.00734375		0.40572773626	0.996586421675
0.00765625		0.405541619797	0.99647211245
0.00796875		0.405355515275	0.996357771209
0.00828125		0.405169414674	0.996243393007
0.00859375		0.404983310608	0.99612897326
0.00890625		0.404797194461	0.996014506624
0.00921875		0.404611058891	0.995899988557
0.00953125		0.404424897842	0.99578541529
0.00984375		0.404238705833	0.995670783396
0.01015625		0.404052478093	0.995556089886
0.01046875		0.403866210671	0.99544133227
0.01078125		0.403679900336	0.9953265085
0.01109375		0.403493544395	0.995211616855
0.01140625		0.403307140536	0.995096655848
0.01171875		0.403120686739	0.99498162417
0.01203125		0.40293418123	0.99486652066
0.01234375		0.402747622448	0.99475134429
0.01265625		0.402561009011	0.994636094139
0.01296875		0.402374339691	0.994520769381
0.01328125		0.40218761342	0.994405369286
0.01359375		0.40200082931	0.994289893237
0.01390625		0.401813986611	0.9941743407
0.01421875		0.401627084637	0.994058711178
0.01453125		0.401440122738	0.993943004199
0.01484375		0.401253100326	0.993827219327
0.01515625		0.401066016896	0.993711356177
0.01546875		0.40087887201	0.993595414404
0.01578125		0.400691665284	0.993479393698
0.01609375		0.400504396372	0.99336329377
0.01640625		0.400317064963	0.993247114354
0.01671875		0.400129670776	0.9931308552
0.01703125		0.399942213552	0.993014516074
0.01734375		0.39975469306	0.992898096758
0.01765625		0.399567109093	0.992781597048
0.01796875		0.399379461463	0.992665016752
0.01828125		0.399191749998	0.992548355687
0.01859375		0.399003974536	0.992431613676
0.01890625		0.398816134924	0.99231479055
0.01921875		0.398628231022	0.992197886143
0.01953125		0.398440262702	0.992080900301
0.01984375		0.398252229843	0.99196383287
0.02015625		0.398064132334	0.991846683706
0.02046875		0.397875970069	0.991729452664
0.02078125		0.397687742947	0.991612139604
0.02109375		0.39749945087	0.991494744389
0.02140625		0.397311093749	0.991377266883
0.02171875		0.397122671496	0.991259706956
0.02203125		0.396934184029	0.991142064477
0.02234375		0.396745631267	0.991024339318
0.02265625		0.396557013132	0.990906531351
0.02296875		0.396368329549	0.990788640452
0.02328125		0.396179580445	0.990670666495
0.02359375		0.395990765749	0.990552609356
0.02390625		0.395801885389	0.990434468913
0.02421875		0.395612939299	0.990316245043
0.02453125		0.395423927411	0.990197937626
0.02484375		0.395234849658	0.990079546539
0.02515625		0.395045705977	0.989961071662
0.02546875		0.394856496302	0.989842512875
0.02578125		0.39466722057	0.989723870058
0.02609375		0.394477878719	0.989605143091
0.02640625		0.394288470686	0.989486331854
0.02671875		0.39409899641	0.989367436228
0.02703125		0.393909455829	0.989248456093
0.02734375		0.393719848882	0.98912939133
0.02765625		0.393530175509	0.989010241819
0.02796875		0.393340435649	0.988891007441
0.02828125		0.393150629243	0.988771688076
0.02859375		0.392960756229	0.988652283605
0.02890625		0.39277081655	0.988532793908
0.02921875		0.392580810145	0.988413218865
0.02953125		0.392390736954	0.988293558356
0.02984375		0.392200596918	0.988173812261
0.03015625		0.392010389978	0.988053980461
0.03046875		0.391820116075	0.987934062834
0.03078125		0.391629775148	0.98781405926
0.03109375		0.39143936714	0.987693969619
0.03140625		0.39124889199	0.987573793788
0.03171875		0.39105834964	0.987453531648
0.03203125		0.390867740029	0.987333183076
0.03234375		0.3906770631	0.987212747952
0.03265625		0.390486318792	0.987092226152
0.03296875		0.390295507046	0.986971617556
0.03328125		0.390104627802	0.986850922041
0.03359375		0.389913681002	0.986730139484
0.03390625		0.389722666585	0.986609269763
0.03421875		0.389531584492	0.986488312755
0.03453125		0.389340434663	0.986367268335
0.03484375		0.389149217039	0.986246136382
0.03515625		0.388957931559	0.986124916771
0.03546875		0.388766578163	0.986003609377
0.03578125		0.388575156793	0.985882214077
0.03609375		0.388383667386	0.985760730747
0.03640625		0.388192109884	0.98563915926
0.03671875		0.388000484226	0.985517499493
0.03703125		0.387808790351	0.98539575132
0.03734375		0.3876170282	0.985273914615
0.03765625		0.387425197711	0.985151989252
0.03796875		0.387233298823	0.985029975105
0.03828125		0.387041331477	0.984907872048
0.03859375		0.386849295611	0.984785679954
0.03890625		0.386657191164	0.984663398695
0.03921875		0.386465018075	0.984541028146
0.03953125		0.386272776283	0.984418568177
0.03984375		0.386080465727	0.984296018662
0.04015625		0.385888086345	0.984173379471
0.04046875		0.385695638076	0.984050650478
0.04078125		0.385503120857	0.983927831552
0.04109375		0.385310534628	0.983804922565
0.04140625		0.385117879327	0.983681923388
0.04171875		0.384925154891	0.98355883389
0.04203125		0.384732361258	0.983435653944
0.04234375		0.384539498367	0.983312383417
0.04265625		0.384346566155	0.983189022179
0.04296875		0.38415356456	0.983065570101
0.04328125		0.383960493519	0.98294202705
0.04359375		0.38376735297	0.982818392896
0.04390625		0.383574142849	0.982694667507
0.04421875		0.383380863095	0.982570850751
0.04453125		0.383187513643	0.982446942496
0.04484375		0.382994094432	0.982322942608
0.04515625		0.382800605398	0.982198850957
0.04546875		0.382607046477	0.982074667407
0.04578125		0.382413417606	0.981950391826
0.04609375		0.382219718722	0.981826024081
0.04640625		0.382025949761	0.981701564037
0.04671875		0.38183211066	0.981577011559
0.04703125		0.381638201353	0.981452366514
0.04734375		0.381444221778	0.981327628766
0.04765625		0.381250171871	0.981202798179
0.04796875		0.381056051566	0.98107787462
0.04828125		0.380861860801	0.98095285795
0.04859375		0.380667599509	0.980827748035
0.04890625		0.380473267627	0.980702544738
0.04921875		0.380278865091	0.980577247922
0.04953125		0.380084391834	0.98045185745
0.04984375		0.379889847793	0.980326373184
0.05015625		0.379695232902	0.980200794987
0.05046875		0.379500547096	0.980075122721
0.05078125		0.37930579031	0.979949356247
0.05109375		0.379110962478	0.979823495427
0.05140625		0.378916063535	0.979697540121
0.05171875		0.378721093415	0.97957149019
0.05203125		0.378526052052	0.979445345495
0.05234375		0.378330939381	0.979319105895
0.05265625		0.378135755335	0.979192771251
0.05296875		0.377940499849	0.979066341421
0.05328125		0.377745172855	0.978939816264
0.05359375		0.377549774288	0.978813195641
0.05390625		0.377354304082	0.978686479407
0.05421875		0.377158762168	0.978559667423
0.05453125		0.376963148481	0.978432759545
0.05484375		0.376767462954	0.978305755631
0.05515625		0.37657170552	0.978178655538
0.05546875		0.376375876111	0.978051459122
0.05578125		0.376179974661	0.977924166241
0.05609375		0.375984001101	0.977796776749
0.05640625		0.375787955365	0.977669290504
0.05671875		0.375591837384	0.977541707359
0.05703125		0.375395647092	0.977414027171
0.05734375		0.375199384419	0.977286249794
0.05765625		0.375003049299	0.977158375082
0.05796875		0.374806641662	0.977030402889
0.05828125		0.374610161441	0.97690233307
0.05859375		0.374413608567	0.976774165477
0.05890625		0.374216982971	0.976645899963
0.05921875		0.374020284586	0.976517536381
0.05953125		0.373823513341	0.976389074583
0.05984375		0.373626669168	0.976260514422
0.06015625		0.373429751999	0.976131855748
0.06046875		0.373232761763	0.976003098414
0.06078125		0.373035698391	0.975874242269
0.06109375		0.372838561815	0.975745287165
0.06140625		0.372641351964	0.975616232952
0.06171875		0.372444068768	0.975487079479
0.06203125		0.372246712159	0.975357826597
0.06234375		0.372049282065	0.975228474153
0.06265625		0.371851778416	0.975099021998
0.06296875		0.371654201143	0.974969469978
0.06328125		0.371456550175	0.974839817943
0.06359375		0.371258825441	0.97471006574
0.06390625		0.371061026871	0.974580213217
0.06421875		0.370863154394	0.974450260219
0.06453125		0.370665207939	0.974320206595
0.06484375		0.370467187434	0.97419005219
0.06515625		0.370269092809	0.974059796849
0.06546875		0.370070923993	0.973929440419
0.06578125		0.369872680913	0.973798982745
0.06609375		0.369674363498	0.973668423671
0.06640625		0.369475971676	0.973537763042
0.06671875		0.369277505376	0.973407000701
0.06703125		0.369078964525	0.973276136493
0.06734375		0.368880349051	0.97314517026
0.06765625		0.368681658882	0.973014101846
0.06796875		0.368482893945	0.972882931092
0.06828125		0.368284054168	0.972751657842
0.06859375		0.368085139478	0.972620281936
0.06890625		0.367886149801	0.972488803217
0.06921875		0.367687085066	0.972357221524
0.06953125		0.367487945198	0.972225536699
0.06984375		0.367288730125	0.972093748582
0.07015625		0.367089439773	0.971961857013
0.07046875		0.366890074068	0.97182986183
0.07078125		0.366690632937	0.971697762874
0.07109375		0.366491116305	0.971565559982
0.07140625		0.366291524099	0.971433252993
0.07171875		0.366091856244	0.971300841745
0.07203125		0.365892112666	0.971168326075
0.07234375		0.365692293291	0.97103570582
0.07265625		0.365492398044	0.970902980818
0.07296875		0.36529242685	0.970770150903
0.07328125		0.365092379634	0.970637215913
0.07359375		0.364892256321	0.970504175682
0.07390625		0.364692056835	0.970371030045
0.07421875		0.364491781103	0.970237778838
0.07453125		0.364291429047	0.970104421894
0.07484375		0.364091000593	0.969970959048
0.07515625		0.363890495664	0.969837390132
0.07546875		0.363689914184	0.96970371498
0.07578125		0.363489256078	0.969569933424
0.07609375		0.363288521269	0.969436045296
0.07640625		0.36308770968	0.969302050429
0.07671875		0.362886821236	0.969167948654
0.07703125		0.362685855858	0.969033739801
0.07734375		0.362484813471	0.968899423701
0.07765625		0.362283693998	0.968765000184
0.07796875		0.36208249736	0.96863046908
0.07828125		0.361881223482	0.968495830219
0.07859375		0.361679872284	0.968361083428
0.07890625		0.36147844369	0.968226228537
0.07921875		0.361276937622	0.968091265373
0.07953125		0.361075354002	0.967956193764
0.07984375		0.360873692751	0.967821013537
0.08015625		0.360671953791	0.967685724519
0.08046875		0.360470137045	0.967550326536
0.08078125		0.360268242433	0.967414819413
0.08109375		0.360066269876	0.967279202977
0.08140625		0.359864219296	0.967143477052
0.08171875		0.359662090613	0.967007641463
0.08203125		0.359459883748	0.966871696034
0.08234375		0.359257598623	0.966735640588
0.08265625		0.359055235156	0.966599474949
0.08296875		0.358852793269	0.966463198939
0.08328125		0.358650272882	0.966326812381
0.08359375		0.358447673915	0.966190315097
0.08390625		0.358244996286	0.966053706907
0.08421875		0.358042239917	0.965916987633
0.08453125		0.357839404726	0.965780157096
0.08484375		0.357636490633	0.965643215115
0.08515625		0.357433497556	0.96550616151
0.08546875		0.357230425415	0.965368996101
0.08578125		0.357027274129	0.965231718705
0.08609375		0.356824043616	0.965094329142
0.08640625		0.356620733795	0.964956827228
0.08671875		0.356417344584	0.964819212781
0.08703125		0.356213875901	0.964681485619
0.08734375		0.356010327663	0.964543645557
0.08765625		0.35580669979	0.964405692411
0.08796875		0.355602992198	0.964267625996
0.08828125		0.355399204805	0.964129446129
0.08859375		0.355195337528	0.963991152622
0.08890625		0.354991390284	0.963852745291
0.08921875		0.35478736299	0.963714223948
0.08953125		0.354583255564	0.963575588407
0.08984375		0.35437906792	0.96343683848
0.09015625		0.354174799977	0.963297973979
0.09046875		0.35397045165	0.963158994717
0.09078125		0.353766022855	0.963019900504
0.09109375		0.353561513508	0.96288069115
0.09140625		0.353356923526	0.962741366466
0.09171875		0.353152252822	0.962601926262
0.09203125		0.352947501313	0.962462370347
0.09234375		0.352742668914	0.962322698529
0.09265625		0.352537755541	0.962182910617
0.09296875		0.352332761107	0.962043006418
0.09328125		0.352127685527	0.961902985739
0.09359375		0.351922528716	0.961762848388
0.09390625		0.351717290589	0.96162259417
0.09421875		0.351511971059	0.961482222891
0.09453125		0.35130657004	0.961341734356
0.09484375		0.351101087446	0.96120112837
0.09515625		0.35089552319	0.961060404737
0.09546875		0.350689877187	0.960919563261
0.09578125		0.350484149349	0.960778603745
0.09609375		0.350278339589	0.960637525991
0.09640625		0.35007244782	0.960496329802
0.09671875		0.349866473955	0.960355014979
0.09703125		0.349660417906	0.960213581324
0.09734375		0.349454279585	0.960072028636
0.09765625		0.349248058905	0.959930356716
0.09796875		0.349041755778	0.959788565363
0.09828125		0.348835370114	0.959646654376
0.09859375		0.348628901827	0.959504623555
0.09890625		0.348422350826	0.959362472696
0.09921875		0.348215717024	0.959220201597
0.09953125		0.348009000331	0.959077810055
0.09984375		0.347802200658	0.958935297866
0.10015625		0.347595317915	0.958792664826
0.10046875		0.347388352014	0.958649910731
0.10078125		0.347181302864	0.958507035374
0.10109375		0.346974170375	0.95836403855
0.10140625		0.346766954456	0.958220920053
0.10171875		0.346559655019	0.958077679676
0.10203125		0.346352271972	0.957934317211
0.10234375		0.346144805224	0.95779083245
0.10265625		0.345937254684	0.957647225184
0.10296875		0.345729620261	0.957503495205
0.10328125		0.345521901865	0.957359642303
0.10359375		0.345314099402	0.957215666267
0.10390625		0.345106212782	0.957071566886
0.10421875		0.344898241913	0.95692734395
0.10453125		0.344690186702	0.956782997246
0.10484375		0.344482047058	0.956638526561
0.10515625		0.344273822887	0.956493931683
0.10546875		0.344065514096	0.956349212398
0.10578125		0.343857120594	0.956204368491
0.10609375		0.343648642286	0.956059399748
0.10640625		0.34344007908	0.955914305953
0.10671875		0.343231430881	0.95576908689
0.10703125		0.343022697597	0.955623742343
0.10734375		0.342813879132	0.955478272095
0.10765625		0.342604975394	0.955332675928
0.10796875		0.342395986286	0.955186953623
0.10828125		0.342186911716	0.955041104961
0.10859375		0.341977751588	0.954895129723
0.10890625		0.341768505807	0.95474902769
0.10921875		0.341559174278	0.954602798639
0.10953125		0.341349756906	0.95445644235
0.10984375		0.341140253594	0.954309958601
0.11015625		0.340930664247	0.95416334717
0.11046875		0.34072098877	0.954016607832
0.11078125		0.340511227065	0.953869740365
0.11109375		0.340301379036	0.953722744544
0.11140625		0.340091444586	0.953575620145
0.11171875		0.33988142362	0.95342836694
0.11203125		0.339671316038	0.953280984705
0.11234375		0.339461121745	0.953133473213
0.11265625		0.339250840642	0.952985832236
0.11296875		0.339040472633	0.952838061545
0.11328125		0.338830017618	0.952690160913
0.11359375		0.338619475499	0.95254213011
0.11390625		0.338408846179	0.952393968905
0.11421875		0.338198129558	0.952245677069
0.11453125		0.337987325538	0.95209725437
0.11484375		0.33777643402	0.951948700576
0.11515625		0.337565454903	0.951800015455
0.11546875		0.33735438809	0.951651198774
0.11578125		0.337143233479	0.951502250298
0.11609375		0.336931990971	0.951353169793
0.11640625		0.336720660466	0.951203957025
0.11671875		0.336509241864	0.951054611756
0.11703125		0.336297735063	0.950905133752
0.11734375		0.336086139963	0.950755522775
0.11765625		0.335874456462	0.950605778586
0.11796875		0.33566268446	0.950455900949
0.11828125		0.335450823854	0.950305889623
0.11859375		0.335238874543	0.950155744368
0.11890625		0.335026836425	0.950005464945
0.11921875		0.334814709398	0.949855051113
0.11953125		0.334602493359	0.949704502629
0.11984375		0.334390188205	0.949553819251
0.12015625		0.334177793833	0.949403000736
0.12046875		0.333965310141	0.94925204684
0.12078125		0.333752737024	0.949100957319
0.12109375		0.33354007438	0.948949731927
0.12140625		0.333327322104	0.948798370419
0.12171875		0.333114480091	0.948646872548
0.12203125		0.332901548238	0.948495238067
0.12234375		0.332688526441	0.948343466727
0.12265625		0.332475414593	0.94819155828
0.12296875		0.33226221259	0.948039512477
0.12328125		0.332048920327	0.947887329067
0.12359375		0.331835537698	0.9477350078
0.12390625		0.331622064597	0.947582548425
0.12421875		0.331408500918	0.947429950688
0.12453125		0.331194846555	0.947277214337
0.12484375		0.330981101401	0.947124339119
0.12515625		0.33076726535	0.946971324778
0.12546875		0.330553338294	0.94681817106
0.12578125		0.330339320125	0.946664877709
0.12609375		0.330125210738	0.946511444469
0.12640625		0.329911010022	0.946357871081
0.12671875		0.329696717872	0.946204157288
0.12703125		0.329482334177	0.946050302831
0.12734375		0.32926785883	0.945896307451
0.12765625		0.329053291722	0.945742170887
0.12796875		0.328838632744	0.945587892878
0.12828125		0.328623881786	0.945433473162
0.12859375		0.328409038739	0.945278911477
0.12890625		0.328194103492	0.945124207559
0.12921875		0.327979075937	0.944969361145
0.12953125		0.327763955962	0.944814371969
0.12984375		0.327548743456	0.944659239765
0.13015625		0.32733343831	0.944503964268
0.13046875		0.327118040411	0.94434854521
0.13078125		0.326902549649	0.944192982324
0.13109375		0.326686965912	0.94403727534
0.13140625		0.326471289087	0.943881423988
0.13171875		0.326255519062	0.943725428
0.13203125		0.326039655726	0.943569287103
0.13234375		0.325823698965	0.943413001025
0.13265625		0.325607648666	0.943256569494
0.13296875		0.325391504717	0.943099992237
0.13328125		0.325175267003	0.942943268979
0.13359375		0.32495893541	0.942786399445
0.13390625		0.324742509825	0.942629383359
0.13421875		0.324525990134	0.942472220445
0.13453125		0.32430937622	0.942314910424
0.13484375		0.324092667971	0.942157453019
0.13515625		0.32387586527	0.94199984795
0.13546875		0.323658968002	0.941842094938
0.13578125		0.323441976051	0.9416841937
0.13609375		0.323224889302	0.941526143957
0.13640625		0.323007707638	0.941367945425
0.13671875		0.322790430942	0.941209597821
0.13703125		0.322573059097	0.94105110086
0.13734375		0.322355591987	0.940892454259
0.13765625		0.322138029494	0.94073365773
0.13796875		0.3219203715	0.940574710987
0.13828125		0.321702617888	0.940415613742
0.13859375		0.321484768538	0.940256365708
0.13890625		0.321266823333	0.940096966594
0.13921875		0.321048782154	0.939937416111
0.13953125		0.320830644881	0.939777713967
0.13984375		0.320612411395	0.939617859871
0.14015625		0.320394081576	0.93945785353
0.14046875		0.320175655305	0.939297694649
0.14078125		0.31995713246	0.939137382935
0.14109375		0.319738512922	0.938976918093
0.14140625		0.31951979657	0.938816299824
0.14171875		0.319300983282	0.938655527833
0.14203125		0.319082072936	0.938494601822
0.14234375		0.318863065412	0.93833352149
0.14265625		0.318643960586	0.938172286539
0.14296875		0.318424758337	0.938010896668
0.14328125		0.318205458542	0.937849351573
0.14359375		0.317986061078	0.937687650954
0.14390625		0.317766565821	0.937525794506
0.14421875		0.317546972648	0.937363781925
0.14453125		0.317327281435	0.937201612905
0.14484375		0.317107492058	0.93703928714
0.14515625		0.316887604392	0.936876804323
0.14546875		0.316667618313	0.936714164144
0.14578125		0.316447533695	0.936551366296
0.14609375		0.316227350413	0.936388410467
0.14640625		0.316007068341	0.936225296348
0.14671875		0.315786687352	0.936062023624
0.14703125		0.315566207322	0.935898591985
0.14734375		0.315345628122	0.935735001115
0.14765625		0.315124949627	0.935571250699
0.14796875		0.314904171707	0.935407340422
0.14828125		0.314683294237	0.935243269967
0.14859375		0.314462317087	0.935079039015
0.14890625		0.31424124013	0.934914647249
0.14921875		0.314020063237	0.934750094347
0.14953125		0.313798786279	0.93458537999
0.14984375		0.313577409127	0.934420503854
0.15015625		0.31335593165	0.934255465618
0.15046875		0.31313435372	0.934090264958
0.15078125		0.312912675206	0.933924901548
0.15109375		0.312690895976	0.933759375062
0.15140625		0.312469015901	0.933593685175
0.15171875		0.31224703485	0.933427831557
0.15203125		0.312024952689	0.93326181388
0.15234375		0.311802769288	0.933095631813
0.15265625		0.311580484515	0.932929285027
0.15296875		0.311358098236	0.932762773188
0.15328125		0.311135610319	0.932596095964
0.15359375		0.31091302063	0.93242925302
0.15390625		0.310690329036	0.932262244021
0.15421875		0.310467535403	0.932095068631
0.15453125		0.310244639597	0.931927726512
0.15484375		0.310021641482	0.931760217326
0.15515625		0.309798540924	0.931592540734
0.15546875		0.309575337788	0.931424696395
0.15578125		0.309352031938	0.931256683967
0.15609375		0.309128623237	0.931088503108
0.15640625		0.30890511155	0.930920153473
0.15671875		0.308681496739	0.930751634719
0.15703125		0.308457778669	0.930582946498
0.15734375		0.3082339572	0.930414088463
0.15765625		0.308010032195	0.930245060267
0.15796875		0.307786003516	0.93007586156
0.15828125		0.307561871025	0.929906491992
0.15859375		0.307337634583	0.929736951211
0.15890625		0.30711329405	0.929567238864
0.15921875		0.306888849287	0.929397354597
0.15953125		0.306664300153	0.929227298056
0.15984375		0.306439646509	0.929057068884
0.16015625		0.306214888214	0.928886666724
0.16046875		0.305990025126	0.928716091217
0.16078125		0.305765057104	0.928545342004
0.16109375		0.305539984007	0.928374418725
0.16140625		0.305314805692	0.928203321016
0.16171875		0.305089522016	0.928032048516
0.16203125		0.304864132837	0.927860600859
0.16234375		0.304638638011	0.927688977681
0.16265625		0.304413037394	0.927517178614
0.16296875		0.304187330843	0.927345203292
0.16328125		0.303961518213	0.927173051343
0.16359375		0.303735599359	0.9270007224
0.16390625		0.303509574136	0.926828216089
0.16421875		0.303283442398	0.926655532038
0.16453125		0.303057203999	0.926482669874
0.16484375		0.302830858793	0.926309629221
0.16515625		0.302604406633	0.926136409702
0.16546875		0.302377847371	0.925963010941
0.16578125		0.302151180861	0.925789432558
0.16609375		0.301924406954	0.925615674174
0.16640625		0.301697525502	0.925441735406
0.16671875		0.301470536356	0.925267615873
0.16703125		0.301243439366	0.925093315189
0.16734375		0.301016234384	0.924918832971
0.16765625		0.300788921259	0.924744168832
0.16796875		0.300561499842	0.924569322384
0.16828125		0.30033396998	0.924394293237
0.16859375		0.300106331523	0.924219081002
0.16890625		0.29987858432	0.924043685288
0.16921875		0.299650728217	0.9238681057
0.16953125		0.299422763064	0.923692341845
0.16984375		0.299194688707	0.923516393328
0.17015625		0.298966504992	0.923340259751
0.17046875		0.298738211766	0.923163940717
0.17078125		0.298509808876	0.922987435825
0.17109375		0.298281296166	0.922810744675
0.17140625		0.298052673481	0.922633866864
0.17171875		0.297823940666	0.92245680199
0.17203125		0.297595097566	0.922279549646
0.17234375		0.297366144024	0.922102109428
0.17265625		0.297137079883	0.921924480926
0.17296875		0.296907904986	0.921746663733
0.17328125		0.296678619177	0.921568657437
0.17359375		0.296449222296	0.921390461627
0.17390625		0.296219714186	0.921212075889
0.17421875		0.295990094687	0.921033499809
0.17453125		0.295760363641	0.92085473297
0.17484375		0.295530520887	0.920675774956
0.17515625		0.295300566266	0.920496625348
0.17546875		0.295070499617	0.920317283724
0.17578125		0.294840320779	0.920137749663
0.17609375		0.294610029591	0.919958022743
0.17640625		0.294379625889	0.919778102537
0.17671875		0.294149109513	0.919597988621
0.17703125		0.2939184803	0.919417680567
0.17734375		0.293687738085	0.919237177944
0.17765625		0.293456882705	0.919056480324
0.17796875		0.293225913996	0.918875587274
0.17828125		0.292994831794	0.91869449836
0.17859375		0.292763635932	0.918513213148
0.17890625		0.292532326246	0.9183317312
0.17921875		0.29230090257	0.918150052079
0.17953125		0.292069364737	0.917968175345
0.17984375		0.291837712579	0.917786100558
0.18015625		0.29160594593	0.917603827273
0.18046875		0.291374064621	0.917421355048
0.18078125		0.291142068485	0.917238683437
0.18109375		0.290909957351	0.917055811992
0.18140625		0.290677731051	0.916872740264
0.18171875		0.290445389415	0.916689467803
0.18203125		0.290212932272	0.916505994157
0.18234375		0.289980359452	0.916322318873
0.18265625		0.289747670783	0.916138441495
0.18296875		0.289514866094	0.915954361566
0.18328125		0.289281945211	0.915770078628
0.18359375		0.289048907963	0.915585592221
0.18390625		0.288815754176	0.915400901883
0.18421875		0.288582483676	0.915216007152
0.18453125		0.288349096289	0.915030907562
0.18484375		0.288115591839	0.914845602646
0.18515625		0.287881970153	0.914660091937
0.18546875		0.287648231053	0.914474374964
0.18578125		0.287414374364	0.914288451256
0.18609375		0.287180399908	0.91410232034
0.18640625		0.286946307509	0.913915981741
0.18671875		0.286712096988	0.913729434981
0.18703125		0.286477768168	0.913542679584
0.18734375		0.286243320868	0.913355715068
0.18765625		0.28600875491	0.913168540953
0.18796875		0.285774070114	0.912981156753
0.18828125		0.285539266298	0.912793561985
0.18859375		0.285304343283	0.912605756162
0.18890625		0.285069300887	0.912417738794
0.18921875		0.284834138927	0.912229509391
0.18953125		0.284598857222	0.91204106746
0.18984375		0.284363455587	0.911852412509
0.19015625		0.284127933839	0.91166354404
0.19046875		0.283892291793	0.911474461556
0.19078125		0.283656529266	0.911285164558
0.19109375		0.283420646072	0.911095652545
0.19140625		0.283184642025	0.910905925013
0.19171875		0.282948516937	0.910715981457
0.19203125		0.282712270624	0.910525821371
0.19234375		0.282475902896	0.910335444246
0.19265625		0.282239413566	0.910144849571
0.19296875		0.282002802445	0.909954036835
0.19328125		0.281766069344	0.909763005523
0.19359375		0.281529214073	0.909571755118
0.19390625		0.281292236442	0.909380285103
0.19421875		0.28105513626	0.909188594957
0.19453125		0.280817913334	0.90899668416
0.19484375		0.280580567475	0.908804552187
0.19515625		0.280343098487	0.908612198512
0.19546875		0.280105506179	0.908419622607
0.19578125		0.279867790357	0.908226823944
0.19609375		0.279629950825	0.90803380199
0.19640625		0.27939198739	0.907840556212
0.19671875		0.279153899855	0.907647086074
0.19703125		0.278915688025	0.907453391039
0.19734375		0.278677351701	0.907259470567
0.19765625		0.278438890689	0.907065324116
0.19796875		0.278200304788	0.906870951144
0.19828125		0.277961593801	0.906676351103
0.19859375		0.277722757528	0.906481523447
0.19890625		0.27748379577	0.906286467626
0.19921875		0.277244708325	0.906091183088
0.19953125		0.277005494994	0.905895669278
0.19984375		0.276766155575	0.905699925642
0.20015625		0.276526689865	0.90550395162
0.20046875		0.276287097661	0.905307746653
0.20078125		0.27604737876	0.905111310178
0.20109375		0.275807532957	0.904914641631
0.20140625		0.275567560049	0.904717740445
0.20171875		0.275327459829	0.904520606051
0.20203125		0.275087232091	0.904323237879
0.20234375		0.274846876629	0.904125635355
0.20265625		0.274606393235	0.903927797904
0.20296875		0.274365781702	0.903729724948
0.20328125		0.274125041821	0.903531415908
0.20359375		0.273884173382	0.903332870202
0.20390625		0.273643176176	0.903134087245
0.20421875		0.273402049991	0.902935066452
0.20453125		0.273160794618	0.902735807233
0.20484375		0.272919409843	0.902536308997
0.20515625		0.272677895455	0.902336571151
0.20546875		0.272436251239	0.9021365931
0.20578125		0.272194476983	0.901936374245
0.20609375		0.271952572471	0.901735913988
0.20640625		0.271710537488	0.901535211724
0.20671875		0.271468371818	0.901334266849
0.20703125		0.271226075245	0.901133078757
0.20734375		0.270983647552	0.900931646836
0.20765625		0.270741088519	0.900729970477
0.20796875		0.270498397929	0.900528049063
0.20828125		0.270255575562	0.900325881979
0.20859375		0.270012621198	0.900123468605
0.20890625		0.269769534616	0.899920808319
0.20921875		0.269526315595	0.899717900498
0.20953125		0.269282963912	0.899514744516
0.20984375		0.269039479345	0.899311339742
0.21015625		0.268795861669	0.899107685545
0.21046875		0.268552110661	0.898903781293
0.21078125		0.268308226095	0.898699626347
0.21109375		0.268064207745	0.89849522007
0.21140625		0.267820055385	0.898290561819
0.21171875		0.267575768788	0.898085650951
0.21203125		0.267331347725	0.897880486819
0.21234375		0.267086791968	0.897675068773
0.21265625		0.266842101287	0.897469396163
0.21296875		0.266597275452	0.897263468333
0.21328125		0.266352314232	0.897057284626
0.21359375		0.266107217395	0.896850844382
0.21390625		0.265861984708	0.896644146941
0.21421875		0.265616615939	0.896437191635
0.21453125		0.265371110852	0.896229977798
0.21484375		0.265125469214	0.89602250476
0.21515625		0.264879690789	0.895814771847
0.21546875		0.26463377534	0.895606778383
0.21578125		0.264387722631	0.89539852369
0.21609375		0.264141532422	0.895190007087
0.21640625		0.263895204476	0.894981227889
0.21671875		0.263648738553	0.89477218541
0.21703125		0.263402134412	0.89456287896
0.21734375		0.263155391813	0.894353307847
0.21765625		0.262908510513	0.894143471375
0.21796875		0.262661490271	0.893933368846
0.21828125		0.262414330841	0.89372299956
0.21859375		0.262167031981	0.893512362811
0.21890625		0.261919593444	0.893301457895
0.21921875		0.261672014984	0.8930902841
0.21953125		0.261424296356	0.892878840714
0.21984375		0.261176437311	0.892667127023
0.22015625		0.260928437601	0.892455142306
0.22046875		0.260680296976	0.892242885843
0.22078125		0.260432015186	0.89203035691
0.22109375		0.26018359198	0.891817554778
0.22140625		0.259935027107	0.891604478718
0.22171875		0.259686320313	0.891391127996
0.22203125		0.259437471346	0.891177501875
0.22234375		0.25918847995	0.890963599615
0.22265625		0.25893934587	0.890749420474
0.22296875		0.25869006885	0.890534963706
0.22328125		0.258440648633	0.890320228562
0.22359375		0.258191084962	0.89010521429
0.22390625		0.257941377576	0.889889920133
0.22421875		0.257691526217	0.889674345335
0.22453125		0.257441530624	0.889458489133
0.22484375		0.257191390535	0.889242350762
0.22515625		0.256941105688	0.889025929454
0.22546875		0.25669067582	0.888809224438
0.22578125		0.256440100666	0.888592234939
0.22609375		0.256189379961	0.888374960179
0.22640625		0.25593851344	0.888157399376
0.22671875		0.255687500835	0.887939551746
0.22703125		0.255436341878	0.887721416501
0.22734375		0.2551850363	0.88750299285
0.22765625		0.254933583832	0.887284279997
0.22796875		0.254681984203	0.887065277146
0.22828125		0.254430237141	0.886845983493
0.22859375		0.254178342374	0.886626398234
0.22890625		0.253926299627	0.886406520561
0.22921875		0.253674108627	0.886186349661
0.22953125		0.253421769098	0.885965884719
0.22984375		0.253169280763	0.885745124917
0.23015625		0.252916643345	0.88552406943
0.23046875		0.252663856565	0.885302717433
0.23078125		0.252410920144	0.885081068097
0.23109375		0.252157833801	0.884859120588
0.23140625		0.251904597256	0.884636874068
0.23171875		0.251651210225	0.884414327698
0.23203125		0.251397672425	0.884191480633
0.23234375		0.251143983571	0.883968332024
0.23265625		0.250890143379	0.88374488102
0.23296875		0.250636151562	0.883521126766
0.23328125		0.250382007831	0.883297068401
0.23359375		0.250127711899	0.883072705064
0.23390625		0.249873263476	0.882848035887
0.23421875		0.249618662271	0.882623059999
0.23453125		0.249363907992	0.882397776525
0.23484375		0.249109000348	0.882172184588
0.23515625		0.248853939043	0.881946283304
0.23546875		0.248598723783	0.881720071788
0.23578125		0.248343354272	0.881493549149
0.23609375		0.248087830213	0.881266714493
0.23640625		0.247832151307	0.881039566921
0.23671875		0.247576317257	0.880812105532
0.23703125		0.24732032776	0.880584329419
0.23734375		0.247064182517	0.880356237671
0.23765625		0.246807881223	0.880127829373
0.23796875		0.246551423577	0.879899103609
0.23828125		0.246294809272	0.879670059453
0.23859375		0.246038038003	0.87944069598
0.23890625		0.245781109463	0.879211012259
0.23921875		0.245524023344	0.878981007353
0.23953125		0.245266779337	0.878750680324
0.23984375		0.24500937713	0.878520030227
0.24015625		0.244751816413	0.878289056113
0.24046875		0.244494096873	0.878057757032
0.24078125		0.244236218195	0.877826132024
0.24109375		0.243978180065	0.87759418013
0.24140625		0.243719982167	0.877361900384
0.24171875		0.243461624182	0.877129291814
0.24203125		0.243203105792	0.876896353447
0.24234375		0.242944426678	0.876663084303
0.24265625		0.242685586518	0.8764294834
0.24296875		0.24242658499	0.876195549747
0.24328125		0.242167421771	0.875961282353
0.24359375		0.241908096535	0.875726680221
0.24390625		0.241648608957	0.875491742347
0.24421875		0.241388958709	0.875256467726
0.24453125		0.241129145463	0.875020855346
0.24484375		0.24086916889	0.874784904191
0.24515625		0.240609028659	0.87454861324
0.24546875		0.240348724436	0.874311981466
0.24578125		0.240088255889	0.87407500784
0.24609375		0.239827622683	0.873837691327
0.24640625		0.239566824482	0.873600030885
0.24671875		0.239305860949	0.87336202547
0.24703125		0.239044731744	0.873123674032
0.24734375		0.238783436528	0.872884975515
0.24765625		0.238521974959	0.87264592886
0.24796875		0.238260346695	0.872406533001
0.24828125		0.237998551393	0.872166786868
0.24859375		0.237736588705	0.871926689385
0.24890625		0.237474458287	0.871686239473
0.24921875		0.23721215979	0.871445436045
0.24953125		0.236949692864	0.871204278012
0.24984375		0.23668705716	0.870962764275
0.25015625		0.236424252324	0.870720893735
0.25046875		0.236161278003	0.870478665285
0.25078125		0.235898133843	0.870236077812
0.25109375		0.235634819487	0.869993130199
0.25140625		0.235371334577	0.869749821324
0.25171875		0.235107678755	0.869506150058
0.25203125		0.23484385166	0.869262115267
0.25234375		0.234579852929	0.869017715813
0.25265625		0.2343156822	0.868772950549
0.25296875		0.234051339107	0.868527818327
0.25328125		0.233786823285	0.86828231799
0.25359375		0.233522134365	0.868036448376
0.25390625		0.233257271979	0.867790208317
0.25421875		0.232992235755	0.867543596642
0.25453125		0.232727025321	0.86729661217
0.25484375		0.232461640304	0.867049253717
0.25515625		0.232196080328	0.866801520092
0.25546875		0.231930345017	0.866553410099
0.25578125		0.231664433992	0.866304922536
0.25609375		0.231398346874	0.866056056193
0.25640625		0.23113208328	0.865806809857
0.25671875		0.230865642829	0.865557182307
0.25703125		0.230599025136	0.865307172316
0.25734375		0.230332229814	0.865056778652
0.25765625		0.230065256476	0.864806000076
0.25796875		0.229798104733	0.864554835341
0.25828125		0.229530774194	0.864303283198
0.25859375		0.229263264467	0.864051342389
0.25890625		0.228995575157	0.863799011648
0.25921875		0.228727705869	0.863546289707
0.25953125		0.228459656205	0.863293175287
0.25984375		0.228191425767	0.863039667105
0.26015625		0.227923014154	0.862785763872
0.26046875		0.227654420964	0.862531464291
0.26078125		0.227385645793	0.862276767058
0.26109375		0.227116688234	0.862021670864
0.26140625		0.226847547881	0.861766174393
0.26171875		0.226578224325	0.861510276321
0.26203125		0.226308717155	0.861253975317
0.26234375		0.226039025958	0.860997270046
0.26265625		0.22576915032	0.860740159163
0.26296875		0.225499089825	0.860482641317
0.26328125		0.225228844055	0.860224715151
0.26359375		0.224958412592	0.859966379299
0.26390625		0.224687795013	0.85970763239
0.26421875		0.224416990895	0.859448473044
0.26453125		0.224145999814	0.859188899876
0.26484375		0.223874821343	0.858928911492
0.26515625		0.223603455053	0.85866850649
0.26546875		0.223331900514	0.858407683464
0.26578125		0.223060157293	0.858146440996
0.26609375		0.222788224957	0.857884777664
0.26640625		0.22251610307	0.857622692037
0.26671875		0.222243791193	0.857360182678
0.26703125		0.221971288888	0.85709724814
0.26734375		0.221698595712	0.856833886971
0.26765625		0.221425711221	0.856570097707
0.26796875		0.221152634971	0.856305878882
0.26828125		0.220879366514	0.856041229018
0.26859375		0.2206059054	0.85577614663
0.26890625		0.220332251179	0.855510630226
0.26921875		0.220058403396	0.855244678304
0.26953125		0.219784361596	0.854978289357
0.26984375		0.219510125323	0.854711461868
0.27015625		0.219235694117	0.85444419431
0.27046875		0.218961067515	0.854176485151
0.27078125		0.218686245056	0.85390833285
0.27109375		0.218411226273	0.853639735856
0.27140625		0.218136010699	0.85337069261
0.27171875		0.217860597865	0.853101201547
0.27203125		0.217584987298	0.85283126109
0.27234375		0.217309178524	0.852560869655
0.27265625		0.217033171069	0.852290025649
0.27296875		0.216756964453	0.852018727472
0.27328125		0.216480558196	0.851746973512
0.27359375		0.216203951817	0.85147476215
0.27390625		0.21592714483	0.851202091758
0.27421875		0.215650136748	0.850928960698
0.27453125		0.215372927083	0.850655367325
0.27484375		0.215095515343	0.850381309983
0.27515625		0.214817901036	0.850106787008
0.27546875		0.214540083664	0.849831796724
0.27578125		0.214262062731	0.84955633745
0.27609375		0.213983837736	0.849280407492
0.27640625		0.213705408177	0.849004005147
0.27671875		0.213426773548	0.848727128705
0.27703125		0.213147933343	0.848449776443
0.27734375		0.212868887051	0.84817194663
0.27765625		0.212589634162	0.847893637526
0.27796875		0.212310174161	0.847614847379
0.27828125		0.212030506531	0.847335574428
0.27859375		0.211750630753	0.847055816903
0.27890625		0.211470546306	0.846775573023
0.27921875		0.211190252665	0.846494840996
0.27953125		0.210909749306	0.846213619021
0.27984375		0.210629035698	0.845931905286
0.28015625		0.21034811131	0.845649697969
0.28046875		0.210066975609	0.845366995238
0.28078125		0.209785628058	0.845083795249
0.28109375		0.209504068119	0.844800096148
0.28140625		0.20922229525	0.84451589607
0.28171875		0.208940308907	0.844231193141
0.28203125		0.208658108544	0.843945985473
0.28234375		0.20837569361	0.843660271168
0.28265625		0.208093063556	0.84337404832
0.28296875		0.207810217825	0.843087315007
0.28328125		0.207527155861	0.842800069298
0.28359375		0.207243877105	0.842512309253
0.28390625		0.206960380993	0.842224032915
0.28421875		0.206676666961	0.841935238321
0.28453125		0.206392734441	0.841645923493
0.28484375		0.206108582861	0.841356086442
0.28515625		0.205824211649	0.841065725168
0.28546875		0.205539620229	0.840774837659
0.28578125		0.20525480802	0.840483421889
0.28609375		0.204969774442	0.840191475823
0.28640625		0.204684518909	0.839898997412
0.28671875		0.204399040834	0.839605984593
0.28703125		0.204113339626	0.839312435294
0.28734375		0.203827414693	0.83901834743
0.28765625		0.203541265437	0.8387237189
0.28796875		0.203254891259	0.838428547594
0.28828125		0.202968291558	0.838132831387
0.28859375		0.202681465727	0.837836568143
0.28890625		0.202394413159	0.837539755711
0.28921875		0.202107133242	0.837242391928
0.28953125		0.201819625361	0.836944474617
0.28984375		0.2015318889	0.836646001588
0.29015625		0.201243923238	0.836346970639
0.29046875		0.20095572775	0.836047379551
0.29078125		0.200667301811	0.835747226095
0.29109375		0.200378644789	0.835446508025
0.29140625		0.200089756053	0.835145223084
0.29171875		0.199800634964	0.834843368998
0.29203125		0.199511280885	0.834540943482
0.29234375		0.199221693171	0.834237944234
0.29265625		0.198931871176	0.833934368939
0.29296875		0.198641814251	0.833630215267
0.29328125		0.198351521743	0.833325480873
0.29359375		0.198060992996	0.833020163398
0.29390625		0.19777022735	0.832714260469
0.29421875		0.197479224141	0.832407769694
0.29453125		0.197187982704	0.832100688672
0.29484375		0.196896502368	0.83179301498
0.29515625		0.19660478246	0.831484746185
0.29546875		0.196312822303	0.831175879836
0.29578125		0.196020621216	0.830866413466
0.29609375		0.195728178516	0.830556344594
0.29640625		0.195435493513	0.83024567072
0.29671875		0.195142565518	0.82993438933
0.29703125		0.194849393835	0.829622497895
0.29734375		0.194555977766	0.829309993867
0.29765625		0.194262316607	0.828996874683
0.29796875		0.193968409653	0.828683137762
0.29828125		0.193674256195	0.828368780508
0.29859375		0.193379855517	0.828053800306
0.29890625		0.193085206904	0.827738194526
0.29921875		0.192790309633	0.827421960519
0.29953125		0.192495162979	0.827105095619
0.29984375		0.192199766213	0.826787597143
0.30015625		0.191904118602	0.82646946239
0.30046875		0.191608219409	0.826150688641
0.30078125		0.191312067892	0.825831273159
0.30109375		0.191015663308	0.825511213188
0.30140625		0.190719004906	0.825190505955
0.30171875		0.190422091933	0.824869148667
0.30203125		0.190124923631	0.824547138513
0.30234375		0.18982749924	0.824224472664
0.30265625		0.189529817993	0.823901148271
0.30296875		0.189231879121	0.823577162464
0.30328125		0.188933681849	0.823252512358
0.30359375		0.188635225398	0.822927195043
0.30390625		0.188336508986	0.822601207594
0.30421875		0.188037531825	0.822274547063
0.30453125		0.187738293124	0.821947210483
0.30484375		0.187438792086	0.821619194867
0.30515625		0.187139027911	0.821290497206
0.30546875		0.186838999795	0.820961114472
0.30578125		0.186538706926	0.820631043615
0.30609375		0.186238148491	0.820300281565
0.30640625		0.185937323671	0.819968825229
0.30671875		0.185636231643	0.819636671494
0.30703125		0.185334871578	0.819303817224
0.30734375		0.185033242644	0.818970259263
0.30765625		0.184731344002	0.81863599443
0.30796875		0.184429174811	0.818301019525
0.30828125		0.184126734222	0.817965331323
0.30859375		0.183824021384	0.817628926577
0.30890625		0.183521035439	0.817291802017
0.30921875		0.183217775525	0.816953954351
0.30953125		0.182914240776	0.816615380261
0.30984375		0.182610430317	0.816276076407
0.31015625		0.182306343273	0.815936039426
0.31046875		0.182001978761	0.815595265928
0.31078125		0.181697335893	0.815253752502
0.31109375		0.181392413776	0.814911495711
0.31140625		0.181087211512	0.814568492092
0.31171875		0.180781728198	0.814224738158
0.31203125		0.180475962924	0.813880230397
0.31234375		0.180169914776	0.813534965272
0.31265625		0.179863582834	0.813188939218
0.31296875		0.179556966174	0.812842148646
0.31328125		0.179250063865	0.812494589939
0.31359375		0.178942874969	0.812146259455
0.31390625		0.178635398546	0.811797153525
0.31421875		0.178327633646	0.811447268451
0.31453125		0.178019579318	0.81109660051
0.31484375		0.1777112346	0.81074514595
0.31515625		0.177402598529	0.810392900991
0.31546875		0.177093670133	0.810039861826
0.31578125		0.176784448436	0.809686024617
0.31609375		0.176474932453	0.8093313855
0.31640625		0.176165121197	0.808975940581
0.31671875		0.175855013672	0.808619685935
0.31703125		0.175544608876	0.808262617608
0.31734375		0.175233905803	0.807904731619
0.31765625		0.174922903438	0.807546023952
0.31796875		0.174611600761	0.807186490564
0.31828125		0.174299996746	0.806826127378
0.31859375		0.173988090359	0.80646493029
0.31890625		0.173675880562	0.806102895159
0.31921875		0.173363366308	0.805740017816
0.31953125		0.173050546544	0.805376294059
0.31984375		0.172737420211	0.805011719653
0.32015625		0.172423986244	0.804646290329
0.32046875		0.172110243568	0.804280001787
0.32078125		0.171796191105	0.803912849692
0.32109375		0.171481827768	0.803544829674
0.32140625		0.171167152463	0.803175937331
0.32171875		0.170852164088	0.802806168224
0.32203125		0.170536861538	0.802435517881
0.32234375		0.170221243696	0.802063981793
0.32265625		0.169905309439	0.801691555415
0.32296875		0.16958905764	0.801318234168
0.32328125		0.169272487159	0.800944013433
0.32359375		0.168955596854	0.800568888556
0.32390625		0.168638385571	0.800192854847
0.32421875		0.168320852152	0.799815907574
0.32453125		0.168002995428	0.799438041971
0.32484375		0.167684814226	0.799059253231
0.32515625		0.167366307361	0.798679536507
0.32546875		0.167047473644	0.798298886916
0.32578125		0.166728311875	0.797917299532
0.32609375		0.166408820848	0.797534769389
0.32640625		0.166088999348	0.79715129148
0.32671875		0.165768846152	0.796766860759
0.32703125		0.165448360027	0.796381472136
0.32734375		0.165127539735	0.795995120478
0.32765625		0.164806384027	0.795607800611
0.32796875		0.164484891646	0.795219507318
0.32828125		0.164163061328	0.794830235337
0.32859375		0.163840891797	0.794439979363
0.32890625		0.163518381772	0.794048734044
0.32921875		0.163195529959	0.793656493985
0.32953125		0.162872335059	0.793263253746
0.32984375		0.162548795762	0.792869007837
0.33015625		0.162224910749	0.792473750726
0.33046875		0.161900678691	0.79207747683
0.33078125		0.161576098252	0.791680180519
0.33109375		0.161251168084	0.791281856116
0.33140625		0.16092588683	0.790882497892
0.33171875		0.160600253126	0.790482100073
0.33203125		0.160274265595	0.79008065683
0.33234375		0.159947922851	0.789678162286
0.33265625		0.1596212235	0.789274610511
0.33296875		0.159294166135	0.788869995526
0.33328125		0.158966749342	0.788464311296
0.33359375		0.158638971693	0.788057551735
0.33390625		0.158310831754	0.787649710701
0.33421875		0.157982328077	0.787240782
0.33453125		0.157653459206	0.786830759381
0.33484375		0.157324223672	0.786419636538
0.33515625		0.156994619998	0.786007407108
0.33546875		0.156664646693	0.785594064672
0.33578125		0.156334302258	0.785179602752
0.33609375		0.15600358518	0.78476401481
0.33640625		0.155672493938	0.784347294252
0.33671875		0.155341026996	0.783929434422
0.33703125		0.15500918281	0.783510428603
0.33734375		0.154676959822	0.783090270017
0.33765625		0.154344356464	0.782668951823
0.33796875		0.154011371154	0.782246467119
0.33828125		0.1536780023	0.781822808936
0.33859375		0.153344248297	0.781397970243
0.33890625		0.153010107529	0.780971943941
0.33921875		0.152675578365	0.780544722867
0.33953125		0.152340659163	0.780116299791
0.33984375		0.15200534827	0.779686667411
0.34015625		0.151669644018	0.779255818362
0.34046875		0.151333544727	0.778823745204
0.34078125		0.150997048703	0.778390440429
0.34109375		0.150660154239	0.777955896457
0.34140625		0.150322859616	0.777520105636
0.34171875		0.149985163101	0.777083060239
0.34203125		0.149647062945	0.776644752466
0.34234375		0.14930855739	0.776205174442
0.34265625		0.148969644658	0.775764318213
0.34296875		0.148630322962	0.77532217575
0.34328125		0.148290590498	0.774878738944
0.34359375		0.147950445447	0.77443399961
0.34390625		0.147609885979	0.773987949478
0.34421875		0.147268910245	0.773540580199
0.34453125		0.146927516384	0.77309188334
0.34484375		0.146585702517	0.772641850386
0.34515625		0.146243466752	0.772190472735
0.34546875		0.145900807182	0.7717377417
0.34578125		0.145557721881	0.771283648508
0.34609375		0.145214208911	0.770828184295
0.34640625		0.144870266315	0.77037134011
0.34671875		0.144525892122	0.769913106908
0.34703125		0.144181084342	0.769453475554
0.34734375		0.143835840972	0.76899243682
0.34765625		0.143490159988	0.768529981383
0.34796875		0.143144039351	0.768066099822
0.34828125		0.142797477006	0.767600782621
0.34859375		0.142450470879	0.767134020165
0.34890625		0.142103018878	0.766665802738
0.34921875		0.141755118893	0.766196120522
0.34953125		0.141406768798	0.765724963597
0.34984375		0.141057966447	0.76525232194
0.35015625		0.140708709675	0.764778185419
0.35046875		0.140358996298	0.764302543796
0.35078125		0.140008824116	0.763825386725
0.35109375		0.139658190906	0.763346703748
0.35140625		0.139307094428	0.762866484294
0.35171875		0.138955532421	0.762384717682
0.35203125		0.138603502603	0.761901393111
0.35234375		0.138251002675	0.761416499665
0.35265625		0.137898030314	0.76093002631
0.35296875		0.137544583179	0.760441961889
0.35328125		0.137190658906	0.759952295124
0.35359375		0.13683625511	0.759461014613
0.35390625		0.136481369385	0.758968108827
0.35421875		0.136125999303	0.758473566109
0.35453125		0.135770142415	0.757977374673
0.35484375		0.135413796246	0.757479522601
0.35515625		0.135056958301	0.756979997838
0.35546875		0.134699626063	0.756478788198
0.35578125		0.134341796989	0.755975881353
0.35609375		0.133983468514	0.755471264836
0.35640625		0.133624638047	0.754964926039
0.35671875		0.133265302976	0.754456852207
0.35703125		0.132905460661	0.753947030441
0.35734375		0.132545108439	0.753435447689
0.35765625		0.132184243622	0.752922090752
0.35796875		0.131822863495	0.752406946273
0.35828125		0.131460965318	0.751890000742
0.35859375		0.131098546323	0.751371240488
0.35890625		0.130735603718	0.750850651681
0.35921875		0.130372134681	0.750328220323
0.35953125		0.130008136365	0.749803932255
0.35984375		0.129643605893	0.749277773144
0.36015625		0.129278540361	0.748749728488
0.36046875		0.128912936837	0.748219783608
0.36078125		0.128546792359	0.74768792365
0.36109375		0.128180103935	0.747154133576
0.36140625		0.127812868543	0.746618398167
0.36171875		0.127445083133	0.746080702018
0.36203125		0.127076744622	0.745541029531
0.36234375		0.126707849895	0.744999364919
0.36265625		0.126338395809	0.744455692195
0.36296875		0.125968379185	0.743909995176
0.36328125		0.125597796814	0.743362257474
0.36359375		0.125226645453	0.742812462497
0.36390625		0.124854921824	0.742260593439
0.36421875		0.124482622618	0.741706633286
0.36453125		0.124109744488	0.741150564802
0.36484375		0.123736284055	0.740592370533
0.36515625		0.123362237903	0.740032032801
0.36546875		0.12298760258	0.739469533696
0.36578125		0.122612374595	0.738904855078
0.36609375		0.122236550425	0.738337978569
0.36640625		0.121860126504	0.737768885552
0.36671875		0.12148309923	0.737197557162
0.36703125		0.121105464962	0.736623974287
0.36734375		0.120727220018	0.736048117558
0.36765625		0.120348360678	0.73546996735
0.36796875		0.119968883179	0.734889503772
0.36828125		0.119588783717	0.734306706667
0.36859375		0.119208058447	0.733721555604
0.36890625		0.118826703479	0.733134029874
0.36921875		0.118444714882	0.732544108483
0.36953125		0.118062088678	0.731951770152
0.36984375		0.117678820847	0.731356993303
0.37015625		0.11729490732	0.730759756064
0.37046875		0.116910343985	0.730160036253
0.37078125		0.11652512668	0.729557811381
0.37109375		0.116139251196	0.728953058638
0.37140625		0.115752713276	0.728345754895
0.37171875		0.115365508612	0.72773587669
0.37203125		0.114977632847	0.72712340023
0.37234375		0.114589081572	0.726508301375
0.37265625		0.114199850325	0.72589055564
0.37296875		0.113809934593	0.725270138183
0.37328125		0.113419329807	0.724647023798
0.37359375		0.113028031345	0.724021186911
0.37390625		0.112636034528	0.723392601571
0.37421875		0.112243334619	0.72276124144
0.37453125		0.111849926827	0.722127079789
0.37484375		0.111455806298	0.721490089489
0.37515625		0.111060968121	0.720850243001
0.37546875		0.110665407324	0.72020751237
0.37578125		0.110269118871	0.719561869214
0.37609375		0.109872097665	0.718913284717
0.37640625		0.109474338543	0.718261729622
0.37671875		0.109075836279	0.717607174215
0.37703125		0.108676585578	0.716949588322
0.37734375		0.108276581079	0.716288941297
0.37765625		0.107875817351	0.715625202011
0.37796875		0.107474288892	0.714958338843
0.37828125		0.107071990131	0.714288319669
0.37859375		0.106668915422	0.713615111851
0.37890625		0.106265059044	0.712938682225
0.37921875		0.105860415203	0.712258997091
0.37953125		0.105454978025	0.711576022201
0.37984375		0.105048741558	0.710889722745
0.38015625		0.104641699772	0.710200063341
0.38046875		0.104233846552	0.709507008021
0.38078125		0.103825175702	0.708810520218
0.38109375		0.103415680941	0.70811056275
0.38140625		0.1030053559	0.707407097812
0.38171875		0.102594194122	0.706700086955
0.38203125		0.102182189062	0.705989491076
0.38234375		0.101769334079	0.705275270398
0.38265625		0.101355622442	0.704557384461
0.38296875		0.100941047323	0.7038357921
0.38328125		0.100525601796	0.703110451429
0.38359375		0.100109278836	0.702381319829
0.38390625		0.0996920713156	0.701648353924
0.38421875		0.0992739720042	0.700911509566
0.38453125		0.0988549735649	0.700170741815
0.38484375		0.0984350685527	0.699426004923
0.38515625		0.0980142494121	0.698677252309
0.38546875		0.0975925084746	0.697924436542
0.38578125		0.0971698379565	0.697167509319
0.38609375		0.0967462299563	0.696406421444
0.38640625		0.096321676452	0.695641122801
0.38671875		0.0958961692988	0.69487156234
0.38703125		0.095469700226	0.694097688041
0.38734375		0.0950422608345	0.6933194469
0.38765625		0.0946138425939	0.692536784898
0.38796875		0.0941844368392	0.691749646974
0.38828125		0.0937540347682	0.690957977001
0.38859375		0.0933226274382	0.690161717754
0.38890625		0.0928902057627	0.689360810886
0.38921875		0.0924567605082	0.688555196891
0.38953125		0.0920222822906	0.68774481508
0.38984375		0.0915867615718	0.686929603543
0.39015625		0.0911501886562	0.686109499119
0.39046875		0.0907125536865	0.68528443736
0.39078125		0.0902738466404	0.684454352497
0.39109375		0.0898340573261	0.683619177401
0.39140625		0.0893931753786	0.682778843545
0.39171875		0.0889511902553	0.681933280966
0.39203125		0.0885080912314	0.681082418224
0.39234375		0.0880638673956	0.680226182356
0.39265625		0.0876185076456	0.679364498835
0.39296875		0.0871720006828	0.678497291525
0.39328125		0.0867243350079	0.67762448263
0.39359375		0.0862754989152	0.676745992649
0.39390625		0.0858254804876	0.675861740321
0.39421875		0.0853742675911	0.674971642576
0.39453125		0.0849218478689	0.674075614475
0.39484375		0.0844682087357	0.673173569158
0.39515625		0.0840133373717	0.672265417782
0.39546875		0.083557220716	0.671351069459
0.39578125		0.0830998454603	0.670430431192
0.39609375		0.0826411980422	0.669503407811
0.39640625		0.082181264638	0.6685699019
0.39671875		0.0817200311555	0.667629813725
0.39703125		0.0812574832267	0.666683041162
0.39734375		0.0807936061998	0.665729479617
0.39765625		0.0803283851313	0.664769021943
0.39796875		0.0798618047773	0.663801558357
0.39828125		0.0793938495853	0.662826976351
0.39859375		0.0789245036849	0.6618451606
0.39890625		0.0784537508782	0.660855992866
0.39921875		0.0779815746307	0.659859351896
0.39953125		0.0775079580608	0.658855113318
0.39984375		0.0770328839291	0.657843149534
0.40015625		0.0765563346281	0.6568233296
0.40046875		0.0760782921702	0.655795519112
0.40078125		0.0755987381764	0.65475958008
0.40109375		0.0751176538638	0.653715370794
0.40140625		0.0746350200328	0.652662745691
0.40171875		0.0741508170537	0.65160155521
0.40203125		0.0736650248529	0.650531645644
0.40234375		0.0731776228988	0.649452858979
0.40265625		0.072688590186	0.648365032734
0.40296875		0.07219790522	0.647267999786
0.40328125		0.0717055460008	0.64616158819
0.40359375		0.0712114900057	0.645045620986
0.40390625		0.0707157141711	0.643919916005
0.40421875		0.0702181948744	0.642784285652
0.40453125		0.0697189079137	0.641638536693
0.40484375		0.0692178284881	0.640482470018
0.40515625		0.0687149311755	0.639315880398
0.40546875		0.0682101899109	0.63813855623
0.40578125		0.0677035779625	0.636950279263
0.40609375		0.0671950679072	0.635750824317
0.40640625		0.0666846316049	0.634539958977
0.40671875		0.0661722401714	0.633317443282
0.40703125		0.0656578639499	0.632083029381
0.40734375		0.0651414724812	0.630836461186
0.40765625		0.0646230344727	0.629577473997
0.40796875		0.0641025177649	0.628305794098
0.40828125		0.0635798892975	0.627021138349
0.40859375		0.063055115072	0.625723213732
0.40890625		0.0625281601144	0.624411716883
0.40921875		0.0619989884336	0.623086333595
0.40953125		0.0614675629798	0.621746738282
0.40984375		0.0609338455987	0.620392593421
0.41015625		0.0603977969844	0.619023548947
0.41046875		0.059859376629	0.617639241618
0.41078125		0.0593185427695	0.616239294338
0.41109375		0.0587752523319	0.614823315428
0.41140625		0.0582294608714	0.613390897856
0.41171875		0.0576811225093	0.611941618415
0.41203125		0.0571301898665	0.610475036838
0.41234375		0.0565766139924	0.608990694859
0.41265625		0.0560203442895	0.607488115201
0.41296875		0.0554613284332	0.605966800497
0.41328125		0.0548995122868	0.604426232131
0.41359375		0.0543348398106	0.602865868991
0.41390625		0.0537672529651	0.601285146132
0.41421875		0.0531966916079	0.599683473334
0.41453125		0.0526230933831	0.598060233552
0.41484375		0.0520463936038	0.59641478124
0.41515625		0.0514665251258	0.594746440549
0.41546875		0.0508834182124	0.593054503365
0.41578125		0.0502970003896	0.591338227203
0.41609375		0.0497071962901	0.589596832905
0.41640625		0.0491139274864	0.587829502158
0.41671875		0.0485171123106	0.586035374788
0.41703125		0.0479166656602	0.58421354581
0.41734375		0.0473124987889	0.582363062225
0.41765625		0.0467045190803	0.580482919509
0.41796875		0.0460926298029	0.578572057782
0.41828125		0.0454767298452	0.576629357609
0.41859375		0.0448567134275	0.574653635386
0.41890625		0.0442324697895	0.572643638282
0.41921875		0.0436038828493	0.570598038649
0.41953125		0.0429708308324	0.56851542787
0.41984375		0.042333185866	0.566394309543
0.42015625		0.0416908135353	0.564233091938
0.42046875		0.0410435723969	0.562030079609
0.42078125		0.0403913134441	0.559783464066
0.42109375		0.0397338795196	0.557491313361
0.42140625		0.0390711046656	0.55515156044
0.42171875		0.0384028134079	0.552761990076
0.42203125		0.0377288199606	0.550320224172
0.42234375		0.0370489273442	0.547823705193
0.42265625		0.0363629264034	0.545269677402
0.42296875		0.0356705947104	0.542655165583
0.42328125		0.0349716953379	0.539976950798
0.42359375		0.0342659754809	0.537231542681
0.42390625		0.0335531649062	0.534415147666
0.42421875		0.0328329741994	0.531523632387
0.42453125		0.0321050927796	0.528552481357
0.42484375		0.0313691866406	0.525496747804
0.42515625		0.0306248957722	0.522350996307
0.42546875		0.029871831205	0.5191092355
0.42578125		0.0291095716087	0.515764838731
0.42609375		0.028337659359	0.512310449967
0.42640625		0.0275555959687	0.508737871532
0.42671875		0.0267628367525	0.505037929276
0.42703125		0.025958784563	0.501200309505
0.42734375		0.0251427823921	0.497213360233
0.42765625		0.0243141045769	0.493063846954
0.42796875		0.0234719462734	0.488736649801
0.42828125		0.0226154107623	0.48421438433
0.42859375		0.0217434940121	0.479476921522
0.42890625		0.0208550657388	0.474500772956
0.42921875		0.0199488459319	0.469258292898
0.42953125		0.0190233754409	0.463716627501
0.42984375		0.0180769786652	0.457836308138
0.43015625		0.0171077155779	0.451569333244
0.43046875		0.0161133190833	0.444856497205
0.43078125		0.0150911118046	0.437623580118
0.43109375		0.0140378933717	0.429775758974
0.43140625		0.0129497843104	0.421189137534
0.43171875		0.0118220041858	0.411697399758
0.43203125		0.0106485465841	0.401069761876
0.43234375		0.00942168477145	0.388972344481
0.43265625		0.00813117988029	0.374895157667
0.43296875		0.00676288787177	0.357998880323
0.43328125		0.00529558149658	0.336735622329
0.43359375		0.00379125623893	0.309712252831
0.43390625		0.00239241576443	0.275998265742
0.43421875		0.00124319755044	0.234270504995
0.43453125		0.000455720126006	0.182169233377
0.43484375		6.39779597473e-05	0.111077365236
0.43515625		2.17139616441e-08	0.0150180166248
0.43546875		4.11463509393e-09	0.010000861998
0.43578125		4.11315264998e-09	0.0100000000734
0.43609375		4.11315252376e-09	0.01
0.43640625		4.11315252376e-09	0.01
0.43671875		4.11315252376e-09	0.01
0.43703125		4.11315252376e-09	0.01
0.43734375		4.11315252376e-09	0.01
0.43765625		4.11315252376e-09	0.01
0.43796875		4.11315252376e-09	0.01
0.43828125		4.11315252376e-09	0.01
0.43859375		4.11315252376e-09	0.01
0.43890625		4.11315252376e-09	0.01
0.43921875		4.11315252376e-09	0.01
0.43953125		4.11315252376e-09	0.01
0.43984375		4.11315252376e-09	0.01
0.44015625		4.11315252376e-09	0.01
0.44046875		4.11315252376e-09	0.01
0.44078125		4.11315252376e-09	0.01
0.44109375		4.11315252376e-09	0.01
0.44140625		4.11315252376e-09	0.01
0.44171875		4.11315252376e-09	0.01
0.44203125		4.11315252376e-09	0.01
0.44234375		4.11315252376e-09	0.01
0.44265625		4.11315252376e-09	0.01
0.44296875		4.11315252376e-09	0.01
0.44328125		4.11315252376e-09	0.01
0.44359375		4.11315252376e-09	0.01
0.44390625		4.11315252376e-09	0.01
0.44421875		4.11315252376e-09	0.01
0.44453125		4.11315252376e-09	0.01
0.44484375		4.11315252376e-09	0.01
0.44515625		4.11315252376e-09	0.01
0.44546875		4.11315252376e-09	0.01
0.44578125		4.11315252376e-09	0.01
0.44609375		4.11315252376e-09	0.01
0.44640625		4.11315252376e-09	0.01
0.44671875		4.11315252376e-09	0.01
0.44703125		4.11315252376e-09	0.01
0.44734375		4.11315252376e-09	0.01
0.44765625		4.11315252376e-09	0.01
0.44796875		4.11315252376e-09	0.01
0.44828125		4.11315252376e-09	0.01
0.44859375		4.11315252376e-09	0.01
0.44890625		4.11315252376e-09	0.01
0.44921875		4.11315252376e-09	0.01
0.44953125		4.11315252376e-09	0.01
0.44984375		4.11315252376e-09	0.01
0.45015625		4.11315252376e-09	0.01
0.45046875		4.11315252376e-09	0.01
0.45078125		4.11315252376e-09	0.01
0.45109375		4.11315252376e-09	0.01
0.45140625		4.11315252376e-09	0.01
0.45171875		4.11315252376e-09	0.01
0.45203125		4.11315252376e-09	0.01
0.45234375		4.11315252376e-09	0.01
0.45265625		4.11315252376e-09	0.01
0.45296875		4.11315252376e-09	0.01
0.45328125		4.11315252376e-09	0.01
0.45359375		4.11315252376e-09	0.01
0.45390625		4.11315252376e-09	0.01
0.45421875		4.11315252376e-09	0.01
0.45453125		4.11315252376e-09	0.01
0.45484375		4.11315252376e-09	0.01
0.45515625		4.11315252376e-09	0.01
0.45546875		4.11315252376e-09	0.01
0.45578125		4.11315252376e-09	0.01
0.45609375		4.11315252376e-09	0.01
0.45640625		4.11315252376e-09	0.01
0.45671875		4.11315252376e-09	0.01
0.45703125		4.11315252376e-09	0.01
0.45734375		4.11315252376e-09	0.01
0.45765625		4.11315252376e-09	0.01
0.45796875		4.11315252376e-09	0.01
0.45828125		4.11315252376e-09	0.01
0.45859375		4.11315252376e-09	0.01
0.45890625		4.11315252376e-09	0.01
0.45921875		4.11315252376e-09	0.01
0.45953125		4.11315252376e-09	0.01
0.45984375		4.11315252376e-09	0.01
0.46015625		4.11315252376e-09	0.01
0.46046875		4.11315252376e-09	0.01
0.46078125		4.11315252376e-09	0.01
0.46109375		4.11315252376e-09	0.01
0.46140625		4.11315252376e-09	0.01
0.46171875		4.11315252376e-09	0.01
0.46203125		4.11315252376e-09	0.01
0.46234375		4.11315252376e-09	0.01
0.46265625		4.11315252376e-09	0.01
0.46296875		4.11315252376e-09	0.01
0.46328125		4.11315252376e-09	0.01
0.46359375		4.11315252376e-09	0.01
0.46390625		4.11315252376e-09	0.01
0.46421875		4.11315252376e-09	0.01
0.46453125		4.11315252376e-09	0.01
0.46484375		4.11315252376e-09	0.01
0.46515625		4.11315252376e-09	0.01
0.46546875		4.11315252376e-09	0.01
0.46578125		4.11315252376e-09	0.01
0.46609375		4.11315252376e-09	0.01
0.46640625		4.11315252376e-09	0.01
0.46671875		4.11315252376e-09	0.01
0.46703125		4.11315252376e-09	0.01
0.46734375		4.11315252376e-09	0.01
0.46765625		4.11315252376e-09	0.01
0.46796875		4.11315252376e-09	0.01
0.46828125		4.11315252376e-09	0.01
0.46859375		4.11315252376e-09	0.01
0.46890625		4.11315252376e-09	0.01
0.46921875		4.11315252376e-09	0.01
0.46953125		4.11315252376e-09	0.01
0.46984375		4.11315252376e-09	0.01
0.47015625		4.11315252376e-09	0.01
0.47046875		4.11315252376e-09	0.01
0.47078125		4.11315252376e-09	0.01
0.47109375		4.11315252376e-09	0.01
0.47140625		4.11315252376e-09	0.01
0.47171875		4.11315252376e-09	0.01
0.47203125		4.11315252376e-09	0.01
0.47234375		4.11315252376e-09	0.01
0.47265625		4.11315252376e-09	0.01
0.47296875		4.11315252376e-09	0.01
0.47328125		4.11315252376e-09	0.01
0.47359375		4.11315252376e-09	0.01
0.47390625		4.11315252376e-09	0.01
0.47421875		4.11315252376e-09	0.01
0.47453125		4.11315252376e-09	0.01
0.47484375		4.11315252376e-09	0.01
0.47515625		4.11315252376e-09	0.01
0.47546875		4.11315252376e-09	0.01
0.47578125		4.11315252376e-09	0.01
0.47609375		4.11315252376e-09	0.01
0.47640625		4.11315252376e-09	0.01
0.47671875		4.11315252376e-09	0.01
0.47703125		4.11315252376e-09	0.01
0.47734375		4.11315252376e-09	0.01
0.47765625		4.11315252376e-09	0.01
0.47796875		4.11315252376e-09	0.01
0.47828125		4.11315252376e-09	0.01
0.47859375		4.11315252376e-09	0.01
0.47890625		4.11315252376e-09	0.01
0.47921875		4.11315252376e-09	0.01
0.47953125		4.11315252376e-09	0.01
0.47984375		4.11315252376e-09	0.01
0.48015625		4.11315252376e-09	0.01
0.48046875		4.11315252376e-09	0.01
0.48078125		4.11315252376e-09	0.01
0.48109375		4.11315252376e-09	0.01
0.48140625		4.11315252376e-09	0.01
0.48171875		4.11315252376e-09	0.01
0.48203125		4.11315252376e-09	0.01
0.48234375		4.11315252376e-09	0.01
0.48265625		4.11315252376e-09	0.01
0.48296875		4.11315252376e-09	0.01
0.48328125		4.11315252376e-09	0.01
0.48359375		4.11315252376e-09	0.01
0.48390625		4.11315252376e-09	0.01
0.48421875		4.11315252376e-09	0.01
0.48453125		4.11315252376e-09	0.01
0.48484375		4.11315252376e-09	0.01
0.48515625		4.11315252376e-09	0.01
0.48546875		4.11315252376e-09	0.01
0.48578125		4.11315252376e-09	0.01
0.48609375		4.11315252376e-09	0.01
0.48640625		4.11315252376e-09	0.01
0.48671875		4.11315252376e-09	0.01
0.48703125		4.11315252376e-09	0.01
0.48734375		4.11315252376e-09	0.01
0.48765625		4.11315252376e-09	0.01
0.48796875		4.11315252376e-09	0.01
0.48828125		4.11315252376e-09	0.01
0.48859375		4.11315252376e-09	0.01
0.48890625		4.11315252376e-09	0.01
0.48921875		4.11315252376e-09	0.01
0.48953125		4.11315252376e-09	0.01
0.48984375		4.11315252376e-09	0.01
0.49015625		4.11315252376e-09	0.01
0.49046875		4.11315252376e-09	0.01
0.49078125		4.11315252376e-09	0.01
0.49109375		4.11315252376e-09	0.01
0.49140625		4.11315252376e-09	0.01
0.49171875		4.11315252376e-09	0.01
0.49203125		4.11315252376e-09	0.01
0.49234375		4.11315252376e-09	0.01
0.49265625		4.11315252376e-09	0.01
0.49296875		4.11315252376e-09	0.01
0.49328125		4.11315252376e-09	0.01
0.49359375		4.11315252376e-09	0.01
0.49390625		4.11315252376e-09	0.01
0.49421875		4.11315252376e-09	0.01
0.49453125		4.11315252376e-09	0.01
0.49484375		4.11315252376e-09	0.01
0.49515625		4.11315252376e-09	0.01
0.49546875		4.11315252376e-09	0.01
0.49578125		4.11315252376e-09	0.01
0.49609375		4.11315252376e-09	0.01
0.49640625		4.11315252376e-09	0.01
0.49671875		4.11315252376e-09	0.01
0.49703125		4.11315252376e-09	0.01
0.49734375		4.11315252376e-09	0.01
0.49765625		4.11315252376e-09	0.01
0.49796875		4.11315252376e-09	0.01
0.49828125		4.11315252376e-09	0.01
0.49859375		4.11315252376e-09	0.01
0.49890625		4.11315252376e-09	0.01
0.49921875		4.11315252376e-09	0.01
0.49953125		4.11315252376e-09	0.01
0.49984375		4.11315252376e-09	0.01
