0.00015625		0.408579673719	0.998333139598
0.00046875		0.408174268509	0.998084756049
0.00078125		0.407622763278	0.99774781492
0.00109375		0.407058383057	0.997402426171
0.00140625		0.406531237927	0.997079395857
0.00171875		0.40602709777	0.996770135132
0.00203125		0.405537101113	0.996469269986
0.00234375		0.405056540029	0.996173931158
0.00265625		0.404582663479	0.99588244165
0.00296875		0.404113661848	0.995593698416
0.00328125		0.403648136831	0.995306846916
0.00359375		0.403185040632	0.995021245506
0.00390625		0.40272367112	0.994736463921
0.00421875		0.402263574907	0.994452224333
0.00453125		0.401804432654	0.994168330817
0.00484375		0.401345995181	0.993884630217
0.00515625		0.4008880486	0.993600990677
0.00546875		0.400430416096	0.99331730276
0.00578125		0.399972974428	0.993033489971
0.00609375		0.399515638411	0.99274949928
0.00640625		0.399058341035	0.992465288717
0.00671875		0.398601039326	0.992180831087
0.00703125		0.398143681073	0.991896093264
0.00734375		0.397686207222	0.991611037896
0.00765625		0.397228574865	0.991325637605
0.00796875		0.396770748682	0.991039869565
0.00828125		0.396312698966	0.990753714395
0.00859375		0.395854401198	0.990467155893
0.00890625		0.395395835618	0.990180180782
0.00921875		0.394936985913	0.989892777897
0.00953125		0.394477837694	0.98960493724
0.00984375		0.394018377084	0.989316649093
0.01015625		0.39355859172	0.989027904662
0.01046875		0.39309847165	0.988738696638
0.01078125		0.392638008922	0.988449018945
0.01109375		0.392177196726	0.988158866201
0.01140625		0.391716028921	0.987868233427
0.01171875		0.391254499955	0.987577115998
0.01203125		0.390792604864	0.987285509642
0.01234375		0.390330339193	0.986993410396
0.01265625		0.389867698909	0.986700814547
0.01296875		0.389404680388	0.986407718626
0.01328125		0.388941280466	0.986114119446
0.01359375		0.388477496388	0.985820014065
0.01390625		0.388013325618	0.985525399668
0.01421875		0.387548765727	0.985230273499
0.01453125		0.387083814427	0.984934632879
0.01484375		0.386618469623	0.984638475244
0.01515625		0.386152729412	0.98434179814
0.01546875		0.385686592033	0.984044599196
0.01578125		0.385220055835	0.983746876099
0.01609375		0.384753119256	0.983448626586
0.01640625		0.384285780807	0.983149848432
0.01671875		0.383818039067	0.982850539442
0.01703125		0.383349892672	0.982550697456
0.01734375		0.382881340327	0.982250320342
0.01765625		0.382412380785	0.981949405995
0.01796875		0.381943012832	0.981647952322
0.01828125		0.38147323528	0.981345957236
0.01859375		0.381003046966	0.98104341866
0.01890625		0.380532446753	0.980740334522
0.01921875		0.380061433529	0.980436702761
0.01953125		0.379590006206	0.98013252132
0.01984375		0.379118163709	0.979827788144
0.02015625		0.378645904976	0.979522501177
0.02046875		0.378173228952	0.979216658359
0.02078125		0.377700134596	0.978910257629
0.02109375		0.377226620872	0.978603296923
0.02140625		0.376752686753	0.978295774173
0.02171875		0.376278331219	0.977987687305
0.02203125		0.37580355325	0.97767903424
0.02234375		0.37532835183	0.977369812888
0.02265625		0.374852725945	0.977060021156
0.02296875		0.374376674581	0.976749656939
0.02328125		0.373900196727	0.976438718126
0.02359375		0.37342329137	0.976127202595
0.02390625		0.372945957497	0.975815108217
0.02421875		0.372468194093	0.975502432849
0.02453125		0.371990000144	0.975189174342
0.02484375		0.371511374631	0.974875330534
0.02515625		0.371032316536	0.974560899252
0.02546875		0.370552824835	0.974245878314
0.02578125		0.370072898505	0.973930265524
0.02609375		0.369592536515	0.973614058676
0.02640625		0.369111737836	0.973297255551
0.02671875		0.368630501433	0.97297985392
0.02703125		0.368148826266	0.97266185154
0.02734375		0.367666711294	0.972343246156
0.02765625		0.36718415547	0.972024035499
0.02796875		0.366701157744	0.97170421729
0.02828125		0.366217717061	0.971383789236
0.02859375		0.365733832363	0.971062749029
0.02890625		0.365249502585	0.970741094351
0.02921875		0.364764726659	0.970418822867
0.02953125		0.364279503513	0.970095932232
0.02984375		0.36379383207	0.969772420084
0.03015625		0.363307711247	0.96944828405
0.03046875		0.362821139957	0.969123521741
0.03078125		0.362334117107	0.968798130755
0.03109375		0.361846641601	0.968472108675
0.03140625		0.361358712336	0.968145453071
0.03171875		0.360870328207	0.967818161497
0.03203125		0.360381488099	0.967490231493
0.03234375		0.359892190895	0.967161660584
0.03265625		0.359402435472	0.966832446279
0.03296875		0.358912220701	0.966502586074
0.03328125		0.358421545447	0.966172077449
0.03359375		0.357930408571	0.965840917867
0.03390625		0.357438808929	0.965509104779
0.03421875		0.356946745369	0.965176635617
0.03453125		0.356454216735	0.9648435078
0.03484375		0.355961221864	0.964509718728
0.03515625		0.35546775959	0.964175265788
0.03546875		0.354973828739	0.963840146349
0.03578125		0.354479428131	0.963504357765
0.03609375		0.353984556581	0.963167897373
0.03640625		0.353489212899	0.962830762493
0.03671875		0.352993395886	0.962492950429
0.03703125		0.35249710434	0.962154458468
0.03734375		0.35200033705	0.961815283878
0.03765625		0.351503092801	0.961475423913
0.03796875		0.351005370372	0.961134875808
0.03828125		0.350507168536	0.960793636781
0.03859375		0.350008486059	0.960451704032
0.03890625		0.349509321699	0.960109074745
0.03921875		0.34900967421	0.959765746083
0.03953125		0.34850954234	0.959421715192
0.03984375		0.348008924828	0.959076979203
0.04015625		0.347507820408	0.958731535223
0.04046875		0.347006227808	0.958385380345
0.04078125		0.346504145748	0.958038511642
0.04109375		0.346001572942	0.957690926167
0.04140625		0.345498508099	0.957342620955
0.04171875		0.344994949917	0.956993593022
0.04203125		0.344490897091	0.956643839363
0.04234375		0.343986348309	0.956293356956
0.04265625		0.343481302249	0.955942142758
0.04296875		0.342975757585	0.955590193706
0.04328125		0.342469712983	0.955237506717
0.04359375		0.341963167102	0.954884078687
0.04390625		0.341456118593	0.954529906493
0.04421875		0.340948566102	0.954174986991
0.04453125		0.340440508264	0.953819317015
0.04484375		0.339931943711	0.953462893381
0.04515625		0.339422871065	0.95310571288
0.04546875		0.338913288941	0.952747772284
0.04578125		0.338403195946	0.952389068343
0.04609375		0.337892590682	0.952029597785
0.04640625		0.33738147174	0.951669357317
0.04671875		0.336869837707	0.951308343622
0.04703125		0.336357687157	0.950946553363
0.04734375		0.335845018662	0.950583983178
0.04765625		0.335331830783	0.950220629683
0.04796875		0.334818122074	0.949856489474
0.04828125		0.33430389108	0.949491559118
0.04859375		0.333789136338	0.949125835165
0.04890625		0.33327385638	0.948759314136
0.04921875		0.332758049725	0.948391992532
0.04953125		0.332241714887	0.948023866827
0.04984375		0.331724850372	0.947654933473
0.05015625		0.331207454675	0.947285188896
0.05046875		0.330689526286	0.946914629499
0.05078125		0.330171063682	0.946543251658
0.05109375		0.329652065337	0.946171051724
0.05140625		0.329132529711	0.945798026025
0.05171875		0.328612455259	0.945424170861
0.05203125		0.328091840426	0.945049482506
0.05234375		0.327570683648	0.944673957209
0.05265625		0.327048983352	0.944297591192
0.05296875		0.326526737956	0.943920380651
0.05328125		0.32600394587	0.943542321753
0.05359375		0.325480605493	0.943163410641
0.05390625		0.324956715216	0.942783643427
0.05421875		0.32443227342	0.942403016199
0.05453125		0.323907278478	0.942021525014
0.05484375		0.323381728753	0.941639165901
0.05515625		0.322855622596	0.941255934864
0.05546875		0.322328958353	0.940871827873
0.05578125		0.321801734356	0.940486840872
0.05609375		0.32127394893	0.940100969776
0.05640625		0.320745600388	0.939714210468
0.05671875		0.320216687036	0.939326558804
0.05703125		0.319687207166	0.938938010606
0.05734375		0.319157159063	0.93854856167
0.05765625		0.318626541001	0.938158207758
0.05796875		0.318095351244	0.9377669446
0.05828125		0.317563588044	0.937374767898
0.05859375		0.317031249645	0.93698167332
0.05890625		0.316498334277	0.936587656501
0.05921875		0.315964840164	0.936192713046
0.05953125		0.315430765514	0.935796838525
0.05984375		0.314896108529	0.935400028477
0.06015625		0.314360867398	0.935002278405
0.06046875		0.313825040297	0.934603583781
0.06078125		0.313288625394	0.934203940041
0.06109375		0.312751620845	0.933803342587
0.06140625		0.312214024793	0.933401786786
0.06171875		0.311675835371	0.932999267971
0.06203125		0.311137050701	0.932595781438
0.06234375		0.310597668892	0.932191322447
0.06265625		0.310057688042	0.931785886223
0.06296875		0.309517106237	0.931379467954
0.06328125		0.308975921551	0.93097206279
0.06359375		0.308434132045	0.930563665844
0.06390625		0.307891735771	0.930154272192
0.06421875		0.307348730764	0.929743876871
0.06453125		0.306805115052	0.92933247488
0.06484375		0.306260886645	0.928920061177
0.06515625		0.305716043544	0.928506630684
0.06546875		0.305170583736	0.92809217828
0.06578125		0.304624505196	0.927676698804
0.06609375		0.304077805885	0.927260187057
0.06640625		0.303530483752	0.926842637797
0.06671875		0.302982536731	0.926424045739
0.06703125		0.302433962744	0.926004405558
0.06734375		0.3018847597	0.925583711886
0.06765625		0.301334925493	0.925161959312
0.06796875		0.300784458005	0.924739142381
0.06828125		0.300233355102	0.924315255595
0.06859375		0.299681614638	0.923890293411
0.06890625		0.299129234451	0.923464250241
0.06921875		0.298576212367	0.923037120452
0.06953125		0.298022546196	0.922608898366
0.06984375		0.297468233734	0.922179578256
0.07015625		0.296913272762	0.921749154352
0.07046875		0.296357661046	0.921317620832
0.07078125		0.295801396338	0.92088497183
0.07109375		0.295244476375	0.920451201429
0.07140625		0.294686898877	0.920016303665
0.07171875		0.294128661551	0.919580272523
0.07203125		0.293569762086	0.919143101937
0.07234375		0.293010198158	0.918704785794
0.07265625		0.292449967424	0.918265317925
0.07296875		0.291889067528	0.917824692112
0.07328125		0.291327496097	0.917382902085
0.07359375		0.290765250739	0.916939941518
0.07390625		0.29020232905	0.916495804035
0.07421875		0.289638728607	0.916050483203
0.07453125		0.289074446969	0.915603972535
0.07484375		0.28850948168	0.915156265489
0.07515625		0.287943830267	0.914707355466
0.07546875		0.287377490238	0.914257235811
0.07578125		0.286810459084	0.91380589981
0.07609375		0.286242734279	0.913353340691
0.07640625		0.28567431328	0.912899551626
0.07671875		0.285105193524	0.912444525724
0.07703125		0.28453537243	0.911988256035
0.07734375		0.2839648474	0.911530735548
0.07765625		0.283393615816	0.911071957191
0.07796875		0.282821675043	0.910611913828
0.07828125		0.282249022424	0.910150598261
0.07859375		0.281675655286	0.909688003227
0.07890625		0.281101570934	0.9092241214
0.07921875		0.280526766657	0.908758945386
0.07953125		0.279951239719	0.908292467727
0.07984375		0.279374987369	0.907824680897
0.08015625		0.278798006832	0.907355577301
0.08046875		0.278220295315	0.906885149277
0.08078125		0.277641850004	0.906413389093
0.08109375		0.277062668063	0.905940288944
0.08140625		0.276482746636	0.905465840958
0.08171875		0.275902082846	0.904990037187
0.08203125		0.275320673791	0.904512869611
0.08234375		0.274738516553	0.904034330137
0.08265625		0.274155608188	0.903554410596
0.08296875		0.27357194573	0.903073102743
0.08328125		0.272987526191	0.902590398257
0.08359375		0.272402346562	0.902106288737
0.08390625		0.271816403808	0.901620765706
0.08421875		0.271229694872	0.901133820604
0.08453125		0.270642216675	0.900645444794
0.08484375		0.270053966112	0.900155629553
0.08515625		0.269464940055	0.899664366078
0.08546875		0.268875135351	0.899171645479
0.08578125		0.268284548824	0.898677458785
0.08609375		0.267693177271	0.898181796935
0.08640625		0.267101017466	0.897684650782
0.08671875		0.266508066156	0.897186011091
0.08703125		0.265914320064	0.896685868535
0.08734375		0.265319775883	0.8961842137
0.08765625		0.264724430286	0.895681037076
0.08796875		0.264128279913	0.895176329063
0.08828125		0.263531321382	0.894670079963
0.08859375		0.26293355128	0.894162279985
0.08890625		0.26233496617	0.89365291924
0.08921875		0.261735562585	0.89314198774
0.08953125		0.261135337029	0.892629475397
0.08984375		0.26053428598	0.892115372024
0.09015625		0.259932405885	0.891599667329
0.09046875		0.259329693163	0.891082350918
0.09078125		0.258726144203	0.89056341229
0.09109375		0.258121755364	0.890042840838
0.09140625		0.257516522975	0.889520625848
0.09171875		0.256910443335	0.888996756494
0.09203125		0.25630351271	0.88847122184
0.09234375		0.255695727337	0.887944010837
0.09265625		0.255087083419	0.887415112322
0.09296875		0.25447757713	0.886884515015
0.09328125		0.253867204608	0.88635220752
0.09359375		0.25325596196	0.885818178318
0.09390625		0.25264384526	0.885282415774
0.09421875		0.252030850547	0.884744908127
0.09453125		0.251416973826	0.884205643492
0.09484375		0.250802211068	0.883664609858
0.09515625		0.25018655821	0.883121795086
0.09546875		0.249570011151	0.882577186907
0.09578125		0.248952565756	0.882030772919
0.09609375		0.248334217853	0.881482540588
0.09640625		0.247714963234	0.880932477243
0.09671875		0.247094797652	0.880380570076
0.09703125		0.246473716823	0.879826806138
0.09734375		0.245851716427	0.879271172339
0.09765625		0.245228792101	0.878713655445
0.09796875		0.244604939446	0.878154242076
0.09828125		0.243980154023	0.877592918703
0.09859375		0.243354431351	0.877029671647
0.09890625		0.242727766909	0.876464487075
0.09921875		0.242100156136	0.875897351001
0.09953125		0.241471594428	0.87532824928
0.09984375		0.240842077137	0.874757167606
0.10015625		0.240211599575	0.874184091514
0.10046875		0.239580157009	0.873609006369
0.10078125		0.238947744661	0.873031897374
0.10109375		0.238314357709	0.872452749557
0.10140625		0.237679991287	0.871871547777
0.10171875		0.237044640481	0.871288276716
0.10203125		0.236408300331	0.870702920877
0.10234375		0.235770965831	0.870115464583
0.10265625		0.235132631924	0.869525891974
0.10296875		0.234493293509	0.868934187
0.10328125		0.233852945431	0.868340333425
0.10359375		0.233211582489	0.867744314816
0.10390625		0.232569199429	0.867146114549
0.10421875		0.231925790946	0.866545715795
0.10453125		0.231281351685	0.865943101528
0.10484375		0.230635876235	0.865338254513
0.10515625		0.229989359135	0.864731157306
0.10546875		0.229341794865	0.864121792251
0.10578125		0.228693177856	0.863510141477
0.10609375		0.228043502478	0.862896186892
0.10640625		0.227392763046	0.86227991018
0.10671875		0.226740953819	0.861661292799
0.10703125		0.226088068995	0.861040315976
0.10734375		0.225434102716	0.860416960703
0.10765625		0.224779049061	0.859791207732
0.10796875		0.224122902049	0.859163037574
0.10828125		0.223465655638	0.858532430491
0.10859375		0.222807303723	0.857899366495
0.10890625		0.222147840134	0.857263825342
0.10921875		0.221487258637	0.856625786527
0.10953125		0.220825552934	0.85598522928
0.10984375		0.220162716658	0.855342132564
0.11015625		0.219498743375	0.854696475065
0.11046875		0.218833626584	0.854048235192
0.11078125		0.218167359711	0.853397391068
0.11109375		0.217499936114	0.85274392053
0.11140625		0.216831349077	0.852087801117
0.11171875		0.216161591813	0.851429010071
0.11203125		0.21549065746	0.850767524328
0.11234375		0.214818539079	0.850103320515
0.11265625		0.214145229656	0.84943637494
0.11296875		0.2134707221	0.848766663591
0.11328125		0.21279500924	0.848094162127
0.11359375		0.212118083823	0.847418845874
0.11390625		0.211439938517	0.846740689817
0.11421875		0.210760565906	0.846059668592
0.11453125		0.21007995849	0.845375756487
0.11484375		0.209398108683	0.844688927424
0.11515625		0.208715008811	0.843999154962
0.11546875		0.208030651113	0.843306412285
0.11578125		0.207345027739	0.842610672197
0.11609375		0.206658130743	0.841911907111
0.11640625		0.205969952092	0.841210089046
0.11671875		0.205280483653	0.840505189618
0.11703125		0.204589717199	0.839797180029
0.11734375		0.203897644407	0.839086031063
0.11765625		0.203204256852	0.838371713075
0.11796875		0.202509546008	0.837654195983
0.11828125		0.201813503246	0.836933449263
0.11859375		0.201116119832	0.836209441931
0.11890625		0.200417386928	0.835482142544
0.11921875		0.199717295584	0.834751519185
0.11953125		0.199015836741	0.834017539452
0.11984375		0.198313001228	0.833280170453
0.12015625		0.197608779758	0.832539378793
0.12046875		0.196903162929	0.831795130562
0.12078125		0.196196141221	0.831047391328
0.12109375		0.19548770499	0.830296126122
0.12140625		0.194777844474	0.82954129943
0.12171875		0.194066549781	0.82878287518
0.12203125		0.193353810894	0.828020816731
0.12234375		0.192639617665	0.827255086856
0.12265625		0.191923959815	0.826485647738
0.12296875		0.191206826929	0.825712460949
0.12328125		0.190488208456	0.824935487442
0.12359375		0.189768093702	0.824154687535
0.12390625		0.189046471834	0.823370020896
0.12421875		0.188323331871	0.822581446532
0.12453125		0.187598662685	0.821788922769
0.12484375		0.186872452996	0.820992407244
0.12515625		0.186144691371	0.820191856881
0.12546875		0.185415366218	0.819387227881
0.12578125		0.184684465788	0.818578475703
0.12609375		0.183951978165	0.817765555048
0.12640625		0.183217891269	0.816948419839
0.12671875		0.182482192848	0.816127023206
0.12703125		0.181744870477	0.815301317464
0.12734375		0.181005911555	0.814471254097
0.12765625		0.180265303299	0.813636783737
0.12796875		0.179523032742	0.812797856142
0.12828125		0.178779086729	0.811954420178
0.12859375		0.178033451913	0.811106423796
0.12890625		0.177286114748	0.810253814007
0.12921875		0.176537061492	0.809396536864
0.12953125		0.175786278196	0.808534537434
0.12984375		0.1750337507	0.807667759777
0.13015625		0.174279464633	0.806796146918
0.13046875		0.173523405405	0.805919640822
0.13078125		0.172765558203	0.805038182367
0.13109375		0.172005907986	0.804151711317
0.13140625		0.171244439479	0.803260166293
0.13171875		0.17048113717	0.802363484742
0.13203125		0.169715985302	0.80146160291
0.13234375		0.16894896787	0.800554455804
0.13265625		0.168180068614	0.799641977169
0.13296875		0.167409271012	0.798724099444
0.13328125		0.166636558278	0.797800753735
0.13359375		0.16586191335	0.796871869776
0.13390625		0.165085318888	0.795937375889
0.13421875		0.164306757267	0.794997198952
0.13453125		0.163526210567	0.794051264354
0.13484375		0.16274366057	0.793099495954
0.13515625		0.161959088751	0.792141816041
0.13546875		0.161172476269	0.791178145288
0.13578125		0.160383803963	0.790208402705
0.13609375		0.15959305234	0.789232505597
0.13640625		0.158800201569	0.788250369506
0.13671875		0.158005231473	0.787261908168
0.13703125		0.15720812152	0.786267033457
0.13734375		0.156408850811	0.785265655328
0.13765625		0.155607398075	0.784257681766
0.13796875		0.154803741657	0.78324301872
0.13828125		0.153997859508	0.782221570047
0.13859375		0.153189729176	0.781193237447
0.13890625		0.152379327793	0.780157920395
0.13921875		0.151566632068	0.779115516076
0.13953125		0.150751618269	0.778065919311
0.13984375		0.149934262218	0.777009022483
0.14015625		0.149114539276	0.775944715461
0.14046875		0.148292424329	0.77487288552
0.14078125		0.147467891776	0.773793417256
0.14109375		0.146640915515	0.772706192501
0.14140625		0.145811468931	0.771611090232
0.14171875		0.144979524879	0.770507986476
0.14203125		0.144145055667	0.769396754214
0.14234375		0.143308033046	0.768277263276
0.14265625		0.142468428189	0.767149380235
0.14296875		0.141626211674	0.7660129683
0.14328125		0.140781353468	0.764867887193
0.14359375		0.139933822911	0.763713993033
0.14390625		0.139083588691	0.762551138209
0.14421875		0.138230618828	0.761379171245
0.14453125		0.137374880653	0.760197936666
0.14484375		0.136516340786	0.759007274849
0.14515625		0.135654965116	0.757807021877
0.14546875		0.134790718772	0.756597009378
0.14578125		0.133923566106	0.755377064359
0.14609375		0.133053470662	0.754147009036
0.14640625		0.132180395152	0.75290666065
0.14671875		0.13130430143	0.751655831278
0.14703125		0.13042515046	0.750394327632
0.14734375		0.129542902291	0.749121950854
0.14765625		0.128657516018	0.747838496289
0.14796875		0.127768949759	0.746543753263
0.14828125		0.126877160613	0.745237504834
0.14859375		0.125982104629	0.743919527541
0.14890625		0.125083736768	0.742589591135
0.14921875		0.124182010861	0.741247458295
0.14953125		0.123276879573	0.739892884335
0.14984375		0.122368294355	0.73852561689
0.15015625		0.121456205406	0.737145395584
0.15046875		0.120540561618	0.735751951684
0.15078125		0.119621310534	0.734345007734
0.15109375		0.11869839829	0.732924277167
0.15140625		0.117771769566	0.731489463892
0.15171875		0.116841367525	0.730040261869
0.15203125		0.115907133756	0.728576354642
0.15234375		0.114969008207	0.727097414861
0.15265625		0.114026929124	0.725603103766
0.15296875		0.113080832976	0.724093070639
0.15328125		0.112130654383	0.722566952232
0.15359375		0.111176326037	0.721024372152
0.15390625		0.110217778624	0.719464940206
0.15421875		0.109254940731	0.717888251711
0.15453125		0.108287738759	0.716293886758
0.15484375		0.107316096824	0.714681409423
0.15515625		0.106339936656	0.713050366933
0.15546875		0.105359177485	0.711400288771
0.15578125		0.104373735935	0.709730685724
0.15609375		0.103383525893	0.708041048865
0.15640625		0.102388458382	0.706330848463
0.15671875		0.101388441427	0.704599532812
0.15703125		0.100383379901	0.702846526988
0.15734375		0.0993731753767	0.701071231503
0.15765625		0.0983577259528	0.699273020863
0.15796875		0.0973369260817	0.697451242026
0.15828125		0.0963106663783	0.695605212727
0.15859375		0.0952788334176	0.693734219691
0.15890625		0.0942413095186	0.691837516688
0.15921875		0.0931979725127	0.689914322448
0.15953125		0.092148695495	0.687963818395
0.15984375		0.0910933465584	0.685985146198
0.16015625		0.0900317885066	0.683977405122
0.16046875		0.0889638785468	0.681939649135
0.16078125		0.087889467958	0.679870883786
0.16109375		0.0868084017334	0.677770062787
0.16140625		0.0857205181942	0.675636084292
0.16171875		0.0846256485725	0.67346778684
0.16203125		0.0835236165594	0.671263944908
0.16234375		0.0824142378149	0.66902326404
0.16265625		0.0812973194356	0.666744375504
0.16296875		0.0801726593763	0.664425830418
0.16328125		0.0790400458192	0.662066093266
0.16359375		0.0778992564857	0.659663534758
0.16390625		0.0767500578837	0.657216423918
0.16421875		0.0755922044842	0.654722919317
0.16453125		0.0744254378163	0.652181059339
0.16484375		0.0732494854727	0.649588751331
0.16515625		0.0720640600139	0.646943759494
0.16546875		0.070868857758	0.644243691338
0.16578125		0.0696635574405	0.641485982473
0.16609375		0.0684478187284	0.638667879495
0.16640625		0.0672212805664	0.635786420681
0.16671875		0.0659835593329	0.632838414119
0.16703125		0.0647342467778	0.629820412882
0.16734375		0.0634729077093	0.626728686726
0.16765625		0.0621990773921	0.623559189729
0.16796875		0.0609122586099	0.620307523125
0.16828125		0.0596119183397	0.616968892474
0.16859375		0.0582974839719	0.613538058068
0.16890625		0.0569683389974	0.610009277274
0.16921875		0.0556238180682	0.606376237144
0.16953125		0.0542632013147	0.602631975279
0.16984375		0.0528857077798	0.598768786369
0.17015625		0.0514904877936	0.59477811118
0.17046875		0.0500766140736	0.59065040385
0.17078125		0.0486430712792	0.586374972193
0.17109375		0.0471887436773	0.581939784115
0.17140625		0.0457124004856	0.577331231091
0.17171875		0.0442126783337	0.572533836711
0.17203125		0.0426880601165	0.56752989417
0.17234375		0.0411368492885	0.562299010787
0.17265625		0.0395571383335	0.556817529278
0.17296875		0.0379467697096	0.551057783328
0.17328125		0.0363032869436	0.54498712687
0.17359375		0.0346238726495	0.538566648869
0.17390625		0.0329052689158	0.531749442405
0.17421875		0.0311436734912	0.524478228049
0.17453125		0.0293346020877	0.516682018012
0.17484375		0.0274727021579	0.508271313747
0.17515625		0.02555149534	0.499130985277
0.17546875		0.0235630118114	0.489109339174
0.17578125		0.0214972548151	0.478000619771
0.17609375		0.0193413862871	0.465515530435
0.17640625		0.0170784276346	0.451228276351
0.17671875		0.014685047191	0.434473089542
0.17703125		0.0121273891848	0.414117062344
0.17734375		0.00935147331788	0.387963378175
0.17765625		0.00638468222406	0.352528942768
0.17796875		0.00355412757981	0.304317187668
0.17828125		0.00133439206766	0.237853558324
0.17859375		0.000150622571971	0.136281591196
0.17890625		1.94576813961e-08	0.0144208358065
0.17921875		4.11369037253e-09	0.0100002925134
0.17953125		4.11315254273e-09	0.0100000000103
0.17984375		4.11315252376e-09	0.01
0.18015625		4.11315252376e-09	0.01
0.18046875		4.11315252376e-09	0.01
0.18078125		4.11315252376e-09	0.01
0.18109375		4.11315252376e-09	0.01
0.18140625		4.11315252376e-09	0.01
0.18171875		4.11315252376e-09	0.01
0.18203125		4.11315252376e-09	0.01
0.18234375		4.11315252376e-09	0.01
0.18265625		4.11315252376e-09	0.01
0.18296875		4.11315252376e-09	0.01
0.18328125		4.11315252376e-09	0.01
0.18359375		4.11315252376e-09	0.01
0.18390625		4.11315252376e-09	0.01
0.18421875		4.11315252376e-09	0.01
0.18453125		4.11315252376e-09	0.01
0.18484375		4.11315252376e-09	0.01
0.18515625		4.11315252376e-09	0.01
0.18546875		4.11315252376e-09	0.01
0.18578125		4.11315252376e-09	0.01
0.18609375		4.11315252376e-09	0.01
0.18640625		4.11315252376e-09	0.01
0.18671875		4.11315252376e-09	0.01
0.18703125		4.11315252376e-09	0.01
0.18734375		4.11315252376e-09	0.01
0.18765625		4.11315252376e-09	0.01
0.18796875		4.11315252376e-09	0.01
0.18828125		4.11315252376e-09	0.01
0.18859375		4.11315252376e-09	0.01
0.18890625		4.11315252376e-09	0.01
0.18921875		4.11315252376e-09	0.01
0.18953125		4.11315252376e-09	0.01
0.18984375		4.11315252376e-09	0.01
0.19015625		4.11315252376e-09	0.01
0.19046875		4.11315252376e-09	0.01
0.19078125		4.11315252376e-09	0.01
0.19109375		4.11315252376e-09	0.01
0.19140625		4.11315252376e-09	0.01
0.19171875		4.11315252376e-09	0.01
0.19203125		4.11315252376e-09	0.01
0.19234375		4.11315252376e-09	0.01
0.19265625		4.11315252376e-09	0.01
0.19296875		4.11315252376e-09	0.01
0.19328125		4.11315252376e-09	0.01
0.19359375		4.11315252376e-09	0.01
0.19390625		4.11315252376e-09	0.01
0.19421875		4.11315252376e-09	0.01
0.19453125		4.11315252376e-09	0.01
0.19484375		4.11315252376e-09	0.01
0.19515625		4.11315252376e-09	0.01
0.19546875		4.11315252376e-09	0.01
0.19578125		4.11315252376e-09	0.01
0.19609375		4.11315252376e-09	0.01
0.19640625		4.11315252376e-09	0.01
0.19671875		4.11315252376e-09	0.01
0.19703125		4.11315252376e-09	0.01
0.19734375		4.11315252376e-09	0.01
0.19765625		4.11315252376e-09	0.01
0.19796875		4.11315252376e-09	0.01
0.19828125		4.11315252376e-09	0.01
0.19859375		4.11315252376e-09	0.01
0.19890625		4.11315252376e-09	0.01
0.19921875		4.11315252376e-09	0.01
0.19953125		4.11315252376e-09	0.01
0.19984375		4.11315252376e-09	0.01
0.20015625		4.11315252376e-09	0.01
0.20046875		4.11315252376e-09	0.01
0.20078125		4.11315252376e-09	0.01
0.20109375		4.11315252376e-09	0.01
0.20140625		4.11315252376e-09	0.01
0.20171875		4.11315252376e-09	0.01
0.20203125		4.11315252376e-09	0.01
0.20234375		4.11315252376e-09	0.01
0.20265625		4.11315252376e-09	0.01
0.20296875		4.11315252376e-09	0.01
0.20328125		4.11315252376e-09	0.01
0.20359375		4.11315252376e-09	0.01
0.20390625		4.11315252376e-09	0.01
0.20421875		4.11315252376e-09	0.01
0.20453125		4.11315252376e-09	0.01
0.20484375		4.11315252376e-09	0.01
0.20515625		4.11315252376e-09	0.01
0.20546875		4.11315252376e-09	0.01
0.20578125		4.11315252376e-09	0.01
0.20609375		4.11315252376e-09	0.01
0.20640625		4.11315252376e-09	0.01
0.20671875		4.11315252376e-09	0.01
0.20703125		4.11315252376e-09	0.01
0.20734375		4.11315252376e-09	0.01
0.20765625		4.11315252376e-09	0.01
0.20796875		4.11315252376e-09	0.01
0.20828125		4.11315252376e-09	0.01
0.20859375		4.11315252376e-09	0.01
0.20890625		4.11315252376e-09	0.01
0.20921875		4.11315252376e-09	0.01
0.20953125		4.11315252376e-09	0.01
0.20984375		4.11315252376e-09	0.01
0.21015625		4.11315252376e-09	0.01
0.21046875		4.11315252376e-09	0.01
0.21078125		4.11315252376e-09	0.01
0.21109375		4.11315252376e-09	0.01
0.21140625		4.11315252376e-09	0.01
0.21171875		4.11315252376e-09	0.01
0.21203125		4.11315252376e-09	0.01
0.21234375		4.11315252376e-09	0.01
0.21265625		4.11315252376e-09	0.01
0.21296875		4.11315252376e-09	0.01
0.21328125		4.11315252376e-09	0.01
0.21359375		4.11315252376e-09	0.01
0.21390625		4.11315252376e-09	0.01
0.21421875		4.11315252376e-09	0.01
0.21453125		4.11315252376e-09	0.01
0.21484375		4.11315252376e-09	0.01
0.21515625		4.11315252376e-09	0.01
0.21546875		4.11315252376e-09	0.01
0.21578125		4.11315252376e-09	0.01
0.21609375		4.11315252376e-09	0.01
0.21640625		4.11315252376e-09	0.01
0.21671875		4.11315252376e-09	0.01
0.21703125		4.11315252376e-09	0.01
0.21734375		4.11315252376e-09	0.01
0.21765625		4.11315252376e-09	0.01
0.21796875		4.11315252376e-09	0.01
0.21828125		4.11315252376e-09	0.01
0.21859375		4.11315252376e-09	0.01
0.21890625		4.11315252376e-09	0.01
0.21921875		4.11315252376e-09	0.01
0.21953125		4.11315252376e-09	0.01
0.21984375		4.11315252376e-09	0.01
0.22015625		4.11315252376e-09	0.01
0.22046875		4.11315252376e-09	0.01
0.22078125		4.11315252376e-09	0.01
0.22109375		4.11315252376e-09	0.01
0.22140625		4.11315252376e-09	0.01
0.22171875		4.11315252376e-09	0.01
0.22203125		4.11315252376e-09	0.01
0.22234375		4.11315252376e-09	0.01
0.22265625		4.11315252376e-09	0.01
0.22296875		4.11315252376e-09	0.01
0.22328125		4.11315252376e-09	0.01
0.22359375		4.11315252376e-09	0.01
0.22390625		4.11315252376e-09	0.01
0.22421875		4.11315252376e-09	0.01
0.22453125		4.11315252376e-09	0.01
0.22484375		4.11315252376e-09	0.01
0.22515625		4.11315252376e-09	0.01
0.22546875		4.11315252376e-09	0.01
0.22578125		4.11315252376e-09	0.01
0.22609375		4.11315252376e-09	0.01
0.22640625		4.11315252376e-09	0.01
0.22671875		4.11315252376e-09	0.01
0.22703125		4.11315252376e-09	0.01
0.22734375		4.11315252376e-09	0.01
0.22765625		4.11315252376e-09	0.01
0.22796875		4.11315252376e-09	0.01
0.22828125		4.11315252376e-09	0.01
0.22859375		4.11315252376e-09	0.01
0.22890625		4.11315252376e-09	0.01
0.22921875		4.11315252376e-09	0.01
0.22953125		4.11315252376e-09	0.01
0.22984375		4.11315252376e-09	0.01
0.23015625		4.11315252376e-09	0.01
0.23046875		4.11315252376e-09	0.01
0.23078125		4.11315252376e-09	0.01
0.23109375		4.11315252376e-09	0.01
0.23140625		4.11315252376e-09	0.01
0.23171875		4.11315252376e-09	0.01
0.23203125		4.11315252376e-09	0.01
0.23234375		4.11315252376e-09	0.01
0.23265625		4.11315252376e-09	0.01
0.23296875		4.11315252376e-09	0.01
0.23328125		4.11315252376e-09	0.01
0.23359375		4.11315252376e-09	0.01
0.23390625		4.11315252376e-09	0.01
0.23421875		4.11315252376e-09	0.01
0.23453125		4.11315252376e-09	0.01
0.23484375		4.11315252376e-09	0.01
0.23515625		4.11315252376e-09	0.01
0.23546875		4.11315252376e-09	0.01
0.23578125		4.11315252376e-09	0.01
0.23609375		4.11315252376e-09	0.01
0.23640625		4.11315252376e-09	0.01
0.23671875		4.11315252376e-09	0.01
0.23703125		4.11315252376e-09	0.01
0.23734375		4.11315252376e-09	0.01
0.23765625		4.11315252376e-09	0.01
0.23796875		4.11315252376e-09	0.01
0.23828125		4.11315252376e-09	0.01
0.23859375		4.11315252376e-09	0.01
0.23890625		4.11315252376e-09	0.01
0.23921875		4.11315252376e-09	0.01
0.23953125		4.11315252376e-09	0.01
0.23984375		4.11315252376e-09	0.01
0.24015625		4.11315252376e-09	0.01
0.24046875		4.11315252376e-09	0.01
0.24078125		4.11315252376e-09	0.01
0.24109375		4.11315252376e-09	0.01
0.24140625		4.11315252376e-09	0.01
0.24171875		4.11315252376e-09	0.01
0.24203125		4.11315252376e-09	0.01
0.24234375		4.11315252376e-09	0.01
0.24265625		4.11315252376e-09	0.01
0.24296875		4.11315252376e-09	0.01
0.24328125		4.11315252376e-09	0.01
0.24359375		4.11315252376e-09	0.01
0.24390625		4.11315252376e-09	0.01
0.24421875		4.11315252376e-09	0.01
0.24453125		4.11315252376e-09	0.01
0.24484375		4.11315252376e-09	0.01
0.24515625		4.11315252376e-09	0.01
0.24546875		4.11315252376e-09	0.01
0.24578125		4.11315252376e-09	0.01
0.24609375		4.11315252376e-09	0.01
0.24640625		4.11315252376e-09	0.01
0.24671875		4.11315252376e-09	0.01
0.24703125		4.11315252376e-09	0.01
0.24734375		4.11315252376e-09	0.01
0.24765625		4.11315252376e-09	0.01
0.24796875		4.11315252376e-09	0.01
0.24828125		4.11315252376e-09	0.01
0.24859375		4.11315252376e-09	0.01
0.24890625		4.11315252376e-09	0.01
0.24921875		4.11315252376e-09	0.01
0.24953125		4.11315252376e-09	0.01
0.24984375		4.11315252376e-09	0.01
0.25015625		4.11315252376e-09	0.01
0.25046875		4.11315252376e-09	0.01
0.25078125		4.11315252376e-09	0.01
0.25109375		4.11315252376e-09	0.01
0.25140625		4.11315252376e-09	0.01
0.25171875		4.11315252376e-09	0.01
0.25203125		4.11315252376e-09	0.01
0.25234375		4.11315252376e-09	0.01
0.25265625		4.11315252376e-09	0.01
0.25296875		4.11315252376e-09	0.01
0.25328125		4.11315252376e-09	0.01
0.25359375		4.11315252376e-09	0.01
0.25390625		4.11315252376e-09	0.01
0.25421875		4.11315252376e-09	0.01
0.25453125		4.11315252376e-09	0.01
0.25484375		4.11315252376e-09	0.01
0.25515625		4.11315252376e-09	0.01
0.25546875		4.11315252376e-09	0.01
0.25578125		4.11315252376e-09	0.01
0.25609375		4.11315252376e-09	0.01
0.25640625		4.11315252376e-09	0.01
0.25671875		4.11315252376e-09	0.01
0.25703125		4.11315252376e-09	0.01
0.25734375		4.11315252376e-09	0.01
0.25765625		4.11315252376e-09	0.01
0.25796875		4.11315252376e-09	0.01
0.25828125		4.11315252376e-09	0.01
0.25859375		4.11315252376e-09	0.01
0.25890625		4.11315252376e-09	0.01
0.25921875		4.11315252376e-09	0.01
0.25953125		4.11315252376e-09	0.01
0.25984375		4.11315252376e-09	0.01
0.26015625		4.11315252376e-09	0.01
0.26046875		4.11315252376e-09	0.01
0.26078125		4.11315252376e-09	0.01
0.26109375		4.11315252376e-09	0.01
0.26140625		4.11315252376e-09	0.01
0.26171875		4.11315252376e-09	0.01
0.26203125		4.11315252376e-09	0.01
0.26234375		4.11315252376e-09	0.01
0.26265625		4.11315252376e-09	0.01
0.26296875		4.11315252376e-09	0.01
0.26328125		4.11315252376e-09	0.01
0.26359375		4.11315252376e-09	0.01
0.26390625		4.11315252376e-09	0.01
0.26421875		4.11315252376e-09	0.01
0.26453125		4.11315252376e-09	0.01
0.26484375		4.11315252376e-09	0.01
0.26515625		4.11315252376e-09	0.01
0.26546875		4.11315252376e-09	0.01
0.26578125		4.11315252376e-09	0.01
0.26609375		4.11315252376e-09	0.01
0.26640625		4.11315252376e-09	0.01
0.26671875		4.11315252376e-09	0.01
0.26703125		4.11315252376e-09	0.01
0.26734375		4.11315252376e-09	0.01
0.26765625		4.11315252376e-09	0.01
0.26796875		4.11315252376e-09	0.01
0.26828125		4.11315252376e-09	0.01
0.26859375		4.11315252376e-09	0.01
0.26890625		4.11315252376e-09	0.01
0.26921875		4.11315252376e-09	0.01
0.26953125		4.11315252376e-09	0.01
0.26984375		4.11315252376e-09	0.01
0.27015625		4.11315252376e-09	0.01
0.27046875		4.11315252376e-09	0.01
0.27078125		4.11315252376e-09	0.01
0.27109375		4.11315252376e-09	0.01
0.27140625		4.11315252376e-09	0.01
0.27171875		4.11315252376e-09	0.01
0.27203125		4.11315252376e-09	0.01
0.27234375		4.11315252376e-09	0.01
0.27265625		4.11315252376e-09	0.01
0.27296875		4.11315252376e-09	0.01
0.27328125		4.11315252376e-09	0.01
0.27359375		4.11315252376e-09	0.01
0.27390625		4.11315252376e-09	0.01
0.27421875		4.11315252376e-09	0.01
0.27453125		4.11315252376e-09	0.01
0.27484375		4.11315252376e-09	0.01
0.27515625		4.11315252376e-09	0.01
0.27546875		4.11315252376e-09	0.01
0.27578125		4.11315252376e-09	0.01
0.27609375		4.11315252376e-09	0.01
0.27640625		4.11315252376e-09	0.01
0.27671875		4.11315252376e-09	0.01
0.27703125		4.11315252376e-09	0.01
0.27734375		4.11315252376e-09	0.01
0.27765625		4.11315252376e-09	0.01
0.27796875		4.11315252376e-09	0.01
0.27828125		4.11315252376e-09	0.01
0.27859375		4.11315252376e-09	0.01
0.27890625		4.11315252376e-09	0.01
0.27921875		4.11315252376e-09	0.01
0.27953125		4.11315252376e-09	0.01
0.27984375		4.11315252376e-09	0.01
0.28015625		4.11315252376e-09	0.01
0.28046875		4.11315252376e-09	0.01
0.28078125		4.11315252376e-09	0.01
0.28109375		4.11315252376e-09	0.01
0.28140625		4.11315252376e-09	0.01
0.28171875		4.11315252376e-09	0.01
0.28203125		4.11315252376e-09	0.01
0.28234375		4.11315252376e-09	0.01
0.28265625		4.11315252376e-09	0.01
0.28296875		4.11315252376e-09	0.01
0.28328125		4.11315252376e-09	0.01
0.28359375		4.11315252376e-09	0.01
0.28390625		4.11315252376e-09	0.01
0.28421875		4.11315252376e-09	0.01
0.28453125		4.11315252376e-09	0.01
0.28484375		4.11315252376e-09	0.01
0.28515625		4.11315252376e-09	0.01
0.28546875		4.11315252376e-09	0.01
0.28578125		4.11315252376e-09	0.01
0.28609375		4.11315252376e-09	0.01
0.28640625		4.11315252376e-09	0.01
0.28671875		4.11315252376e-09	0.01
0.28703125		4.11315252376e-09	0.01
0.28734375		4.11315252376e-09	0.01
0.28765625		4.11315252376e-09	0.01
0.28796875		4.11315252376e-09	0.01
0.28828125		4.11315252376e-09	0.01
0.28859375		4.11315252376e-09	0.01
0.28890625		4.11315252376e-09	0.01
0.28921875		4.11315252376e-09	0.01
0.28953125		4.11315252376e-09	0.01
0.28984375		4.11315252376e-09	0.01
0.29015625		4.11315252376e-09	0.01
0.29046875		4.11315252376e-09	0.01
0.29078125		4.11315252376e-09	0.01
0.29109375		4.11315252376e-09	0.01
0.29140625		4.11315252376e-09	0.01
0.29171875		4.11315252376e-09	0.01
0.29203125		4.11315252376e-09	0.01
0.29234375		4.11315252376e-09	0.01
0.29265625		4.11315252376e-09	0.01
0.29296875		4.11315252376e-09	0.01
0.29328125		4.11315252376e-09	0.01
0.29359375		4.11315252376e-09	0.01
0.29390625		4.11315252376e-09	0.01
0.29421875		4.11315252376e-09	0.01
0.29453125		4.11315252376e-09	0.01
0.29484375		4.11315252376e-09	0.01
0.29515625		4.11315252376e-09	0.01
0.29546875		4.11315252376e-09	0.01
0.29578125		4.11315252376e-09	0.01
0.29609375		4.11315252376e-09	0.01
0.29640625		4.11315252376e-09	0.01
0.29671875		4.11315252376e-09	0.01
0.29703125		4.11315252376e-09	0.01
0.29734375		4.11315252376e-09	0.01
0.29765625		4.11315252376e-09	0.01
0.29796875		4.11315252376e-09	0.01
0.29828125		4.11315252376e-09	0.01
0.29859375		4.11315252376e-09	0.01
0.29890625		4.11315252376e-09	0.01
0.29921875		4.11315252376e-09	0.01
0.29953125		4.11315252376e-09	0.01
0.29984375		4.11315252376e-09	0.01
0.30015625		4.11315252376e-09	0.01
0.30046875		4.11315252376e-09	0.01
0.30078125		4.11315252376e-09	0.01
0.30109375		4.11315252376e-09	0.01
0.30140625		4.11315252376e-09	0.01
0.30171875		4.11315252376e-09	0.01
0.30203125		4.11315252376e-09	0.01
0.30234375		4.11315252376e-09	0.01
0.30265625		4.11315252376e-09	0.01
0.30296875		4.11315252376e-09	0.01
0.30328125		4.11315252376e-09	0.01
0.30359375		4.11315252376e-09	0.01
0.30390625		4.11315252376e-09	0.01
0.30421875		4.11315252376e-09	0.01
0.30453125		4.11315252376e-09	0.01
0.30484375		4.11315252376e-09	0.01
0.30515625		4.11315252376e-09	0.01
0.30546875		4.11315252376e-09	0.01
0.30578125		4.11315252376e-09	0.01
0.30609375		4.11315252376e-09	0.01
0.30640625		4.11315252376e-09	0.01
0.30671875		4.11315252376e-09	0.01
0.30703125		4.11315252376e-09	0.01
0.30734375		4.11315252376e-09	0.01
0.30765625		4.11315252376e-09	0.01
0.30796875		4.11315252376e-09	0.01
0.30828125		4.11315252376e-09	0.01
0.30859375		4.11315252376e-09	0.01
0.30890625		4.11315252376e-09	0.01
0.30921875		4.11315252376e-09	0.01
0.30953125		4.11315252376e-09	0.01
0.30984375		4.11315252376e-09	0.01
0.31015625		4.11315252376e-09	0.01
0.31046875		4.11315252376e-09	0.01
0.31078125		4.11315252376e-09	0.01
0.31109375		4.11315252376e-09	0.01
0.31140625		4.11315252376e-09	0.01
0.31171875		4.11315252376e-09	0.01
0.31203125		4.11315252376e-09	0.01
0.31234375		4.11315252376e-09	0.01
0.31265625		4.11315252376e-09	0.01
0.31296875		4.11315252376e-09	0.01
0.31328125		4.11315252376e-09	0.01
0.31359375		4.11315252376e-09	0.01
0.31390625		4.11315252376e-09	0.01
0.31421875		4.11315252376e-09	0.01
0.31453125		4.11315252376e-09	0.01
0.31484375		4.11315252376e-09	0.01
0.31515625		4.11315252376e-09	0.01
0.31546875		4.11315252376e-09	0.01
0.31578125		4.11315252376e-09	0.01
0.31609375		4.11315252376e-09	0.01
0.31640625		4.11315252376e-09	0.01
0.31671875		4.11315252376e-09	0.01
0.31703125		4.11315252376e-09	0.01
0.31734375		4.11315252376e-09	0.01
0.31765625		4.11315252376e-09	0.01
0.31796875		4.11315252376e-09	0.01
0.31828125		4.11315252376e-09	0.01
0.31859375		4.11315252376e-09	0.01
0.31890625		4.11315252376e-09	0.01
0.31921875		4.11315252376e-09	0.01
0.31953125		4.11315252376e-09	0.01
0.31984375		4.11315252376e-09	0.01
0.32015625		4.11315252376e-09	0.01
0.32046875		4.11315252376e-09	0.01
0.32078125		4.11315252376e-09	0.01
0.32109375		4.11315252376e-09	0.01
0.32140625		4.11315252376e-09	0.01
0.32171875		4.11315252376e-09	0.01
0.32203125		4.11315252376e-09	0.01
0.32234375		4.11315252376e-09	0.01
0.32265625		4.11315252376e-09	0.01
0.32296875		4.11315252376e-09	0.01
0.32328125		4.11315252376e-09	0.01
0.32359375		4.11315252376e-09	0.01
0.32390625		4.11315252376e-09	0.01
0.32421875		4.11315252376e-09	0.01
0.32453125		4.11315252376e-09	0.01
0.32484375		4.11315252376e-09	0.01
0.32515625		4.11315252376e-09	0.01
0.32546875		4.11315252376e-09	0.01
0.32578125		4.11315252376e-09	0.01
0.32609375		4.11315252376e-09	0.01
0.32640625		4.11315252376e-09	0.01
0.32671875		4.11315252376e-09	0.01
0.32703125		4.11315252376e-09	0.01
0.32734375		4.11315252376e-09	0.01
0.32765625		4.11315252376e-09	0.01
0.32796875		4.11315252376e-09	0.01
0.32828125		4.11315252376e-09	0.01
0.32859375		4.11315252376e-09	0.01
0.32890625		4.11315252376e-09	0.01
0.32921875		4.11315252376e-09	0.01
0.32953125		4.11315252376e-09	0.01
0.32984375		4.11315252376e-09	0.01
0.33015625		4.11315252376e-09	0.01
0.33046875		4.11315252376e-09	0.01
0.33078125		4.11315252376e-09	0.01
0.33109375		4.11315252376e-09	0.01
0.33140625		4.11315252376e-09	0.01
0.33171875		4.11315252376e-09	0.01
0.33203125		4.11315252376e-09	0.01
0.33234375		4.11315252376e-09	0.01
0.33265625		4.11315252376e-09	0.01
0.33296875		4.11315252376e-09	0.01
0.33328125		4.11315252376e-09	0.01
0.33359375		4.11315252376e-09	0.01
0.33390625		4.11315252376e-09	0.01
0.33421875		4.11315252376e-09	0.01
0.33453125		4.11315252376e-09	0.01
0.33484375		4.11315252376e-09	0.01
0.33515625		4.11315252376e-09	0.01
0.33546875		4.11315252376e-09	0.01
0.33578125		4.11315252376e-09	0.01
0.33609375		4.11315252376e-09	0.01
0.33640625		4.11315252376e-09	0.01
0.33671875		4.11315252376e-09	0.01
0.33703125		4.11315252376e-09	0.01
0.33734375		4.11315252376e-09	0.01
0.33765625		4.11315252376e-09	0.01
0.33796875		4.11315252376e-09	0.01
0.33828125		4.11315252376e-09	0.01
0.33859375		4.11315252376e-09	0.01
0.33890625		4.11315252376e-09	0.01
0.33921875		4.11315252376e-09	0.01
0.33953125		4.11315252376e-09	0.01
0.33984375		4.11315252376e-09	0.01
0.34015625		4.11315252376e-09	0.01
0.34046875		4.11315252376e-09	0.01
0.34078125		4.11315252376e-09	0.01
0.34109375		4.11315252376e-09	0.01
0.34140625		4.11315252376e-09	0.01
0.34171875		4.11315252376e-09	0.01
0.34203125		4.11315252376e-09	0.01
0.34234375		4.11315252376e-09	0.01
0.34265625		4.11315252376e-09	0.01
0.34296875		4.11315252376e-09	0.01
0.34328125		4.11315252376e-09	0.01
0.34359375		4.11315252376e-09	0.01
0.34390625		4.11315252376e-09	0.01
0.34421875		4.11315252376e-09	0.01
0.34453125		4.11315252376e-09	0.01
0.34484375		4.11315252376e-09	0.01
0.34515625		4.11315252376e-09	0.01
0.34546875		4.11315252376e-09	0.01
0.34578125		4.11315252376e-09	0.01
0.34609375		4.11315252376e-09	0.01
0.34640625		4.11315252376e-09	0.01
0.34671875		4.11315252376e-09	0.01
0.34703125		4.11315252376e-09	0.01
0.34734375		4.11315252376e-09	0.01
0.34765625		4.11315252376e-09	0.01
0.34796875		4.11315252376e-09	0.01
0.34828125		4.11315252376e-09	0.01
0.34859375		4.11315252376e-09	0.01
0.34890625		4.11315252376e-09	0.01
0.34921875		4.11315252376e-09	0.01
0.34953125		4.11315252376e-09	0.01
0.34984375		4.11315252376e-09	0.01
0.35015625		4.11315252376e-09	0.01
0.35046875		4.11315252376e-09	0.01
0.35078125		4.11315252376e-09	0.01
0.35109375		4.11315252376e-09	0.01
0.35140625		4.11315252376e-09	0.01
0.35171875		4.11315252376e-09	0.01
0.35203125		4.11315252376e-09	0.01
0.35234375		4.11315252376e-09	0.01
0.35265625		4.11315252376e-09	0.01
0.35296875		4.11315252376e-09	0.01
0.35328125		4.11315252376e-09	0.01
0.35359375		4.11315252376e-09	0.01
0.35390625		4.11315252376e-09	0.01
0.35421875		4.11315252376e-09	0.01
0.35453125		4.11315252376e-09	0.01
0.35484375		4.11315252376e-09	0.01
0.35515625		4.11315252376e-09	0.01
0.35546875		4.11315252376e-09	0.01
0.35578125		4.11315252376e-09	0.01
0.35609375		4.11315252376e-09	0.01
0.35640625		4.11315252376e-09	0.01
0.35671875		4.11315252376e-09	0.01
0.35703125		4.11315252376e-09	0.01
0.35734375		4.11315252376e-09	0.01
0.35765625		4.11315252376e-09	0.01
0.35796875		4.11315252376e-09	0.01
0.35828125		4.11315252376e-09	0.01
0.35859375		4.11315252376e-09	0.01
0.35890625		4.11315252376e-09	0.01
0.35921875		4.11315252376e-09	0.01
0.35953125		4.11315252376e-09	0.01
0.35984375		4.11315252376e-09	0.01
0.36015625		4.11315252376e-09	0.01
0.36046875		4.11315252376e-09	0.01
0.36078125		4.11315252376e-09	0.01
0.36109375		4.11315252376e-09	0.01
0.36140625		4.11315252376e-09	0.01
0.36171875		4.11315252376e-09	0.01
0.36203125		4.11315252376e-09	0.01
0.36234375		4.11315252376e-09	0.01
0.36265625		4.11315252376e-09	0.01
0.36296875		4.11315252376e-09	0.01
0.36328125		4.11315252376e-09	0.01
0.36359375		4.11315252376e-09	0.01
0.36390625		4.11315252376e-09	0.01
0.36421875		4.11315252376e-09	0.01
0.36453125		4.11315252376e-09	0.01
0.36484375		4.11315252376e-09	0.01
0.36515625		4.11315252376e-09	0.01
0.36546875		4.11315252376e-09	0.01
0.36578125		4.11315252376e-09	0.01
0.36609375		4.11315252376e-09	0.01
0.36640625		4.11315252376e-09	0.01
0.36671875		4.11315252376e-09	0.01
0.36703125		4.11315252376e-09	0.01
0.36734375		4.11315252376e-09	0.01
0.36765625		4.11315252376e-09	0.01
0.36796875		4.11315252376e-09	0.01
0.36828125		4.11315252376e-09	0.01
0.36859375		4.11315252376e-09	0.01
0.36890625		4.11315252376e-09	0.01
0.36921875		4.11315252376e-09	0.01
0.36953125		4.11315252376e-09	0.01
0.36984375		4.11315252376e-09	0.01
0.37015625		4.11315252376e-09	0.01
0.37046875		4.11315252376e-09	0.01
0.37078125		4.11315252376e-09	0.01
0.37109375		4.11315252376e-09	0.01
0.37140625		4.11315252376e-09	0.01
0.37171875		4.11315252376e-09	0.01
0.37203125		4.11315252376e-09	0.01
0.37234375		4.11315252376e-09	0.01
0.37265625		4.11315252376e-09	0.01
0.37296875		4.11315252376e-09	0.01
0.37328125		4.11315252376e-09	0.01
0.37359375		4.11315252376e-09	0.01
0.37390625		4.11315252376e-09	0.01
0.37421875		4.11315252376e-09	0.01
0.37453125		4.11315252376e-09	0.01
0.37484375		4.11315252376e-09	0.01
0.37515625		4.11315252376e-09	0.01
0.37546875		4.11315252376e-09	0.01
0.37578125		4.11315252376e-09	0.01
0.37609375		4.11315252376e-09	0.01
0.37640625		4.11315252376e-09	0.01
0.37671875		4.11315252376e-09	0.01
0.37703125		4.11315252376e-09	0.01
0.37734375		4.11315252376e-09	0.01
0.37765625		4.11315252376e-09	0.01
0.37796875		4.11315252376e-09	0.01
0.37828125		4.11315252376e-09	0.01
0.37859375		4.11315252376e-09	0.01
0.37890625		4.11315252376e-09	0.01
0.37921875		4.11315252376e-09	0.01
0.37953125		4.11315252376e-09	0.01
0.37984375		4.11315252376e-09	0.01
0.38015625		4.11315252376e-09	0.01
0.38046875		4.11315252376e-09	0.01
0.38078125		4.11315252376e-09	0.01
0.38109375		4.11315252376e-09	0.01
0.38140625		4.11315252376e-09	0.01
0.38171875		4.11315252376e-09	0.01
0.38203125		4.11315252376e-09	0.01
0.38234375		4.11315252376e-09	0.01
0.38265625		4.11315252376e-09	0.01
0.38296875		4.11315252376e-09	0.01
0.38328125		4.11315252376e-09	0.01
0.38359375		4.11315252376e-09	0.01
0.38390625		4.11315252376e-09	0.01
0.38421875		4.11315252376e-09	0.01
0.38453125		4.11315252376e-09	0.01
0.38484375		4.11315252376e-09	0.01
0.38515625		4.11315252376e-09	0.01
0.38546875		4.11315252376e-09	0.01
0.38578125		4.11315252376e-09	0.01
0.38609375		4.11315252376e-09	0.01
0.38640625		4.11315252376e-09	0.01
0.38671875		4.11315252376e-09	0.01
0.38703125		4.11315252376e-09	0.01
0.38734375		4.11315252376e-09	0.01
0.38765625		4.11315252376e-09	0.01
0.38796875		4.11315252376e-09	0.01
0.38828125		4.11315252376e-09	0.01
0.38859375		4.11315252376e-09	0.01
0.38890625		4.11315252376e-09	0.01
0.38921875		4.11315252376e-09	0.01
0.38953125		4.11315252376e-09	0.01
0.38984375		4.11315252376e-09	0.01
0.39015625		4.11315252376e-09	0.01
0.39046875		4.11315252376e-09	0.01
0.39078125		4.11315252376e-09	0.01
0.39109375		4.11315252376e-09	0.01
0.39140625		4.11315252376e-09	0.01
0.39171875		4.11315252376e-09	0.01
0.39203125		4.11315252376e-09	0.01
0.39234375		4.11315252376e-09	0.01
0.39265625		4.11315252376e-09	0.01
0.39296875		4.11315252376e-09	0.01
0.39328125		4.11315252376e-09	0.01
0.39359375		4.11315252376e-09	0.01
0.39390625		4.11315252376e-09	0.01
0.39421875		4.11315252376e-09	0.01
0.39453125		4.11315252376e-09	0.01
0.39484375		4.11315252376e-09	0.01
0.39515625		4.11315252376e-09	0.01
0.39546875		4.11315252376e-09	0.01
0.39578125		4.11315252376e-09	0.01
0.39609375		4.11315252376e-09	0.01
0.39640625		4.11315252376e-09	0.01
0.39671875		4.11315252376e-09	0.01
0.39703125		4.11315252376e-09	0.01
0.39734375		4.11315252376e-09	0.01
0.39765625		4.11315252376e-09	0.01
0.39796875		4.11315252376e-09	0.01
0.39828125		4.11315252376e-09	0.01
0.39859375		4.11315252376e-09	0.01
0.39890625		4.11315252376e-09	0.01
0.39921875		4.11315252376e-09	0.01
0.39953125		4.11315252376e-09	0.01
0.39984375		4.11315252376e-09	0.01
0.40015625		4.11315252376e-09	0.01
0.40046875		4.11315252376e-09	0.01
0.40078125		4.11315252376e-09	0.01
0.40109375		4.11315252376e-09	0.01
0.40140625		4.11315252376e-09	0.01
0.40171875		4.11315252376e-09	0.01
0.40203125		4.11315252376e-09	0.01
0.40234375		4.11315252376e-09	0.01
0.40265625		4.11315252376e-09	0.01
0.40296875		4.11315252376e-09	0.01
0.40328125		4.11315252376e-09	0.01
0.40359375		4.11315252376e-09	0.01
0.40390625		4.11315252376e-09	0.01
0.40421875		4.11315252376e-09	0.01
0.40453125		4.11315252376e-09	0.01
0.40484375		4.11315252376e-09	0.01
0.40515625		4.11315252376e-09	0.01
0.40546875		4.11315252376e-09	0.01
0.40578125		4.11315252376e-09	0.01
0.40609375		4.11315252376e-09	0.01
0.40640625		4.11315252376e-09	0.01
0.40671875		4.11315252376e-09	0.01
0.40703125		4.11315252376e-09	0.01
0.40734375		4.11315252376e-09	0.01
0.40765625		4.11315252376e-09	0.01
0.40796875		4.11315252376e-09	0.01
0.40828125		4.11315252376e-09	0.01
0.40859375		4.11315252376e-09	0.01
0.40890625		4.11315252376e-09	0.01
0.40921875		4.11315252376e-09	0.01
0.40953125		4.11315252376e-09	0.01
0.40984375		4.11315252376e-09	0.01
0.41015625		4.11315252376e-09	0.01
0.41046875		4.11315252376e-09	0.01
0.41078125		4.11315252376e-09	0.01
0.41109375		4.11315252376e-09	0.01
0.41140625		4.11315252376e-09	0.01
0.41171875		4.11315252376e-09	0.01
0.41203125		4.11315252376e-09	0.01
0.41234375		4.11315252376e-09	0.01
0.41265625		4.11315252376e-09	0.01
0.41296875		4.11315252376e-09	0.01
0.41328125		4.11315252376e-09	0.01
0.41359375		4.11315252376e-09	0.01
0.41390625		4.11315252376e-09	0.01
0.41421875		4.11315252376e-09	0.01
0.41453125		4.11315252376e-09	0.01
0.41484375		4.11315252376e-09	0.01
0.41515625		4.11315252376e-09	0.01
0.41546875		4.11315252376e-09	0.01
0.41578125		4.11315252376e-09	0.01
0.41609375		4.11315252376e-09	0.01
0.41640625		4.11315252376e-09	0.01
0.41671875		4.11315252376e-09	0.01
0.41703125		4.11315252376e-09	0.01
0.41734375		4.11315252376e-09	0.01
0.41765625		4.11315252376e-09	0.01
0.41796875		4.11315252376e-09	0.01
0.41828125		4.11315252376e-09	0.01
0.41859375		4.11315252376e-09	0.01
0.41890625		4.11315252376e-09	0.01
0.41921875		4.11315252376e-09	0.01
0.41953125		4.11315252376e-09	0.01
0.41984375		4.11315252376e-09	0.01
0.42015625		4.11315252376e-09	0.01
0.42046875		4.11315252376e-09	0.01
0.42078125		4.11315252376e-09	0.01
0.42109375		4.11315252376e-09	0.01
0.42140625		4.11315252376e-09	0.01
0.42171875		4.11315252376e-09	0.01
0.42203125		4.11315252376e-09	0.01
0.42234375		4.11315252376e-09	0.01
0.42265625		4.11315252376e-09	0.01
0.42296875		4.11315252376e-09	0.01
0.42328125		4.11315252376e-09	0.01
0.42359375		4.11315252376e-09	0.01
0.42390625		4.11315252376e-09	0.01
0.42421875		4.11315252376e-09	0.01
0.42453125		4.11315252376e-09	0.01
0.42484375		4.11315252376e-09	0.01
0.42515625		4.11315252376e-09	0.01
0.42546875		4.11315252376e-09	0.01
0.42578125		4.11315252376e-09	0.01
0.42609375		4.11315252376e-09	0.01
0.42640625		4.11315252376e-09	0.01
0.42671875		4.11315252376e-09	0.01
0.42703125		4.11315252376e-09	0.01
0.42734375		4.11315252376e-09	0.01
0.42765625		4.11315252376e-09	0.01
0.42796875		4.11315252376e-09	0.01
0.42828125		4.11315252376e-09	0.01
0.42859375		4.11315252376e-09	0.01
0.42890625		4.11315252376e-09	0.01
0.42921875		4.11315252376e-09	0.01
0.42953125		4.11315252376e-09	0.01
0.42984375		4.11315252376e-09	0.01
0.43015625		4.11315252376e-09	0.01
0.43046875		4.11315252376e-09	0.01
0.43078125		4.11315252376e-09	0.01
0.43109375		4.11315252376e-09	0.01
0.43140625		4.11315252376e-09	0.01
0.43171875		4.11315252376e-09	0.01
0.43203125		4.11315252376e-09	0.01
0.43234375		4.11315252376e-09	0.01
0.43265625		4.11315252376e-09	0.01
0.43296875		4.11315252376e-09	0.01
0.43328125		4.11315252376e-09	0.01
0.43359375		4.11315252376e-09	0.01
0.43390625		4.11315252376e-09	0.01
0.43421875		4.11315252376e-09	0.01
0.43453125		4.11315252376e-09	0.01
0.43484375		4.11315252376e-09	0.01
0.43515625		4.11315252376e-09	0.01
0.43546875		4.11315252376e-09	0.01
0.43578125		4.11315252376e-09	0.01
0.43609375		4.11315252376e-09	0.01
0.43640625		4.11315252376e-09	0.01
0.43671875		4.11315252376e-09	0.01
0.43703125		4.11315252376e-09	0.01
0.43734375		4.11315252376e-09	0.01
0.43765625		4.11315252376e-09	0.01
0.43796875		4.11315252376e-09	0.01
0.43828125		4.11315252376e-09	0.01
0.43859375		4.11315252376e-09	0.01
0.43890625		4.11315252376e-09	0.01
0.43921875		4.11315252376e-09	0.01
0.43953125		4.11315252376e-09	0.01
0.43984375		4.11315252376e-09	0.01
0.44015625		4.11315252376e-09	0.01
0.44046875		4.11315252376e-09	0.01
0.44078125		4.11315252376e-09	0.01
0.44109375		4.11315252376e-09	0.01
0.44140625		4.11315252376e-09	0.01
0.44171875		4.11315252376e-09	0.01
0.44203125		4.11315252376e-09	0.01
0.44234375		4.11315252376e-09	0.01
0.44265625		4.11315252376e-09	0.01
0.44296875		4.11315252376e-09	0.01
0.44328125		4.11315252376e-09	0.01
0.44359375		4.11315252376e-09	0.01
0.44390625		4.11315252376e-09	0.01
0.44421875		4.11315252376e-09	0.01
0.44453125		4.11315252376e-09	0.01
0.44484375		4.11315252376e-09	0.01
0.44515625		4.11315252376e-09	0.01
0.44546875		4.11315252376e-09	0.01
0.44578125		4.11315252376e-09	0.01
0.44609375		4.11315252376e-09	0.01
0.44640625		4.11315252376e-09	0.01
0.44671875		4.11315252376e-09	0.01
0.44703125		4.11315252376e-09	0.01
0.44734375		4.11315252376e-09	0.01
0.44765625		4.11315252376e-09	0.01
0.44796875		4.11315252376e-09	0.01
0.44828125		4.11315252376e-09	0.01
0.44859375		4.11315252376e-09	0.01
0.44890625		4.11315252376e-09	0.01
0.44921875		4.11315252376e-09	0.01
0.44953125		4.11315252376e-09	0.01
0.44984375		4.11315252376e-09	0.01
0.45015625		4.11315252376e-09	0.01
0.45046875		4.11315252376e-09	0.01
0.45078125		4.11315252376e-09	0.01
0.45109375		4.11315252376e-09	0.01
0.45140625		4.11315252376e-09	0.01
0.45171875		4.11315252376e-09	0.01
0.45203125		4.11315252376e-09	0.01
0.45234375		4.11315252376e-09	0.01
0.45265625		4.11315252376e-09	0.01
0.45296875		4.11315252376e-09	0.01
0.45328125		4.11315252376e-09	0.01
0.45359375		4.11315252376e-09	0.01
0.45390625		4.11315252376e-09	0.01
0.45421875		4.11315252376e-09	0.01
0.45453125		4.11315252376e-09	0.01
0.45484375		4.11315252376e-09	0.01
0.45515625		4.11315252376e-09	0.01
0.45546875		4.11315252376e-09	0.01
0.45578125		4.11315252376e-09	0.01
0.45609375		4.11315252376e-09	0.01
0.45640625		4.11315252376e-09	0.01
0.45671875		4.11315252376e-09	0.01
0.45703125		4.11315252376e-09	0.01
0.45734375		4.11315252376e-09	0.01
0.45765625		4.11315252376e-09	0.01
0.45796875		4.11315252376e-09	0.01
0.45828125		4.11315252376e-09	0.01
0.45859375		4.11315252376e-09	0.01
0.45890625		4.11315252376e-09	0.01
0.45921875		4.11315252376e-09	0.01
0.45953125		4.11315252376e-09	0.01
0.45984375		4.11315252376e-09	0.01
0.46015625		4.11315252376e-09	0.01
0.46046875		4.11315252376e-09	0.01
0.46078125		4.11315252376e-09	0.01
0.46109375		4.11315252376e-09	0.01
0.46140625		4.11315252376e-09	0.01
0.46171875		4.11315252376e-09	0.01
0.46203125		4.11315252376e-09	0.01
0.46234375		4.11315252376e-09	0.01
0.46265625		4.11315252376e-09	0.01
0.46296875		4.11315252376e-09	0.01
0.46328125		4.11315252376e-09	0.01
0.46359375		4.11315252376e-09	0.01
0.46390625		4.11315252376e-09	0.01
0.46421875		4.11315252376e-09	0.01
0.46453125		4.11315252376e-09	0.01
0.46484375		4.11315252376e-09	0.01
0.46515625		4.11315252376e-09	0.01
0.46546875		4.11315252376e-09	0.01
0.46578125		4.11315252376e-09	0.01
0.46609375		4.11315252376e-09	0.01
0.46640625		4.11315252376e-09	0.01
0.46671875		4.11315252376e-09	0.01
0.46703125		4.11315252376e-09	0.01
0.46734375		4.11315252376e-09	0.01
0.46765625		4.11315252376e-09	0.01
0.46796875		4.11315252376e-09	0.01
0.46828125		4.11315252376e-09	0.01
0.46859375		4.11315252376e-09	0.01
0.46890625		4.11315252376e-09	0.01
0.46921875		4.11315252376e-09	0.01
0.46953125		4.11315252376e-09	0.01
0.46984375		4.11315252376e-09	0.01
0.47015625		4.11315252376e-09	0.01
0.47046875		4.11315252376e-09	0.01
0.47078125		4.11315252376e-09	0.01
0.47109375		4.11315252376e-09	0.01
0.47140625		4.11315252376e-09	0.01
0.47171875		4.11315252376e-09	0.01
0.47203125		4.11315252376e-09	0.01
0.47234375		4.11315252376e-09	0.01
0.47265625		4.11315252376e-09	0.01
0.47296875		4.11315252376e-09	0.01
0.47328125		4.11315252376e-09	0.01
0.47359375		4.11315252376e-09	0.01
0.47390625		4.11315252376e-09	0.01
0.47421875		4.11315252376e-09	0.01
0.47453125		4.11315252376e-09	0.01
0.47484375		4.11315252376e-09	0.01
0.47515625		4.11315252376e-09	0.01
0.47546875		4.11315252376e-09	0.01
0.47578125		4.11315252376e-09	0.01
0.47609375		4.11315252376e-09	0.01
0.47640625		4.11315252376e-09	0.01
0.47671875		4.11315252376e-09	0.01
0.47703125		4.11315252376e-09	0.01
0.47734375		4.11315252376e-09	0.01
0.47765625		4.11315252376e-09	0.01
0.47796875		4.11315252376e-09	0.01
0.47828125		4.11315252376e-09	0.01
0.47859375		4.11315252376e-09	0.01
0.47890625		4.11315252376e-09	0.01
0.47921875		4.11315252376e-09	0.01
0.47953125		4.11315252376e-09	0.01
0.47984375		4.11315252376e-09	0.01
0.48015625		4.11315252376e-09	0.01
0.48046875		4.11315252376e-09	0.01
0.48078125		4.11315252376e-09	0.01
0.48109375		4.11315252376e-09	0.01
0.48140625		4.11315252376e-09	0.01
0.48171875		4.11315252376e-09	0.01
0.48203125		4.11315252376e-09	0.01
0.48234375		4.11315252376e-09	0.01
0.48265625		4.11315252376e-09	0.01
0.48296875		4.11315252376e-09	0.01
0.48328125		4.11315252376e-09	0.01
0.48359375		4.11315252376e-09	0.01
0.48390625		4.11315252376e-09	0.01
0.48421875		4.11315252376e-09	0.01
0.48453125		4.11315252376e-09	0.01
0.48484375		4.11315252376e-09	0.01
0.48515625		4.11315252376e-09	0.01
0.48546875		4.11315252376e-09	0.01
0.48578125		4.11315252376e-09	0.01
0.48609375		4.11315252376e-09	0.01
0.48640625		4.11315252376e-09	0.01
0.48671875		4.11315252376e-09	0.01
0.48703125		4.11315252376e-09	0.01
0.48734375		4.11315252376e-09	0.01
0.48765625		4.11315252376e-09	0.01
0.48796875		4.11315252376e-09	0.01
0.48828125		4.11315252376e-09	0.01
0.48859375		4.11315252376e-09	0.01
0.48890625		4.11315252376e-09	0.01
0.48921875		4.11315252376e-09	0.01
0.48953125		4.11315252376e-09	0.01
0.48984375		4.11315252376e-09	0.01
0.49015625		4.11315252376e-09	0.01
0.49046875		4.11315252376e-09	0.01
0.49078125		4.11315252376e-09	0.01
0.49109375		4.11315252376e-09	0.01
0.49140625		4.11315252376e-09	0.01
0.49171875		4.11315252376e-09	0.01
0.49203125		4.11315252376e-09	0.01
0.49234375		4.11315252376e-09	0.01
0.49265625		4.11315252376e-09	0.01
0.49296875		4.11315252376e-09	0.01
0.49328125		4.11315252376e-09	0.01
0.49359375		4.11315252376e-09	0.01
0.49390625		4.11315252376e-09	0.01
0.49421875		4.11315252376e-09	0.01
0.49453125		4.11315252376e-09	0.01
0.49484375		4.11315252376e-09	0.01
0.49515625		4.11315252376e-09	0.01
0.49546875		4.11315252376e-09	0.01
0.49578125		4.11315252376e-09	0.01
0.49609375		4.11315252376e-09	0.01
0.49640625		4.11315252376e-09	0.01
0.49671875		4.11315252376e-09	0.01
0.49703125		4.11315252376e-09	0.01
0.49734375		4.11315252376e-09	0.01
0.49765625		4.11315252376e-09	0.01
0.49796875		4.11315252376e-09	0.01
0.49828125		4.11315252376e-09	0.01
0.49859375		4.11315252376e-09	0.01
0.49890625		4.11315252376e-09	0.01
0.49921875		4.11315252376e-09	0.01
0.49953125		4.11315252376e-09	0.01
0.49984375		4.11315252376e-09	0.01
