0.00015625		0.409313215093	0.998780936448
0.00046875		0.409016881004	0.998599642616
0.00078125		0.408613792565	0.998353793539
0.00109375		0.408201403694	0.998101917368
0.00140625		0.407816382725	0.997866508591
0.00171875		0.407448252902	0.997641246937
0.00203125		0.407090545312	0.997422213191
0.00234375		0.406739815848	0.997207310463
0.00265625		0.406394050641	0.996995312407
0.00296875		0.406051928403	0.996785414665
0.00328125		0.405712428285	0.996576994477
0.00359375		0.405374784074	0.996369583698
0.00390625		0.405038481104	0.99616286778
0.00421875		0.404703186862	0.995956643592
0.00453125		0.404368667666	0.995750768299
0.00484375		0.404034742357	0.995545131064
0.00515625		0.403701257268	0.99533963769
0.00546875		0.403368084958	0.995134209855
0.00578125		0.403035132703	0.994928790491
0.00609375		0.402702334684	0.994723339049
0.00640625		0.402369637461	0.994517822504
0.00671875		0.402036997239	0.994312213726
0.00703125		0.401704378959	0.994106490918
0.00734375		0.401371758115	0.993900638726
0.00765625		0.401039106387	0.99369463936
0.00796875		0.400706393334	0.993488473763
0.00828125		0.400373596891	0.993282128023
0.00859375		0.400040699363	0.99307559087
0.00890625		0.399707686529	0.992868853166
0.00921875		0.399374546505	0.992661907205
0.00953125		0.399041268731	0.992454746084
0.00984375		0.398707843336	0.992247363306
0.01015625		0.398374261717	0.992039753155
0.01046875		0.398040516828	0.991831910868
0.01078125		0.397706602896	0.991623832463
0.01109375		0.39737251513	0.991415514561
0.01140625		0.397038249338	0.991206954147
0.01171875		0.396703801762	0.990998148469
0.01203125		0.396369169048	0.990789095022
0.01234375		0.396034348217	0.990579791528
0.01265625		0.395699336604	0.990370235899
0.01296875		0.395364131838	0.990160426227
0.01328125		0.395028731865	0.989950360796
0.01359375		0.394693134937	0.989740038079
0.01390625		0.394357339506	0.989529456669
0.01421875		0.394021344115	0.989318615214
0.01453125		0.393685147397	0.989107512411
0.01484375		0.393348748111	0.988896147037
0.01515625		0.39301214516	0.988684517954
0.01546875		0.392675337559	0.988472624093
0.01578125		0.392338324409	0.988260464434
0.01609375		0.392001104881	0.988048037998
0.01640625		0.391663678202	0.987835343843
0.01671875		0.391326043649	0.987622381051
0.01703125		0.390988200543	0.987409148731
0.01734375		0.390650148253	0.987195646021
0.01765625		0.390311886191	0.98698187208
0.01796875		0.389973413797	0.986767826086
0.01828125		0.389634730533	0.986553507229
0.01859375		0.38929583588	0.986338914704
0.01890625		0.388956729337	0.986124047721
0.01921875		0.388617410427	0.985908905498
0.01953125		0.388277878689	0.985693487263
0.01984375		0.387938133677	0.985477792253
0.02015625		0.387598174957	0.985261819706
0.02046875		0.387258002102	0.985045568867
0.02078125		0.386917614695	0.984829038981
0.02109375		0.386577012329	0.9846122293
0.02140625		0.386236194601	0.984395139077
0.02171875		0.385895161118	0.984177767564
0.02203125		0.38555391149	0.983960114019
0.02234375		0.385212445332	0.983742177696
0.02265625		0.38487076226	0.983523957852
0.02296875		0.384528861896	0.983305453742
0.02328125		0.384186743864	0.98308666462
0.02359375		0.383844407789	0.982867589742
0.02390625		0.383501853299	0.98264822836
0.02421875		0.383159080024	0.982428579726
0.02453125		0.382816087593	0.98220864309
0.02484375		0.382472875638	0.9819884177
0.02515625		0.382129443791	0.981767902805
0.02546875		0.381785791684	0.981547097648
0.02578125		0.38144191895	0.981326001472
0.02609375		0.381097825222	0.981104613517
0.02640625		0.380753510133	0.980882933022
0.02671875		0.380408973315	0.980660959222
0.02703125		0.3800642144	0.980438691351
0.02734375		0.379719233021	0.980216128639
0.02765625		0.379374028809	0.979993270313
0.02796875		0.379028601395	0.979770115599
0.02828125		0.378682950409	0.979546663719
0.02859375		0.378337075481	0.979322913893
0.02890625		0.377990976239	0.979098865337
0.02921875		0.377644652312	0.978874517264
0.02953125		0.377298103326	0.978649868886
0.02984375		0.376951328908	0.978424919409
0.03015625		0.376604328682	0.978199668038
0.03046875		0.376257102274	0.977974113974
0.03078125		0.375909649306	0.977748256416
0.03109375		0.3755619694	0.977522094558
0.03140625		0.375214062177	0.977295627593
0.03171875		0.374865927257	0.977068854707
0.03203125		0.37451756426	0.976841775088
0.03234375		0.374168972802	0.976614387915
0.03265625		0.3738201525	0.976386692369
0.03296875		0.37347110297	0.976158687624
0.03328125		0.373121823824	0.975930372851
0.03359375		0.372772314677	0.97570174722
0.03390625		0.37242257514	0.975472809894
0.03421875		0.372072604822	0.975243560035
0.03453125		0.371722403334	0.975013996802
0.03484375		0.371371970283	0.974784119348
0.03515625		0.371021305275	0.974553926825
0.03546875		0.370670407916	0.97432341838
0.03578125		0.37031927781	0.974092593155
0.03609375		0.369967914558	0.973861450292
0.03640625		0.369616317763	0.973629988927
0.03671875		0.369264487024	0.973398208192
0.03703125		0.368912421939	0.973166107216
0.03734375		0.368560122106	0.972933685125
0.03765625		0.368207587121	0.972700941041
0.03796875		0.367854816577	0.972467874081
0.03828125		0.367501810069	0.97223448336
0.03859375		0.367148567187	0.972000767987
0.03890625		0.366795087522	0.971766727069
0.03921875		0.366441370662	0.97153235971
0.03953125		0.366087416196	0.971297665007
0.03984375		0.365733223708	0.971062642055
0.04015625		0.365378792784	0.970827289946
0.04046875		0.365024123006	0.970591607766
0.04078125		0.364669213956	0.970355594599
0.04109375		0.364314065214	0.970119249524
0.04140625		0.363958676358	0.969882571615
0.04171875		0.363603046967	0.969645559944
0.04203125		0.363247176616	0.969408213577
0.04234375		0.362891064878	0.969170531578
0.04265625		0.362534711327	0.968932513006
0.04296875		0.362178115533	0.968694156914
0.04328125		0.361821277067	0.968455462354
0.04359375		0.361464195497	0.968216428372
0.04390625		0.361106870389	0.96797705401
0.04421875		0.360749301307	0.967737338306
0.04453125		0.360391487817	0.967497280293
0.04484375		0.360033429479	0.967256879002
0.04515625		0.359675125854	0.967016133456
0.04546875		0.359316576501	0.966775042676
0.04578125		0.358957780976	0.96653360568
0.04609375		0.358598738837	0.966291821478
0.04640625		0.358239449636	0.966049689079
0.04671875		0.357879912925	0.965807207486
0.04703125		0.357520128257	0.965564375697
0.04734375		0.35716009518	0.965321192706
0.04765625		0.356799813241	0.965077657502
0.04796875		0.356439281986	0.964833769072
0.04828125		0.356078500959	0.964589526396
0.04859375		0.355717469704	0.964344928449
0.04890625		0.355356187761	0.964099974202
0.04921875		0.354994654669	0.963854662623
0.04953125		0.354632869965	0.963608992673
0.04984375		0.354270833186	0.963362963309
0.05015625		0.353908543865	0.963116573484
0.05046875		0.353546001535	0.962869822146
0.05078125		0.353183205727	0.962622708237
0.05109375		0.352820155969	0.962375230694
0.05140625		0.352456851789	0.962127388453
0.05171875		0.352093292712	0.96187918044
0.05203125		0.351729478262	0.961630605579
0.05234375		0.35136540796	0.961381662788
0.05265625		0.351001081327	0.961132350981
0.05296875		0.350636497881	0.960882669066
0.05328125		0.350271657139	0.960632615946
0.05359375		0.349906558614	0.96038219052
0.05390625		0.349541201821	0.96013139168
0.05421875		0.34917558627	0.959880218315
0.05453125		0.34880971147	0.959628669307
0.05484375		0.348443576929	0.959376743534
0.05515625		0.348077182152	0.959124439867
0.05546875		0.347710526642	0.958871757175
0.05578125		0.347343609902	0.958618694319
0.05609375		0.346976431431	0.958365250155
0.05640625		0.346608990728	0.958111423534
0.05671875		0.346241287288	0.957857213302
0.05703125		0.345873320605	0.957602618298
0.05734375		0.345505090171	0.957347637358
0.05765625		0.345136595477	0.95709226931
0.05796875		0.344767836011	0.956836512978
0.05828125		0.34439881126	0.95658036718
0.05859375		0.344029520706	0.956323830728
0.05890625		0.343659963834	0.956066902428
0.05921875		0.343290140122	0.955809581083
0.05953125		0.34292004905	0.955551865487
0.05984375		0.342549690094	0.955293754428
0.06015625		0.342179062727	0.955035246692
0.06046875		0.341808166423	0.954776341056
0.06078125		0.341437000651	0.954517036291
0.06109375		0.341065564879	0.954257331163
0.06140625		0.340693858573	0.953997224433
0.06171875		0.340321881198	0.953736714854
0.06203125		0.339949632214	0.953475801175
0.06234375		0.339577111082	0.953214482137
0.06265625		0.339204317259	0.952952756475
0.06296875		0.338831250201	0.95269062292
0.06328125		0.33845790936	0.952428080195
0.06359375		0.338084294189	0.952165127016
0.06390625		0.337710404135	0.951901762095
0.06421875		0.337336238645	0.951637984136
0.06453125		0.336961797164	0.951373791836
0.06484375		0.336587079135	0.951109183889
0.06515625		0.336212083996	0.950844158978
0.06546875		0.335836811187	0.950578715783
0.06578125		0.335461260142	0.950312852976
0.06609375		0.335085430296	0.950046569221
0.06640625		0.334709321078	0.949779863179
0.06671875		0.334332931918	0.949512733502
0.06703125		0.333956262241	0.949245178834
0.06734375		0.333579311473	0.948977197814
0.06765625		0.333202079035	0.948708789076
0.06796875		0.332824564345	0.948439951243
0.06828125		0.332446766822	0.948170682933
0.06859375		0.33206868588	0.947900982759
0.06890625		0.331690320931	0.947630849323
0.06921875		0.331311671385	0.947360281224
0.06953125		0.33093273665	0.947089277051
0.06984375		0.330553516129	0.946817835387
0.07015625		0.330174009227	0.946545954808
0.07046875		0.329794215343	0.946273633882
0.07078125		0.329414133874	0.94600087117
0.07109375		0.329033764216	0.945727665226
0.07140625		0.328653105762	0.945454014597
0.07171875		0.3282721579	0.945179917821
0.07203125		0.32789092002	0.94490537343
0.07234375		0.327509391506	0.944630379947
0.07265625		0.32712757174	0.94435493589
0.07296875		0.326745460103	0.944079039765
0.07328125		0.326363055971	0.943802690076
0.07359375		0.325980358719	0.943525885313
0.07390625		0.325597367719	0.943248623963
0.07421875		0.32521408234	0.942970904504
0.07453125		0.32483050195	0.942692725403
0.07484375		0.324446625911	0.942414085124
0.07515625		0.324062453586	0.942134982119
0.07546875		0.323677984333	0.941855414834
0.07578125		0.323293217508	0.941575381706
0.07609375		0.322908152464	0.941294881163
0.07640625		0.322522788551	0.941013911627
0.07671875		0.322137125116	0.940732471509
0.07703125		0.321751161506	0.940450559214
0.07734375		0.32136489706	0.940168173137
0.07765625		0.32097833112	0.939885311665
0.07796875		0.32059146302	0.939601973176
0.07828125		0.320204292095	0.939318156041
0.07859375		0.319816817674	0.939033858619
0.07890625		0.319429039086	0.938749079263
0.07921875		0.319040955655	0.938463816317
0.07953125		0.318652566703	0.938178068114
0.07984375		0.318263871548	0.937891832981
0.08015625		0.317874869507	0.937605109235
0.08046875		0.317485559892	0.937317895181
0.08078125		0.317095942013	0.937030189119
0.08109375		0.316706015176	0.936741989338
0.08140625		0.316315778686	0.936453294117
0.08171875		0.315925231843	0.936164101726
0.08203125		0.315534373944	0.935874410428
0.08234375		0.315143204285	0.935584218472
0.08265625		0.314751722155	0.9352935241
0.08296875		0.314359926844	0.935002325546
0.08328125		0.313967817637	0.934710621031
0.08359375		0.313575393814	0.934418408768
0.08390625		0.313182654655	0.93412568696
0.08421875		0.312789599434	0.9338324538
0.08453125		0.312396227425	0.93353870747
0.08484375		0.312002537895	0.933244446143
0.08515625		0.31160853011	0.932949667983
0.08546875		0.311214203332	0.93265437114
0.08578125		0.310819556821	0.932358553758
0.08609375		0.31042458983	0.932062213968
0.08640625		0.310029301614	0.931765349891
0.08671875		0.309633691419	0.931467959638
0.08703125		0.309237758492	0.931170041308
0.08734375		0.308841502073	0.930871592991
0.08765625		0.308444921402	0.930572612766
0.08796875		0.308048015713	0.9302730987
0.08828125		0.307650784237	0.929973048849
0.08859375		0.307253226202	0.92967246126
0.08890625		0.306855340832	0.929371333966
0.08921875		0.306457127348	0.929069664991
0.08953125		0.306058584966	0.928767452346
0.08984375		0.3056597129	0.928464694033
0.09015625		0.305260510359	0.92816138804
0.09046875		0.304860976549	0.927857532345
0.09078125		0.304461110673	0.927553124913
0.09109375		0.304060911928	0.927248163698
0.09140625		0.30366037951	0.926942646644
0.09171875		0.303259512609	0.926636571679
0.09203125		0.302858310413	0.926329936722
0.09234375		0.302456772103	0.926022739679
0.09265625		0.302054896861	0.925714978444
0.09296875		0.301652683861	0.925406650899
0.09328125		0.301250132275	0.925097754912
0.09359375		0.30084724127	0.924788288341
0.09390625		0.30044401001	0.924478249028
0.09421875		0.300040437654	0.924167634806
0.09453125		0.299636523358	0.923856443492
0.09484375		0.299232266273	0.923544672893
0.09515625		0.298827665548	0.9232323208
0.09546875		0.298422720324	0.922919384993
0.09578125		0.298017429741	0.922605863238
0.09609375		0.297611792934	0.922291753288
0.09640625		0.297205809033	0.921977052882
0.09671875		0.296799477166	0.921661759746
0.09703125		0.296392796454	0.921345871592
0.09734375		0.295985766015	0.921029386117
0.09765625		0.295578384963	0.920712301007
0.09796875		0.295170652406	0.920394613931
0.09828125		0.294762567451	0.920076322546
0.09859375		0.294354129196	0.919757424494
0.09890625		0.293945336739	0.919437917402
0.09921875		0.29353618917	0.919117798884
0.09953125		0.293126685576	0.918797066538
0.09984375		0.292716825041	0.918475717947
0.10015625		0.29230660664	0.918153750681
0.10046875		0.291896029449	0.917831162293
0.10078125		0.291485092535	0.917507950323
0.10109375		0.291073794962	0.917184112294
0.10140625		0.29066213579	0.916859645714
0.10171875		0.290250114072	0.916534548076
0.10203125		0.289837728859	0.916208816858
0.10234375		0.289424979195	0.91588244952
0.10265625		0.289011864119	0.915555443508
0.10296875		0.288598382668	0.915227796253
0.10328125		0.288184533871	0.914899505166
0.10359375		0.287770316753	0.914570567647
0.10390625		0.287355730335	0.914240981074
0.10421875		0.286940773631	0.913910742812
0.10453125		0.286525445651	0.913579850209
0.10484375		0.286109745401	0.913248300596
0.10515625		0.285693671881	0.912916091285
0.10546875		0.285277224084	0.912583219573
0.10578125		0.284860401	0.91224968274
0.10609375		0.284443201613	0.911915478048
0.10640625		0.284025624903	0.911580602739
0.10671875		0.283607669841	0.911245054041
0.10703125		0.283189335398	0.910908829162
0.10734375		0.282770620534	0.910571925293
0.10765625		0.282351524207	0.910234339605
0.10796875		0.281932045369	0.909896069253
0.10828125		0.281512182965	0.909557111372
0.10859375		0.281091935937	0.909217463078
0.10890625		0.280671303219	0.90887712147
0.10921875		0.28025028374	0.908536083625
0.10953125		0.279828876424	0.908194346603
0.10984375		0.279407080187	0.907851907445
0.11015625		0.278984893943	0.90750876317
0.11046875		0.278562316597	0.90716491078
0.11078125		0.278139347049	0.906820347256
0.11109375		0.277715984193	0.906475069558
0.11140625		0.277292226918	0.906129074627
0.11171875		0.276868074104	0.905782359383
0.11203125		0.276443524629	0.905434920725
0.11234375		0.276018577362	0.905086755533
0.11265625		0.275593231167	0.904737860663
0.11296875		0.275167484901	0.904388232953
0.11328125		0.274741337415	0.904037869216
0.11359375		0.274314787553	0.903686766248
0.11390625		0.273887834156	0.903334920818
0.11421875		0.273460476053	0.902982329678
0.11453125		0.273032712071	0.902628989554
0.11484375		0.272604541029	0.902274897151
0.11515625		0.272175961738	0.901920049152
0.11546875		0.271746973005	0.901564442217
0.11578125		0.271317573628	0.901208072982
0.11609375		0.2708877624	0.90085093806
0.11640625		0.270457538106	0.900493034041
0.11671875		0.270026899524	0.900134357492
0.11703125		0.269595845427	0.899774904954
0.11734375		0.269164374577	0.899414672947
0.11765625		0.268732485735	0.899053657962
0.11796875		0.268300177648	0.89869185647
0.11828125		0.267867449062	0.898329264916
0.11859375		0.267434298711	0.897965879717
0.11890625		0.267000725326	0.897601697268
0.11921875		0.266566727626	0.897236713938
0.11953125		0.266132304327	0.896870926069
0.11984375		0.265697454135	0.896504329977
0.12015625		0.265262175749	0.896136921953
0.12046875		0.264826467861	0.89576869826
0.12078125		0.264390329154	0.895399655136
0.12109375		0.263953758305	0.895029788789
0.12140625		0.263516753982	0.894659095403
0.12171875		0.263079314845	0.894287571132
0.12203125		0.262641439547	0.893915212102
0.12234375		0.262203126733	0.893542014414
0.12265625		0.26176437504	0.893167974137
0.12296875		0.261325183095	0.892793087313
0.12328125		0.26088554952	0.892417349954
0.12359375		0.260445472926	0.892040758044
0.12390625		0.260004951917	0.891663307536
0.12421875		0.259563985088	0.891284994355
0.12453125		0.259122571027	0.890905814393
0.12484375		0.25868070831	0.890525763515
0.12515625		0.25823839551	0.890144837553
0.12546875		0.257795631185	0.889763032308
0.12578125		0.257352413889	0.889380343549
0.12609375		0.256908742164	0.888996767016
0.12640625		0.256464614546	0.888612298415
0.12671875		0.256020029559	0.888226933418
0.12703125		0.255574985721	0.887840667668
0.12734375		0.255129481538	0.887453496771
0.12765625		0.254683515508	0.887065416304
0.12796875		0.25423708612	0.886676421805
0.12828125		0.253790191853	0.886286508784
0.12859375		0.253342831177	0.885895672711
0.12890625		0.252895002552	0.885503909024
0.12921875		0.252446704428	0.885111213126
0.12953125		0.251997935246	0.884717580384
0.12984375		0.251548693437	0.884323006128
0.13015625		0.251098977422	0.883927485653
0.13046875		0.250648785612	0.883531014218
0.13078125		0.250198116408	0.883133587043
0.13109375		0.249746968199	0.882735199311
0.13140625		0.249295339367	0.882335846169
0.13171875		0.248843228281	0.881935522724
0.13203125		0.248390633301	0.881534224045
0.13234375		0.247937552775	0.881131945161
0.13265625		0.247483985042	0.880728681063
0.13296875		0.247029928428	0.8803244267
0.13328125		0.246575381251	0.879919176984
0.13359375		0.246120341815	0.879512926783
0.13390625		0.245664808415	0.879105670925
0.13421875		0.245208779333	0.878697404197
0.13453125		0.244752252843	0.878288121342
0.13484375		0.244295227203	0.877877817063
0.13515625		0.243837700663	0.877466486017
0.13546875		0.24337967146	0.87705412282
0.13578125		0.24292113782	0.876640722042
0.13609375		0.242462097955	0.876226278211
0.13640625		0.242002550068	0.875810785807
0.13671875		0.241542492349	0.875394239266
0.13703125		0.241081922974	0.874976632979
0.13734375		0.240620840108	0.874557961288
0.13765625		0.240159241904	0.87413821849
0.13796875		0.239697126502	0.873717398834
0.13828125		0.239234492029	0.87329549652
0.13859375		0.2387713366	0.8728725057
0.13890625		0.238307658315	0.872448420477
0.13921875		0.237843455265	0.872023234903
0.13953125		0.237378725523	0.871596942982
0.13984375		0.236913467151	0.871169538664
0.14015625		0.236447678198	0.87074101585
0.14046875		0.2359813567	0.870311368387
0.14078125		0.235514500676	0.869880590071
0.14109375		0.235047108134	0.869448674644
0.14140625		0.234579177067	0.869015615793
0.14171875		0.234110705455	0.868581407151
0.14203125		0.233641691261	0.868146042297
0.14234375		0.233172132437	0.867709514753
0.14265625		0.232702026917	0.867271817983
0.14296875		0.232231372623	0.866832945397
0.14328125		0.231760167461	0.866392890345
0.14359375		0.231288409322	0.865951646118
0.14390625		0.230816096081	0.865509205949
0.14421875		0.230343225599	0.86506556301
0.14453125		0.22986979572	0.864620710414
0.14484375		0.229395804275	0.86417464121
0.14515625		0.228921249075	0.863727348386
0.14546875		0.228446127919	0.863278824867
0.14578125		0.227970438587	0.862829063516
0.14609375		0.227494178844	0.862378057127
0.14640625		0.227017346439	0.861925798434
0.14671875		0.226539939103	0.861472280101
0.14703125		0.226061954549	0.861017494726
0.14734375		0.225583390477	0.860561434841
0.14765625		0.225104244566	0.860104092907
0.14796875		0.224624514479	0.859645461317
0.14828125		0.22414419786	0.859185532393
0.14859375		0.223663292339	0.858724298386
0.14890625		0.223181795522	0.858261751476
0.14921875		0.222699705003	0.857797883766
0.14953125		0.222217018353	0.857332687291
0.14984375		0.221733733127	0.856866154007
0.15015625		0.221249846859	0.856398275794
0.15046875		0.220765357066	0.855929044457
0.15078125		0.220280261245	0.855458451724
0.15109375		0.219794556874	0.854986489241
0.15140625		0.219308241409	0.854513148576
0.15171875		0.21882131229	0.854038421216
0.15203125		0.218333766934	0.853562298567
0.15234375		0.217845602737	0.85308477195
0.15265625		0.217356817078	0.852605832604
0.15296875		0.216867407312	0.852125471681
0.15328125		0.216377370774	0.851643680247
0.15359375		0.215886704778	0.851160449283
0.15390625		0.215395406616	0.850675769677
0.15421875		0.214903473558	0.850189632231
0.15453125		0.214410902852	0.849702027655
0.15484375		0.213917691725	0.849212946565
0.15515625		0.21342383738	0.848722379485
0.15546875		0.212929336997	0.848230316845
0.15578125		0.212434187734	0.847736748978
0.15609375		0.211938386725	0.847241666119
0.15640625		0.21144193108	0.846745058405
0.15671875		0.210944817887	0.846246915874
0.15703125		0.210447044207	0.845747228461
0.15734375		0.209948607078	0.845245985998
0.15765625		0.209449503513	0.844743178216
0.15796875		0.208949730501	0.844238794735
0.15828125		0.208449285003	0.843732825072
0.15859375		0.207948163957	0.843225258635
0.15890625		0.207446364273	0.84271608472
0.15921875		0.206943882835	0.842205292511
0.15953125		0.206440716503	0.841692871082
0.15984375		0.205936862106	0.841178809388
0.16015625		0.205432316447	0.84066309627
0.16046875		0.204927076304	0.840145720449
0.16078125		0.204421138423	0.839626670528
0.16109375		0.203914499523	0.839105934988
0.16140625		0.203407156297	0.838583502183
0.16171875		0.202899105405	0.838059360347
0.16203125		0.202390343479	0.837533497583
0.16234375		0.201880867122	0.837005901867
0.16265625		0.201370672906	0.836476561044
0.16296875		0.200859757373	0.835945462824
0.16328125		0.200348117033	0.835412594786
0.16359375		0.199835748366	0.834877944368
0.16390625		0.199322647818	0.834341498873
0.16421875		0.198808811806	0.833803245461
0.16453125		0.198294236711	0.833263171148
0.16484375		0.197778918883	0.832721262808
0.16515625		0.197262854639	0.832177507164
0.16546875		0.19674604026	0.831631890793
0.16578125		0.196228471994	0.831084400116
0.16609375		0.195710146055	0.830535021402
0.16640625		0.195191058619	0.829983740764
0.16671875		0.194671205828	0.829430544155
0.16703125		0.194150583789	0.828875417365
0.16734375		0.19362918857	0.828318346022
0.16765625		0.193107016202	0.827759315586
0.16796875		0.19258406268	0.827198311349
0.16828125		0.192060323958	0.82663531843
0.16859375		0.191535795954	0.826070321772
0.16890625		0.191010474546	0.825503306144
0.16921875		0.190484355569	0.82493425613
0.16953125		0.189957434823	0.824363156135
0.16984375		0.189429708062	0.823789990376
0.17015625		0.188901171002	0.823214742879
0.17046875		0.188371819314	0.822637397481
0.17078125		0.187841648628	0.822057937821
0.17109375		0.18731065453	0.821476347341
0.17140625		0.186778832563	0.820892609278
0.17171875		0.186246178224	0.820306706668
0.17203125		0.185712686966	0.819718622334
0.17234375		0.185178354194	0.81912833889
0.17265625		0.184643175269	0.818535838733
0.17296875		0.184107145503	0.817941104039
0.17328125		0.183570260161	0.817344116763
0.17359375		0.183032514457	0.816744858632
0.17390625		0.18249390356	0.816143311143
0.17421875		0.181954422585	0.815539455557
0.17453125		0.181414066598	0.814933272896
0.17484375		0.180872830613	0.81432474394
0.17515625		0.18033070959	0.813713849221
0.17546875		0.179787698439	0.81310056902
0.17578125		0.179243792012	0.812484883362
0.17609375		0.178698985111	0.81186677201
0.17640625		0.178153272477	0.811246214463
0.17671875		0.177606648799	0.810623189951
0.17703125		0.177059108706	0.809997677428
0.17734375		0.17651064677	0.809369655568
0.17765625		0.175961257501	0.808739102762
0.17796875		0.175410935353	0.808105997109
0.17828125		0.174859674716	0.807470316414
0.17859375		0.174307469919	0.806832038182
0.17890625		0.173754315228	0.806191139611
0.17921875		0.173200204843	0.805547597588
0.17953125		0.172645132903	0.804901388681
0.17984375		0.172089093476	0.804252489135
0.18015625		0.171532080566	0.803600874866
0.18046875		0.170974088108	0.802946521455
0.18078125		0.170415109968	0.802289404139
0.18109375		0.169855139938	0.801629497807
0.18140625		0.169294171744	0.800966776992
0.18171875		0.168732199033	0.800301215867
0.18203125		0.168169215383	0.799632788234
0.18234375		0.167605214294	0.798961467517
0.18265625		0.167040189189	0.79828722676
0.18296875		0.166474133413	0.797610038613
0.18328125		0.165907040233	0.796929875328
0.18359375		0.165338902834	0.796246708749
0.18390625		0.16476971432	0.795560510307
0.18421875		0.16419946771	0.794871251008
0.18453125		0.163628155939	0.794178901425
0.18484375		0.163055771856	0.793483431693
0.18515625		0.162482308221	0.792784811496
0.18546875		0.161907757704	0.792083010059
0.18578125		0.161332112886	0.791377996138
0.18609375		0.160755366253	0.790669738013
0.18640625		0.160177510197	0.789958203474
0.18671875		0.159598537015	0.789243359814
0.18703125		0.159018438904	0.788525173817
0.18734375		0.158437207964	0.787803611747
0.18765625		0.15785483619	0.787078639339
0.18796875		0.157271315477	0.786350221783
0.18828125		0.156686637613	0.78561832372
0.18859375		0.156100794279	0.784882909222
0.18890625		0.155513777045	0.784143941784
0.18921875		0.154925577372	0.783401384311
0.18953125		0.154336186607	0.782655199105
0.18984375		0.15374559598	0.781905347851
0.19015625		0.153153796603	0.781151791602
0.19046875		0.15256077947	0.780394490767
0.19078125		0.15196653545	0.779633405098
0.19109375		0.151371055288	0.778868493669
0.19140625		0.150774329601	0.778099714868
0.19171875		0.150176348878	0.777327026376
0.19203125		0.149577103473	0.776550385152
0.19234375		0.148976583606	0.775769747418
0.19265625		0.148374779358	0.77498506864
0.19296875		0.14777168067	0.774196303509
0.19328125		0.14716727734	0.773403405926
0.19359375		0.146561559019	0.772606328982
0.19390625		0.145954515206	0.771805024937
0.19421875		0.145346135252	0.770999445202
0.19453125		0.144736408348	0.770189540316
0.19484375		0.144125323527	0.769375259928
0.19515625		0.143512869659	0.768556552772
0.19546875		0.14289903545	0.767733366648
0.19578125		0.142283809433	0.766905648395
0.19609375		0.14166717997	0.766073343867
0.19640625		0.141049135245	0.765236397913
0.19671875		0.140429663262	0.764394754346
0.19703125		0.139808751838	0.763548355919
0.19734375		0.139186388603	0.762697144299
0.19765625		0.138562560993	0.761841060036
0.19796875		0.137937256245	0.760980042536
0.19828125		0.137310461395	0.760114030028
0.19859375		0.136682163273	0.75924295954
0.19890625		0.136052348496	0.758366766858
0.19921875		0.135421003465	0.757485386499
0.19953125		0.13478811436	0.756598751674
0.19984375		0.134153667134	0.755706794253
0.20015625		0.133517647507	0.754809444731
0.20046875		0.132880040964	0.753906632185
0.20078125		0.132240832743	0.752998284239
0.20109375		0.131600007836	0.752084327021
0.20140625		0.130957550979	0.751164685123
0.20171875		0.130313446646	0.750239281554
0.20203125		0.129667679043	0.749308037698
0.20234375		0.129020232103	0.748370873268
0.20265625		0.128371089475	0.747427706252
0.20296875		0.127720234521	0.746478452868
0.20328125		0.127067650307	0.745523027512
0.20359375		0.126413319596	0.744561342698
0.20390625		0.125757224839	0.74359330901
0.20421875		0.125099348167	0.742618835036
0.20453125		0.124439671385	0.741637827313
0.20484375		0.123778175959	0.740650190261
0.20515625		0.123114843012	0.739655826119
0.20546875		0.122449653311	0.738654634878
0.20578125		0.121782587258	0.737646514207
0.20609375		0.121113624883	0.736631359384
0.20640625		0.120442745829	0.735609063217
0.20671875		0.119769929345	0.734579515964
0.20703125		0.119095154274	0.733542605252
0.20734375		0.118418399039	0.732498215992
0.20765625		0.117739641636	0.731446230284
0.20796875		0.117058859617	0.730386527332
0.20828125		0.11637603008	0.729318983337
0.20859375		0.115691129655	0.728243471404
0.20890625		0.11500413449	0.72715986143
0.20921875		0.114315020236	0.726068019998
0.20953125		0.113623762033	0.724967810256
0.20984375		0.112930334494	0.723859091805
0.21015625		0.112234711691	0.722741720563
0.21046875		0.111536867133	0.721615548642
0.21078125		0.110836773757	0.720480424206
0.21109375		0.1101344039	0.719336191328
0.21140625		0.109429729287	0.718182689841
0.21171875		0.108722721011	0.717019755177
0.21203125		0.108013349509	0.715847218207
0.21234375		0.107301584542	0.714664905063
0.21265625		0.106587395174	0.71347263696
0.21296875		0.105870749749	0.712270230007
0.21328125		0.105151615864	0.711057495002
0.21359375		0.104429960347	0.70983423723
0.21390625		0.103705749227	0.708600256238
0.21421875		0.102978947711	0.707355345605
0.21453125		0.10224952015	0.706099292703
0.21484375		0.101517430013	0.704831878436
0.21515625		0.100782639851	0.703552876974
0.21546875		0.100045111269	0.702262055472
0.21578125		0.0993048048868	0.700959173767
0.21609375		0.0985616803064	0.699643984069
0.21640625		0.0978156960703	0.698316230626
0.21671875		0.097066809624	0.696975649376
0.21703125		0.0963149772726	0.695621967575
0.21734375		0.0955601541378	0.69425490341
0.21765625		0.0948022941106	0.692874165586
0.21796875		0.094041349803	0.691479452886
0.21828125		0.0932772724968	0.690070453712
0.21859375		0.0925100120892	0.688646845594
0.21890625		0.0917395170364	0.687208294671
0.21921875		0.0909657342934	0.685754455139
0.21953125		0.0901886092509	0.684284968667
0.21984375		0.0894080856685	0.682799463777
0.22015625		0.0886241056044	0.681297555181
0.22046875		0.0878366093405	0.679778843078
0.22078125		0.0870455353045	0.678242912405
0.22109375		0.0862508199855	0.676689332041
0.22140625		0.0854523978466	0.675117653951
0.22171875		0.0846502012309	0.673527412283
0.22203125		0.0838441602625	0.671918122389
0.22234375		0.0830342027408	0.67028927979
0.22265625		0.0822202540289	0.668640359062
0.22296875		0.0814022369343	0.666970812643
0.22328125		0.0805800715823	0.665280069553
0.22359375		0.079753675281	0.663567534019
0.22390625		0.0789229623772	0.661832584001
0.22421875		0.0780878441031	0.660074569595
0.22453125		0.0772482284117	0.658292811327
0.22484375		0.0764040198016	0.656486598299
0.22515625		0.0755551191287	0.654655186196
0.22546875		0.0747014234052	0.652797795126
0.22578125		0.0738428255832	0.650913607283
0.22609375		0.0729792143223	0.649001764413
0.22640625		0.0721104737403	0.647061365063
0.22671875		0.0712364831444	0.645091461591
0.22703125		0.0703571167407	0.643091056907
0.22734375		0.0694722433221	0.641059100925
0.22765625		0.0685817259293	0.638994486681
0.22796875		0.067685421485	0.636896046098
0.22828125		0.066783180397	0.634762545327
0.22859375		0.0658748461267	0.632592679652
0.22890625		0.0649602547207	0.630385067878
0.22921875		0.0640392343005	0.628138246144
0.22953125		0.0631116045051	0.625850661102
0.22984375		0.0621771758825	0.623520662367
0.23015625		0.0612357492229	0.621146494147
0.23046875		0.0602871148281	0.618726285946
0.23078125		0.0593310517074	0.616258042209
0.23109375		0.0583673266924	0.613739630763
0.23140625		0.0573956934606	0.611168769882
0.23171875		0.0564158914536	0.608543013775
0.23203125		0.0554276446797	0.605859736251
0.23234375		0.0544306603809	0.603116112285
0.23265625		0.0534246275486	0.600309097164
0.23296875		0.0524092152645	0.597435402783
0.23328125		0.051384070841	0.594491470652
0.23359375		0.0503488177314	0.591473441024
0.23390625		0.049303053173	0.588377117444
0.23421875		0.0482463455209	0.585197925911
0.23453125		0.0471782312197	0.581930867594
0.23484375		0.0460982113534	0.578570463865
0.23515625		0.0450057476956	0.57511069208
0.23546875		0.0439002581718	0.571544910179
0.23578125		0.0427811116191	0.567865767649
0.23609375		0.0416476217076	0.564065099802
0.23640625		0.0404990398497	0.560133801418
0.23671875		0.0393345468842	0.556061674715
0.23703125		0.0381532432616	0.551837245104
0.23734375		0.0369541373861	0.547447536106
0.23765625		0.0357361316666	0.542877792034
0.23796875		0.0344980056974	0.538111133096
0.23828125		0.0332383958057	0.533128122056
0.23859375		0.0319557699478	0.527906213616
0.23890625		0.0306483965842	0.522419046052
0.23921875		0.0293143056531	0.516635517324
0.23953125		0.0279512390288	0.51051856144
0.23984375		0.0265565867652	0.504023499765
0.24015625		0.0251273037819	0.497095776005
0.24046875		0.0236597991149	0.489667774861
0.24078125		0.0221497858281	0.481654238515
0.24109375		0.0205920730911	0.472945464767
0.24140625		0.0189802707679	0.463396855529
0.24171875		0.0173063571138	0.452812174111
0.24203125		0.0155600233564	0.44091532389
0.24234375		0.0137276349876	0.427299640158
0.24265625		0.0117904826197	0.411328848696
0.24296875		0.00972152572576	0.39191978591
0.24328125		0.00747780149542	0.366970185768
0.24359375		0.00513298361097	0.33393034051
0.24390625		0.00295190366181	0.290642306253
0.24421875		0.00125925297457	0.2346114653
0.24453125		0.000290693966535	0.162062478585
0.24484375		2.55485659226e-07	0.0274440638054
0.24515625		4.12380836086e-09	0.0100059091941
0.24546875		4.11315298842e-09	0.0100000002586
0.24578125		4.11315252376e-09	0.01
0.24609375		4.11315252376e-09	0.01
0.24640625		4.11315252376e-09	0.01
0.24671875		4.11315252376e-09	0.01
0.24703125		4.11315252376e-09	0.01
0.24734375		4.11315252376e-09	0.01
0.24765625		4.11315252376e-09	0.01
0.24796875		4.11315252376e-09	0.01
0.24828125		4.11315252376e-09	0.01
0.24859375		4.11315252376e-09	0.01
0.24890625		4.11315252376e-09	0.01
0.24921875		4.11315252376e-09	0.01
0.24953125		4.11315252376e-09	0.01
0.24984375		4.11315252376e-09	0.01
0.25015625		4.11315252376e-09	0.01
0.25046875		4.11315252376e-09	0.01
0.25078125		4.11315252376e-09	0.01
0.25109375		4.11315252376e-09	0.01
0.25140625		4.11315252376e-09	0.01
0.25171875		4.11315252376e-09	0.01
0.25203125		4.11315252376e-09	0.01
0.25234375		4.11315252376e-09	0.01
0.25265625		4.11315252376e-09	0.01
0.25296875		4.11315252376e-09	0.01
0.25328125		4.11315252376e-09	0.01
0.25359375		4.11315252376e-09	0.01
0.25390625		4.11315252376e-09	0.01
0.25421875		4.11315252376e-09	0.01
0.25453125		4.11315252376e-09	0.01
0.25484375		4.11315252376e-09	0.01
0.25515625		4.11315252376e-09	0.01
0.25546875		4.11315252376e-09	0.01
0.25578125		4.11315252376e-09	0.01
0.25609375		4.11315252376e-09	0.01
0.25640625		4.11315252376e-09	0.01
0.25671875		4.11315252376e-09	0.01
0.25703125		4.11315252376e-09	0.01
0.25734375		4.11315252376e-09	0.01
0.25765625		4.11315252376e-09	0.01
0.25796875		4.11315252376e-09	0.01
0.25828125		4.11315252376e-09	0.01
0.25859375		4.11315252376e-09	0.01
0.25890625		4.11315252376e-09	0.01
0.25921875		4.11315252376e-09	0.01
0.25953125		4.11315252376e-09	0.01
0.25984375		4.11315252376e-09	0.01
0.26015625		4.11315252376e-09	0.01
0.26046875		4.11315252376e-09	0.01
0.26078125		4.11315252376e-09	0.01
0.26109375		4.11315252376e-09	0.01
0.26140625		4.11315252376e-09	0.01
0.26171875		4.11315252376e-09	0.01
0.26203125		4.11315252376e-09	0.01
0.26234375		4.11315252376e-09	0.01
0.26265625		4.11315252376e-09	0.01
0.26296875		4.11315252376e-09	0.01
0.26328125		4.11315252376e-09	0.01
0.26359375		4.11315252376e-09	0.01
0.26390625		4.11315252376e-09	0.01
0.26421875		4.11315252376e-09	0.01
0.26453125		4.11315252376e-09	0.01
0.26484375		4.11315252376e-09	0.01
0.26515625		4.11315252376e-09	0.01
0.26546875		4.11315252376e-09	0.01
0.26578125		4.11315252376e-09	0.01
0.26609375		4.11315252376e-09	0.01
0.26640625		4.11315252376e-09	0.01
0.26671875		4.11315252376e-09	0.01
0.26703125		4.11315252376e-09	0.01
0.26734375		4.11315252376e-09	0.01
0.26765625		4.11315252376e-09	0.01
0.26796875		4.11315252376e-09	0.01
0.26828125		4.11315252376e-09	0.01
0.26859375		4.11315252376e-09	0.01
0.26890625		4.11315252376e-09	0.01
0.26921875		4.11315252376e-09	0.01
0.26953125		4.11315252376e-09	0.01
0.26984375		4.11315252376e-09	0.01
0.27015625		4.11315252376e-09	0.01
0.27046875		4.11315252376e-09	0.01
0.27078125		4.11315252376e-09	0.01
0.27109375		4.11315252376e-09	0.01
0.27140625		4.11315252376e-09	0.01
0.27171875		4.11315252376e-09	0.01
0.27203125		4.11315252376e-09	0.01
0.27234375		4.11315252376e-09	0.01
0.27265625		4.11315252376e-09	0.01
0.27296875		4.11315252376e-09	0.01
0.27328125		4.11315252376e-09	0.01
0.27359375		4.11315252376e-09	0.01
0.27390625		4.11315252376e-09	0.01
0.27421875		4.11315252376e-09	0.01
0.27453125		4.11315252376e-09	0.01
0.27484375		4.11315252376e-09	0.01
0.27515625		4.11315252376e-09	0.01
0.27546875		4.11315252376e-09	0.01
0.27578125		4.11315252376e-09	0.01
0.27609375		4.11315252376e-09	0.01
0.27640625		4.11315252376e-09	0.01
0.27671875		4.11315252376e-09	0.01
0.27703125		4.11315252376e-09	0.01
0.27734375		4.11315252376e-09	0.01
0.27765625		4.11315252376e-09	0.01
0.27796875		4.11315252376e-09	0.01
0.27828125		4.11315252376e-09	0.01
0.27859375		4.11315252376e-09	0.01
0.27890625		4.11315252376e-09	0.01
0.27921875		4.11315252376e-09	0.01
0.27953125		4.11315252376e-09	0.01
0.27984375		4.11315252376e-09	0.01
0.28015625		4.11315252376e-09	0.01
0.28046875		4.11315252376e-09	0.01
0.28078125		4.11315252376e-09	0.01
0.28109375		4.11315252376e-09	0.01
0.28140625		4.11315252376e-09	0.01
0.28171875		4.11315252376e-09	0.01
0.28203125		4.11315252376e-09	0.01
0.28234375		4.11315252376e-09	0.01
0.28265625		4.11315252376e-09	0.01
0.28296875		4.11315252376e-09	0.01
0.28328125		4.11315252376e-09	0.01
0.28359375		4.11315252376e-09	0.01
0.28390625		4.11315252376e-09	0.01
0.28421875		4.11315252376e-09	0.01
0.28453125		4.11315252376e-09	0.01
0.28484375		4.11315252376e-09	0.01
0.28515625		4.11315252376e-09	0.01
0.28546875		4.11315252376e-09	0.01
0.28578125		4.11315252376e-09	0.01
0.28609375		4.11315252376e-09	0.01
0.28640625		4.11315252376e-09	0.01
0.28671875		4.11315252376e-09	0.01
0.28703125		4.11315252376e-09	0.01
0.28734375		4.11315252376e-09	0.01
0.28765625		4.11315252376e-09	0.01
0.28796875		4.11315252376e-09	0.01
0.28828125		4.11315252376e-09	0.01
0.28859375		4.11315252376e-09	0.01
0.28890625		4.11315252376e-09	0.01
0.28921875		4.11315252376e-09	0.01
0.28953125		4.11315252376e-09	0.01
0.28984375		4.11315252376e-09	0.01
0.29015625		4.11315252376e-09	0.01
0.29046875		4.11315252376e-09	0.01
0.29078125		4.11315252376e-09	0.01
0.29109375		4.11315252376e-09	0.01
0.29140625		4.11315252376e-09	0.01
0.29171875		4.11315252376e-09	0.01
0.29203125		4.11315252376e-09	0.01
0.29234375		4.11315252376e-09	0.01
0.29265625		4.11315252376e-09	0.01
0.29296875		4.11315252376e-09	0.01
0.29328125		4.11315252376e-09	0.01
0.29359375		4.11315252376e-09	0.01
0.29390625		4.11315252376e-09	0.01
0.29421875		4.11315252376e-09	0.01
0.29453125		4.11315252376e-09	0.01
0.29484375		4.11315252376e-09	0.01
0.29515625		4.11315252376e-09	0.01
0.29546875		4.11315252376e-09	0.01
0.29578125		4.11315252376e-09	0.01
0.29609375		4.11315252376e-09	0.01
0.29640625		4.11315252376e-09	0.01
0.29671875		4.11315252376e-09	0.01
0.29703125		4.11315252376e-09	0.01
0.29734375		4.11315252376e-09	0.01
0.29765625		4.11315252376e-09	0.01
0.29796875		4.11315252376e-09	0.01
0.29828125		4.11315252376e-09	0.01
0.29859375		4.11315252376e-09	0.01
0.29890625		4.11315252376e-09	0.01
0.29921875		4.11315252376e-09	0.01
0.29953125		4.11315252376e-09	0.01
0.29984375		4.11315252376e-09	0.01
0.30015625		4.11315252376e-09	0.01
0.30046875		4.11315252376e-09	0.01
0.30078125		4.11315252376e-09	0.01
0.30109375		4.11315252376e-09	0.01
0.30140625		4.11315252376e-09	0.01
0.30171875		4.11315252376e-09	0.01
0.30203125		4.11315252376e-09	0.01
0.30234375		4.11315252376e-09	0.01
0.30265625		4.11315252376e-09	0.01
0.30296875		4.11315252376e-09	0.01
0.30328125		4.11315252376e-09	0.01
0.30359375		4.11315252376e-09	0.01
0.30390625		4.11315252376e-09	0.01
0.30421875		4.11315252376e-09	0.01
0.30453125		4.11315252376e-09	0.01
0.30484375		4.11315252376e-09	0.01
0.30515625		4.11315252376e-09	0.01
0.30546875		4.11315252376e-09	0.01
0.30578125		4.11315252376e-09	0.01
0.30609375		4.11315252376e-09	0.01
0.30640625		4.11315252376e-09	0.01
0.30671875		4.11315252376e-09	0.01
0.30703125		4.11315252376e-09	0.01
0.30734375		4.11315252376e-09	0.01
0.30765625		4.11315252376e-09	0.01
0.30796875		4.11315252376e-09	0.01
0.30828125		4.11315252376e-09	0.01
0.30859375		4.11315252376e-09	0.01
0.30890625		4.11315252376e-09	0.01
0.30921875		4.11315252376e-09	0.01
0.30953125		4.11315252376e-09	0.01
0.30984375		4.11315252376e-09	0.01
0.31015625		4.11315252376e-09	0.01
0.31046875		4.11315252376e-09	0.01
0.31078125		4.11315252376e-09	0.01
0.31109375		4.11315252376e-09	0.01
0.31140625		4.11315252376e-09	0.01
0.31171875		4.11315252376e-09	0.01
0.31203125		4.11315252376e-09	0.01
0.31234375		4.11315252376e-09	0.01
0.31265625		4.11315252376e-09	0.01
0.31296875		4.11315252376e-09	0.01
0.31328125		4.11315252376e-09	0.01
0.31359375		4.11315252376e-09	0.01
0.31390625		4.11315252376e-09	0.01
0.31421875		4.11315252376e-09	0.01
0.31453125		4.11315252376e-09	0.01
0.31484375		4.11315252376e-09	0.01
0.31515625		4.11315252376e-09	0.01
0.31546875		4.11315252376e-09	0.01
0.31578125		4.11315252376e-09	0.01
0.31609375		4.11315252376e-09	0.01
0.31640625		4.11315252376e-09	0.01
0.31671875		4.11315252376e-09	0.01
0.31703125		4.11315252376e-09	0.01
0.31734375		4.11315252376e-09	0.01
0.31765625		4.11315252376e-09	0.01
0.31796875		4.11315252376e-09	0.01
0.31828125		4.11315252376e-09	0.01
0.31859375		4.11315252376e-09	0.01
0.31890625		4.11315252376e-09	0.01
0.31921875		4.11315252376e-09	0.01
0.31953125		4.11315252376e-09	0.01
0.31984375		4.11315252376e-09	0.01
0.32015625		4.11315252376e-09	0.01
0.32046875		4.11315252376e-09	0.01
0.32078125		4.11315252376e-09	0.01
0.32109375		4.11315252376e-09	0.01
0.32140625		4.11315252376e-09	0.01
0.32171875		4.11315252376e-09	0.01
0.32203125		4.11315252376e-09	0.01
0.32234375		4.11315252376e-09	0.01
0.32265625		4.11315252376e-09	0.01
0.32296875		4.11315252376e-09	0.01
0.32328125		4.11315252376e-09	0.01
0.32359375		4.11315252376e-09	0.01
0.32390625		4.11315252376e-09	0.01
0.32421875		4.11315252376e-09	0.01
0.32453125		4.11315252376e-09	0.01
0.32484375		4.11315252376e-09	0.01
0.32515625		4.11315252376e-09	0.01
0.32546875		4.11315252376e-09	0.01
0.32578125		4.11315252376e-09	0.01
0.32609375		4.11315252376e-09	0.01
0.32640625		4.11315252376e-09	0.01
0.32671875		4.11315252376e-09	0.01
0.32703125		4.11315252376e-09	0.01
0.32734375		4.11315252376e-09	0.01
0.32765625		4.11315252376e-09	0.01
0.32796875		4.11315252376e-09	0.01
0.32828125		4.11315252376e-09	0.01
0.32859375		4.11315252376e-09	0.01
0.32890625		4.11315252376e-09	0.01
0.32921875		4.11315252376e-09	0.01
0.32953125		4.11315252376e-09	0.01
0.32984375		4.11315252376e-09	0.01
0.33015625		4.11315252376e-09	0.01
0.33046875		4.11315252376e-09	0.01
0.33078125		4.11315252376e-09	0.01
0.33109375		4.11315252376e-09	0.01
0.33140625		4.11315252376e-09	0.01
0.33171875		4.11315252376e-09	0.01
0.33203125		4.11315252376e-09	0.01
0.33234375		4.11315252376e-09	0.01
0.33265625		4.11315252376e-09	0.01
0.33296875		4.11315252376e-09	0.01
0.33328125		4.11315252376e-09	0.01
0.33359375		4.11315252376e-09	0.01
0.33390625		4.11315252376e-09	0.01
0.33421875		4.11315252376e-09	0.01
0.33453125		4.11315252376e-09	0.01
0.33484375		4.11315252376e-09	0.01
0.33515625		4.11315252376e-09	0.01
0.33546875		4.11315252376e-09	0.01
0.33578125		4.11315252376e-09	0.01
0.33609375		4.11315252376e-09	0.01
0.33640625		4.11315252376e-09	0.01
0.33671875		4.11315252376e-09	0.01
0.33703125		4.11315252376e-09	0.01
0.33734375		4.11315252376e-09	0.01
0.33765625		4.11315252376e-09	0.01
0.33796875		4.11315252376e-09	0.01
0.33828125		4.11315252376e-09	0.01
0.33859375		4.11315252376e-09	0.01
0.33890625		4.11315252376e-09	0.01
0.33921875		4.11315252376e-09	0.01
0.33953125		4.11315252376e-09	0.01
0.33984375		4.11315252376e-09	0.01
0.34015625		4.11315252376e-09	0.01
0.34046875		4.11315252376e-09	0.01
0.34078125		4.11315252376e-09	0.01
0.34109375		4.11315252376e-09	0.01
0.34140625		4.11315252376e-09	0.01
0.34171875		4.11315252376e-09	0.01
0.34203125		4.11315252376e-09	0.01
0.34234375		4.11315252376e-09	0.01
0.34265625		4.11315252376e-09	0.01
0.34296875		4.11315252376e-09	0.01
0.34328125		4.11315252376e-09	0.01
0.34359375		4.11315252376e-09	0.01
0.34390625		4.11315252376e-09	0.01
0.34421875		4.11315252376e-09	0.01
0.34453125		4.11315252376e-09	0.01
0.34484375		4.11315252376e-09	0.01
0.34515625		4.11315252376e-09	0.01
0.34546875		4.11315252376e-09	0.01
0.34578125		4.11315252376e-09	0.01
0.34609375		4.11315252376e-09	0.01
0.34640625		4.11315252376e-09	0.01
0.34671875		4.11315252376e-09	0.01
0.34703125		4.11315252376e-09	0.01
0.34734375		4.11315252376e-09	0.01
0.34765625		4.11315252376e-09	0.01
0.34796875		4.11315252376e-09	0.01
0.34828125		4.11315252376e-09	0.01
0.34859375		4.11315252376e-09	0.01
0.34890625		4.11315252376e-09	0.01
0.34921875		4.11315252376e-09	0.01
0.34953125		4.11315252376e-09	0.01
0.34984375		4.11315252376e-09	0.01
0.35015625		4.11315252376e-09	0.01
0.35046875		4.11315252376e-09	0.01
0.35078125		4.11315252376e-09	0.01
0.35109375		4.11315252376e-09	0.01
0.35140625		4.11315252376e-09	0.01
0.35171875		4.11315252376e-09	0.01
0.35203125		4.11315252376e-09	0.01
0.35234375		4.11315252376e-09	0.01
0.35265625		4.11315252376e-09	0.01
0.35296875		4.11315252376e-09	0.01
0.35328125		4.11315252376e-09	0.01
0.35359375		4.11315252376e-09	0.01
0.35390625		4.11315252376e-09	0.01
0.35421875		4.11315252376e-09	0.01
0.35453125		4.11315252376e-09	0.01
0.35484375		4.11315252376e-09	0.01
0.35515625		4.11315252376e-09	0.01
0.35546875		4.11315252376e-09	0.01
0.35578125		4.11315252376e-09	0.01
0.35609375		4.11315252376e-09	0.01
0.35640625		4.11315252376e-09	0.01
0.35671875		4.11315252376e-09	0.01
0.35703125		4.11315252376e-09	0.01
0.35734375		4.11315252376e-09	0.01
0.35765625		4.11315252376e-09	0.01
0.35796875		4.11315252376e-09	0.01
0.35828125		4.11315252376e-09	0.01
0.35859375		4.11315252376e-09	0.01
0.35890625		4.11315252376e-09	0.01
0.35921875		4.11315252376e-09	0.01
0.35953125		4.11315252376e-09	0.01
0.35984375		4.11315252376e-09	0.01
0.36015625		4.11315252376e-09	0.01
0.36046875		4.11315252376e-09	0.01
0.36078125		4.11315252376e-09	0.01
0.36109375		4.11315252376e-09	0.01
0.36140625		4.11315252376e-09	0.01
0.36171875		4.11315252376e-09	0.01
0.36203125		4.11315252376e-09	0.01
0.36234375		4.11315252376e-09	0.01
0.36265625		4.11315252376e-09	0.01
0.36296875		4.11315252376e-09	0.01
0.36328125		4.11315252376e-09	0.01
0.36359375		4.11315252376e-09	0.01
0.36390625		4.11315252376e-09	0.01
0.36421875		4.11315252376e-09	0.01
0.36453125		4.11315252376e-09	0.01
0.36484375		4.11315252376e-09	0.01
0.36515625		4.11315252376e-09	0.01
0.36546875		4.11315252376e-09	0.01
0.36578125		4.11315252376e-09	0.01
0.36609375		4.11315252376e-09	0.01
0.36640625		4.11315252376e-09	0.01
0.36671875		4.11315252376e-09	0.01
0.36703125		4.11315252376e-09	0.01
0.36734375		4.11315252376e-09	0.01
0.36765625		4.11315252376e-09	0.01
0.36796875		4.11315252376e-09	0.01
0.36828125		4.11315252376e-09	0.01
0.36859375		4.11315252376e-09	0.01
0.36890625		4.11315252376e-09	0.01
0.36921875		4.11315252376e-09	0.01
0.36953125		4.11315252376e-09	0.01
0.36984375		4.11315252376e-09	0.01
0.37015625		4.11315252376e-09	0.01
0.37046875		4.11315252376e-09	0.01
0.37078125		4.11315252376e-09	0.01
0.37109375		4.11315252376e-09	0.01
0.37140625		4.11315252376e-09	0.01
0.37171875		4.11315252376e-09	0.01
0.37203125		4.11315252376e-09	0.01
0.37234375		4.11315252376e-09	0.01
0.37265625		4.11315252376e-09	0.01
0.37296875		4.11315252376e-09	0.01
0.37328125		4.11315252376e-09	0.01
0.37359375		4.11315252376e-09	0.01
0.37390625		4.11315252376e-09	0.01
0.37421875		4.11315252376e-09	0.01
0.37453125		4.11315252376e-09	0.01
0.37484375		4.11315252376e-09	0.01
0.37515625		4.11315252376e-09	0.01
0.37546875		4.11315252376e-09	0.01
0.37578125		4.11315252376e-09	0.01
0.37609375		4.11315252376e-09	0.01
0.37640625		4.11315252376e-09	0.01
0.37671875		4.11315252376e-09	0.01
0.37703125		4.11315252376e-09	0.01
0.37734375		4.11315252376e-09	0.01
0.37765625		4.11315252376e-09	0.01
0.37796875		4.11315252376e-09	0.01
0.37828125		4.11315252376e-09	0.01
0.37859375		4.11315252376e-09	0.01
0.37890625		4.11315252376e-09	0.01
0.37921875		4.11315252376e-09	0.01
0.37953125		4.11315252376e-09	0.01
0.37984375		4.11315252376e-09	0.01
0.38015625		4.11315252376e-09	0.01
0.38046875		4.11315252376e-09	0.01
0.38078125		4.11315252376e-09	0.01
0.38109375		4.11315252376e-09	0.01
0.38140625		4.11315252376e-09	0.01
0.38171875		4.11315252376e-09	0.01
0.38203125		4.11315252376e-09	0.01
0.38234375		4.11315252376e-09	0.01
0.38265625		4.11315252376e-09	0.01
0.38296875		4.11315252376e-09	0.01
0.38328125		4.11315252376e-09	0.01
0.38359375		4.11315252376e-09	0.01
0.38390625		4.11315252376e-09	0.01
0.38421875		4.11315252376e-09	0.01
0.38453125		4.11315252376e-09	0.01
0.38484375		4.11315252376e-09	0.01
0.38515625		4.11315252376e-09	0.01
0.38546875		4.11315252376e-09	0.01
0.38578125		4.11315252376e-09	0.01
0.38609375		4.11315252376e-09	0.01
0.38640625		4.11315252376e-09	0.01
0.38671875		4.11315252376e-09	0.01
0.38703125		4.11315252376e-09	0.01
0.38734375		4.11315252376e-09	0.01
0.38765625		4.11315252376e-09	0.01
0.38796875		4.11315252376e-09	0.01
0.38828125		4.11315252376e-09	0.01
0.38859375		4.11315252376e-09	0.01
0.38890625		4.11315252376e-09	0.01
0.38921875		4.11315252376e-09	0.01
0.38953125		4.11315252376e-09	0.01
0.38984375		4.11315252376e-09	0.01
0.39015625		4.11315252376e-09	0.01
0.39046875		4.11315252376e-09	0.01
0.39078125		4.11315252376e-09	0.01
0.39109375		4.11315252376e-09	0.01
0.39140625		4.11315252376e-09	0.01
0.39171875		4.11315252376e-09	0.01
0.39203125		4.11315252376e-09	0.01
0.39234375		4.11315252376e-09	0.01
0.39265625		4.11315252376e-09	0.01
0.39296875		4.11315252376e-09	0.01
0.39328125		4.11315252376e-09	0.01
0.39359375		4.11315252376e-09	0.01
0.39390625		4.11315252376e-09	0.01
0.39421875		4.11315252376e-09	0.01
0.39453125		4.11315252376e-09	0.01
0.39484375		4.11315252376e-09	0.01
0.39515625		4.11315252376e-09	0.01
0.39546875		4.11315252376e-09	0.01
0.39578125		4.11315252376e-09	0.01
0.39609375		4.11315252376e-09	0.01
0.39640625		4.11315252376e-09	0.01
0.39671875		4.11315252376e-09	0.01
0.39703125		4.11315252376e-09	0.01
0.39734375		4.11315252376e-09	0.01
0.39765625		4.11315252376e-09	0.01
0.39796875		4.11315252376e-09	0.01
0.39828125		4.11315252376e-09	0.01
0.39859375		4.11315252376e-09	0.01
0.39890625		4.11315252376e-09	0.01
0.39921875		4.11315252376e-09	0.01
0.39953125		4.11315252376e-09	0.01
0.39984375		4.11315252376e-09	0.01
0.40015625		4.11315252376e-09	0.01
0.40046875		4.11315252376e-09	0.01
0.40078125		4.11315252376e-09	0.01
0.40109375		4.11315252376e-09	0.01
0.40140625		4.11315252376e-09	0.01
0.40171875		4.11315252376e-09	0.01
0.40203125		4.11315252376e-09	0.01
0.40234375		4.11315252376e-09	0.01
0.40265625		4.11315252376e-09	0.01
0.40296875		4.11315252376e-09	0.01
0.40328125		4.11315252376e-09	0.01
0.40359375		4.11315252376e-09	0.01
0.40390625		4.11315252376e-09	0.01
0.40421875		4.11315252376e-09	0.01
0.40453125		4.11315252376e-09	0.01
0.40484375		4.11315252376e-09	0.01
0.40515625		4.11315252376e-09	0.01
0.40546875		4.11315252376e-09	0.01
0.40578125		4.11315252376e-09	0.01
0.40609375		4.11315252376e-09	0.01
0.40640625		4.11315252376e-09	0.01
0.40671875		4.11315252376e-09	0.01
0.40703125		4.11315252376e-09	0.01
0.40734375		4.11315252376e-09	0.01
0.40765625		4.11315252376e-09	0.01
0.40796875		4.11315252376e-09	0.01
0.40828125		4.11315252376e-09	0.01
0.40859375		4.11315252376e-09	0.01
0.40890625		4.11315252376e-09	0.01
0.40921875		4.11315252376e-09	0.01
0.40953125		4.11315252376e-09	0.01
0.40984375		4.11315252376e-09	0.01
0.41015625		4.11315252376e-09	0.01
0.41046875		4.11315252376e-09	0.01
0.41078125		4.11315252376e-09	0.01
0.41109375		4.11315252376e-09	0.01
0.41140625		4.11315252376e-09	0.01
0.41171875		4.11315252376e-09	0.01
0.41203125		4.11315252376e-09	0.01
0.41234375		4.11315252376e-09	0.01
0.41265625		4.11315252376e-09	0.01
0.41296875		4.11315252376e-09	0.01
0.41328125		4.11315252376e-09	0.01
0.41359375		4.11315252376e-09	0.01
0.41390625		4.11315252376e-09	0.01
0.41421875		4.11315252376e-09	0.01
0.41453125		4.11315252376e-09	0.01
0.41484375		4.11315252376e-09	0.01
0.41515625		4.11315252376e-09	0.01
0.41546875		4.11315252376e-09	0.01
0.41578125		4.11315252376e-09	0.01
0.41609375		4.11315252376e-09	0.01
0.41640625		4.11315252376e-09	0.01
0.41671875		4.11315252376e-09	0.01
0.41703125		4.11315252376e-09	0.01
0.41734375		4.11315252376e-09	0.01
0.41765625		4.11315252376e-09	0.01
0.41796875		4.11315252376e-09	0.01
0.41828125		4.11315252376e-09	0.01
0.41859375		4.11315252376e-09	0.01
0.41890625		4.11315252376e-09	0.01
0.41921875		4.11315252376e-09	0.01
0.41953125		4.11315252376e-09	0.01
0.41984375		4.11315252376e-09	0.01
0.42015625		4.11315252376e-09	0.01
0.42046875		4.11315252376e-09	0.01
0.42078125		4.11315252376e-09	0.01
0.42109375		4.11315252376e-09	0.01
0.42140625		4.11315252376e-09	0.01
0.42171875		4.11315252376e-09	0.01
0.42203125		4.11315252376e-09	0.01
0.42234375		4.11315252376e-09	0.01
0.42265625		4.11315252376e-09	0.01
0.42296875		4.11315252376e-09	0.01
0.42328125		4.11315252376e-09	0.01
0.42359375		4.11315252376e-09	0.01
0.42390625		4.11315252376e-09	0.01
0.42421875		4.11315252376e-09	0.01
0.42453125		4.11315252376e-09	0.01
0.42484375		4.11315252376e-09	0.01
0.42515625		4.11315252376e-09	0.01
0.42546875		4.11315252376e-09	0.01
0.42578125		4.11315252376e-09	0.01
0.42609375		4.11315252376e-09	0.01
0.42640625		4.11315252376e-09	0.01
0.42671875		4.11315252376e-09	0.01
0.42703125		4.11315252376e-09	0.01
0.42734375		4.11315252376e-09	0.01
0.42765625		4.11315252376e-09	0.01
0.42796875		4.11315252376e-09	0.01
0.42828125		4.11315252376e-09	0.01
0.42859375		4.11315252376e-09	0.01
0.42890625		4.11315252376e-09	0.01
0.42921875		4.11315252376e-09	0.01
0.42953125		4.11315252376e-09	0.01
0.42984375		4.11315252376e-09	0.01
0.43015625		4.11315252376e-09	0.01
0.43046875		4.11315252376e-09	0.01
0.43078125		4.11315252376e-09	0.01
0.43109375		4.11315252376e-09	0.01
0.43140625		4.11315252376e-09	0.01
0.43171875		4.11315252376e-09	0.01
0.43203125		4.11315252376e-09	0.01
0.43234375		4.11315252376e-09	0.01
0.43265625		4.11315252376e-09	0.01
0.43296875		4.11315252376e-09	0.01
0.43328125		4.11315252376e-09	0.01
0.43359375		4.11315252376e-09	0.01
0.43390625		4.11315252376e-09	0.01
0.43421875		4.11315252376e-09	0.01
0.43453125		4.11315252376e-09	0.01
0.43484375		4.11315252376e-09	0.01
0.43515625		4.11315252376e-09	0.01
0.43546875		4.11315252376e-09	0.01
0.43578125		4.11315252376e-09	0.01
0.43609375		4.11315252376e-09	0.01
0.43640625		4.11315252376e-09	0.01
0.43671875		4.11315252376e-09	0.01
0.43703125		4.11315252376e-09	0.01
0.43734375		4.11315252376e-09	0.01
0.43765625		4.11315252376e-09	0.01
0.43796875		4.11315252376e-09	0.01
0.43828125		4.11315252376e-09	0.01
0.43859375		4.11315252376e-09	0.01
0.43890625		4.11315252376e-09	0.01
0.43921875		4.11315252376e-09	0.01
0.43953125		4.11315252376e-09	0.01
0.43984375		4.11315252376e-09	0.01
0.44015625		4.11315252376e-09	0.01
0.44046875		4.11315252376e-09	0.01
0.44078125		4.11315252376e-09	0.01
0.44109375		4.11315252376e-09	0.01
0.44140625		4.11315252376e-09	0.01
0.44171875		4.11315252376e-09	0.01
0.44203125		4.11315252376e-09	0.01
0.44234375		4.11315252376e-09	0.01
0.44265625		4.11315252376e-09	0.01
0.44296875		4.11315252376e-09	0.01
0.44328125		4.11315252376e-09	0.01
0.44359375		4.11315252376e-09	0.01
0.44390625		4.11315252376e-09	0.01
0.44421875		4.11315252376e-09	0.01
0.44453125		4.11315252376e-09	0.01
0.44484375		4.11315252376e-09	0.01
0.44515625		4.11315252376e-09	0.01
0.44546875		4.11315252376e-09	0.01
0.44578125		4.11315252376e-09	0.01
0.44609375		4.11315252376e-09	0.01
0.44640625		4.11315252376e-09	0.01
0.44671875		4.11315252376e-09	0.01
0.44703125		4.11315252376e-09	0.01
0.44734375		4.11315252376e-09	0.01
0.44765625		4.11315252376e-09	0.01
0.44796875		4.11315252376e-09	0.01
0.44828125		4.11315252376e-09	0.01
0.44859375		4.11315252376e-09	0.01
0.44890625		4.11315252376e-09	0.01
0.44921875		4.11315252376e-09	0.01
0.44953125		4.11315252376e-09	0.01
0.44984375		4.11315252376e-09	0.01
0.45015625		4.11315252376e-09	0.01
0.45046875		4.11315252376e-09	0.01
0.45078125		4.11315252376e-09	0.01
0.45109375		4.11315252376e-09	0.01
0.45140625		4.11315252376e-09	0.01
0.45171875		4.11315252376e-09	0.01
0.45203125		4.11315252376e-09	0.01
0.45234375		4.11315252376e-09	0.01
0.45265625		4.11315252376e-09	0.01
0.45296875		4.11315252376e-09	0.01
0.45328125		4.11315252376e-09	0.01
0.45359375		4.11315252376e-09	0.01
0.45390625		4.11315252376e-09	0.01
0.45421875		4.11315252376e-09	0.01
0.45453125		4.11315252376e-09	0.01
0.45484375		4.11315252376e-09	0.01
0.45515625		4.11315252376e-09	0.01
0.45546875		4.11315252376e-09	0.01
0.45578125		4.11315252376e-09	0.01
0.45609375		4.11315252376e-09	0.01
0.45640625		4.11315252376e-09	0.01
0.45671875		4.11315252376e-09	0.01
0.45703125		4.11315252376e-09	0.01
0.45734375		4.11315252376e-09	0.01
0.45765625		4.11315252376e-09	0.01
0.45796875		4.11315252376e-09	0.01
0.45828125		4.11315252376e-09	0.01
0.45859375		4.11315252376e-09	0.01
0.45890625		4.11315252376e-09	0.01
0.45921875		4.11315252376e-09	0.01
0.45953125		4.11315252376e-09	0.01
0.45984375		4.11315252376e-09	0.01
0.46015625		4.11315252376e-09	0.01
0.46046875		4.11315252376e-09	0.01
0.46078125		4.11315252376e-09	0.01
0.46109375		4.11315252376e-09	0.01
0.46140625		4.11315252376e-09	0.01
0.46171875		4.11315252376e-09	0.01
0.46203125		4.11315252376e-09	0.01
0.46234375		4.11315252376e-09	0.01
0.46265625		4.11315252376e-09	0.01
0.46296875		4.11315252376e-09	0.01
0.46328125		4.11315252376e-09	0.01
0.46359375		4.11315252376e-09	0.01
0.46390625		4.11315252376e-09	0.01
0.46421875		4.11315252376e-09	0.01
0.46453125		4.11315252376e-09	0.01
0.46484375		4.11315252376e-09	0.01
0.46515625		4.11315252376e-09	0.01
0.46546875		4.11315252376e-09	0.01
0.46578125		4.11315252376e-09	0.01
0.46609375		4.11315252376e-09	0.01
0.46640625		4.11315252376e-09	0.01
0.46671875		4.11315252376e-09	0.01
0.46703125		4.11315252376e-09	0.01
0.46734375		4.11315252376e-09	0.01
0.46765625		4.11315252376e-09	0.01
0.46796875		4.11315252376e-09	0.01
0.46828125		4.11315252376e-09	0.01
0.46859375		4.11315252376e-09	0.01
0.46890625		4.11315252376e-09	0.01
0.46921875		4.11315252376e-09	0.01
0.46953125		4.11315252376e-09	0.01
0.46984375		4.11315252376e-09	0.01
0.47015625		4.11315252376e-09	0.01
0.47046875		4.11315252376e-09	0.01
0.47078125		4.11315252376e-09	0.01
0.47109375		4.11315252376e-09	0.01
0.47140625		4.11315252376e-09	0.01
0.47171875		4.11315252376e-09	0.01
0.47203125		4.11315252376e-09	0.01
0.47234375		4.11315252376e-09	0.01
0.47265625		4.11315252376e-09	0.01
0.47296875		4.11315252376e-09	0.01
0.47328125		4.11315252376e-09	0.01
0.47359375		4.11315252376e-09	0.01
0.47390625		4.11315252376e-09	0.01
0.47421875		4.11315252376e-09	0.01
0.47453125		4.11315252376e-09	0.01
0.47484375		4.11315252376e-09	0.01
0.47515625		4.11315252376e-09	0.01
0.47546875		4.11315252376e-09	0.01
0.47578125		4.11315252376e-09	0.01
0.47609375		4.11315252376e-09	0.01
0.47640625		4.11315252376e-09	0.01
0.47671875		4.11315252376e-09	0.01
0.47703125		4.11315252376e-09	0.01
0.47734375		4.11315252376e-09	0.01
0.47765625		4.11315252376e-09	0.01
0.47796875		4.11315252376e-09	0.01
0.47828125		4.11315252376e-09	0.01
0.47859375		4.11315252376e-09	0.01
0.47890625		4.11315252376e-09	0.01
0.47921875		4.11315252376e-09	0.01
0.47953125		4.11315252376e-09	0.01
0.47984375		4.11315252376e-09	0.01
0.48015625		4.11315252376e-09	0.01
0.48046875		4.11315252376e-09	0.01
0.48078125		4.11315252376e-09	0.01
0.48109375		4.11315252376e-09	0.01
0.48140625		4.11315252376e-09	0.01
0.48171875		4.11315252376e-09	0.01
0.48203125		4.11315252376e-09	0.01
0.48234375		4.11315252376e-09	0.01
0.48265625		4.11315252376e-09	0.01
0.48296875		4.11315252376e-09	0.01
0.48328125		4.11315252376e-09	0.01
0.48359375		4.11315252376e-09	0.01
0.48390625		4.11315252376e-09	0.01
0.48421875		4.11315252376e-09	0.01
0.48453125		4.11315252376e-09	0.01
0.48484375		4.11315252376e-09	0.01
0.48515625		4.11315252376e-09	0.01
0.48546875		4.11315252376e-09	0.01
0.48578125		4.11315252376e-09	0.01
0.48609375		4.11315252376e-09	0.01
0.48640625		4.11315252376e-09	0.01
0.48671875		4.11315252376e-09	0.01
0.48703125		4.11315252376e-09	0.01
0.48734375		4.11315252376e-09	0.01
0.48765625		4.11315252376e-09	0.01
0.48796875		4.11315252376e-09	0.01
0.48828125		4.11315252376e-09	0.01
0.48859375		4.11315252376e-09	0.01
0.48890625		4.11315252376e-09	0.01
0.48921875		4.11315252376e-09	0.01
0.48953125		4.11315252376e-09	0.01
0.48984375		4.11315252376e-09	0.01
0.49015625		4.11315252376e-09	0.01
0.49046875		4.11315252376e-09	0.01
0.49078125		4.11315252376e-09	0.01
0.49109375		4.11315252376e-09	0.01
0.49140625		4.11315252376e-09	0.01
0.49171875		4.11315252376e-09	0.01
0.49203125		4.11315252376e-09	0.01
0.49234375		4.11315252376e-09	0.01
0.49265625		4.11315252376e-09	0.01
0.49296875		4.11315252376e-09	0.01
0.49328125		4.11315252376e-09	0.01
0.49359375		4.11315252376e-09	0.01
0.49390625		4.11315252376e-09	0.01
0.49421875		4.11315252376e-09	0.01
0.49453125		4.11315252376e-09	0.01
0.49484375		4.11315252376e-09	0.01
0.49515625		4.11315252376e-09	0.01
0.49546875		4.11315252376e-09	0.01
0.49578125		4.11315252376e-09	0.01
0.49609375		4.11315252376e-09	0.01
0.49640625		4.11315252376e-09	0.01
0.49671875		4.11315252376e-09	0.01
0.49703125		4.11315252376e-09	0.01
0.49734375		4.11315252376e-09	0.01
0.49765625		4.11315252376e-09	0.01
0.49796875		4.11315252376e-09	0.01
0.49828125		4.11315252376e-09	0.01
0.49859375		4.11315252376e-09	0.01
0.49890625		4.11315252376e-09	0.01
0.49921875		4.11315252376e-09	0.01
0.49953125		4.11315252376e-09	0.01
0.49984375		4.11315252376e-09	0.01
