0.00015625		0.409936200761	0.999160762693
0.00046875		0.409732290169	0.999036166027
0.00078125		0.409454942962	0.998867250552
0.00109375		0.409171260186	0.998694273199
0.00140625		0.408906496992	0.99853269894
0.00171875		0.408653400557	0.99837815426
0.00203125		0.40840752441	0.998227947412
0.00234375		0.40816649693	0.998080635651
0.00265625		0.40792893055	0.99793537471
0.00296875		0.407693916848	0.997791612104
0.00328125		0.407460754023	0.997648920282
0.00359375		0.40722891464	0.997506977544
0.00390625		0.406998043793	0.997365567403
0.00421875		0.406767912012	0.997224549983
0.00453125		0.40653835806	0.997083826972
0.00484375		0.406309257295	0.99694332234
0.00515625		0.406080504778	0.996802972002
0.00546875		0.405852013195	0.996662722542
0.00578125		0.405623718467	0.996522534733
0.00609375		0.405395575773	0.996382381139
0.00640625		0.405167549803	0.996242240125
0.00671875		0.404939609372	0.996102092551
0.00703125		0.404711726112	0.99596192098
0.00734375		0.404483875069	0.995821710025
0.00765625		0.404256038781	0.995681448914
0.00796875		0.404028205278	0.995541130224
0.00828125		0.403800362574	0.99540074649
0.00859375		0.403572496383	0.995260288832
0.00890625		0.403344596555	0.995119750939
0.00921875		0.403116654923	0.994979127685
0.00953125		0.402888664159	0.994838414451
0.00984375		0.402660617552	0.994697606995
0.01015625		0.402432509278	0.994556701615
0.01046875		0.402204334531	0.994415695233
0.01078125		0.401976089371	0.994274585301
0.01109375		0.4017477705	0.994133369663
0.01140625		0.40151937506	0.993992046433
0.01171875		0.401290900581	0.99385061396
0.01203125		0.40106234489	0.993709070775
0.01234375		0.400833706054	0.993567415556
0.01265625		0.400604982346	0.993425647106
0.01296875		0.400376172233	0.993283764345
0.01328125		0.400147274388	0.99314176632
0.01359375		0.399918287703	0.992999652214
0.01390625		0.399689211233	0.992857421305
0.01421875		0.399460044099	0.992715072917
0.01453125		0.399230785476	0.992572606401
0.01484375		0.399001434619	0.992430021159
0.01515625		0.398771990879	0.992287316651
0.01546875		0.398542453692	0.992144492391
0.01578125		0.398312822557	0.992001547927
0.01609375		0.398083097019	0.991858482839
0.01640625		0.397853276665	0.991715296731
0.01671875		0.397623361116	0.991571989227
0.01703125		0.397393350027	0.991428559971
0.01734375		0.397163243081	0.991285008625
0.01765625		0.396933039991	0.99114133487
0.01796875		0.396702740497	0.9909975384
0.01828125		0.396472344352	0.99085361892
0.01859375		0.396241851323	0.99070957614
0.01890625		0.396011261191	0.990565409782
0.01921875		0.39578057375	0.990421119571
0.01953125		0.395549788807	0.990276705245
0.01984375		0.395318906183	0.990132166546
0.02015625		0.395087925706	0.98998750322
0.02046875		0.39485684721	0.989842715019
0.02078125		0.394625670536	0.989697801698
0.02109375		0.394394395533	0.989552763014
0.02140625		0.394163022052	0.989407598728
0.02171875		0.393931549953	0.989262308605
0.02203125		0.393699979098	0.98911689241
0.02234375		0.393468309354	0.988971349911
0.02265625		0.393236540588	0.988825680878
0.02296875		0.393004672674	0.988679885081
0.02328125		0.392772705484	0.988533962291
0.02359375		0.392540638895	0.988387912281
0.02390625		0.392308472786	0.988241734823
0.02421875		0.392076207035	0.988095429691
0.02453125		0.391843841524	0.98794899666
0.02484375		0.391611376136	0.987802435504
0.02515625		0.391378810753	0.987655745997
0.02546875		0.391146145261	0.987508927914
0.02578125		0.390913379544	0.98736198103
0.02609375		0.390680513488	0.987214905121
0.02640625		0.390447546979	0.987067699959
0.02671875		0.390214479905	0.986920365321
0.02703125		0.389981312152	0.98677290098
0.02734375		0.389748043609	0.98662530671
0.02765625		0.389514674162	0.986477582285
0.02796875		0.389281203701	0.98632972748
0.02828125		0.389047632114	0.986181742066
0.02859375		0.388813959288	0.986033625817
0.02890625		0.388580185112	0.985885378504
0.02921875		0.388346309475	0.985736999901
0.02953125		0.388112332266	0.985588489777
0.02984375		0.387878253372	0.985439847905
0.03015625		0.387644072683	0.985291074054
0.03046875		0.387409790086	0.985142167995
0.03078125		0.38717540547	0.984993129497
0.03109375		0.386940918723	0.984843958329
0.03140625		0.386706329733	0.984694654259
0.03171875		0.386471638389	0.984545217055
0.03203125		0.386236844578	0.984395646484
0.03234375		0.386001948187	0.984245942314
0.03265625		0.385766949104	0.984096104308
0.03296875		0.385531847217	0.983946132235
0.03328125		0.385296642413	0.983796025857
0.03359375		0.385061334578	0.98364578494
0.03390625		0.384825923599	0.983495409247
0.03421875		0.384590409363	0.98334489854
0.03453125		0.384354791756	0.983194252584
0.03484375		0.384119070665	0.983043471138
0.03515625		0.383883245974	0.982892553964
0.03546875		0.383647317571	0.982741500824
0.03578125		0.383411285339	0.982590311475
0.03609375		0.383175149165	0.982438985679
0.03640625		0.382938908934	0.982287523192
0.03671875		0.38270256453	0.982135923774
0.03703125		0.382466115837	0.981984187181
0.03734375		0.38222956274	0.981832313169
0.03765625		0.381992905124	0.981680301495
0.03796875		0.381756142871	0.981528151915
0.03828125		0.381519275865	0.981375864181
0.03859375		0.381282303989	0.981223438049
0.03890625		0.381045227127	0.981070873271
0.03921875		0.380808045162	0.9809181696
0.03953125		0.380570757975	0.980765326787
0.03984375		0.380333365449	0.980612344584
0.04015625		0.380095867465	0.980459222742
0.04046875		0.379858263907	0.980305961009
0.04078125		0.379620554654	0.980152559135
0.04109375		0.379382739589	0.979999016868
0.04140625		0.379144818592	0.979845333956
0.04171875		0.378906791544	0.979691510145
0.04203125		0.378668658324	0.979537545183
0.04234375		0.378430418815	0.979383438813
0.04265625		0.378192072894	0.979229190782
0.04296875		0.377953620442	0.979074800832
0.04328125		0.377715061338	0.978920268708
0.04359375		0.377476395461	0.978765594152
0.04390625		0.377237622689	0.978610776905
0.04421875		0.376998742902	0.978455816709
0.04453125		0.376759755978	0.978300713305
0.04484375		0.376520661794	0.978145466431
0.04515625		0.376281460227	0.977990075828
0.04546875		0.376042151156	0.977834541232
0.04578125		0.375802734458	0.977678862381
0.04609375		0.375563210009	0.977523039013
0.04640625		0.375323577685	0.977367070862
0.04671875		0.375083837363	0.977210957665
0.04703125		0.37484398892	0.977054699155
0.04734375		0.374604032229	0.976898295066
0.04765625		0.374363967168	0.976741745131
0.04796875		0.374123793611	0.976585049082
0.04828125		0.373883511432	0.97642820665
0.04859375		0.373643120507	0.976271217567
0.04890625		0.373402620709	0.976114081561
0.04921875		0.373162011913	0.975956798362
0.04953125		0.372921293991	0.975799367698
0.04984375		0.372680466818	0.975641789296
0.05015625		0.372439530267	0.975484062883
0.05046875		0.372198484209	0.975326188185
0.05078125		0.371957328518	0.975168164928
0.05109375		0.371716063065	0.975009992834
0.05140625		0.371474687723	0.974851671628
0.05171875		0.371233202364	0.974693201032
0.05203125		0.370991606857	0.974534580769
0.05234375		0.370749901075	0.974375810559
0.05265625		0.370508084887	0.974216890122
0.05296875		0.370266158165	0.974057819178
0.05328125		0.370024120778	0.973898597445
0.05359375		0.369781972595	0.973739224642
0.05390625		0.369539713487	0.973579700485
0.05421875		0.369297343323	0.97342002469
0.05453125		0.369054861971	0.973260196972
0.05484375		0.368812269299	0.973100217046
0.05515625		0.368569565176	0.972940084626
0.05546875		0.36832674947	0.972779799424
0.05578125		0.368083822048	0.972619361153
0.05609375		0.367840782777	0.972458769522
0.05640625		0.367597631525	0.972298024243
0.05671875		0.367354368158	0.972137125025
0.05703125		0.367110992541	0.971976071576
0.05734375		0.366867504542	0.971814863604
0.05765625		0.366623904026	0.971653500815
0.05796875		0.366380190858	0.971491982916
0.05828125		0.366136364903	0.971330309611
0.05859375		0.365892426025	0.971168480605
0.05890625		0.365648374089	0.971006495601
0.05921875		0.36540420896	0.970844354301
0.05953125		0.3651599305	0.970682056406
0.05984375		0.364915538573	0.970519601618
0.06015625		0.364671033042	0.970356989636
0.06046875		0.36442641377	0.970194220159
0.06078125		0.364181680619	0.970031292884
0.06109375		0.363936833451	0.969868207508
0.06140625		0.363691872128	0.969704963729
0.06171875		0.363446796511	0.96954156124
0.06203125		0.363201606461	0.969377999736
0.06234375		0.362956301839	0.96921427891
0.06265625		0.362710882505	0.969050398455
0.06296875		0.362465348319	0.968886358062
0.06328125		0.362219699141	0.968722157422
0.06359375		0.36197393483	0.968557796223
0.06390625		0.361728055245	0.968393274156
0.06421875		0.361482060244	0.968228590907
0.06453125		0.361235949687	0.968063746164
0.06484375		0.36098972343	0.967898739611
0.06515625		0.360743381332	0.967733570935
0.06546875		0.36049692325	0.967568239818
0.06578125		0.36025034904	0.967402745944
0.06609375		0.360003658559	0.967237088995
0.06640625		0.359756851663	0.967071268651
0.06671875		0.359509928208	0.966905284592
0.06703125		0.35926288805	0.966739136499
0.06734375		0.359015731043	0.966572824048
0.06765625		0.358768457042	0.966406346916
0.06796875		0.358521065902	0.966239704781
0.06828125		0.358273557477	0.966072897316
0.06859375		0.35802593162	0.965905924195
0.06890625		0.357778188184	0.965738785093
0.06921875		0.357530327023	0.96557147968
0.06953125		0.357282347989	0.965404007629
0.06984375		0.357034250935	0.965236368608
0.07015625		0.356786035711	0.965068562287
0.07046875		0.356537702169	0.964900588334
0.07078125		0.356289250162	0.964732446415
0.07109375		0.356040679538	0.964564136198
0.07140625		0.355791990149	0.964395657345
0.07171875		0.355543181844	0.964227009522
0.07203125		0.355294254473	0.964058192391
0.07234375		0.355045207886	0.963889205613
0.07265625		0.35479604193	0.96372004885
0.07296875		0.354546756455	0.963550721761
0.07328125		0.354297351308	0.963381224004
0.07359375		0.354047826337	0.963211555237
0.07390625		0.35379818139	0.963041715116
0.07421875		0.353548416313	0.962871703297
0.07453125		0.353298530952	0.962701519433
0.07484375		0.353048525155	0.962531163179
0.07515625		0.352798398765	0.962360634185
0.07546875		0.35254815163	0.962189932102
0.07578125		0.352297783593	0.962019056582
0.07609375		0.3520472945	0.961848007271
0.07640625		0.351796684193	0.961676783819
0.07671875		0.351545952518	0.961505385871
0.07703125		0.351295099317	0.961333813072
0.07734375		0.351044124434	0.961162065067
0.07765625		0.35079302771	0.9609901415
0.07796875		0.350541808988	0.960818042011
0.07828125		0.350290468109	0.960645766242
0.07859375		0.350039004916	0.960473313832
0.07890625		0.349787419248	0.960300684421
0.07921875		0.349535710946	0.960127877645
0.07953125		0.349283879851	0.95995489314
0.07984375		0.349031925801	0.959781730541
0.08015625		0.348779848637	0.959608389484
0.08046875		0.348527648196	0.959434869599
0.08078125		0.348275324318	0.959261170518
0.08109375		0.348022876839	0.959087291873
0.08140625		0.347770305599	0.958913233292
0.08171875		0.347517610433	0.958738994402
0.08203125		0.347264791179	0.958564574831
0.08234375		0.347011847673	0.958389974204
0.08265625		0.346758779751	0.958215192146
0.08296875		0.346505587247	0.958040228279
0.08328125		0.346252269998	0.957865082226
0.08359375		0.345998827837	0.957689753606
0.08390625		0.345745260599	0.95751424204
0.08421875		0.345491568116	0.957338547145
0.08453125		0.345237750224	0.957162668539
0.08484375		0.344983806754	0.956986605836
0.08515625		0.344729737538	0.956810358653
0.08546875		0.344475542409	0.9566339266
0.08578125		0.344221221198	0.956457309291
0.08609375		0.343966773735	0.956280506336
0.08640625		0.343712199853	0.956103517344
0.08671875		0.34345749938	0.955926341924
0.08703125		0.343202672146	0.955748979682
0.08734375		0.34294771798	0.955571430223
0.08765625		0.342692636712	0.955393693151
0.08796875		0.342437428169	0.95521576807
0.08828125		0.342182092179	0.955037654581
0.08859375		0.34192662857	0.954859352284
0.08890625		0.341671037168	0.954680860778
0.08921875		0.341415317801	0.95450217966
0.08953125		0.341159470293	0.954323308527
0.08984375		0.34090349447	0.954144246974
0.09015625		0.340647390158	0.953964994593
0.09046875		0.340391157181	0.953785550978
0.09078125		0.340134795363	0.953605915718
0.09109375		0.339878304527	0.953426088404
0.09140625		0.339621684497	0.953246068623
0.09171875		0.339364935095	0.953065855962
0.09203125		0.339108056144	0.952885450006
0.09234375		0.338851047465	0.952704850339
0.09265625		0.338593908879	0.952524056544
0.09296875		0.338336640207	0.952343068201
0.09328125		0.33807924127	0.95216188489
0.09359375		0.337821711886	0.95198050619
0.09390625		0.337564051876	0.951798931677
0.09421875		0.337306261057	0.951617160927
0.09453125		0.337048339249	0.951435193514
0.09484375		0.336790286268	0.951253029009
0.09515625		0.336532101932	0.951070666984
0.09546875		0.336273786058	0.950888107009
0.09578125		0.336015338462	0.950705348652
0.09609375		0.33575675896	0.950522391479
0.09640625		0.335498047367	0.950339235055
0.09671875		0.335239203497	0.950155878944
0.09703125		0.334980227165	0.949972322709
0.09734375		0.334721118184	0.94978856591
0.09765625		0.334461876368	0.949604608106
0.09796875		0.33420250153	0.949420448855
0.09828125		0.33394299348	0.949236087712
0.09859375		0.333683352031	0.949051524233
0.09890625		0.333423576994	0.948866757971
0.09921875		0.33316366818	0.948681788477
0.09953125		0.332903625398	0.9484966153
0.09984375		0.332643448457	0.948311237991
0.10015625		0.332383137168	0.948125656094
0.10046875		0.332122691338	0.947939869156
0.10078125		0.331862110774	0.94775387672
0.10109375		0.331601395285	0.947567678329
0.10140625		0.331340544677	0.947381273523
0.10171875		0.331079558757	0.94719466184
0.10203125		0.330818437329	0.947007842818
0.10234375		0.330557180199	0.946820815993
0.10265625		0.330295787172	0.9466335809
0.10296875		0.330034258052	0.946446137069
0.10328125		0.329772592641	0.946258484032
0.10359375		0.329510790744	0.946070621319
0.10390625		0.329248852162	0.945882548456
0.10421875		0.328986776697	0.94569426497
0.10453125		0.32872456415	0.945505770384
0.10484375		0.328462214322	0.945317064222
0.10515625		0.328199727013	0.945128146003
0.10546875		0.327937102023	0.944939015247
0.10578125		0.32767433915	0.944749671472
0.10609375		0.327411438193	0.944560114193
0.10640625		0.327148398949	0.944370342923
0.10671875		0.326885221215	0.944180357176
0.10703125		0.326621904789	0.943990156462
0.10734375		0.326358449466	0.943799740289
0.10765625		0.326094855042	0.943609108164
0.10796875		0.325831121311	0.943418259593
0.10828125		0.325567248068	0.943227194079
0.10859375		0.325303235106	0.943035911124
0.10890625		0.325039082218	0.942844410228
0.10921875		0.324774789197	0.942652690888
0.10953125		0.324510355834	0.942460752601
0.10984375		0.324245781921	0.942268594862
0.11015625		0.323981067248	0.942076217162
0.11046875		0.323716211606	0.941883618994
0.11078125		0.323451214783	0.941690799845
0.11109375		0.323186076569	0.941497759204
0.11140625		0.322920796751	0.941304496554
0.11171875		0.322655375117	0.941111011381
0.11203125		0.322389811454	0.940917303164
0.11234375		0.322124105548	0.940723371385
0.11265625		0.321858257184	0.940529215519
0.11296875		0.321592266149	0.940334835044
0.11328125		0.321326132225	0.940140229434
0.11359375		0.321059855197	0.939945398159
0.11390625		0.320793434848	0.939750340691
0.11421875		0.32052687096	0.939555056497
0.11453125		0.320260163316	0.939359545044
0.11484375		0.319993311695	0.939163805795
0.11515625		0.319726315879	0.938967838214
0.11546875		0.319459175647	0.938771641759
0.11578125		0.319191890778	0.93857521589
0.11609375		0.318924461052	0.938378560063
0.11640625		0.318656886245	0.938181673731
0.11671875		0.318389166136	0.937984556348
0.11703125		0.318121300499	0.937787207362
0.11734375		0.317853289112	0.937589626224
0.11765625		0.31758513175	0.937391812377
0.11796875		0.317316828186	0.937193765267
0.11828125		0.317048378194	0.936995484335
0.11859375		0.316779781549	0.936796969022
0.11890625		0.316511038021	0.936598218765
0.11921875		0.316242147383	0.936399232999
0.11953125		0.315973109406	0.936200011158
0.11984375		0.31570392386	0.936000552674
0.12015625		0.315434590514	0.935800856976
0.12046875		0.315165109138	0.935600923491
0.12078125		0.3148954795	0.935400751643
0.12109375		0.314625701367	0.935200340856
0.12140625		0.314355774506	0.934999690551
0.12171875		0.314085698683	0.934798800145
0.12203125		0.313815473663	0.934597669055
0.12234375		0.313545099212	0.934396296695
0.12265625		0.313274575092	0.934194682477
0.12296875		0.313003901067	0.93399282581
0.12328125		0.3127330769	0.933790726101
0.12359375		0.312462102352	0.933588382755
0.12390625		0.312190977184	0.933385795176
0.12421875		0.311919701156	0.933182962763
0.12453125		0.311648274028	0.932979884915
0.12484375		0.311376695558	0.932776561028
0.12515625		0.311104965505	0.932572990495
0.12546875		0.310833083625	0.932369172707
0.12578125		0.310561049676	0.932165107053
0.12609375		0.310288863412	0.93196079292
0.12640625		0.310016524588	0.931756229691
0.12671875		0.30974403296	0.931551416749
0.12703125		0.30947138828	0.931346353472
0.12734375		0.3091985903	0.931141039239
0.12765625		0.308925638773	0.930935473422
0.12796875		0.308652533449	0.930729655395
0.12828125		0.30837927408	0.930523584526
0.12859375		0.308105860413	0.930317260184
0.12890625		0.307832292199	0.930110681732
0.12921875		0.307558569184	0.929903848533
0.12953125		0.307284691116	0.929696759947
0.12984375		0.307010657741	0.92948941533
0.13015625		0.306736468804	0.929281814038
0.13046875		0.306462124051	0.929073955422
0.13078125		0.306187623225	0.928865838833
0.13109375		0.305912966068	0.928657463617
0.13140625		0.305638152323	0.928448829118
0.13171875		0.305363181732	0.928239934679
0.13203125		0.305088054035	0.928030779638
0.13234375		0.304812768971	0.927821363332
0.13265625		0.30453732628	0.927611685096
0.13296875		0.304261725699	0.927401744261
0.13328125		0.303985966966	0.927191540154
0.13359375		0.303710049816	0.926981072103
0.13390625		0.303433973985	0.92677033943
0.13421875		0.303157739208	0.926559341456
0.13453125		0.302881345219	0.926348077499
0.13484375		0.30260479175	0.926136546873
0.13515625		0.302328078533	0.925924748893
0.13546875		0.3020512053	0.925712682866
0.13578125		0.30177417178	0.9255003481
0.13609375		0.301496977703	0.925287743898
0.13640625		0.301219622797	0.925074869563
0.13671875		0.30094210679	0.924861724392
0.13703125		0.300664429408	0.92464830768
0.13734375		0.300386590377	0.924434618721
0.13765625		0.300108589423	0.924220656805
0.13796875		0.299830426268	0.924006421218
0.13828125		0.299552100637	0.923791911244
0.13859375		0.29927361225	0.923577126164
0.13890625		0.29899496083	0.923362065257
0.13921875		0.298716146096	0.923146727797
0.13953125		0.298437167768	0.922931113057
0.13984375		0.298158025564	0.922715220306
0.14015625		0.297878719201	0.922499048811
0.14046875		0.297599248396	0.922282597834
0.14078125		0.297319612865	0.922065866635
0.14109375		0.297039812322	0.921848854472
0.14140625		0.296759846481	0.921631560599
0.14171875		0.296479715054	0.921413984267
0.14203125		0.296199417753	0.921196124723
0.14234375		0.295918954289	0.920977981212
0.14265625		0.295638324372	0.920759552976
0.14296875		0.29535752771	0.920540839252
0.14328125		0.29507656401	0.920321839278
0.14359375		0.294795432981	0.920102552283
0.14390625		0.294514134327	0.919882977498
0.14421875		0.294232667753	0.919663114148
0.14453125		0.293951032964	0.919442961454
0.14484375		0.293669229661	0.919222518637
0.14515625		0.293387257547	0.919001784912
0.14546875		0.293105116322	0.918780759491
0.14578125		0.292822805686	0.918559441583
0.14609375		0.292540325338	0.918337830395
0.14640625		0.292257674975	0.918115925128
0.14671875		0.291974854293	0.917893724983
0.14703125		0.291691862989	0.917671229153
0.14734375		0.291408700757	0.917448436832
0.14765625		0.29112536729	0.917225347209
0.14796875		0.29084186228	0.917001959468
0.14828125		0.290558185419	0.916778272791
0.14859375		0.290274336397	0.916554286358
0.14890625		0.289990314903	0.916329999342
0.14921875		0.289706120625	0.916105410915
0.14953125		0.28942175325	0.915880520244
0.14984375		0.289137212464	0.915655326495
0.15015625		0.288852497952	0.915429828826
0.15046875		0.288567609397	0.915204026395
0.15078125		0.288282546482	0.914977918356
0.15109375		0.287997308888	0.914751503858
0.15140625		0.287711896295	0.914524782046
0.15171875		0.287426308383	0.914297752063
0.15203125		0.28714054483	0.914070413048
0.15234375		0.286854605312	0.913842764134
0.15265625		0.286568489505	0.913614804453
0.15296875		0.286282197084	0.913386533133
0.15328125		0.285995727723	0.913157949295
0.15359375		0.285709081093	0.91292905206
0.15390625		0.285422256865	0.912699840543
0.15421875		0.28513525471	0.912470313856
0.15453125		0.284848074295	0.912240471106
0.15484375		0.28456071529	0.912010311398
0.15515625		0.284273177359	0.91177983383
0.15546875		0.283985460169	0.9115490375
0.15578125		0.283697563382	0.911317921499
0.15609375		0.283409486662	0.911086484914
0.15640625		0.283121229671	0.910854726829
0.15671875		0.282832792067	0.910622646325
0.15703125		0.282544173511	0.910390242476
0.15734375		0.282255373661	0.910157514354
0.15765625		0.281966392172	0.909924461026
0.15796875		0.2816772287	0.909691081556
0.15828125		0.281387882899	0.909457375002
0.15859375		0.281098354422	0.909223340418
0.15890625		0.28080864292	0.908988976856
0.15921875		0.280518748043	0.90875428336
0.15953125		0.280228669441	0.908519258974
0.15984375		0.279938406761	0.908283902734
0.16015625		0.279647959649	0.908048213674
0.16046875		0.27935732775	0.907812190822
0.16078125		0.279066510709	0.907575833202
0.16109375		0.278775508166	0.907339139834
0.16140625		0.278484319764	0.907102109734
0.16171875		0.278192945142	0.906864741913
0.16203125		0.277901383939	0.906627035375
0.16234375		0.277609635791	0.906388989125
0.16265625		0.277317700334	0.906150602157
0.16296875		0.277025577202	0.905911873466
0.16328125		0.276733266029	0.905672802039
0.16359375		0.276440766445	0.905433386859
0.16390625		0.276148078081	0.905193626904
0.16421875		0.275855200567	0.904953521149
0.16453125		0.275562133528	0.904713068562
0.16484375		0.275268876591	0.904472268109
0.16515625		0.274975429381	0.904231118747
0.16546875		0.27468179152	0.903989619431
0.16578125		0.274387962631	0.903747769112
0.16609375		0.274093942334	0.903505566734
0.16640625		0.273799730246	0.903263011237
0.16671875		0.273505325986	0.903020101556
0.16703125		0.27321072917	0.90277683662
0.16734375		0.272915939412	0.902533215354
0.16765625		0.272620956324	0.902289236678
0.16796875		0.272325779519	0.902044899507
0.16828125		0.272030408605	0.90180020275
0.16859375		0.271734843192	0.901555145311
0.16890625		0.271439082887	0.90130972609
0.16921875		0.271143127294	0.90106394398
0.16953125		0.270846976018	0.90081779787
0.16984375		0.27055062866	0.900571286642
0.17015625		0.270254084822	0.900324409176
0.17046875		0.269957344103	0.900077164344
0.17078125		0.269660406101	0.899829551012
0.17109375		0.269363270411	0.899581568043
0.17140625		0.269065936628	0.899333214292
0.17171875		0.268768404345	0.899084488611
0.17203125		0.268470673152	0.898835389844
0.17234375		0.268172742641	0.898585916831
0.17265625		0.267874612398	0.898336068407
0.17296875		0.267576282011	0.898085843398
0.17328125		0.267277751063	0.897835240629
0.17359375		0.266979019139	0.897584258915
0.17390625		0.266680085819	0.897332897068
0.17421875		0.266380950683	0.897081153893
0.17453125		0.26608161331	0.89682902819
0.17484375		0.265782073276	0.896576518751
0.17515625		0.265482330156	0.896323624365
0.17546875		0.265182383522	0.896070343813
0.17578125		0.264882232946	0.895816675871
0.17609375		0.264581877998	0.895562619308
0.17640625		0.264281318245	0.895308172888
0.17671875		0.263980553254	0.895053335368
0.17703125		0.263679582589	0.894798105499
0.17734375		0.263378405812	0.894542482026
0.17765625		0.263077022485	0.894286463687
0.17796875		0.262775432166	0.894030049216
0.17828125		0.262473634412	0.893773237339
0.17859375		0.26217162878	0.893516026774
0.17890625		0.261869414822	0.893258416235
0.17921875		0.26156699209	0.893000404429
0.17953125		0.261264360135	0.892741990056
0.17984375		0.260961518504	0.89248317181
0.18015625		0.260658466744	0.892223948378
0.18046875		0.260355204399	0.89196431844
0.18078125		0.260051731011	0.89170428067
0.18109375		0.259748046121	0.891443833735
0.18140625		0.259444149268	0.891182976296
0.18171875		0.259140039989	0.890921707005
0.18203125		0.258835717817	0.890660024508
0.18234375		0.258531182287	0.890397927447
0.18265625		0.258226432928	0.890135414452
0.18296875		0.257921469271	0.889872484151
0.18328125		0.257616290841	0.88960913516
0.18359375		0.257310897165	0.889345366092
0.18390625		0.257005287764	0.889081175551
0.18421875		0.25669946216	0.888816562133
0.18453125		0.256393419873	0.888551524429
0.18484375		0.256087160417	0.88828606102
0.18515625		0.25578068331	0.888020170481
0.18546875		0.255473988063	0.887753851381
0.18578125		0.255167074187	0.887487102279
0.18609375		0.254859941191	0.887219921727
0.18640625		0.254552588581	0.886952308271
0.18671875		0.254245015862	0.886684260447
0.18703125		0.253937222536	0.886415776786
0.18734375		0.253629208104	0.886146855809
0.18765625		0.253320972062	0.88587749603
0.18796875		0.253012513908	0.885607695956
0.18828125		0.252703833134	0.885337454084
0.18859375		0.252394929233	0.885066768904
0.18890625		0.252085801693	0.8847956389
0.18921875		0.251776450002	0.884524062544
0.18953125		0.251466873644	0.884252038303
0.18984375		0.251157072101	0.883979564635
0.19015625		0.250847044855	0.88370663999
0.19046875		0.250536791383	0.883433262807
0.19078125		0.250226311161	0.88315943152
0.19109375		0.249915603663	0.882885144554
0.19140625		0.249604668359	0.882610400323
0.19171875		0.249293504718	0.882335197236
0.19203125		0.248982112206	0.88205953369
0.19234375		0.248670490288	0.881783408076
0.19265625		0.248358638426	0.881506818775
0.19296875		0.248046556078	0.881229764158
0.19328125		0.247734242702	0.88095224259
0.19359375		0.247421697751	0.880674252424
0.19390625		0.247108920678	0.880395792006
0.19421875		0.246795910933	0.880116859672
0.19453125		0.246482667962	0.879837453749
0.19484375		0.24616919121	0.879557572555
0.19515625		0.24585548012	0.879277214398
0.19546875		0.24554153413	0.878996377578
0.19578125		0.245227352677	0.878715060385
0.19609375		0.244912935197	0.878433261097
0.19640625		0.244598281121	0.878150977987
0.19671875		0.244283389877	0.877868209315
0.19703125		0.243968260894	0.877584953332
0.19734375		0.243652893595	0.877301208279
0.19765625		0.243337287401	0.877016972389
0.19796875		0.243021441732	0.876732243882
0.19828125		0.242705356002	0.87644702097
0.19859375		0.242389029627	0.876161301854
0.19890625		0.242072462015	0.875875084726
0.19921875		0.241755652576	0.875588367767
0.19953125		0.241438600714	0.875301149147
0.19984375		0.241121305833	0.875013427026
0.20015625		0.24080376733	0.874725199554
0.20046875		0.240485984605	0.87443646487
0.20078125		0.240167957049	0.874147221102
0.20109375		0.239849684056	0.873857466369
0.20140625		0.239531165012	0.873567198776
0.20171875		0.239212399304	0.87327641642
0.20203125		0.238893386313	0.872985117385
0.20234375		0.238574125421	0.872693299746
0.20265625		0.238254616002	0.872400961564
0.20296875		0.237934857432	0.872108100892
0.20328125		0.23761484908	0.871814715769
0.20359375		0.237294590315	0.871520804224
0.20390625		0.236974080501	0.871226364273
0.20421875		0.236653319001	0.870931393922
0.20453125		0.236332305172	0.870635891164
0.20484375		0.23601103837	0.870339853982
0.20515625		0.235689517947	0.870043280345
0.20546875		0.235367743254	0.869746168212
0.20578125		0.235045713636	0.869448515527
0.20609375		0.234723428435	0.869150320224
0.20640625		0.234400886993	0.868851580225
0.20671875		0.234078088646	0.868552293439
0.20703125		0.233755032726	0.868252457762
0.20734375		0.233431718564	0.867952071077
0.20765625		0.233108145488	0.867651131256
0.20796875		0.232784312819	0.867349636157
0.20828125		0.232460219879	0.867047583626
0.20859375		0.232135865985	0.866744971494
0.20890625		0.23181125045	0.866441797581
0.20921875		0.231486372583	0.866138059692
0.20953125		0.231161231692	0.865833755622
0.20984375		0.23083582708	0.865528883148
0.21015625		0.230510158046	0.865223440036
0.21046875		0.230184223887	0.864917424038
0.21078125		0.229858023896	0.864610832893
0.21109375		0.229531557361	0.864303664325
0.21140625		0.229204823568	0.863995916043
0.21171875		0.2288778218	0.863687585744
0.21203125		0.228550551334	0.863378671111
0.21234375		0.228223011445	0.863069169809
0.21265625		0.227895201404	0.862759079493
0.21296875		0.227567120479	0.862448397801
0.21328125		0.227238767933	0.862137122355
0.21359375		0.226910143026	0.861825250766
0.21390625		0.226581245014	0.861512780627
0.21421875		0.226252073149	0.861199709516
0.21453125		0.225922626679	0.860886034997
0.21484375		0.22559290485	0.860571754618
0.21515625		0.225262906901	0.860256865911
0.21546875		0.22493263207	0.859941366394
0.21578125		0.224602079588	0.859625253567
0.21609375		0.224271248685	0.859308524915
0.21640625		0.223940138586	0.858991177908
0.21671875		0.223608748511	0.858673209999
0.21703125		0.223277077676	0.858354618624
0.21734375		0.222945125294	0.858035401203
0.21765625		0.222612890574	0.85771555514
0.21796875		0.222280372719	0.857395077822
0.21828125		0.22194757093	0.857073966618
0.21859375		0.221614484402	0.856752218881
0.21890625		0.221281112327	0.856429831947
0.21921875		0.220947453891	0.856106803135
0.21953125		0.220613508278	0.855783129744
0.21984375		0.220279274665	0.855458809058
0.22015625		0.219944752228	0.855133838342
0.22046875		0.219609940135	0.854808214843
0.22078125		0.219274837552	0.85448193579
0.22109375		0.218939443639	0.854154998395
0.22140625		0.218603757552	0.853827399849
0.22171875		0.218267778443	0.853499137326
0.22203125		0.217931505459	0.853170207981
0.22234375		0.217594937742	0.85284060895
0.22265625		0.21725807443	0.852510337349
0.22296875		0.216920914655	0.852179390277
0.22328125		0.216583457545	0.851847764811
0.22359375		0.216245702224	0.851515458009
0.22390625		0.21590764781	0.851182466909
0.22421875		0.215569293417	0.850848788531
0.22453125		0.215230638153	0.850514419872
0.22484375		0.214891681123	0.85017935791
0.22515625		0.214552421424	0.849843599602
0.22546875		0.214212858151	0.849507141884
0.22578125		0.213872990392	0.849169981672
0.22609375		0.213532817231	0.848832115861
0.22640625		0.213192337746	0.848493541322
0.22671875		0.212851551011	0.848154254908
0.22703125		0.212510456092	0.847814253448
0.22734375		0.212169052054	0.847473533748
0.22765625		0.211827337953	0.847132092596
0.22796875		0.211485312841	0.846789926753
0.22828125		0.211142975765	0.846447032961
0.22859375		0.210800325766	0.846103407936
0.22890625		0.21045736188	0.845759048373
0.22921875		0.210114083137	0.845413950944
0.22953125		0.20977048856	0.845068112296
0.22984375		0.20942657717	0.844721529053
0.23015625		0.209082347979	0.844374197816
0.23046875		0.208737799995	0.84402611516
0.23078125		0.208392932219	0.843677277638
0.23109375		0.208047743648	0.843327681775
0.23140625		0.20770223327	0.842977324075
0.23171875		0.207356400071	0.842626201015
0.23203125		0.207010243029	0.842274309046
0.23234375		0.206663761115	0.841921644593
0.23265625		0.206316953295	0.841568204059
0.23296875		0.20596981853	0.841213983815
0.23328125		0.205622355773	0.840858980211
0.23359375		0.205274563971	0.840503189568
0.23390625		0.204926442066	0.840146608179
0.23421875		0.204577988992	0.839789232313
0.23453125		0.204229203678	0.839431058208
0.23484375		0.203880085046	0.839072082076
0.23515625		0.203530632011	0.838712300103
0.23546875		0.203180843483	0.838351708443
0.23578125		0.202830718363	0.837990303223
0.23609375		0.202480255547	0.837628080543
0.23640625		0.202129453925	0.837265036472
0.23671875		0.201778312377	0.836901167049
0.23703125		0.20142682978	0.836536468285
0.23734375		0.201075005002	0.83617093616
0.23765625		0.200722836904	0.835804566624
0.23796875		0.200370324341	0.835437355595
0.23828125		0.200017466158	0.835069298964
0.23859375		0.199664261198	0.834700392586
0.23890625		0.199310708292	0.834330632287
0.23921875		0.198956806267	0.833960013861
0.23953125		0.198602553939	0.833588533069
0.23984375		0.198247950121	0.833216185639
0.24015625		0.197892993615	0.832842967269
0.24046875		0.197537683216	0.832468873619
0.24078125		0.197182017714	0.83209390032
0.24109375		0.196825995889	0.831718042967
0.24140625		0.196469616512	0.831341297119
0.24171875		0.196112878349	0.830963658304
0.24203125		0.195755780157	0.830585122012
0.24234375		0.195398320685	0.830205683699
0.24265625		0.195040498673	0.829825338784
0.24296875		0.194682312854	0.829444082651
0.24328125		0.194323761953	0.829061910648
0.24359375		0.193964844686	0.828678818084
0.24390625		0.19360555976	0.828294800232
0.24421875		0.193245905876	0.827909852326
0.24453125		0.192885881723	0.827523969565
0.24484375		0.192525485985	0.827137147105
0.24515625		0.192164717335	0.826749380066
0.24546875		0.191803574437	0.826360663528
0.24578125		0.191442055949	0.825970992531
0.24609375		0.191080160516	0.825580362073
0.24640625		0.190717886777	0.825188767115
0.24671875		0.190355233361	0.824796202573
0.24703125		0.189992198887	0.824402663323
0.24734375		0.189628781967	0.824008144199
0.24765625		0.189264981201	0.823612639993
0.24796875		0.18890079518	0.823216145453
0.24828125		0.188536222488	0.822818655282
0.24859375		0.188171261697	0.822420164143
0.24890625		0.187805911368	0.822020666649
0.24921875		0.187440170056	0.821620157373
0.24953125		0.187074036303	0.82121863084
0.24984375		0.186707508642	0.82081608153
0.25015625		0.186340585596	0.820412503874
0.25046875		0.185973265677	0.820007892258
0.25078125		0.185605547389	0.81960224102
0.25109375		0.185237429221	0.81919554445
0.25140625		0.184868909657	0.818787796789
0.25171875		0.184499987166	0.818378992228
0.25203125		0.184130660209	0.817969124909
0.25234375		0.183760927234	0.817558188922
0.25265625		0.183390786679	0.817146178308
0.25296875		0.183020236972	0.816733087054
0.25328125		0.182649276529	0.816318909097
0.25359375		0.182277903753	0.81590363832
0.25390625		0.181906117038	0.815487268551
0.25421875		0.181533914766	0.815069793567
0.25453125		0.181161295305	0.814651207087
0.25484375		0.180788257015	0.814231502777
0.25515625		0.180414798242	0.813810674245
0.25546875		0.180040917319	0.813388715042
0.25578125		0.179666612569	0.812965618664
0.25609375		0.179291882301	0.812541378547
0.25640625		0.178916724812	0.812115988066
0.25671875		0.178541138388	0.811689440541
0.25703125		0.178165121301	0.811261729228
0.25734375		0.177788671809	0.810832847323
0.25765625		0.177411788159	0.81040278796
0.25796875		0.177034468585	0.80997154421
0.25828125		0.176656711305	0.809539109083
0.25859375		0.176278514528	0.809105475521
0.25890625		0.175899876445	0.808670636404
0.25921875		0.175520795237	0.808234584544
0.25953125		0.175141269069	0.807797312688
0.25984375		0.174761296092	0.807358813515
0.26015625		0.174380874446	0.806919079635
0.26046875		0.174000002251	0.80647810359
0.26078125		0.173618677619	0.806035877852
0.26109375		0.173236898642	0.805592394819
0.26140625		0.172854663401	0.805147646822
0.26171875		0.17247196996	0.804701626115
0.26203125		0.172088816368	0.80425432488
0.26234375		0.171705200661	0.803805735225
0.26265625		0.171321120856	0.80335584918
0.26296875		0.170936574958	0.802904658702
0.26328125		0.170551560954	0.802452155667
0.26359375		0.170166076815	0.801998331873
0.26390625		0.169780120498	0.80154317904
0.26421875		0.16939368994	0.801086688805
0.26453125		0.169006783065	0.800628852724
0.26484375		0.168619397779	0.800169662272
0.26515625		0.168231531971	0.799709108837
0.26546875		0.167843183513	0.799247183723
0.26578125		0.16745435026	0.798783878148
0.26609375		0.167065030049	0.798319183243
0.26640625		0.1666752207	0.797853090049
0.26671875		0.166284920014	0.797385589518
0.26703125		0.165894125775	0.796916672511
0.26734375		0.165502835748	0.796446329796
0.26765625		0.165111047681	0.795974552048
0.26796875		0.1647187593	0.795501329848
0.26828125		0.164325968316	0.795026653679
0.26859375		0.163932672418	0.794550513928
0.26890625		0.163538869276	0.794072900882
0.26921875		0.163144556542	0.793593804728
0.26953125		0.162749731845	0.793113215551
0.26984375		0.162354392797	0.792631123335
0.27015625		0.161958536988	0.792147517958
0.27046875		0.161562161987	0.79166238919
0.27078125		0.161165265343	0.791175726697
0.27109375		0.160767844585	0.790687520034
0.27140625		0.160369897216	0.790197758645
0.27171875		0.159971420724	0.789706431864
0.27203125		0.159572412569	0.789213528908
0.27234375		0.159172870191	0.78871903888
0.27265625		0.15877279101	0.788222950767
0.27296875		0.158372172419	0.787725253436
0.27328125		0.15797101179	0.787225935633
0.27359375		0.157569306472	0.786724985981
0.27390625		0.157167053789	0.786222392982
0.27421875		0.156764251042	0.785718145007
0.27453125		0.156360895508	0.785212230304
0.27484375		0.155956984438	0.784704636988
0.27515625		0.155552515059	0.784195353043
0.27546875		0.155147484572	0.783684366319
0.27578125		0.154741890155	0.783171664532
0.27609375		0.154335728956	0.782657235256
0.27640625		0.1539289981	0.78214106593
0.27671875		0.153521694683	0.781623143848
0.27703125		0.153113815776	0.781103456159
0.27734375		0.152705358422	0.780581989868
0.27765625		0.152296319636	0.780058731829
0.27796875		0.151886696405	0.779533668746
0.27828125		0.151476485687	0.77900678717
0.27859375		0.151065684413	0.778478073494
0.27890625		0.150654289482	0.777947513955
0.27921875		0.150242297766	0.777415094628
0.27953125		0.149829706106	0.776880801424
0.27984375		0.149416511311	0.77634462009
0.28015625		0.149002710162	0.775806536203
0.28046875		0.148588299407	0.775266535168
0.28078125		0.148173275762	0.774724602217
0.28109375		0.147757635911	0.774180722404
0.28140625		0.147341376506	0.773634880604
0.28171875		0.146924494165	0.773087061509
0.28203125		0.146506985474	0.772537249626
0.28234375		0.146088846982	0.771985429271
0.28265625		0.145670075207	0.77143158457
0.28296875		0.14525066663	0.770875699454
0.28328125		0.144830617696	0.770317757652
0.28359375		0.144409924815	0.769757742697
0.28390625		0.14398858436	0.769195637911
0.28421875		0.143566592667	0.768631426412
0.28453125		0.143143946034	0.768065091103
0.28484375		0.142720640721	0.767496614672
0.28515625		0.142296672949	0.766925979588
0.28546875		0.141872038899	0.766353168095
0.28578125		0.141446734715	0.765778162213
0.28609375		0.141020756496	0.765200943727
0.28640625		0.140594100303	0.764621494189
0.28671875		0.140166762154	0.764039794912
0.28703125		0.139738738025	0.763455826964
0.28734375		0.139310023848	0.762869571167
0.28765625		0.138880615512	0.76228100809
0.28796875		0.138450508862	0.761690118043
0.28828125		0.138019699696	0.761096881079
0.28859375		0.137588183769	0.760501276981
0.28890625		0.137155956787	0.759903285262
0.28921875		0.13672301441	0.759302885162
0.28953125		0.136289352249	0.758700055637
0.28984375		0.135854965867	0.758094775357
0.29015625		0.135419850776	0.757487022702
0.29046875		0.13498400244	0.756876775754
0.29078125		0.13454741627	0.756264012295
0.29109375		0.134110087626	0.755648709796
0.29140625		0.133672011814	0.755030845416
0.29171875		0.133233184086	0.754410395994
0.29203125		0.132793599642	0.753787338043
0.29234375		0.132353253623	0.753161647743
0.29265625		0.131912141116	0.752533300939
0.29296875		0.131470257149	0.751902273127
0.29328125		0.131027596693	0.751268539452
0.29359375		0.13058415466	0.750632074704
0.29390625		0.130139925898	0.749992853303
0.29421875		0.129694905198	0.749350849299
0.29453125		0.129249087287	0.74870603636
0.29484375		0.128802466827	0.748058387768
0.29515625		0.128355038418	0.747407876408
0.29546875		0.127906796592	0.746754474763
0.29578125		0.127457735815	0.746098154903
0.29609375		0.127007850484	0.745438888479
0.29640625		0.12655713493	0.744776646713
0.29671875		0.126105583408	0.744111400389
0.29703125		0.125653190107	0.743443119845
0.29734375		0.125199949138	0.742771774964
0.29765625		0.124745854541	0.742097335164
0.29796875		0.124290900279	0.741419769385
0.29828125		0.123835080237	0.740739046085
0.29859375		0.123378388223	0.740055133225
0.29890625		0.122920817964	0.739367998262
0.29921875		0.122462363106	0.738677608133
0.29953125		0.122003017212	0.73798392925
0.29984375		0.12154277376	0.737286927483
0.30015625		0.121081626143	0.736586568153
0.30046875		0.120619567663	0.735882816016
0.30078125		0.120156591536	0.735175635253
0.30109375		0.119692690887	0.734464989456
0.30140625		0.119227858744	0.733750841615
0.30171875		0.118762088044	0.733033154104
0.30203125		0.118295371626	0.73231188867
0.30234375		0.117827702231	0.731587006414
0.30265625		0.117359072498	0.73085846778
0.30296875		0.116889474966	0.730126232538
0.30328125		0.116418902067	0.729390259768
0.30359375		0.115947346127	0.728650507847
0.30390625		0.115474799365	0.727906934428
0.30421875		0.115001253887	0.727159496427
0.30453125		0.114526701685	0.726408150002
0.30484375		0.114051134638	0.725652850538
0.30515625		0.113574544505	0.724893552627
0.30546875		0.113096922925	0.724130210047
0.30578125		0.112618261413	0.723362775747
0.30609375		0.112138551361	0.72259120182
0.30640625		0.111657784028	0.721815439489
0.30671875		0.111175950548	0.72103543908
0.30703125		0.110693041915	0.720251150002
0.30734375		0.11020904899	0.719462520723
0.30765625		0.109723962493	0.718669498747
0.30796875		0.109237773002	0.717872030591
0.30828125		0.108750470946	0.717070061755
0.30859375		0.108262046608	0.716263536699
0.30890625		0.107772490117	0.715452398816
0.30921875		0.107281791445	0.714636590405
0.30953125		0.106789940405	0.713816052638
0.30984375		0.106296926647	0.712990725534
0.31015625		0.105802739654	0.712160547928
0.31046875		0.105307368737	0.711325457437
0.31078125		0.104810803031	0.710485390427
0.31109375		0.104313031495	0.709640281983
0.31140625		0.103814042902	0.708790065867
0.31171875		0.103313825838	0.707934674489
0.31203125		0.102812368697	0.707074038862
0.31234375		0.102309659675	0.706208088568
0.31265625		0.101805686766	0.705336751716
0.31296875		0.101300437759	0.704459954898
0.31328125		0.100793900229	0.703577623149
0.31359375		0.100286061536	0.702689679898
0.31390625		0.0997769088153	0.701796046924
0.31421875		0.0992664289745	0.700896644308
0.31453125		0.0987546086873	0.699991390379
0.31484375		0.098241434387	0.699080201667
0.31515625		0.0977268922603	0.698162992843
0.31546875		0.0972109682412	0.697239676667
0.31578125		0.0966936480041	0.69631016393
0.31609375		0.0961749169568	0.69537436339
0.31640625		0.0956547602337	0.694432181709
0.31671875		0.095133162688	0.693483523392
0.31703125		0.0946101088843	0.692528290714
0.31734375		0.0940855830908	0.691566383651
0.31765625		0.0935595692705	0.690597699807
0.31796875		0.0930320510736	0.689622134335
0.31828125		0.0925030118278	0.688639579861
0.31859375		0.0919724345298	0.687649926395
0.31890625		0.0914403018354	0.686653061249
0.31921875		0.0909065960498	0.685648868946
0.31953125		0.0903712991176	0.684637231124
0.31984375		0.0898343926118	0.683618026438
0.32015625		0.0892958577232	0.682591130459
0.32046875		0.0887556752485	0.681556415565
0.32078125		0.0882138255789	0.680513750831
0.32109375		0.0876702886874	0.679463001912
0.32140625		0.0871250441161	0.67840403092
0.32171875		0.0865780709627	0.677336696297
0.32203125		0.086029347867	0.676260852681
0.32234375		0.0854788529957	0.67517635077
0.32265625		0.084926564028	0.67408303717
0.32296875		0.0843724581396	0.672980754248
0.32328125		0.0838165119861	0.671869339967
0.32359375		0.0832587016865	0.670748627722
0.32390625		0.0826990028048	0.669618446161
0.32421875		0.0821373903318	0.668478619004
0.32453125		0.0815738386655	0.667328964845
0.32484375		0.0810083215909	0.666169296951
0.32515625		0.0804408122588	0.664999423048
0.32546875		0.0798712831639	0.663819145096
0.32578125		0.0792997061211	0.662628259052
0.32609375		0.078726052242	0.661426554625
0.32640625		0.0781502919089	0.660213815007
0.32671875		0.0775723947487	0.658989816607
0.32703125		0.076992329605	0.65775432875
0.32734375		0.0764100645086	0.656507113381
0.32765625		0.0758255666474	0.655247924732
0.32796875		0.075238802334	0.65397650899
0.32828125		0.0746497369722	0.652692603927
0.32859375		0.0740583350213	0.651395938528
0.32890625		0.0734645599591	0.650086232579
0.32921875		0.0728683742429	0.648763196249
0.32953125		0.072269739268	0.64742652963
0.32984375		0.0716686153243	0.646075922264
0.33015625		0.0710649615509	0.64471105263
0.33046875		0.0704587358879	0.643331587611
0.33078125		0.0698498950252	0.641937181912
0.33109375		0.0692383943492	0.640527477459
0.33140625		0.0686241878857	0.639102102747
0.33171875		0.0680072282405	0.637660672153
0.33203125		0.0673874665354	0.636202785196
0.33234375		0.0667648523417	0.634728025758
0.33265625		0.0661393336083	0.633235961246
0.33296875		0.0655108565869	0.631726141695
0.33328125		0.0648793657518	0.630198098817
0.33359375		0.0642448037146	0.628651344973
0.33390625		0.0636071111342	0.627085372079
0.33421875		0.0629662266206	0.625499650433
0.33453125		0.0623220866322	0.623893627447
0.33484375		0.0616746253671	0.622266726296
0.33515625		0.0610237746468	0.620618344457
0.33546875		0.0603694637914	0.618947852138
0.33578125		0.0597116194872	0.617254590584
0.33609375		0.0590501656445	0.615537870246
0.33640625		0.0583850232451	0.613796968807
0.33671875		0.0577161101794	0.612031129043
0.33703125		0.0570433410711	0.6102395565
0.33734375		0.0563666270886	0.608421416984
0.33765625		0.0556858757425	0.606575833824
0.33796875		0.0550009906671	0.604701884902
0.33828125		0.0543118713851	0.602798599405
0.33859375		0.053618413053	0.600864954294
0.33890625		0.0529205061856	0.598899870432
0.33921875		0.0522180363581	0.596902208352
0.33953125		0.0515108838825	0.594870763608
0.33984375		0.0507989234559	0.592804261674
0.34015625		0.0500820237785	0.590701352319
0.34046875		0.0493600471357	0.58856060341
0.34078125		0.0486328489436	0.58638049406
0.34109375		0.0479002772503	0.584159407037
0.34140625		0.0471621721902	0.581895620338
0.34171875		0.0464183653842	0.579587297815
0.34203125		0.0456686792803	0.577232478724
0.34234375		0.0449129264259	0.574829066033
0.34265625		0.044150908664	0.572374813321
0.34296875		0.0433824162426	0.569867310055
0.34328125		0.0426072268264	0.567303964986
0.34359375		0.0418251043956	0.564681987383
0.34390625		0.0410357980182	0.561998365745
0.34421875		0.0402390404746	0.559249843573
0.34453125		0.0394345467151	0.556432891713
0.34484375		0.0386220121221	0.553543676638
0.34515625		0.0378011105476	0.550578023966
0.34546875		0.036971492089	0.547531376296
0.34578125		0.0361327805592	0.54439874428
0.34609375		0.0352845705971	0.541174649569
0.34640625		0.0344264243565	0.537853057964
0.34671875		0.0335578676923	0.53442730067
0.34703125		0.0326783857509	0.530889981004
0.34734375		0.0317874178448	0.52723286322
0.34765625		0.0308843514655	0.523446739129
0.34796875		0.0299685152502	0.519521266997
0.34828125		0.0290391706718	0.515444775447
0.34859375		0.0280955021556	0.511204022841
0.34890625		0.0271366052453	0.506783899381
0.34921875		0.0261614723267	0.502167054721
0.34953125		0.0251689752645	0.497333427513
0.34984375		0.0241578440974	0.492259644094
0.35015625		0.0231266406431	0.486918239978
0.35046875		0.0220737254443	0.481276637418
0.35078125		0.0209972158867	0.475295780998
0.35109375		0.0198949324273	0.468928283834
0.35140625		0.0187643285361	0.462115856958
0.35171875		0.0176023978884	0.454785660546
0.35203125		0.016405549081	0.446844983133
0.35234375		0.0151694327962	0.438173233644
0.35265625		0.0138886972698	0.428609428451
0.35296875		0.0125566317717	0.417931731448
0.35328125		0.0111646271415	0.405822065293
0.35359375		0.00970131743312	0.391800325891
0.35390625		0.00815109437426	0.375089528691
0.35421875		0.00649095022414	0.354295002079
0.35453125		0.00473786830846	0.327436435825
0.35484375		0.00304419770786	0.293104325115
0.35515625		0.00160536678392	0.249692466084
0.35546875		0.000594896068216	0.194658410201
0.35578125		8.40031887972e-05	0.118759667829
0.35609375		2.41399691622e-08	0.0153812462069
0.35640625		4.1145170155e-09	0.0100007847918
0.35671875		4.11315261809e-09	0.0100000000543
0.35703125		4.11315252376e-09	0.01
0.35734375		4.11315252376e-09	0.01
0.35765625		4.11315252376e-09	0.01
0.35796875		4.11315252376e-09	0.01
0.35828125		4.11315252376e-09	0.01
0.35859375		4.11315252376e-09	0.01
0.35890625		4.11315252376e-09	0.01
0.35921875		4.11315252376e-09	0.01
0.35953125		4.11315252376e-09	0.01
0.35984375		4.11315252376e-09	0.01
0.36015625		4.11315252376e-09	0.01
0.36046875		4.11315252376e-09	0.01
0.36078125		4.11315252376e-09	0.01
0.36109375		4.11315252376e-09	0.01
0.36140625		4.11315252376e-09	0.01
0.36171875		4.11315252376e-09	0.01
0.36203125		4.11315252376e-09	0.01
0.36234375		4.11315252376e-09	0.01
0.36265625		4.11315252376e-09	0.01
0.36296875		4.11315252376e-09	0.01
0.36328125		4.11315252376e-09	0.01
0.36359375		4.11315252376e-09	0.01
0.36390625		4.11315252376e-09	0.01
0.36421875		4.11315252376e-09	0.01
0.36453125		4.11315252376e-09	0.01
0.36484375		4.11315252376e-09	0.01
0.36515625		4.11315252376e-09	0.01
0.36546875		4.11315252376e-09	0.01
0.36578125		4.11315252376e-09	0.01
0.36609375		4.11315252376e-09	0.01
0.36640625		4.11315252376e-09	0.01
0.36671875		4.11315252376e-09	0.01
0.36703125		4.11315252376e-09	0.01
0.36734375		4.11315252376e-09	0.01
0.36765625		4.11315252376e-09	0.01
0.36796875		4.11315252376e-09	0.01
0.36828125		4.11315252376e-09	0.01
0.36859375		4.11315252376e-09	0.01
0.36890625		4.11315252376e-09	0.01
0.36921875		4.11315252376e-09	0.01
0.36953125		4.11315252376e-09	0.01
0.36984375		4.11315252376e-09	0.01
0.37015625		4.11315252376e-09	0.01
0.37046875		4.11315252376e-09	0.01
0.37078125		4.11315252376e-09	0.01
0.37109375		4.11315252376e-09	0.01
0.37140625		4.11315252376e-09	0.01
0.37171875		4.11315252376e-09	0.01
0.37203125		4.11315252376e-09	0.01
0.37234375		4.11315252376e-09	0.01
0.37265625		4.11315252376e-09	0.01
0.37296875		4.11315252376e-09	0.01
0.37328125		4.11315252376e-09	0.01
0.37359375		4.11315252376e-09	0.01
0.37390625		4.11315252376e-09	0.01
0.37421875		4.11315252376e-09	0.01
0.37453125		4.11315252376e-09	0.01
0.37484375		4.11315252376e-09	0.01
0.37515625		4.11315252376e-09	0.01
0.37546875		4.11315252376e-09	0.01
0.37578125		4.11315252376e-09	0.01
0.37609375		4.11315252376e-09	0.01
0.37640625		4.11315252376e-09	0.01
0.37671875		4.11315252376e-09	0.01
0.37703125		4.11315252376e-09	0.01
0.37734375		4.11315252376e-09	0.01
0.37765625		4.11315252376e-09	0.01
0.37796875		4.11315252376e-09	0.01
0.37828125		4.11315252376e-09	0.01
0.37859375		4.11315252376e-09	0.01
0.37890625		4.11315252376e-09	0.01
0.37921875		4.11315252376e-09	0.01
0.37953125		4.11315252376e-09	0.01
0.37984375		4.11315252376e-09	0.01
0.38015625		4.11315252376e-09	0.01
0.38046875		4.11315252376e-09	0.01
0.38078125		4.11315252376e-09	0.01
0.38109375		4.11315252376e-09	0.01
0.38140625		4.11315252376e-09	0.01
0.38171875		4.11315252376e-09	0.01
0.38203125		4.11315252376e-09	0.01
0.38234375		4.11315252376e-09	0.01
0.38265625		4.11315252376e-09	0.01
0.38296875		4.11315252376e-09	0.01
0.38328125		4.11315252376e-09	0.01
0.38359375		4.11315252376e-09	0.01
0.38390625		4.11315252376e-09	0.01
0.38421875		4.11315252376e-09	0.01
0.38453125		4.11315252376e-09	0.01
0.38484375		4.11315252376e-09	0.01
0.38515625		4.11315252376e-09	0.01
0.38546875		4.11315252376e-09	0.01
0.38578125		4.11315252376e-09	0.01
0.38609375		4.11315252376e-09	0.01
0.38640625		4.11315252376e-09	0.01
0.38671875		4.11315252376e-09	0.01
0.38703125		4.11315252376e-09	0.01
0.38734375		4.11315252376e-09	0.01
0.38765625		4.11315252376e-09	0.01
0.38796875		4.11315252376e-09	0.01
0.38828125		4.11315252376e-09	0.01
0.38859375		4.11315252376e-09	0.01
0.38890625		4.11315252376e-09	0.01
0.38921875		4.11315252376e-09	0.01
0.38953125		4.11315252376e-09	0.01
0.38984375		4.11315252376e-09	0.01
0.39015625		4.11315252376e-09	0.01
0.39046875		4.11315252376e-09	0.01
0.39078125		4.11315252376e-09	0.01
0.39109375		4.11315252376e-09	0.01
0.39140625		4.11315252376e-09	0.01
0.39171875		4.11315252376e-09	0.01
0.39203125		4.11315252376e-09	0.01
0.39234375		4.11315252376e-09	0.01
0.39265625		4.11315252376e-09	0.01
0.39296875		4.11315252376e-09	0.01
0.39328125		4.11315252376e-09	0.01
0.39359375		4.11315252376e-09	0.01
0.39390625		4.11315252376e-09	0.01
0.39421875		4.11315252376e-09	0.01
0.39453125		4.11315252376e-09	0.01
0.39484375		4.11315252376e-09	0.01
0.39515625		4.11315252376e-09	0.01
0.39546875		4.11315252376e-09	0.01
0.39578125		4.11315252376e-09	0.01
0.39609375		4.11315252376e-09	0.01
0.39640625		4.11315252376e-09	0.01
0.39671875		4.11315252376e-09	0.01
0.39703125		4.11315252376e-09	0.01
0.39734375		4.11315252376e-09	0.01
0.39765625		4.11315252376e-09	0.01
0.39796875		4.11315252376e-09	0.01
0.39828125		4.11315252376e-09	0.01
0.39859375		4.11315252376e-09	0.01
0.39890625		4.11315252376e-09	0.01
0.39921875		4.11315252376e-09	0.01
0.39953125		4.11315252376e-09	0.01
0.39984375		4.11315252376e-09	0.01
0.40015625		4.11315252376e-09	0.01
0.40046875		4.11315252376e-09	0.01
0.40078125		4.11315252376e-09	0.01
0.40109375		4.11315252376e-09	0.01
0.40140625		4.11315252376e-09	0.01
0.40171875		4.11315252376e-09	0.01
0.40203125		4.11315252376e-09	0.01
0.40234375		4.11315252376e-09	0.01
0.40265625		4.11315252376e-09	0.01
0.40296875		4.11315252376e-09	0.01
0.40328125		4.11315252376e-09	0.01
0.40359375		4.11315252376e-09	0.01
0.40390625		4.11315252376e-09	0.01
0.40421875		4.11315252376e-09	0.01
0.40453125		4.11315252376e-09	0.01
0.40484375		4.11315252376e-09	0.01
0.40515625		4.11315252376e-09	0.01
0.40546875		4.11315252376e-09	0.01
0.40578125		4.11315252376e-09	0.01
0.40609375		4.11315252376e-09	0.01
0.40640625		4.11315252376e-09	0.01
0.40671875		4.11315252376e-09	0.01
0.40703125		4.11315252376e-09	0.01
0.40734375		4.11315252376e-09	0.01
0.40765625		4.11315252376e-09	0.01
0.40796875		4.11315252376e-09	0.01
0.40828125		4.11315252376e-09	0.01
0.40859375		4.11315252376e-09	0.01
0.40890625		4.11315252376e-09	0.01
0.40921875		4.11315252376e-09	0.01
0.40953125		4.11315252376e-09	0.01
0.40984375		4.11315252376e-09	0.01
0.41015625		4.11315252376e-09	0.01
0.41046875		4.11315252376e-09	0.01
0.41078125		4.11315252376e-09	0.01
0.41109375		4.11315252376e-09	0.01
0.41140625		4.11315252376e-09	0.01
0.41171875		4.11315252376e-09	0.01
0.41203125		4.11315252376e-09	0.01
0.41234375		4.11315252376e-09	0.01
0.41265625		4.11315252376e-09	0.01
0.41296875		4.11315252376e-09	0.01
0.41328125		4.11315252376e-09	0.01
0.41359375		4.11315252376e-09	0.01
0.41390625		4.11315252376e-09	0.01
0.41421875		4.11315252376e-09	0.01
0.41453125		4.11315252376e-09	0.01
0.41484375		4.11315252376e-09	0.01
0.41515625		4.11315252376e-09	0.01
0.41546875		4.11315252376e-09	0.01
0.41578125		4.11315252376e-09	0.01
0.41609375		4.11315252376e-09	0.01
0.41640625		4.11315252376e-09	0.01
0.41671875		4.11315252376e-09	0.01
0.41703125		4.11315252376e-09	0.01
0.41734375		4.11315252376e-09	0.01
0.41765625		4.11315252376e-09	0.01
0.41796875		4.11315252376e-09	0.01
0.41828125		4.11315252376e-09	0.01
0.41859375		4.11315252376e-09	0.01
0.41890625		4.11315252376e-09	0.01
0.41921875		4.11315252376e-09	0.01
0.41953125		4.11315252376e-09	0.01
0.41984375		4.11315252376e-09	0.01
0.42015625		4.11315252376e-09	0.01
0.42046875		4.11315252376e-09	0.01
0.42078125		4.11315252376e-09	0.01
0.42109375		4.11315252376e-09	0.01
0.42140625		4.11315252376e-09	0.01
0.42171875		4.11315252376e-09	0.01
0.42203125		4.11315252376e-09	0.01
0.42234375		4.11315252376e-09	0.01
0.42265625		4.11315252376e-09	0.01
0.42296875		4.11315252376e-09	0.01
0.42328125		4.11315252376e-09	0.01
0.42359375		4.11315252376e-09	0.01
0.42390625		4.11315252376e-09	0.01
0.42421875		4.11315252376e-09	0.01
0.42453125		4.11315252376e-09	0.01
0.42484375		4.11315252376e-09	0.01
0.42515625		4.11315252376e-09	0.01
0.42546875		4.11315252376e-09	0.01
0.42578125		4.11315252376e-09	0.01
0.42609375		4.11315252376e-09	0.01
0.42640625		4.11315252376e-09	0.01
0.42671875		4.11315252376e-09	0.01
0.42703125		4.11315252376e-09	0.01
0.42734375		4.11315252376e-09	0.01
0.42765625		4.11315252376e-09	0.01
0.42796875		4.11315252376e-09	0.01
0.42828125		4.11315252376e-09	0.01
0.42859375		4.11315252376e-09	0.01
0.42890625		4.11315252376e-09	0.01
0.42921875		4.11315252376e-09	0.01
0.42953125		4.11315252376e-09	0.01
0.42984375		4.11315252376e-09	0.01
0.43015625		4.11315252376e-09	0.01
0.43046875		4.11315252376e-09	0.01
0.43078125		4.11315252376e-09	0.01
0.43109375		4.11315252376e-09	0.01
0.43140625		4.11315252376e-09	0.01
0.43171875		4.11315252376e-09	0.01
0.43203125		4.11315252376e-09	0.01
0.43234375		4.11315252376e-09	0.01
0.43265625		4.11315252376e-09	0.01
0.43296875		4.11315252376e-09	0.01
0.43328125		4.11315252376e-09	0.01
0.43359375		4.11315252376e-09	0.01
0.43390625		4.11315252376e-09	0.01
0.43421875		4.11315252376e-09	0.01
0.43453125		4.11315252376e-09	0.01
0.43484375		4.11315252376e-09	0.01
0.43515625		4.11315252376e-09	0.01
0.43546875		4.11315252376e-09	0.01
0.43578125		4.11315252376e-09	0.01
0.43609375		4.11315252376e-09	0.01
0.43640625		4.11315252376e-09	0.01
0.43671875		4.11315252376e-09	0.01
0.43703125		4.11315252376e-09	0.01
0.43734375		4.11315252376e-09	0.01
0.43765625		4.11315252376e-09	0.01
0.43796875		4.11315252376e-09	0.01
0.43828125		4.11315252376e-09	0.01
0.43859375		4.11315252376e-09	0.01
0.43890625		4.11315252376e-09	0.01
0.43921875		4.11315252376e-09	0.01
0.43953125		4.11315252376e-09	0.01
0.43984375		4.11315252376e-09	0.01
0.44015625		4.11315252376e-09	0.01
0.44046875		4.11315252376e-09	0.01
0.44078125		4.11315252376e-09	0.01
0.44109375		4.11315252376e-09	0.01
0.44140625		4.11315252376e-09	0.01
0.44171875		4.11315252376e-09	0.01
0.44203125		4.11315252376e-09	0.01
0.44234375		4.11315252376e-09	0.01
0.44265625		4.11315252376e-09	0.01
0.44296875		4.11315252376e-09	0.01
0.44328125		4.11315252376e-09	0.01
0.44359375		4.11315252376e-09	0.01
0.44390625		4.11315252376e-09	0.01
0.44421875		4.11315252376e-09	0.01
0.44453125		4.11315252376e-09	0.01
0.44484375		4.11315252376e-09	0.01
0.44515625		4.11315252376e-09	0.01
0.44546875		4.11315252376e-09	0.01
0.44578125		4.11315252376e-09	0.01
0.44609375		4.11315252376e-09	0.01
0.44640625		4.11315252376e-09	0.01
0.44671875		4.11315252376e-09	0.01
0.44703125		4.11315252376e-09	0.01
0.44734375		4.11315252376e-09	0.01
0.44765625		4.11315252376e-09	0.01
0.44796875		4.11315252376e-09	0.01
0.44828125		4.11315252376e-09	0.01
0.44859375		4.11315252376e-09	0.01
0.44890625		4.11315252376e-09	0.01
0.44921875		4.11315252376e-09	0.01
0.44953125		4.11315252376e-09	0.01
0.44984375		4.11315252376e-09	0.01
0.45015625		4.11315252376e-09	0.01
0.45046875		4.11315252376e-09	0.01
0.45078125		4.11315252376e-09	0.01
0.45109375		4.11315252376e-09	0.01
0.45140625		4.11315252376e-09	0.01
0.45171875		4.11315252376e-09	0.01
0.45203125		4.11315252376e-09	0.01
0.45234375		4.11315252376e-09	0.01
0.45265625		4.11315252376e-09	0.01
0.45296875		4.11315252376e-09	0.01
0.45328125		4.11315252376e-09	0.01
0.45359375		4.11315252376e-09	0.01
0.45390625		4.11315252376e-09	0.01
0.45421875		4.11315252376e-09	0.01
0.45453125		4.11315252376e-09	0.01
0.45484375		4.11315252376e-09	0.01
0.45515625		4.11315252376e-09	0.01
0.45546875		4.11315252376e-09	0.01
0.45578125		4.11315252376e-09	0.01
0.45609375		4.11315252376e-09	0.01
0.45640625		4.11315252376e-09	0.01
0.45671875		4.11315252376e-09	0.01
0.45703125		4.11315252376e-09	0.01
0.45734375		4.11315252376e-09	0.01
0.45765625		4.11315252376e-09	0.01
0.45796875		4.11315252376e-09	0.01
0.45828125		4.11315252376e-09	0.01
0.45859375		4.11315252376e-09	0.01
0.45890625		4.11315252376e-09	0.01
0.45921875		4.11315252376e-09	0.01
0.45953125		4.11315252376e-09	0.01
0.45984375		4.11315252376e-09	0.01
0.46015625		4.11315252376e-09	0.01
0.46046875		4.11315252376e-09	0.01
0.46078125		4.11315252376e-09	0.01
0.46109375		4.11315252376e-09	0.01
0.46140625		4.11315252376e-09	0.01
0.46171875		4.11315252376e-09	0.01
0.46203125		4.11315252376e-09	0.01
0.46234375		4.11315252376e-09	0.01
0.46265625		4.11315252376e-09	0.01
0.46296875		4.11315252376e-09	0.01
0.46328125		4.11315252376e-09	0.01
0.46359375		4.11315252376e-09	0.01
0.46390625		4.11315252376e-09	0.01
0.46421875		4.11315252376e-09	0.01
0.46453125		4.11315252376e-09	0.01
0.46484375		4.11315252376e-09	0.01
0.46515625		4.11315252376e-09	0.01
0.46546875		4.11315252376e-09	0.01
0.46578125		4.11315252376e-09	0.01
0.46609375		4.11315252376e-09	0.01
0.46640625		4.11315252376e-09	0.01
0.46671875		4.11315252376e-09	0.01
0.46703125		4.11315252376e-09	0.01
0.46734375		4.11315252376e-09	0.01
0.46765625		4.11315252376e-09	0.01
0.46796875		4.11315252376e-09	0.01
0.46828125		4.11315252376e-09	0.01
0.46859375		4.11315252376e-09	0.01
0.46890625		4.11315252376e-09	0.01
0.46921875		4.11315252376e-09	0.01
0.46953125		4.11315252376e-09	0.01
0.46984375		4.11315252376e-09	0.01
0.47015625		4.11315252376e-09	0.01
0.47046875		4.11315252376e-09	0.01
0.47078125		4.11315252376e-09	0.01
0.47109375		4.11315252376e-09	0.01
0.47140625		4.11315252376e-09	0.01
0.47171875		4.11315252376e-09	0.01
0.47203125		4.11315252376e-09	0.01
0.47234375		4.11315252376e-09	0.01
0.47265625		4.11315252376e-09	0.01
0.47296875		4.11315252376e-09	0.01
0.47328125		4.11315252376e-09	0.01
0.47359375		4.11315252376e-09	0.01
0.47390625		4.11315252376e-09	0.01
0.47421875		4.11315252376e-09	0.01
0.47453125		4.11315252376e-09	0.01
0.47484375		4.11315252376e-09	0.01
0.47515625		4.11315252376e-09	0.01
0.47546875		4.11315252376e-09	0.01
0.47578125		4.11315252376e-09	0.01
0.47609375		4.11315252376e-09	0.01
0.47640625		4.11315252376e-09	0.01
0.47671875		4.11315252376e-09	0.01
0.47703125		4.11315252376e-09	0.01
0.47734375		4.11315252376e-09	0.01
0.47765625		4.11315252376e-09	0.01
0.47796875		4.11315252376e-09	0.01
0.47828125		4.11315252376e-09	0.01
0.47859375		4.11315252376e-09	0.01
0.47890625		4.11315252376e-09	0.01
0.47921875		4.11315252376e-09	0.01
0.47953125		4.11315252376e-09	0.01
0.47984375		4.11315252376e-09	0.01
0.48015625		4.11315252376e-09	0.01
0.48046875		4.11315252376e-09	0.01
0.48078125		4.11315252376e-09	0.01
0.48109375		4.11315252376e-09	0.01
0.48140625		4.11315252376e-09	0.01
0.48171875		4.11315252376e-09	0.01
0.48203125		4.11315252376e-09	0.01
0.48234375		4.11315252376e-09	0.01
0.48265625		4.11315252376e-09	0.01
0.48296875		4.11315252376e-09	0.01
0.48328125		4.11315252376e-09	0.01
0.48359375		4.11315252376e-09	0.01
0.48390625		4.11315252376e-09	0.01
0.48421875		4.11315252376e-09	0.01
0.48453125		4.11315252376e-09	0.01
0.48484375		4.11315252376e-09	0.01
0.48515625		4.11315252376e-09	0.01
0.48546875		4.11315252376e-09	0.01
0.48578125		4.11315252376e-09	0.01
0.48609375		4.11315252376e-09	0.01
0.48640625		4.11315252376e-09	0.01
0.48671875		4.11315252376e-09	0.01
0.48703125		4.11315252376e-09	0.01
0.48734375		4.11315252376e-09	0.01
0.48765625		4.11315252376e-09	0.01
0.48796875		4.11315252376e-09	0.01
0.48828125		4.11315252376e-09	0.01
0.48859375		4.11315252376e-09	0.01
0.48890625		4.11315252376e-09	0.01
0.48921875		4.11315252376e-09	0.01
0.48953125		4.11315252376e-09	0.01
0.48984375		4.11315252376e-09	0.01
0.49015625		4.11315252376e-09	0.01
0.49046875		4.11315252376e-09	0.01
0.49078125		4.11315252376e-09	0.01
0.49109375		4.11315252376e-09	0.01
0.49140625		4.11315252376e-09	0.01
0.49171875		4.11315252376e-09	0.01
0.49203125		4.11315252376e-09	0.01
0.49234375		4.11315252376e-09	0.01
0.49265625		4.11315252376e-09	0.01
0.49296875		4.11315252376e-09	0.01
0.49328125		4.11315252376e-09	0.01
0.49359375		4.11315252376e-09	0.01
0.49390625		4.11315252376e-09	0.01
0.49421875		4.11315252376e-09	0.01
0.49453125		4.11315252376e-09	0.01
0.49484375		4.11315252376e-09	0.01
0.49515625		4.11315252376e-09	0.01
0.49546875		4.11315252376e-09	0.01
0.49578125		4.11315252376e-09	0.01
0.49609375		4.11315252376e-09	0.01
0.49640625		4.11315252376e-09	0.01
0.49671875		4.11315252376e-09	0.01
0.49703125		4.11315252376e-09	0.01
0.49734375		4.11315252376e-09	0.01
0.49765625		4.11315252376e-09	0.01
0.49796875		4.11315252376e-09	0.01
0.49828125		4.11315252376e-09	0.01
0.49859375		4.11315252376e-09	0.01
0.49890625		4.11315252376e-09	0.01
0.49921875		4.11315252376e-09	0.01
0.49953125		4.11315252376e-09	0.01
0.49984375		4.11315252376e-09	0.01
