0.00015625		0.410001405159	0.999200491588
0.00046875		0.409807156944	0.999081814246
0.00078125		0.409542954126	0.998920928318
0.00109375		0.409272722323	0.998756181456
0.00140625		0.409020522279	0.99860230445
0.00171875		0.408779440512	0.998455128597
0.00203125		0.408545241724	0.9983120902
0.00234375		0.408315666507	0.99817181489
0.00265625		0.408089392858	0.99803349836
0.00296875		0.407865555479	0.997896614401
0.00328125		0.40764348588	0.997760755812
0.00359375		0.4074226816	0.997625616174
0.00390625		0.407202804471	0.997490989253
0.00421875		0.406983635835	0.997356741785
0.00453125		0.40676502205	0.997222780117
0.00484375		0.406546844377	0.997089031833
0.00515625		0.406329002906	0.996955435944
0.00546875		0.406111414485	0.996821941599
0.00578125		0.405894018023	0.996688511417
0.00609375		0.405676770806	0.996555119269
0.00640625		0.405459639235	0.996421744583
0.00671875		0.40524259369	0.996288369191
0.00703125		0.405025607482	0.996154976702
0.00734375		0.404808656879	0.996021552508
0.00765625		0.404591723534	0.995888085293
0.00796875		0.40437479573	0.995754567815
0.00828125		0.404157863082	0.995620993616
0.00859375		0.403940913332	0.995487355075
0.00890625		0.403723936104	0.995353645754
0.00921875		0.403506923511	0.995219860723
0.00953125		0.403289868585	0.995085995604
0.00984375		0.403072764949	0.994952046378
0.01015625		0.402855607059	0.994818009536
0.01046875		0.402638390334	0.994683882156
0.01078125		0.402421111023	0.994549661826
0.01109375		0.402203765987	0.994415346508
0.01140625		0.401986352517	0.994280934426
0.01171875		0.401768868251	0.994146424014
0.01203125		0.401551311123	0.99401181389
0.01234375		0.401333679305	0.993877102815
0.01265625		0.401115971161	0.993742289668
0.01296875		0.400898185239	0.993607373438
0.01328125		0.40068032028	0.993472353234
0.01359375		0.400462375235	0.993337228294
0.01390625		0.400244349212	0.993201997951
0.01421875		0.400026241385	0.993066661578
0.01453125		0.399808050976	0.992931218577
0.01484375		0.399589777282	0.992795668395
0.01515625		0.399371419695	0.992660010538
0.01546875		0.399152977685	0.99252424456
0.01578125		0.398934450782	0.992388370049
0.01609375		0.398715838562	0.992252386625
0.01640625		0.398497140641	0.992116293928
0.01671875		0.398278356668	0.99198009162
0.01703125		0.398059486321	0.991843779381
0.01734375		0.397840529308	0.991707356908
0.01765625		0.397621485366	0.991570823916
0.01796875		0.397402354254	0.991434180134
0.01828125		0.397183135746	0.991297425298
0.01859375		0.396963829631	0.991160559155
0.01890625		0.396744435709	0.991023581456
0.01921875		0.396524953793	0.990886491962
0.01953125		0.396305383709	0.99074929044
0.01984375		0.396085725295	0.990611976666
0.02015625		0.395865978396	0.990474550418
0.02046875		0.395646142865	0.990337011479
0.02078125		0.39542621856	0.990199359636
0.02109375		0.395206205345	0.990061594678
0.02140625		0.39498610309	0.989923716397
0.02171875		0.39476591167	0.98978572459
0.02203125		0.394545630964	0.989647619054
0.02234375		0.394325260853	0.989509399587
0.02265625		0.394104801223	0.989371065991
0.02296875		0.393884251961	0.989232618068
0.02328125		0.393663612957	0.989094055621
0.02359375		0.393442884103	0.988955378454
0.02390625		0.393222065293	0.98881658637
0.02421875		0.393001156423	0.988677679177
0.02453125		0.392780157388	0.988538656679
0.02484375		0.392559068087	0.988399518683
0.02515625		0.392337888419	0.988260264996
0.02546875		0.392116618285	0.988120895423
0.02578125		0.391895257584	0.987981409773
0.02609375		0.391673806218	0.987841807852
0.02640625		0.391452264089	0.987702089467
0.02671875		0.3912306311	0.987562254425
0.02703125		0.391008907153	0.987422302532
0.02734375		0.390787092152	0.987282233596
0.02765625		0.390565186	0.987142047422
0.02796875		0.390343188601	0.987001743818
0.02828125		0.390121099859	0.986861322588
0.02859375		0.389898919679	0.986720783539
0.02890625		0.389676647964	0.986580126476
0.02921875		0.389454284618	0.986439351204
0.02953125		0.389231829547	0.986298457528
0.02984375		0.389009282654	0.986157445252
0.03015625		0.388786643844	0.98601631418
0.03046875		0.388563913021	0.985875064116
0.03078125		0.38834109009	0.985733694862
0.03109375		0.388118174954	0.985592206222
0.03140625		0.387895167519	0.985450597998
0.03171875		0.387672067687	0.985308869992
0.03203125		0.387448875363	0.985167022004
0.03234375		0.387225590451	0.985025053837
0.03265625		0.387002212854	0.98488296529
0.03296875		0.386778742477	0.984740756164
0.03328125		0.386555179222	0.984598426257
0.03359375		0.386331522993	0.98445597537
0.03390625		0.386107773693	0.9843134033
0.03421875		0.385883931225	0.984170709846
0.03453125		0.385659995492	0.984027894806
0.03484375		0.385435966397	0.983884957975
0.03515625		0.385211843842	0.983741899151
0.03546875		0.384987627729	0.98359871813
0.03578125		0.384763317961	0.983455414708
0.03609375		0.38453891444	0.983311988678
0.03640625		0.384314417067	0.983168439836
0.03671875		0.384089825743	0.983024767976
0.03703125		0.383865140371	0.982880972891
0.03734375		0.383640360852	0.982737054374
0.03765625		0.383415487086	0.982593012217
0.03796875		0.383190518974	0.982448846212
0.03828125		0.382965456417	0.98230455615
0.03859375		0.382740299316	0.982160141822
0.03890625		0.38251504757	0.982015603018
0.03921875		0.382289701079	0.981870939528
0.03953125		0.382064259744	0.98172615114
0.03984375		0.381838723463	0.981581237644
0.04015625		0.381613092137	0.981436198827
0.04046875		0.381387365664	0.981291034476
0.04078125		0.381161543944	0.981145744379
0.04109375		0.380935626874	0.981000328321
0.04140625		0.380709614355	0.980854786088
0.04171875		0.380483506283	0.980709117465
0.04203125		0.380257302557	0.980563322238
0.04234375		0.380031003074	0.980417400189
0.04265625		0.379804607734	0.980271351102
0.04296875		0.379578116432	0.98012517476
0.04328125		0.379351529066	0.979978870946
0.04359375		0.379124845534	0.97983243944
0.04390625		0.378898065731	0.979685880024
0.04421875		0.378671189555	0.979539192479
0.04453125		0.378444216902	0.979392376584
0.04484375		0.378217147668	0.979245432118
0.04515625		0.377989981748	0.979098358861
0.04546875		0.377762719039	0.97895115659
0.04578125		0.377535359435	0.978803825083
0.04609375		0.377307902833	0.978656364116
0.04640625		0.377080349127	0.978508773467
0.04671875		0.376852698211	0.97836105291
0.04703125		0.376624949981	0.978213202221
0.04734375		0.376397104331	0.978065221175
0.04765625		0.376169161154	0.977917109544
0.04796875		0.375941120344	0.977768867103
0.04828125		0.375712981796	0.977620493624
0.04859375		0.375484745402	0.977471988879
0.04890625		0.375256411056	0.97732335264
0.04921875		0.37502797865	0.977174584676
0.04953125		0.374799448077	0.97702568476
0.04984375		0.374570819229	0.976876652659
0.05015625		0.374342092	0.976727488142
0.05046875		0.374113266279	0.976578190979
0.05078125		0.373884341961	0.976428760937
0.05109375		0.373655318935	0.976279197782
0.05140625		0.373426197093	0.976129501281
0.05171875		0.373196976326	0.975979671199
0.05203125		0.372967656525	0.975829707303
0.05234375		0.37273823758	0.975679609355
0.05265625		0.372508719381	0.975529377121
0.05296875		0.372279101819	0.975379010362
0.05328125		0.372049384784	0.975228508842
0.05359375		0.371819568164	0.975077872322
0.05390625		0.371589651849	0.974927100564
0.05421875		0.371359635729	0.974776193327
0.05453125		0.371129519691	0.974625150372
0.05484375		0.370899303624	0.974473971458
0.05515625		0.370668987418	0.974322656343
0.05546875		0.370438570959	0.974171204785
0.05578125		0.370208054135	0.974019616542
0.05609375		0.369977436835	0.973867891369
0.05640625		0.369746718945	0.973716029023
0.05671875		0.369515900352	0.973564029258
0.05703125		0.369284980943	0.973411891829
0.05734375		0.369053960605	0.97325961649
0.05765625		0.368822839224	0.973107202993
0.05796875		0.368591616685	0.972954651092
0.05828125		0.368360292875	0.972801960537
0.05859375		0.368128867679	0.97264913108
0.05890625		0.367897340983	0.972496162471
0.05921875		0.36766571267	0.972343054459
0.05953125		0.367433982627	0.972189806793
0.05984375		0.367202150737	0.972036419222
0.06015625		0.366970216884	0.971882891493
0.06046875		0.366738180953	0.971729223352
0.06078125		0.366506042827	0.971575414545
0.06109375		0.366273802389	0.971421464819
0.06140625		0.366041459523	0.971267373916
0.06171875		0.365809014111	0.971113141582
0.06203125		0.365576466037	0.970958767559
0.06234375		0.365343815181	0.97080425159
0.06265625		0.365111061427	0.970649593415
0.06296875		0.364878204656	0.970494792777
0.06328125		0.364645244749	0.970339849416
0.06359375		0.364412181588	0.970184763069
0.06390625		0.364179015054	0.970029533478
0.06421875		0.363945745027	0.969874160378
0.06453125		0.363712371388	0.969718643508
0.06484375		0.363478894017	0.969562982604
0.06515625		0.363245312793	0.969407177401
0.06546875		0.363011627597	0.969251227634
0.06578125		0.362777838307	0.969095133039
0.06609375		0.362543944803	0.968938893347
0.06640625		0.362309946963	0.968782508291
0.06671875		0.362075844666	0.968625977604
0.06703125		0.361841637789	0.968469301017
0.06734375		0.361607326212	0.968312478259
0.06765625		0.36137290981	0.96815550906
0.06796875		0.361138388462	0.96799839315
0.06828125		0.360903762045	0.967841130255
0.06859375		0.360669030435	0.967683720103
0.06890625		0.360434193509	0.967526162421
0.06921875		0.360199251142	0.967368456933
0.06953125		0.359964203211	0.967210603366
0.06984375		0.359729049592	0.967052601441
0.07015625		0.359493790159	0.966894450884
0.07046875		0.359258424787	0.966736151416
0.07078125		0.359022953352	0.966577702758
0.07109375		0.358787375727	0.966419104632
0.07140625		0.358551691787	0.966260356757
0.07171875		0.358315901405	0.966101458852
0.07203125		0.358080004455	0.965942410637
0.07234375		0.35784400081	0.965783211827
0.07265625		0.357607890344	0.965623862139
0.07296875		0.357371672927	0.96546436129
0.07328125		0.357135348434	0.965304708995
0.07359375		0.356898916735	0.965144904966
0.07390625		0.356662377702	0.964984948919
0.07421875		0.356425731208	0.964824840564
0.07453125		0.356188977122	0.964664579614
0.07484375		0.355952115316	0.964504165779
0.07515625		0.355715145659	0.964343598769
0.07546875		0.355478068023	0.964182878293
0.07578125		0.355240882277	0.96402200406
0.07609375		0.35500358829	0.963860975775
0.07640625		0.354766185932	0.963699793147
0.07671875		0.354528675071	0.963538455879
0.07703125		0.354291055577	0.963376963677
0.07734375		0.354053327316	0.963215316245
0.07765625		0.353815490158	0.963053513285
0.07796875		0.353577543969	0.962891554499
0.07828125		0.353339488618	0.962729439589
0.07859375		0.35310132397	0.962567168254
0.07890625		0.352863049894	0.962404740194
0.07921875		0.352624666254	0.962242155106
0.07953125		0.352386172916	0.96207941269
0.07984375		0.352147569748	0.96191651264
0.08015625		0.351908856613	0.961753454653
0.08046875		0.351670033377	0.961590238423
0.08078125		0.351431099905	0.961426863645
0.08109375		0.35119205606	0.96126333001
0.08140625		0.350952901708	0.961099637211
0.08171875		0.350713636711	0.960935784939
0.08203125		0.350474260933	0.960771772884
0.08234375		0.350234774236	0.960607600735
0.08265625		0.349995176484	0.96044326818
0.08296875		0.349755467539	0.960278774906
0.08328125		0.349515647263	0.9601141206
0.08359375		0.349275715517	0.959949304946
0.08390625		0.349035672163	0.95978432763
0.08421875		0.348795517062	0.959619188335
0.08453125		0.348555250074	0.959453886742
0.08484375		0.34831487106	0.959288422533
0.08515625		0.348074379879	0.95912279539
0.08546875		0.347833776391	0.95895700499
0.08578125		0.347593060455	0.958791051014
0.08609375		0.347352231931	0.958624933137
0.08640625		0.347111290677	0.958458651038
0.08671875		0.34687023655	0.95829220439
0.08703125		0.346629069409	0.958125592869
0.08734375		0.346387789111	0.957958816148
0.08765625		0.346146395513	0.9577918739
0.08796875		0.345904888472	0.957624765796
0.08828125		0.345663267845	0.957457491506
0.08859375		0.345421533486	0.9572900507
0.08890625		0.345179685253	0.957122443046
0.08921875		0.344937723001	0.956954668212
0.08953125		0.344695646583	0.956786725864
0.08984375		0.344453455855	0.956618615667
0.09015625		0.344211150671	0.956450337286
0.09046875		0.343968730885	0.956281890383
0.09078125		0.343726196351	0.956113274621
0.09109375		0.34348354692	0.95594448966
0.09140625		0.343240782447	0.955775535162
0.09171875		0.342997902783	0.955606410784
0.09203125		0.342754907781	0.955437116184
0.09234375		0.342511797291	0.95526765102
0.09265625		0.342268571165	0.955098014947
0.09296875		0.342025229255	0.95492820762
0.09328125		0.34178177141	0.954758228691
0.09359375		0.34153819748	0.954588077814
0.09390625		0.341294507316	0.954417754641
0.09421875		0.341050700766	0.95424725882
0.09453125		0.340806777679	0.954076590001
0.09484375		0.340562737904	0.953905747833
0.09515625		0.340318581289	0.953734731961
0.09546875		0.340074307682	0.953563542033
0.09578125		0.33982991693	0.953392177692
0.09609375		0.339585408879	0.953220638582
0.09640625		0.339340783378	0.953048924345
0.09671875		0.339096040271	0.952877034622
0.09703125		0.338851179404	0.952704969054
0.09734375		0.338606200623	0.95253272728
0.09765625		0.338361103773	0.952360308936
0.09796875		0.338115888698	0.952187713661
0.09828125		0.337870555243	0.952014941088
0.09859375		0.337625103251	0.951841990853
0.09890625		0.337379532565	0.951668862588
0.09921875		0.337133843029	0.951495555925
0.09953125		0.336888034484	0.951322070496
0.09984375		0.336642106774	0.951148405929
0.10015625		0.336396059739	0.950974561852
0.10046875		0.336149893221	0.950800537893
0.10078125		0.335903607061	0.950626333678
0.10109375		0.335657201099	0.950451948832
0.10140625		0.335410675176	0.950277382977
0.10171875		0.33516402913	0.950102635736
0.10203125		0.334917262801	0.94992770673
0.10234375		0.334670376028	0.949752595578
0.10265625		0.334423368649	0.9495773019
0.10296875		0.334176240502	0.949401825312
0.10328125		0.333928991424	0.94922616543
0.10359375		0.333681621253	0.949050321869
0.10390625		0.333434129824	0.948874294243
0.10421875		0.333186516975	0.948698082164
0.10453125		0.33293878254	0.948521685242
0.10484375		0.332690926356	0.948345103087
0.10515625		0.332442948256	0.948168335308
0.10546875		0.332194848076	0.947991381512
0.10578125		0.331946625649	0.947814241304
0.10609375		0.331698280808	0.947636914289
0.10640625		0.331449813388	0.94745940007
0.10671875		0.33120122322	0.947281698248
0.10703125		0.330952510136	0.947103808425
0.10734375		0.330703673969	0.946925730199
0.10765625		0.330454714549	0.946747463169
0.10796875		0.330205631708	0.94656900693
0.10828125		0.329956425275	0.946390361078
0.10859375		0.32970709508	0.946211525207
0.10890625		0.329457640954	0.946032498909
0.10921875		0.329208062724	0.945853281775
0.10953125		0.32895836022	0.945673873394
0.10984375		0.328708533269	0.945494273356
0.11015625		0.328458581699	0.945314481247
0.11046875		0.328208505337	0.945134496652
0.11078125		0.32795830401	0.944954319156
0.11109375		0.327707977543	0.944773948341
0.11140625		0.327457525763	0.94459338379
0.11171875		0.327206948494	0.94441262508
0.11203125		0.326956245561	0.944231671792
0.11234375		0.326705416789	0.944050523502
0.11265625		0.326454462001	0.943869179786
0.11296875		0.326203381021	0.943687640218
0.11328125		0.325952173671	0.94350590437
0.11359375		0.325700839773	0.943323971814
0.11390625		0.325449379149	0.943141842121
0.11421875		0.325197791621	0.942959514857
0.11453125		0.32494607701	0.94277698959
0.11484375		0.324694235134	0.942594265885
0.11515625		0.324442265816	0.942411343307
0.11546875		0.324190168872	0.942228221417
0.11578125		0.323937944124	0.942044899776
0.11609375		0.323685591388	0.941861377945
0.11640625		0.323433110482	0.94167765548
0.11671875		0.323180501225	0.941493731937
0.11703125		0.322927763431	0.941309606873
0.11734375		0.322674896919	0.94112527984
0.11765625		0.322421901503	0.94094075039
0.11796875		0.322168776998	0.940756018072
0.11828125		0.32191552322	0.940571082436
0.11859375		0.321662139983	0.940385943028
0.11890625		0.321408627099	0.940200599395
0.11921875		0.321154984383	0.940015051079
0.11953125		0.320901211647	0.939829297623
0.11984375		0.320647308702	0.939643338568
0.12015625		0.320393275361	0.939457173453
0.12046875		0.320139111434	0.939270801815
0.12078125		0.319884816732	0.939084223191
0.12109375		0.319630391065	0.938897437113
0.12140625		0.319375834242	0.938710443116
0.12171875		0.319121146071	0.938523240729
0.12203125		0.318866326362	0.938335829482
0.12234375		0.318611374921	0.938148208904
0.12265625		0.318356291557	0.937960378518
0.12296875		0.318101076075	0.937772337851
0.12328125		0.317845728282	0.937584086424
0.12359375		0.317590247984	0.937395623758
0.12390625		0.317334634984	0.937206949373
0.12421875		0.317078889088	0.937018062786
0.12453125		0.316823010099	0.936828963513
0.12484375		0.316566997821	0.936639651068
0.12515625		0.316310852056	0.936450124962
0.12546875		0.316054572606	0.936260384708
0.12578125		0.315798159274	0.936070429812
0.12609375		0.315541611859	0.935880259784
0.12640625		0.315284930163	0.935689874127
0.12671875		0.315028113984	0.935499272345
0.12703125		0.314771163123	0.935308453941
0.12734375		0.314514077378	0.935117418413
0.12765625		0.314256856546	0.93492616526
0.12796875		0.313999500426	0.934734693979
0.12828125		0.313742008815	0.934543004064
0.12859375		0.313484381507	0.934351095007
0.12890625		0.3132266183	0.9341589663
0.12921875		0.312968718988	0.933966617431
0.12953125		0.312710683366	0.933774047887
0.12984375		0.312452511227	0.933581257154
0.13015625		0.312194202364	0.933388244715
0.13046875		0.311935756571	0.933195010052
0.13078125		0.31167717364	0.933001552644
0.13109375		0.311418453361	0.932807871969
0.13140625		0.311159595525	0.932613967503
0.13171875		0.310900599923	0.932419838719
0.13203125		0.310641466345	0.932225485089
0.13234375		0.310382194578	0.932030906084
0.13265625		0.310122784412	0.931836101172
0.13296875		0.309863235633	0.931641069818
0.13328125		0.30960354803	0.931445811487
0.13359375		0.309343721387	0.931250325641
0.13390625		0.309083755492	0.93105461174
0.13421875		0.308823650129	0.930858669242
0.13453125		0.308563405082	0.930662497604
0.13484375		0.308303020136	0.930466096278
0.13515625		0.308042495072	0.930269464719
0.13546875		0.307781829675	0.930072602375
0.13578125		0.307521023725	0.929875508694
0.13609375		0.307260077004	0.929678183123
0.13640625		0.306998989293	0.929480625106
0.13671875		0.30673776037	0.929282834083
0.13703125		0.306476390015	0.929084809496
0.13734375		0.306214878008	0.928886550781
0.13765625		0.305953224124	0.928688057373
0.13796875		0.305691428143	0.928489328707
0.13828125		0.305429489839	0.928290364214
0.13859375		0.305167408989	0.928091163322
0.13890625		0.304905185367	0.927891725459
0.13921875		0.304642818749	0.927692050049
0.13953125		0.304380308908	0.927492136514
0.13984375		0.304117655616	0.927291984276
0.14015625		0.303854858647	0.927091592752
0.14046875		0.303591917771	0.926890961359
0.14078125		0.30332883276	0.926690089509
0.14109375		0.303065603383	0.926488976615
0.14140625		0.302802229411	0.926287622086
0.14171875		0.302538710611	0.926086025328
0.14203125		0.302275046752	0.925884185747
0.14234375		0.302011237601	0.925682102745
0.14265625		0.301747282925	0.925479775722
0.14296875		0.301483182489	0.925277204076
0.14328125		0.301218936059	0.925074387203
0.14359375		0.300954543399	0.924871324495
0.14390625		0.300690004273	0.924668015343
0.14421875		0.300425318442	0.924464459137
0.14453125		0.300160485671	0.924260655261
0.14484375		0.299895505719	0.9240566031
0.14515625		0.299630378348	0.923852302036
0.14546875		0.299365103317	0.923647751446
0.14578125		0.299099680386	0.923442950709
0.14609375		0.298834109312	0.923237899197
0.14640625		0.298568389854	0.923032596282
0.14671875		0.298302521769	0.922827041334
0.14703125		0.298036504812	0.922621233719
0.14734375		0.297770338738	0.922415172802
0.14765625		0.297504023302	0.922208857944
0.14796875		0.297237558258	0.922002288505
0.14828125		0.296970943359	0.92179546384
0.14859375		0.296704178356	0.921588383306
0.14890625		0.296437263002	0.921381046252
0.14921875		0.296170197046	0.921173452028
0.14953125		0.295902980238	0.920965599981
0.14984375		0.295635612328	0.920757489455
0.15015625		0.295368093063	0.92054911979
0.15046875		0.295100422191	0.920340490326
0.15078125		0.294832599457	0.920131600398
0.15109375		0.294564624609	0.919922449341
0.15140625		0.29429649739	0.919713036483
0.15171875		0.294028217544	0.919503361155
0.15203125		0.293759784815	0.919293422681
0.15234375		0.293491198946	0.919083220383
0.15265625		0.293222459676	0.918872753582
0.15296875		0.292953566748	0.918662021595
0.15328125		0.292684519901	0.918451023736
0.15359375		0.292415318874	0.918239759318
0.15390625		0.292145963404	0.918028227648
0.15421875		0.29187645323	0.917816428033
0.15453125		0.291606788087	0.917604359777
0.15484375		0.291336967711	0.917392022179
0.15515625		0.291066991837	0.917179414539
0.15546875		0.290796860198	0.916966536149
0.15578125		0.290526572528	0.916753386303
0.15609375		0.290256128557	0.916539964288
0.15640625		0.289985528017	0.916326269393
0.15671875		0.289714770639	0.916112300898
0.15703125		0.289443856152	0.915898058086
0.15734375		0.289172784283	0.915683540232
0.15765625		0.288901554762	0.915468746613
0.15796875		0.288630167313	0.915253676498
0.15828125		0.288358621662	0.915038329156
0.15859375		0.288086917535	0.914822703852
0.15890625		0.287815054656	0.91460679985
0.15921875		0.287543032746	0.914390616407
0.15953125		0.287270851528	0.914174152781
0.15984375		0.286998510724	0.913957408224
0.16015625		0.286726010052	0.913740381986
0.16046875		0.286453349232	0.913523073315
0.16078125		0.286180527983	0.913305481453
0.16109375		0.28590754602	0.913087605642
0.16140625		0.285634403062	0.912869445118
0.16171875		0.285361098823	0.912650999117
0.16203125		0.285087633016	0.912432266868
0.16234375		0.284814005356	0.9122132476
0.16265625		0.284540215555	0.911993940538
0.16296875		0.284266263324	0.911774344902
0.16328125		0.283992148374	0.91155445991
0.16359375		0.283717870413	0.911334284777
0.16390625		0.283443429151	0.911113818714
0.16421875		0.283168824294	0.91089306093
0.16453125		0.282894055549	0.910672010629
0.16484375		0.282619122622	0.910450667012
0.16515625		0.282344025216	0.910229029276
0.16546875		0.282068763034	0.910007096617
0.16578125		0.28179333578	0.909784868226
0.16609375		0.281517743154	0.909562343289
0.16640625		0.281241984856	0.909339520991
0.16671875		0.280966060586	0.909116400513
0.16703125		0.280689970042	0.90889298103
0.16734375		0.28041371292	0.908669261718
0.16765625		0.280137288916	0.908445241745
0.16796875		0.279860697726	0.908220920279
0.16828125		0.279583939044	0.907996296481
0.16859375		0.279307012561	0.907771369511
0.16890625		0.27902991797	0.907546138524
0.16921875		0.278752654961	0.907320602673
0.16953125		0.278475223223	0.907094761104
0.16984375		0.278197622446	0.906868612963
0.17015625		0.277919852316	0.90664215739
0.17046875		0.277641912519	0.906415393522
0.17078125		0.27736380274	0.906188320492
0.17109375		0.277085522664	0.90596093743
0.17140625		0.276807071973	0.90573324346
0.17171875		0.276528450348	0.905505237705
0.17203125		0.27624965747	0.905276919283
0.17234375		0.275970693019	0.905048287306
0.17265625		0.275691556673	0.904819340886
0.17296875		0.275412248108	0.904590079127
0.17328125		0.275132767001	0.904360501133
0.17359375		0.274853113026	0.904130606001
0.17390625		0.274573285857	0.903900392826
0.17421875		0.274293285166	0.903669860697
0.17453125		0.274013110624	0.9034390087
0.17484375		0.273732761902	0.903207835917
0.17515625		0.273452238667	0.902976341427
0.17546875		0.273171540588	0.902744524302
0.17578125		0.27289066733	0.902512383612
0.17609375		0.272609618559	0.902279918422
0.17640625		0.27232839394	0.902047127795
0.17671875		0.272046993133	0.901814010785
0.17703125		0.271765415801	0.901580566446
0.17734375		0.271483661604	0.901346793827
0.17765625		0.271201730201	0.901112691971
0.17796875		0.270919621249	0.900878259918
0.17828125		0.270637334405	0.900643496704
0.17859375		0.270354869324	0.900408401358
0.17890625		0.270072225659	0.900172972908
0.17921875		0.269789403064	0.899937210376
0.17953125		0.269506401189	0.899701112779
0.17984375		0.269223219685	0.899464679131
0.18015625		0.268939858199	0.899227908439
0.18046875		0.26865631638	0.898990799708
0.18078125		0.268372593873	0.898753351938
0.18109375		0.268088690323	0.898515564122
0.18140625		0.267804605373	0.898277435251
0.18171875		0.267520338665	0.898038964311
0.18203125		0.26723588984	0.897800150282
0.18234375		0.266951258537	0.897560992141
0.18265625		0.266666444394	0.897321488858
0.18296875		0.266381447048	0.8970816394
0.18328125		0.266096266132	0.896841442729
0.18359375		0.265810901283	0.896600897801
0.18390625		0.26552535213	0.896360003568
0.18421875		0.265239618307	0.896118758978
0.18453125		0.264953699441	0.895877162972
0.18484375		0.264667595162	0.895635214487
0.18515625		0.264381305095	0.895392912456
0.18546875		0.264094828867	0.895150255805
0.18578125		0.263808166101	0.894907243457
0.18609375		0.263521316418	0.894663874327
0.18640625		0.263234279441	0.894420147329
0.18671875		0.262947054789	0.894176061368
0.18703125		0.262659642079	0.893931615345
0.18734375		0.262372040928	0.893686808158
0.18765625		0.262084250951	0.893441638696
0.18796875		0.261796271761	0.893196105844
0.18828125		0.261508102971	0.892950208484
0.18859375		0.261219744191	0.89270394549
0.18890625		0.260931195029	0.892457315731
0.18921875		0.260642455093	0.892210318071
0.18953125		0.260353523989	0.891962951369
0.18984375		0.260064401322	0.891715214477
0.19015625		0.259775086693	0.891467106243
0.19046875		0.259485579704	0.891218625509
0.19078125		0.259195879955	0.89096977111
0.19109375		0.258905987044	0.890720541877
0.19140625		0.258615900566	0.890470936636
0.19171875		0.258325620117	0.890220954204
0.19203125		0.25803514529	0.889970593395
0.19234375		0.257744475677	0.889719853017
0.19265625		0.257453610866	0.889468731871
0.19296875		0.257162550448	0.889217228753
0.19328125		0.256871294007	0.888965342452
0.19359375		0.25657984113	0.888713071752
0.19390625		0.256288191398	0.888460415432
0.19421875		0.255996344395	0.888207372262
0.19453125		0.2557042997	0.887953941009
0.19484375		0.25541205689	0.887700120431
0.19515625		0.255119615543	0.887445909282
0.19546875		0.254826975234	0.88719130631
0.19578125		0.254534135534	0.886936310254
0.19609375		0.254241096016	0.88668091985
0.19640625		0.253947856249	0.886425133825
0.19671875		0.253654415801	0.886168950902
0.19703125		0.253360774238	0.885912369795
0.19734375		0.253066931123	0.885655389214
0.19765625		0.25277288602	0.88539800786
0.19796875		0.252478638489	0.88514022443
0.19828125		0.252184188089	0.884882037613
0.19859375		0.251889534376	0.884623446091
0.19890625		0.251594676906	0.88436444854
0.19921875		0.251299615233	0.88410504363
0.19953125		0.251004348907	0.883845230021
0.19984375		0.250708877478	0.883585006371
0.20015625		0.250413200493	0.883324371326
0.20046875		0.250117317499	0.883063323529
0.20078125		0.24982122804	0.882801861615
0.20109375		0.249524931657	0.882539984211
0.20140625		0.24922842789	0.882277689937
0.20171875		0.248931716278	0.882014977407
0.20203125		0.248634796356	0.881751845227
0.20234375		0.248337667659	0.881488291996
0.20265625		0.248040329719	0.881224316305
0.20296875		0.247742782065	0.880959916739
0.20328125		0.247445024227	0.880695091875
0.20359375		0.247147055731	0.880429840281
0.20390625		0.2468488761	0.880164160521
0.20421875		0.246550484857	0.879898051149
0.20453125		0.246251881522	0.879631510711
0.20484375		0.245953065613	0.879364537746
0.20515625		0.245654036645	0.879097130787
0.20546875		0.245354794133	0.878829288356
0.20578125		0.245055337589	0.87856100897
0.20609375		0.244755666521	0.878292291137
0.20640625		0.244455780438	0.878023133356
0.20671875		0.244155678845	0.87775353412
0.20703125		0.243855361246	0.877483491912
0.20734375		0.24355482714	0.877213005209
0.20765625		0.243254076028	0.876942072479
0.20796875		0.242953107405	0.876670692181
0.20828125		0.242651920766	0.876398862766
0.20859375		0.242350515604	0.876126582677
0.20890625		0.242048891409	0.875853850348
0.20921875		0.241747047667	0.875580664207
0.20953125		0.241444983866	0.875307022669
0.20984375		0.241142699487	0.875032924144
0.21015625		0.240840194012	0.874758367033
0.21046875		0.24053746692	0.874483349726
0.21078125		0.240234517687	0.874207870607
0.21109375		0.239931345786	0.87393192805
0.21140625		0.23962795069	0.873655520419
0.21171875		0.239324331867	0.87337864607
0.21203125		0.239020488785	0.87310130335
0.21234375		0.238716420907	0.872823490598
0.21265625		0.238412127696	0.872545206141
0.21296875		0.238107608612	0.8722664483
0.21328125		0.237802863112	0.871987215384
0.21359375		0.23749789065	0.871707505694
0.21390625		0.237192690679	0.871427317521
0.21421875		0.236887262648	0.871146649147
0.21453125		0.236581606004	0.870865498843
0.21484375		0.236275720193	0.870583864873
0.21515625		0.235969604656	0.870301745489
0.21546875		0.235663258833	0.870019138934
0.21578125		0.235356682161	0.86973604344
0.21609375		0.235049874074	0.869452457231
0.21640625		0.234742834005	0.869168378519
0.21671875		0.234435561381	0.868883805507
0.21703125		0.234128055631	0.868598736388
0.21734375		0.233820316177	0.868313169344
0.21765625		0.233512342442	0.868027102547
0.21796875		0.233204133842	0.867740534158
0.21828125		0.232895689795	0.867453462328
0.21859375		0.232587009713	0.867165885197
0.21890625		0.232278093006	0.866877800895
0.21921875		0.231968939083	0.866589207541
0.21953125		0.231659547346	0.866300103242
0.21984375		0.2313499172	0.866010486097
0.22015625		0.231040048042	0.865720354189
0.22046875		0.230729939268	0.865429705596
0.22078125		0.230419590273	0.865138538379
0.22109375		0.230109000446	0.864846850592
0.22140625		0.229798169176	0.864554640275
0.22171875		0.229487095846	0.864261905458
0.22203125		0.229175779838	0.863968644158
0.22234375		0.228864220532	0.863674854383
0.22265625		0.228552417302	0.863380534126
0.22296875		0.228240369522	0.86308568137
0.22328125		0.227928076561	0.862790294086
0.22359375		0.227615537785	0.862494370232
0.22390625		0.227302752559	0.862197907756
0.22421875		0.226989720243	0.86190090459
0.22453125		0.226676440193	0.861603358658
0.22484375		0.226362911765	0.861305267869
0.22515625		0.226049134309	0.861006630119
0.22546875		0.225735107173	0.860707443294
0.22578125		0.225420829702	0.860407705265
0.22609375		0.225106301237	0.86010741389
0.22640625		0.224791521116	0.859806567015
0.22671875		0.224476488675	0.859505162474
0.22703125		0.224161203244	0.859203198085
0.22734375		0.223845664152	0.858900671656
0.22765625		0.223529870724	0.858597580979
0.22796875		0.223213822281	0.858293923834
0.22828125		0.222897518143	0.857989697986
0.22859375		0.222580957622	0.857684901188
0.22890625		0.222264140031	0.857379531178
0.22921875		0.221947064678	0.857073585681
0.22953125		0.221629730866	0.856767062406
0.22984375		0.221312137897	0.856459959051
0.23015625		0.220994285068	0.856152273296
0.23046875		0.220676171673	0.85584400281
0.23078125		0.220357797001	0.855535145246
0.23109375		0.220039160339	0.855225698241
0.23140625		0.219720260971	0.854915659419
0.23171875		0.219401098175	0.854605026388
0.23203125		0.219081671226	0.854293796743
0.23234375		0.218761979397	0.853981968061
0.23265625		0.218442021955	0.853669537906
0.23296875		0.218121798165	0.853356503825
0.23328125		0.217801307286	0.853042863351
0.23359375		0.217480548576	0.852728613999
0.23390625		0.217159521288	0.85241375327
0.23421875		0.216838224669	0.852098278649
0.23453125		0.216516657965	0.851782187604
0.23484375		0.216194820416	0.851465477588
0.23515625		0.21587271126	0.851148146036
0.23546875		0.21555032973	0.850830190368
0.23578125		0.215227675053	0.850511607986
0.23609375		0.214904746456	0.850192396276
0.23640625		0.214581543158	0.849872552607
0.23671875		0.214258064376	0.849552074331
0.23703125		0.213934309323	0.849230958782
0.23734375		0.213610277206	0.848909203277
0.23765625		0.21328596723	0.848586805116
0.23796875		0.212961378593	0.84826376158
0.23828125		0.212636510492	0.847940069934
0.23859375		0.212311362117	0.847615727422
0.23890625		0.211985932654	0.847290731273
0.23921875		0.211660221287	0.846965078696
0.23953125		0.211334227193	0.846638766882
0.23984375		0.211007949544	0.846311793002
0.24015625		0.210681387511	0.845984154209
0.24046875		0.210354540256	0.845655847638
0.24078125		0.21002740694	0.845326870404
0.24109375		0.209699986718	0.844997219601
0.24140625		0.20937227874	0.844666892306
0.24171875		0.209044282151	0.844335885574
0.24203125		0.208715996094	0.844004196443
0.24234375		0.208387419703	0.843671821927
0.24265625		0.20805855211	0.843338759023
0.24296875		0.207729392443	0.843005004706
0.24328125		0.207399939822	0.84267055593
0.24359375		0.207070193364	0.84233540963
0.24390625		0.206740152181	0.841999562717
0.24421875		0.20640981538	0.841663012084
0.24453125		0.206079182063	0.841325754599
0.24484375		0.205748251326	0.840987787112
0.24515625		0.20541702226	0.840649106449
0.24546875		0.205085493953	0.840309709414
0.24578125		0.204753665486	0.839969592789
0.24609375		0.204421535934	0.839628753334
0.24640625		0.204089104368	0.839287187785
0.24671875		0.203756369853	0.838944892857
0.24703125		0.20342333145	0.83860186524
0.24734375		0.203089988212	0.838258101602
0.24765625		0.20275633919	0.837913598586
0.24796875		0.202422383425	0.837568352813
0.24828125		0.202088119957	0.837222360878
0.24859375		0.201753547818	0.836875619354
0.24890625		0.201418666034	0.836528124788
0.24921875		0.201083473627	0.836179873701
0.24953125		0.200747969612	0.835830862593
0.24984375		0.200412152998	0.835481087934
0.25015625		0.200076022788	0.835130546172
0.25046875		0.199739577981	0.834779233727
0.25078125		0.199402817569	0.834427146996
0.25109375		0.199065740536	0.834074282346
0.25140625		0.198728345864	0.833720636121
0.25171875		0.198390632525	0.833366204635
0.25203125		0.198052599487	0.833010984178
0.25234375		0.197714245711	0.832654971011
0.25265625		0.197375570153	0.832298161367
0.25296875		0.197036571761	0.831940551453
0.25328125		0.196697249477	0.831582137447
0.25359375		0.196357602237	0.831222915497
0.25390625		0.196017628971	0.830862881724
0.25421875		0.195677328602	0.830502032221
0.25453125		0.195336700046	0.83014036305
0.25484375		0.194995742212	0.829777870244
0.25515625		0.194654454003	0.829414549805
0.25546875		0.194312834317	0.829050397707
0.25578125		0.193970882041	0.828685409892
0.25609375		0.193628596059	0.828319582273
0.25640625		0.193285975246	0.827952910728
0.25671875		0.19294301847	0.827585391108
0.25703125		0.192599724594	0.827217019229
0.25734375		0.19225609247	0.826847790878
0.25765625		0.191912120947	0.826477701806
0.25796875		0.191567808863	0.826106747734
0.25828125		0.191223155052	0.825734924349
0.25859375		0.190878158339	0.825362227304
0.25890625		0.19053281754	0.82498865222
0.25921875		0.190187131467	0.82461419468
0.25953125		0.189841098921	0.824238850238
0.25984375		0.189494718697	0.823862614408
0.26015625		0.189147989583	0.823485482671
0.26046875		0.188800910357	0.823107450474
0.26078125		0.188453479791	0.822728513224
0.26109375		0.188105696648	0.822348666295
0.26140625		0.187757559683	0.821967905023
0.26171875		0.187409067644	0.821586224707
0.26203125		0.187060219269	0.821203620607
0.26234375		0.186711013289	0.820820087948
0.26265625		0.186361448427	0.820435621913
0.26296875		0.186011523396	0.820050217649
0.26328125		0.185661236902	0.819663870263
0.26359375		0.185310587642	0.819276574822
0.26390625		0.184959574303	0.818888326351
0.26421875		0.184608195565	0.818499119839
0.26453125		0.1842564501	0.818108950229
0.26484375		0.183904336567	0.817717812427
0.26515625		0.183551853621	0.817325701293
0.26546875		0.183198999905	0.816932611647
0.26578125		0.182845774052	0.816538538266
0.26609375		0.182492174688	0.816143475883
0.26640625		0.182138200429	0.815747419187
0.26671875		0.181783849881	0.815350362823
0.26703125		0.181429121641	0.814952301391
0.26734375		0.181074014295	0.814553229447
0.26765625		0.180718526422	0.814153141498
0.26796875		0.180362656588	0.813752032008
0.26828125		0.180006403351	0.813349895392
0.26859375		0.179649765259	0.812946726018
0.26890625		0.17929274085	0.812542518206
0.26921875		0.178935328649	0.812137266228
0.26953125		0.178577527175	0.811730964305
0.26984375		0.178219334934	0.811323606611
0.27015625		0.177860750421	0.810915187267
0.27046875		0.177501772121	0.810505700345
0.27078125		0.17714239851	0.810095139865
0.27109375		0.17678262805	0.809683499795
0.27140625		0.176422459194	0.809270774049
0.27171875		0.176061890385	0.80885695649
0.27203125		0.175700920051	0.808442040926
0.27234375		0.175339546612	0.808026021108
0.27265625		0.174977768476	0.807608890736
0.27296875		0.174615584038	0.807190643451
0.27328125		0.174252991683	0.806771272838
0.27359375		0.173889989783	0.806350772426
0.27390625		0.173526576699	0.805929135685
0.27421875		0.173162750779	0.805506356025
0.27453125		0.172798510359	0.8050824268
0.27484375		0.172433853764	0.804657341299
0.27515625		0.172068779305	0.804231092756
0.27546875		0.171703285281	0.803803674338
0.27578125		0.171337369979	0.803375079153
0.27609375		0.170971031671	0.802945300244
0.27640625		0.170604268618	0.802514330591
0.27671875		0.170237079067	0.80208216311
0.27703125		0.169869461253	0.801648790649
0.27734375		0.169501413396	0.801214205992
0.27765625		0.169132933703	0.800778401854
0.27796875		0.168764020368	0.800341370884
0.27828125		0.168394671569	0.79990310566
0.27859375		0.168024885473	0.799463598691
0.27890625		0.167654660231	0.799022842416
0.27921875		0.167283993979	0.798580829201
0.27953125		0.166912884841	0.798137551341
0.27984375		0.166541330924	0.797693001056
0.28015625		0.166169330321	0.797247170492
0.28046875		0.16579688111	0.796800051721
0.28078125		0.165423981354	0.796351636737
0.28109375		0.165050629101	0.795901917457
0.28140625		0.164676822384	0.795450885719
0.28171875		0.164302559217	0.794998533285
0.28203125		0.163927837602	0.794544851831
0.28234375		0.163552655524	0.794089832956
0.28265625		0.163177010951	0.793633468174
0.28296875		0.162800901835	0.793175748917
0.28328125		0.162424326111	0.792716666531
0.28359375		0.162047281698	0.792256212275
0.28390625		0.161669766498	0.791794377323
0.28421875		0.161291778394	0.791331152759
0.28453125		0.160913315254	0.79086652958
0.28484375		0.160534374928	0.790400498689
0.28515625		0.160154955247	0.789933050898
0.28546875		0.159775054024	0.789464176928
0.28578125		0.159394669056	0.788993867402
0.28609375		0.159013798119	0.78852211285
0.28640625		0.158632438971	0.788048903703
0.28671875		0.158250589352	0.787574230294
0.28703125		0.157868246982	0.787098082857
0.28734375		0.157485409563	0.786620451523
0.28765625		0.157102074775	0.786141326322
0.28796875		0.15671824028	0.785660697179
0.28828125		0.156333903719	0.785178553912
0.28859375		0.155949062715	0.784694886234
0.28890625		0.155563714866	0.784209683749
0.28921875		0.155177857754	0.78372293595
0.28953125		0.154791488937	0.783234632217
0.28984375		0.154404605951	0.782744761819
0.29015625		0.154017206314	0.782253313908
0.29046875		0.153629287518	0.781760277521
0.29078125		0.153240847036	0.781265641574
0.29109375		0.152851882316	0.780769394865
0.29140625		0.152462390785	0.780271526068
0.29171875		0.152072369847	0.779772023736
0.29203125		0.151681816881	0.779270876293
0.29234375		0.151290729245	0.778768072038
0.29265625		0.15089910427	0.778263599139
0.29296875		0.150506939265	0.777757445633
0.29328125		0.150114231513	0.777249599425
0.29359375		0.149720978275	0.776740048282
0.29390625		0.149327176782	0.776228779836
0.29421875		0.148932824245	0.775715781577
0.29453125		0.148537917843	0.775201040856
0.29484375		0.148142454735	0.774684544879
0.29515625		0.147746432049	0.774166280704
0.29546875		0.147349846887	0.773646235243
0.29578125		0.146952696325	0.773124395258
0.29609375		0.146554977411	0.772600747355
0.29640625		0.146156687163	0.772075277986
0.29671875		0.145757822574	0.771547973446
0.29703125		0.145358380604	0.771018819869
0.29734375		0.144958358188	0.770487803225
0.29765625		0.144557752229	0.76995490932
0.29796875		0.1441565596	0.76942012379
0.29828125		0.143754777143	0.768883432103
0.29859375		0.143352401672	0.768344819551
0.29890625		0.142949429966	0.767804271248
0.29921875		0.142545858776	0.767261772133
0.29953125		0.142141684817	0.76671730696
0.29984375		0.141736904774	0.766170860297
0.30015625		0.141331515297	0.765622416525
0.30046875		0.140925513005	0.765071959833
0.30078125		0.14051889448	0.764519474215
0.30109375		0.140111656272	0.763964943469
0.30140625		0.139703794893	0.763408351188
0.30171875		0.139295306823	0.762849680765
0.30203125		0.138886188502	0.76228891538
0.30234375		0.138476436337	0.761726038004
0.30265625		0.138066046695	0.761161031394
0.30296875		0.137655015907	0.760593878085
0.30328125		0.137243340264	0.76002456039
0.30359375		0.136831016021	0.759453060396
0.30390625		0.136418039389	0.758879359961
0.30421875		0.136004406544	0.758303440704
0.30453125		0.135590113618	0.757725284009
0.30484375		0.135175156702	0.757144871016
0.30515625		0.134759531847	0.756562182617
0.30546875		0.134343235059	0.755977199453
0.30578125		0.133926262303	0.755389901908
0.30609375		0.133508609497	0.754800270106
0.30640625		0.133090272518	0.754208283906
0.30671875		0.132671247195	0.753613922895
0.30703125		0.132251529313	0.753017166384
0.30734375		0.131831114608	0.752417993408
0.30765625		0.13140999877	0.751816382712
0.30796875		0.130988177442	0.751212312751
0.30828125		0.130565646214	0.750605761686
0.30859375		0.13014240063	0.749996707374
0.30890625		0.129718436182	0.749385127366
0.30921875		0.12929374831	0.748770998898
0.30953125		0.128868332403	0.748154298889
0.30984375		0.128442183794	0.747535003932
0.31015625		0.128015297766	0.746913090287
0.31046875		0.127587669545	0.746288533879
0.31078125		0.127159294299	0.745661310285
0.31109375		0.126730167143	0.745031394734
0.31140625		0.126300283132	0.744398762095
0.31171875		0.125869637262	0.743763386874
0.31203125		0.125438224472	0.743125243202
0.31234375		0.125006039636	0.742484304834
0.31265625		0.124573077569	0.741840545134
0.31296875		0.124139333022	0.741193937074
0.31328125		0.123704800683	0.740544453221
0.31359375		0.123269475174	0.739892065732
0.31390625		0.122833351051	0.739236746345
0.31421875		0.122396422803	0.738578466368
0.31453125		0.121958684848	0.737917196675
0.31484375		0.121520131538	0.73725290769
0.31515625		0.12108075715	0.736585569386
0.31546875		0.120640555891	0.735915151269
0.31578125		0.120199521893	0.73524162237
0.31609375		0.119757649215	0.734564951237
0.31640625		0.119314931836	0.733885105922
0.31671875		0.118871363659	0.733202053972
0.31703125		0.11842693851	0.732515762417
0.31734375		0.117981650129	0.73182619776
0.31765625		0.117535492177	0.731133325965
0.31796875		0.117088458232	0.730437112444
0.31828125		0.116640541783	0.729737522048
0.31859375		0.116191736234	0.72903451905
0.31890625		0.115742034901	0.728328067137
0.31921875		0.115291431007	0.727618129393
0.31953125		0.114839917685	0.726904668288
0.31984375		0.114387487971	0.726187645662
0.32015625		0.113934134809	0.725467022714
0.32046875		0.113479851042	0.724742759981
0.32078125		0.113024629414	0.72401481733
0.32109375		0.112568462567	0.723283153937
0.32140625		0.112111343038	0.722547728275
0.32171875		0.111653263262	0.721808498095
0.32203125		0.11119421556	0.721065420407
0.32234375		0.110734192147	0.720318451467
0.32265625		0.110273185123	0.719567546757
0.32296875		0.109811186475	0.718812660965
0.32328125		0.10934818807	0.718053747966
0.32359375		0.108884181657	0.717290760805
0.32390625		0.10841915886	0.716523651672
0.32421875		0.107953111182	0.715752371887
0.32453125		0.107486029995	0.71497687187
0.32484375		0.10701790654	0.714197101128
0.32515625		0.106548731927	0.713413008225
0.32546875		0.106078497128	0.712624540758
0.32578125		0.105607192976	0.71183164534
0.32609375		0.105134810162	0.711034267564
0.32640625		0.104661339231	0.710232351985
0.32671875		0.104186770578	0.709425842089
0.32703125		0.103711094447	0.708614680265
0.32734375		0.103234300927	0.707798807779
0.32765625		0.102756379946	0.706978164739
0.32796875		0.102277321269	0.706152690069
0.32828125		0.101797114495	0.705322321475
0.32859375		0.101315749052	0.70448699541
0.32890625		0.100833214193	0.703646647044
0.32921875		0.100349498993	0.702801210225
0.32953125		0.0998645923414	0.701950617442
0.32984375		0.0993784829426	0.701094799793
0.33015625		0.0988911593073	0.700233686936
0.33046875		0.0984026097495	0.699367207057
0.33078125		0.0979128223815	0.698495286824
0.33109375		0.0974217851087	0.697617851343
0.33140625		0.0969294856246	0.696734824114
0.33171875		0.0964359114052	0.695846126982
0.33203125		0.0959410497036	0.694951680092
0.33234375		0.0954448875446	0.694051401835
0.33265625		0.0949474117181	0.693145208797
0.33296875		0.0944486087737	0.692233015703
0.33328125		0.0939484650138	0.691314735363
0.33359375		0.0934469664877	0.690390278614
0.33390625		0.0929440989843	0.689459554253
0.33421875		0.0924398480252	0.688522468982
0.33453125		0.0919341988578	0.687578927333
0.33484375		0.0914271364475	0.68662883161
0.33515625		0.0909186454701	0.685672081807
0.33546875		0.0904087103034	0.684708575543
0.33578125		0.0898973150195	0.683738207977
0.33609375		0.0893844433757	0.682760871733
0.33640625		0.0888700788055	0.681776456816
0.33671875		0.0883542044097	0.680784850522
0.33703125		0.0878368029464	0.679785937348
0.33734375		0.087317856821	0.678779598898
0.33765625		0.0867973480762	0.677765713785
0.33796875		0.0862752583807	0.676744157525
0.33828125		0.0857515690185	0.675714802431
0.33859375		0.0852262608765	0.674677517501
0.33890625		0.0846993144334	0.673632168301
0.33921875		0.0841707097462	0.672578616839
0.33953125		0.0836404264375	0.671516721439
0.33984375		0.083108443682	0.670446336608
0.34015625		0.0825747401919	0.669367312893
0.34046875		0.0820392942024	0.668279496735
0.34078125		0.0815020834562	0.667182730314
0.34109375		0.0809630851873	0.66607685139
0.34140625		0.0804222761045	0.664961693131
0.34171875		0.0798796323738	0.663837083938
0.34203125		0.0793351295999	0.662702847257
0.34234375		0.0787887428078	0.661558801384
0.34265625		0.0782404464221	0.660404759261
0.34296875		0.0776902142469	0.659240528259
0.34328125		0.0771380194436	0.658065909954
0.34359375		0.0765838345083	0.656880699883
0.34390625		0.0760276312482	0.655684687299
0.34421875		0.0754693807564	0.654477654904
0.34453125		0.074909053386	0.653259378572
0.34484375		0.0743466187227	0.652029627054
0.34515625		0.0737820455562	0.65078816167
0.34546875		0.0732153018498	0.64953473598
0.34578125		0.0726463547095	0.648269095444
0.34609375		0.0720751703502	0.646990977054
0.34640625		0.0715017140611	0.645700108947
0.34671875		0.0709259501692	0.644396210002
0.34703125		0.0703478420008	0.643078989407
0.34734375		0.0697673518405	0.6417481462
0.34765625		0.0691844408892	0.640403368786
0.34796875		0.0685990692186	0.639044334421
0.34828125		0.0680111957238	0.637670708668
0.34859375		0.0674207780734	0.636282144818
0.34890625		0.0668277726564	0.63487828327
0.34921875		0.0662321345266	0.633458750877
0.34953125		0.0656338173433	0.632023160246
0.34984375		0.0650327733088	0.630571108993
0.35015625		0.0644289531021	0.629102178949
0.35046875		0.0638223058092	0.627615935313
0.35078125		0.063212778848	0.626111925742
0.35109375		0.0626003178898	0.624589679381
0.35140625		0.0619848667752	0.623048705829
0.35171875		0.0613663674251	0.621488494022
0.35203125		0.0607447597454	0.619908511039
0.35234375		0.0601199815261	0.618308200825
0.35265625		0.0594919683336	0.616686982804
0.35296875		0.0588606533956	0.615044250404
0.35328125		0.0582259674779	0.613379369457
0.35359375		0.0575878387537	0.61169167647
0.35390625		0.0569461926626	0.609980476772
0.35421875		0.0563009517598	0.608245042494
0.35453125		0.0556520355549	0.606484610393
0.35484375		0.0549993603382	0.60469837949
0.35515625		0.0543428389942	0.602885508506
0.35546875		0.0536823808005	0.601045113072
0.35578125		0.0530178912121	0.599176262695
0.35609375		0.0523492716268	0.597277977449
0.35640625		0.0516764191338	0.595349224364
0.35671875		0.05099922624	0.593388913467
0.35703125		0.0503175805739	0.591395893459
0.35734375		0.049631364565	0.589368946958
0.35765625		0.0489404550936	0.587306785274
0.35796875		0.0482447231115	0.585208042652
0.35828125		0.0475440332266	0.583071269917
0.35859375		0.0468382432503	0.580894927447
0.35890625		0.0461272037013	0.578677377385
0.35921875		0.0454107572617	0.57641687498
0.35953125		0.0446887381799	0.574111558958
0.35984375		0.0439609716122	0.571759440768
0.36015625		0.0432272728972	0.569358392547
0.36046875		0.0424874467527	0.56690613362
0.36078125		0.0417412863859	0.564400215318
0.36109375		0.0409885725045	0.561838003837
0.36140625		0.0402290722146	0.559216660845
0.36171875		0.0394625377904	0.556533121466
0.36203125		0.0386887052947	0.553784069185
0.36234375		0.0379072930298	0.550965907173
0.36265625		0.0371179997909	0.548074725362
0.36296875		0.0363205028911	0.54510626252
0.36328125		0.0355144559194	0.542055862355
0.36359375		0.0346994861878	0.538918422505
0.36390625		0.0338751918117	0.535688334956
0.36421875		0.0330411383568	0.53235941611
0.36453125		0.0321968549728	0.528924824254
0.36484375		0.0313418299139	0.525376961591
0.36515625		0.0304755053216	0.521707357235
0.36546875		0.0295972711184	0.517906526523
0.36578125		0.028706457819	0.513963800648
0.36609375		0.0278023280151	0.509867118745
0.36640625		0.0268840662249	0.505602772003
0.36671875		0.0259507667051	0.501155085879
0.36703125		0.0250014187063	0.496506021454
0.36734375		0.0240348884874	0.491634669911
0.36765625		0.0230498971749	0.486516603687
0.36796875		0.0220449932393	0.481123032565
0.36828125		0.0210185179043	0.475419689661
0.36859375		0.019968561147	0.469365336323
0.36890625		0.0188929049806	0.462909717721
0.36921875		0.0177889492419	0.455990707334
0.36953125		0.0166536128499	0.448530220186
0.36984375		0.0154831999152	0.440428196446
0.37015625		0.0142732142192	0.431553445678
0.37046875		0.0130180956551	0.421729151703
0.37078125		0.0117108345816	0.410708793867
0.37109375		0.0103423864737	0.398133673924
0.37140625		0.0089007366112	0.383451929147
0.37171875		0.00736925482839	0.365746511621
0.37203125		0.00572289997686	0.343301379628
0.37234375		0.00404147932834	0.31465673051
0.37265625		0.0024918516299	0.278766065598
0.37296875		0.00123911390813	0.234019337093
0.37328125		0.000405709149612	0.176920495061
0.37359375		1.7697612208e-05	0.0802060859138
0.37390625		5.81917358827e-09	0.0108671112903
0.37421875		4.11327668755e-09	0.0100000716846
0.37453125		4.11315253235e-09	0.0100000000049
0.37484375		4.11315252376e-09	0.01
0.37515625		4.11315252376e-09	0.01
0.37546875		4.11315252376e-09	0.01
0.37578125		4.11315252376e-09	0.01
0.37609375		4.11315252376e-09	0.01
0.37640625		4.11315252376e-09	0.01
0.37671875		4.11315252376e-09	0.01
0.37703125		4.11315252376e-09	0.01
0.37734375		4.11315252376e-09	0.01
0.37765625		4.11315252376e-09	0.01
0.37796875		4.11315252376e-09	0.01
0.37828125		4.11315252376e-09	0.01
0.37859375		4.11315252376e-09	0.01
0.37890625		4.11315252376e-09	0.01
0.37921875		4.11315252376e-09	0.01
0.37953125		4.11315252376e-09	0.01
0.37984375		4.11315252376e-09	0.01
0.38015625		4.11315252376e-09	0.01
0.38046875		4.11315252376e-09	0.01
0.38078125		4.11315252376e-09	0.01
0.38109375		4.11315252376e-09	0.01
0.38140625		4.11315252376e-09	0.01
0.38171875		4.11315252376e-09	0.01
0.38203125		4.11315252376e-09	0.01
0.38234375		4.11315252376e-09	0.01
0.38265625		4.11315252376e-09	0.01
0.38296875		4.11315252376e-09	0.01
0.38328125		4.11315252376e-09	0.01
0.38359375		4.11315252376e-09	0.01
0.38390625		4.11315252376e-09	0.01
0.38421875		4.11315252376e-09	0.01
0.38453125		4.11315252376e-09	0.01
0.38484375		4.11315252376e-09	0.01
0.38515625		4.11315252376e-09	0.01
0.38546875		4.11315252376e-09	0.01
0.38578125		4.11315252376e-09	0.01
0.38609375		4.11315252376e-09	0.01
0.38640625		4.11315252376e-09	0.01
0.38671875		4.11315252376e-09	0.01
0.38703125		4.11315252376e-09	0.01
0.38734375		4.11315252376e-09	0.01
0.38765625		4.11315252376e-09	0.01
0.38796875		4.11315252376e-09	0.01
0.38828125		4.11315252376e-09	0.01
0.38859375		4.11315252376e-09	0.01
0.38890625		4.11315252376e-09	0.01
0.38921875		4.11315252376e-09	0.01
0.38953125		4.11315252376e-09	0.01
0.38984375		4.11315252376e-09	0.01
0.39015625		4.11315252376e-09	0.01
0.39046875		4.11315252376e-09	0.01
0.39078125		4.11315252376e-09	0.01
0.39109375		4.11315252376e-09	0.01
0.39140625		4.11315252376e-09	0.01
0.39171875		4.11315252376e-09	0.01
0.39203125		4.11315252376e-09	0.01
0.39234375		4.11315252376e-09	0.01
0.39265625		4.11315252376e-09	0.01
0.39296875		4.11315252376e-09	0.01
0.39328125		4.11315252376e-09	0.01
0.39359375		4.11315252376e-09	0.01
0.39390625		4.11315252376e-09	0.01
0.39421875		4.11315252376e-09	0.01
0.39453125		4.11315252376e-09	0.01
0.39484375		4.11315252376e-09	0.01
0.39515625		4.11315252376e-09	0.01
0.39546875		4.11315252376e-09	0.01
0.39578125		4.11315252376e-09	0.01
0.39609375		4.11315252376e-09	0.01
0.39640625		4.11315252376e-09	0.01
0.39671875		4.11315252376e-09	0.01
0.39703125		4.11315252376e-09	0.01
0.39734375		4.11315252376e-09	0.01
0.39765625		4.11315252376e-09	0.01
0.39796875		4.11315252376e-09	0.01
0.39828125		4.11315252376e-09	0.01
0.39859375		4.11315252376e-09	0.01
0.39890625		4.11315252376e-09	0.01
0.39921875		4.11315252376e-09	0.01
0.39953125		4.11315252376e-09	0.01
0.39984375		4.11315252376e-09	0.01
0.40015625		4.11315252376e-09	0.01
0.40046875		4.11315252376e-09	0.01
0.40078125		4.11315252376e-09	0.01
0.40109375		4.11315252376e-09	0.01
0.40140625		4.11315252376e-09	0.01
0.40171875		4.11315252376e-09	0.01
0.40203125		4.11315252376e-09	0.01
0.40234375		4.11315252376e-09	0.01
0.40265625		4.11315252376e-09	0.01
0.40296875		4.11315252376e-09	0.01
0.40328125		4.11315252376e-09	0.01
0.40359375		4.11315252376e-09	0.01
0.40390625		4.11315252376e-09	0.01
0.40421875		4.11315252376e-09	0.01
0.40453125		4.11315252376e-09	0.01
0.40484375		4.11315252376e-09	0.01
0.40515625		4.11315252376e-09	0.01
0.40546875		4.11315252376e-09	0.01
0.40578125		4.11315252376e-09	0.01
0.40609375		4.11315252376e-09	0.01
0.40640625		4.11315252376e-09	0.01
0.40671875		4.11315252376e-09	0.01
0.40703125		4.11315252376e-09	0.01
0.40734375		4.11315252376e-09	0.01
0.40765625		4.11315252376e-09	0.01
0.40796875		4.11315252376e-09	0.01
0.40828125		4.11315252376e-09	0.01
0.40859375		4.11315252376e-09	0.01
0.40890625		4.11315252376e-09	0.01
0.40921875		4.11315252376e-09	0.01
0.40953125		4.11315252376e-09	0.01
0.40984375		4.11315252376e-09	0.01
0.41015625		4.11315252376e-09	0.01
0.41046875		4.11315252376e-09	0.01
0.41078125		4.11315252376e-09	0.01
0.41109375		4.11315252376e-09	0.01
0.41140625		4.11315252376e-09	0.01
0.41171875		4.11315252376e-09	0.01
0.41203125		4.11315252376e-09	0.01
0.41234375		4.11315252376e-09	0.01
0.41265625		4.11315252376e-09	0.01
0.41296875		4.11315252376e-09	0.01
0.41328125		4.11315252376e-09	0.01
0.41359375		4.11315252376e-09	0.01
0.41390625		4.11315252376e-09	0.01
0.41421875		4.11315252376e-09	0.01
0.41453125		4.11315252376e-09	0.01
0.41484375		4.11315252376e-09	0.01
0.41515625		4.11315252376e-09	0.01
0.41546875		4.11315252376e-09	0.01
0.41578125		4.11315252376e-09	0.01
0.41609375		4.11315252376e-09	0.01
0.41640625		4.11315252376e-09	0.01
0.41671875		4.11315252376e-09	0.01
0.41703125		4.11315252376e-09	0.01
0.41734375		4.11315252376e-09	0.01
0.41765625		4.11315252376e-09	0.01
0.41796875		4.11315252376e-09	0.01
0.41828125		4.11315252376e-09	0.01
0.41859375		4.11315252376e-09	0.01
0.41890625		4.11315252376e-09	0.01
0.41921875		4.11315252376e-09	0.01
0.41953125		4.11315252376e-09	0.01
0.41984375		4.11315252376e-09	0.01
0.42015625		4.11315252376e-09	0.01
0.42046875		4.11315252376e-09	0.01
0.42078125		4.11315252376e-09	0.01
0.42109375		4.11315252376e-09	0.01
0.42140625		4.11315252376e-09	0.01
0.42171875		4.11315252376e-09	0.01
0.42203125		4.11315252376e-09	0.01
0.42234375		4.11315252376e-09	0.01
0.42265625		4.11315252376e-09	0.01
0.42296875		4.11315252376e-09	0.01
0.42328125		4.11315252376e-09	0.01
0.42359375		4.11315252376e-09	0.01
0.42390625		4.11315252376e-09	0.01
0.42421875		4.11315252376e-09	0.01
0.42453125		4.11315252376e-09	0.01
0.42484375		4.11315252376e-09	0.01
0.42515625		4.11315252376e-09	0.01
0.42546875		4.11315252376e-09	0.01
0.42578125		4.11315252376e-09	0.01
0.42609375		4.11315252376e-09	0.01
0.42640625		4.11315252376e-09	0.01
0.42671875		4.11315252376e-09	0.01
0.42703125		4.11315252376e-09	0.01
0.42734375		4.11315252376e-09	0.01
0.42765625		4.11315252376e-09	0.01
0.42796875		4.11315252376e-09	0.01
0.42828125		4.11315252376e-09	0.01
0.42859375		4.11315252376e-09	0.01
0.42890625		4.11315252376e-09	0.01
0.42921875		4.11315252376e-09	0.01
0.42953125		4.11315252376e-09	0.01
0.42984375		4.11315252376e-09	0.01
0.43015625		4.11315252376e-09	0.01
0.43046875		4.11315252376e-09	0.01
0.43078125		4.11315252376e-09	0.01
0.43109375		4.11315252376e-09	0.01
0.43140625		4.11315252376e-09	0.01
0.43171875		4.11315252376e-09	0.01
0.43203125		4.11315252376e-09	0.01
0.43234375		4.11315252376e-09	0.01
0.43265625		4.11315252376e-09	0.01
0.43296875		4.11315252376e-09	0.01
0.43328125		4.11315252376e-09	0.01
0.43359375		4.11315252376e-09	0.01
0.43390625		4.11315252376e-09	0.01
0.43421875		4.11315252376e-09	0.01
0.43453125		4.11315252376e-09	0.01
0.43484375		4.11315252376e-09	0.01
0.43515625		4.11315252376e-09	0.01
0.43546875		4.11315252376e-09	0.01
0.43578125		4.11315252376e-09	0.01
0.43609375		4.11315252376e-09	0.01
0.43640625		4.11315252376e-09	0.01
0.43671875		4.11315252376e-09	0.01
0.43703125		4.11315252376e-09	0.01
0.43734375		4.11315252376e-09	0.01
0.43765625		4.11315252376e-09	0.01
0.43796875		4.11315252376e-09	0.01
0.43828125		4.11315252376e-09	0.01
0.43859375		4.11315252376e-09	0.01
0.43890625		4.11315252376e-09	0.01
0.43921875		4.11315252376e-09	0.01
0.43953125		4.11315252376e-09	0.01
0.43984375		4.11315252376e-09	0.01
0.44015625		4.11315252376e-09	0.01
0.44046875		4.11315252376e-09	0.01
0.44078125		4.11315252376e-09	0.01
0.44109375		4.11315252376e-09	0.01
0.44140625		4.11315252376e-09	0.01
0.44171875		4.11315252376e-09	0.01
0.44203125		4.11315252376e-09	0.01
0.44234375		4.11315252376e-09	0.01
0.44265625		4.11315252376e-09	0.01
0.44296875		4.11315252376e-09	0.01
0.44328125		4.11315252376e-09	0.01
0.44359375		4.11315252376e-09	0.01
0.44390625		4.11315252376e-09	0.01
0.44421875		4.11315252376e-09	0.01
0.44453125		4.11315252376e-09	0.01
0.44484375		4.11315252376e-09	0.01
0.44515625		4.11315252376e-09	0.01
0.44546875		4.11315252376e-09	0.01
0.44578125		4.11315252376e-09	0.01
0.44609375		4.11315252376e-09	0.01
0.44640625		4.11315252376e-09	0.01
0.44671875		4.11315252376e-09	0.01
0.44703125		4.11315252376e-09	0.01
0.44734375		4.11315252376e-09	0.01
0.44765625		4.11315252376e-09	0.01
0.44796875		4.11315252376e-09	0.01
0.44828125		4.11315252376e-09	0.01
0.44859375		4.11315252376e-09	0.01
0.44890625		4.11315252376e-09	0.01
0.44921875		4.11315252376e-09	0.01
0.44953125		4.11315252376e-09	0.01
0.44984375		4.11315252376e-09	0.01
0.45015625		4.11315252376e-09	0.01
0.45046875		4.11315252376e-09	0.01
0.45078125		4.11315252376e-09	0.01
0.45109375		4.11315252376e-09	0.01
0.45140625		4.11315252376e-09	0.01
0.45171875		4.11315252376e-09	0.01
0.45203125		4.11315252376e-09	0.01
0.45234375		4.11315252376e-09	0.01
0.45265625		4.11315252376e-09	0.01
0.45296875		4.11315252376e-09	0.01
0.45328125		4.11315252376e-09	0.01
0.45359375		4.11315252376e-09	0.01
0.45390625		4.11315252376e-09	0.01
0.45421875		4.11315252376e-09	0.01
0.45453125		4.11315252376e-09	0.01
0.45484375		4.11315252376e-09	0.01
0.45515625		4.11315252376e-09	0.01
0.45546875		4.11315252376e-09	0.01
0.45578125		4.11315252376e-09	0.01
0.45609375		4.11315252376e-09	0.01
0.45640625		4.11315252376e-09	0.01
0.45671875		4.11315252376e-09	0.01
0.45703125		4.11315252376e-09	0.01
0.45734375		4.11315252376e-09	0.01
0.45765625		4.11315252376e-09	0.01
0.45796875		4.11315252376e-09	0.01
0.45828125		4.11315252376e-09	0.01
0.45859375		4.11315252376e-09	0.01
0.45890625		4.11315252376e-09	0.01
0.45921875		4.11315252376e-09	0.01
0.45953125		4.11315252376e-09	0.01
0.45984375		4.11315252376e-09	0.01
0.46015625		4.11315252376e-09	0.01
0.46046875		4.11315252376e-09	0.01
0.46078125		4.11315252376e-09	0.01
0.46109375		4.11315252376e-09	0.01
0.46140625		4.11315252376e-09	0.01
0.46171875		4.11315252376e-09	0.01
0.46203125		4.11315252376e-09	0.01
0.46234375		4.11315252376e-09	0.01
0.46265625		4.11315252376e-09	0.01
0.46296875		4.11315252376e-09	0.01
0.46328125		4.11315252376e-09	0.01
0.46359375		4.11315252376e-09	0.01
0.46390625		4.11315252376e-09	0.01
0.46421875		4.11315252376e-09	0.01
0.46453125		4.11315252376e-09	0.01
0.46484375		4.11315252376e-09	0.01
0.46515625		4.11315252376e-09	0.01
0.46546875		4.11315252376e-09	0.01
0.46578125		4.11315252376e-09	0.01
0.46609375		4.11315252376e-09	0.01
0.46640625		4.11315252376e-09	0.01
0.46671875		4.11315252376e-09	0.01
0.46703125		4.11315252376e-09	0.01
0.46734375		4.11315252376e-09	0.01
0.46765625		4.11315252376e-09	0.01
0.46796875		4.11315252376e-09	0.01
0.46828125		4.11315252376e-09	0.01
0.46859375		4.11315252376e-09	0.01
0.46890625		4.11315252376e-09	0.01
0.46921875		4.11315252376e-09	0.01
0.46953125		4.11315252376e-09	0.01
0.46984375		4.11315252376e-09	0.01
0.47015625		4.11315252376e-09	0.01
0.47046875		4.11315252376e-09	0.01
0.47078125		4.11315252376e-09	0.01
0.47109375		4.11315252376e-09	0.01
0.47140625		4.11315252376e-09	0.01
0.47171875		4.11315252376e-09	0.01
0.47203125		4.11315252376e-09	0.01
0.47234375		4.11315252376e-09	0.01
0.47265625		4.11315252376e-09	0.01
0.47296875		4.11315252376e-09	0.01
0.47328125		4.11315252376e-09	0.01
0.47359375		4.11315252376e-09	0.01
0.47390625		4.11315252376e-09	0.01
0.47421875		4.11315252376e-09	0.01
0.47453125		4.11315252376e-09	0.01
0.47484375		4.11315252376e-09	0.01
0.47515625		4.11315252376e-09	0.01
0.47546875		4.11315252376e-09	0.01
0.47578125		4.11315252376e-09	0.01
0.47609375		4.11315252376e-09	0.01
0.47640625		4.11315252376e-09	0.01
0.47671875		4.11315252376e-09	0.01
0.47703125		4.11315252376e-09	0.01
0.47734375		4.11315252376e-09	0.01
0.47765625		4.11315252376e-09	0.01
0.47796875		4.11315252376e-09	0.01
0.47828125		4.11315252376e-09	0.01
0.47859375		4.11315252376e-09	0.01
0.47890625		4.11315252376e-09	0.01
0.47921875		4.11315252376e-09	0.01
0.47953125		4.11315252376e-09	0.01
0.47984375		4.11315252376e-09	0.01
0.48015625		4.11315252376e-09	0.01
0.48046875		4.11315252376e-09	0.01
0.48078125		4.11315252376e-09	0.01
0.48109375		4.11315252376e-09	0.01
0.48140625		4.11315252376e-09	0.01
0.48171875		4.11315252376e-09	0.01
0.48203125		4.11315252376e-09	0.01
0.48234375		4.11315252376e-09	0.01
0.48265625		4.11315252376e-09	0.01
0.48296875		4.11315252376e-09	0.01
0.48328125		4.11315252376e-09	0.01
0.48359375		4.11315252376e-09	0.01
0.48390625		4.11315252376e-09	0.01
0.48421875		4.11315252376e-09	0.01
0.48453125		4.11315252376e-09	0.01
0.48484375		4.11315252376e-09	0.01
0.48515625		4.11315252376e-09	0.01
0.48546875		4.11315252376e-09	0.01
0.48578125		4.11315252376e-09	0.01
0.48609375		4.11315252376e-09	0.01
0.48640625		4.11315252376e-09	0.01
0.48671875		4.11315252376e-09	0.01
0.48703125		4.11315252376e-09	0.01
0.48734375		4.11315252376e-09	0.01
0.48765625		4.11315252376e-09	0.01
0.48796875		4.11315252376e-09	0.01
0.48828125		4.11315252376e-09	0.01
0.48859375		4.11315252376e-09	0.01
0.48890625		4.11315252376e-09	0.01
0.48921875		4.11315252376e-09	0.01
0.48953125		4.11315252376e-09	0.01
0.48984375		4.11315252376e-09	0.01
0.49015625		4.11315252376e-09	0.01
0.49046875		4.11315252376e-09	0.01
0.49078125		4.11315252376e-09	0.01
0.49109375		4.11315252376e-09	0.01
0.49140625		4.11315252376e-09	0.01
0.49171875		4.11315252376e-09	0.01
0.49203125		4.11315252376e-09	0.01
0.49234375		4.11315252376e-09	0.01
0.49265625		4.11315252376e-09	0.01
0.49296875		4.11315252376e-09	0.01
0.49328125		4.11315252376e-09	0.01
0.49359375		4.11315252376e-09	0.01
0.49390625		4.11315252376e-09	0.01
0.49421875		4.11315252376e-09	0.01
0.49453125		4.11315252376e-09	0.01
0.49484375		4.11315252376e-09	0.01
0.49515625		4.11315252376e-09	0.01
0.49546875		4.11315252376e-09	0.01
0.49578125		4.11315252376e-09	0.01
0.49609375		4.11315252376e-09	0.01
0.49640625		4.11315252376e-09	0.01
0.49671875		4.11315252376e-09	0.01
0.49703125		4.11315252376e-09	0.01
0.49734375		4.11315252376e-09	0.01
0.49765625		4.11315252376e-09	0.01
0.49796875		4.11315252376e-09	0.01
0.49828125		4.11315252376e-09	0.01
0.49859375		4.11315252376e-09	0.01
0.49890625		4.11315252376e-09	0.01
0.49921875		4.11315252376e-09	0.01
0.49953125		4.11315252376e-09	0.01
0.49984375		4.11315252376e-09	0.01
