0.00015625		0.409237616494	0.998734815001
0.00046875		0.408930053874	0.998546623507
0.00078125		0.408511687733	0.998291411865
0.00109375		0.408083656962	0.998029929029
0.00140625		0.407684015043	0.997785524347
0.00171875		0.407301896256	0.99755164256
0.00203125		0.406930585673	0.997324215003
0.00234375		0.406566508993	0.997101065292
0.00265625		0.40620757636	0.996880920681
0.00296875		0.405852416271	0.996662946138
0.00328125		0.405499969071	0.996446495117
0.00359375		0.405149439545	0.996231081645
0.00390625		0.404800293674	0.996016379264
0.00421875		0.404452186467	0.995802177158
0.00453125		0.404104875449	0.995588327067
0.00484375		0.403758172552	0.995374713878
0.00515625		0.403411918096	0.995161239658
0.00546875		0.403065979741	0.994947823021
0.00578125		0.402720261269	0.994734404706
0.00609375		0.402374693798	0.99452094224
0.00640625		0.402029221776	0.994307401231
0.00671875		0.401683803169	0.994093755629
0.00703125		0.401338401824	0.993879982897
0.00734375		0.400992990302	0.993666065815
0.00765625		0.400647536768	0.993451984387
0.00796875		0.400302010995	0.993237719644
0.00828125		0.399956390274	0.993023257216
0.00859375		0.399610656216	0.99280858535
0.00890625		0.39926479403	0.992593694507
0.00921875		0.398918791347	0.992378576627
0.00953125		0.398572637222	0.992163224517
0.00984375		0.398226321416	0.991947631398
0.01015625		0.397879834921	0.991731791248
0.01046875		0.397533170394	0.991515699067
0.01078125		0.397186321872	0.991299350703
0.01109375		0.396839284379	0.991082742604
0.01140625		0.396492053531	0.990865871582
0.01171875		0.396144625393	0.990648734723
0.01203125		0.395796996463	0.990431329372
0.01234375		0.395449163622	0.990213653109
0.01265625		0.395101124082	0.989995703714
0.01296875		0.394752875358	0.98977747915
0.01328125		0.394404415294	0.989558977584
0.01359375		0.394055742055	0.989340197376
0.01390625		0.393706854007	0.989121137009
0.01421875		0.393357749609	0.98890179502
0.01453125		0.393008427414	0.988682170002
0.01484375		0.392658886112	0.988462260628
0.01515625		0.392309124536	0.988242065659
0.01546875		0.391959141638	0.988021583926
0.01578125		0.391608936458	0.987800814315
0.01609375		0.391258508109	0.987579755752
0.01640625		0.390907855761	0.987358407196
0.01671875		0.390556978636	0.987136767638
0.01703125		0.390205876001	0.986914836092
0.01734375		0.389854547173	0.986692611602
0.01765625		0.389502991514	0.986470093237
0.01796875		0.389151208415	0.986247280083
0.01828125		0.388799197289	0.986024171234
0.01859375		0.388446957566	0.985800765798
0.01890625		0.388094488701	0.985577062889
0.01921875		0.387741790167	0.985353061634
0.01953125		0.387388861457	0.98512876117
0.01984375		0.387035702079	0.98490416064
0.02015625		0.386682311552	0.984679259191
0.02046875		0.386328689404	0.984454055974
0.02078125		0.385974835173	0.984228550143
0.02109375		0.385620748404	0.984002740854
0.02140625		0.385266428651	0.983776627267
0.02171875		0.384911875475	0.983550208543
0.02203125		0.38455708844	0.983323483842
0.02234375		0.384202067114	0.983096452326
0.02265625		0.383846811071	0.982869113155
0.02296875		0.383491319886	0.98264146549
0.02328125		0.383135593137	0.982413508489
0.02359375		0.382779630403	0.98218524131
0.02390625		0.382423431268	0.98195666311
0.02421875		0.382066995315	0.981727773042
0.02453125		0.381710322126	0.981498570261
0.02484375		0.381353411289	0.981269053915
0.02515625		0.380996262389	0.981039223153
0.02546875		0.380638875012	0.98080907712
0.02578125		0.380281248743	0.98057861496
0.02609375		0.37992338317	0.980347835812
0.02640625		0.379565277877	0.980116738815
0.02671875		0.379206932452	0.979885323101
0.02703125		0.378848346478	0.979653587802
0.02734375		0.37848951954	0.979421532047
0.02765625		0.378130451222	0.97918915496
0.02796875		0.377771141108	0.978956455662
0.02828125		0.377411588779	0.978723433272
0.02859375		0.377051793817	0.978490086905
0.02890625		0.376691755803	0.978256415672
0.02921875		0.376331474315	0.97802241868
0.02953125		0.375970948932	0.977788095034
0.02984375		0.37561017923	0.977553443834
0.03015625		0.375249164787	0.977318464176
0.03046875		0.374887905177	0.977083155154
0.03078125		0.374526399972	0.976847515858
0.03109375		0.374164648746	0.976611545371
0.03140625		0.373802651069	0.976375242777
0.03171875		0.373440406511	0.976138607153
0.03203125		0.37307791464	0.975901637573
0.03234375		0.372715175023	0.975664333106
0.03265625		0.372352187224	0.975426692818
0.03296875		0.37198895081	0.975188715772
0.03328125		0.37162546534	0.974950401024
0.03359375		0.371261730378	0.97471174763
0.03390625		0.370897745481	0.974472754638
0.03421875		0.37053351021	0.974233421094
0.03453125		0.37016902412	0.97399374604
0.03484375		0.369804286766	0.973753728512
0.03515625		0.369439297701	0.973513367544
0.03546875		0.369074056479	0.973272662164
0.03578125		0.368708562648	0.973031611397
0.03609375		0.368342815758	0.972790214262
0.03640625		0.367976815356	0.972548469776
0.03671875		0.367610560989	0.97230637695
0.03703125		0.367244052198	0.972063934791
0.03734375		0.366877288529	0.971821142302
0.03765625		0.36651026952	0.97157799848
0.03796875		0.366142994711	0.971334502319
0.03828125		0.36577546364	0.971090652809
0.03859375		0.365407675842	0.970846448934
0.03890625		0.365039630852	0.970601889675
0.03921875		0.364671328202	0.970356974006
0.03953125		0.364302767423	0.970111700899
0.03984375		0.363933948045	0.96986606932
0.04015625		0.363564869593	0.96962007823
0.04046875		0.363195531593	0.969373726587
0.04078125		0.362825933571	0.969127013341
0.04109375		0.362456075048	0.968879937442
0.04140625		0.362085955544	0.96863249783
0.04171875		0.361715574577	0.968384693445
0.04203125		0.361344931666	0.968136523219
0.04234375		0.360974026325	0.967887986079
0.04265625		0.360602858067	0.967639080949
0.04296875		0.360231426404	0.967389806748
0.04328125		0.359859730845	0.967140162387
0.04359375		0.359487770898	0.966890146776
0.04390625		0.359115546069	0.966639758817
0.04421875		0.358743055863	0.966388997409
0.04453125		0.358370299782	0.966137861443
0.04484375		0.357997277325	0.965886349809
0.04515625		0.357623987993	0.965634461389
0.04546875		0.35725043128	0.96538219506
0.04578125		0.356876606684	0.965129549693
0.04609375		0.356502513695	0.964876524158
0.04640625		0.356128151805	0.964623117313
0.04671875		0.355753520503	0.964369328017
0.04703125		0.355378619277	0.96411515512
0.04734375		0.355003447611	0.963860597467
0.04765625		0.354628004989	0.963605653899
0.04796875		0.354252290891	0.963350323249
0.04828125		0.353876304798	0.963094604348
0.04859375		0.353500046186	0.962838496018
0.04890625		0.35312351453	0.962581997078
0.04921875		0.352746709305	0.96232510634
0.04953125		0.35236962998	0.96206782261
0.04984375		0.351992276026	0.96181014469
0.05015625		0.351614646909	0.961552071375
0.05046875		0.351236742094	0.961293601454
0.05078125		0.350858561045	0.961034733712
0.05109375		0.350480103223	0.960775466925
0.05140625		0.350101368085	0.960515799866
0.05171875		0.34972235509	0.960255731301
0.05203125		0.349343063691	0.95999525999
0.05234375		0.348963493341	0.959734384687
0.05265625		0.34858364349	0.959473104141
0.05296875		0.348203513587	0.959211417093
0.05328125		0.347823103077	0.958949322279
0.05359375		0.347442411404	0.958686818429
0.05390625		0.347061438011	0.958423904268
0.05421875		0.346680182335	0.958160578511
0.05453125		0.346298643816	0.95789683987
0.05484375		0.345916821886	0.95763268705
0.05515625		0.34553471598	0.957368118749
0.05546875		0.345152325528	0.95710313366
0.05578125		0.344769649958	0.956837730467
0.05609375		0.344386688695	0.95657190785
0.05640625		0.344003441164	0.956305664482
0.05671875		0.343619906786	0.956038999028
0.05703125		0.34323608498	0.955771910148
0.05734375		0.342851975162	0.955504396494
0.05765625		0.342467576747	0.955236456713
0.05796875		0.342082889147	0.954968089443
0.05828125		0.341697911771	0.954699293317
0.05859375		0.341312644026	0.954430066962
0.05890625		0.340927085318	0.954160408994
0.05921875		0.340541235049	0.953890318027
0.05953125		0.340155092618	0.953619792665
0.05984375		0.339768657423	0.953348831506
0.06015625		0.339381928859	0.95307743314
0.06046875		0.338994906319	0.952805596151
0.06078125		0.338607589193	0.952533319115
0.06109375		0.338219976867	0.952260600602
0.06140625		0.337832068728	0.951987439173
0.06171875		0.337443864158	0.951713833382
0.06203125		0.337055362537	0.951439781778
0.06234375		0.336666563241	0.9511652829
0.06265625		0.336277465646	0.95089033528
0.06296875		0.335888069125	0.950614937442
0.06328125		0.335498373046	0.950339087904
0.06359375		0.335108376776	0.950062785176
0.06390625		0.334718079681	0.949786027758
0.06421875		0.33432748112	0.949508814146
0.06453125		0.333936580455	0.949231142826
0.06484375		0.33354537704	0.948953012275
0.06515625		0.333153870229	0.948674420964
0.06546875		0.332762059373	0.948395367357
0.06578125		0.332369943821	0.948115849906
0.06609375		0.331977522917	0.94783586706
0.06640625		0.331584796004	0.947555417255
0.06671875		0.331191762422	0.947274498923
0.06703125		0.330798421508	0.946993110485
0.06734375		0.330404772596	0.946711250354
0.06765625		0.330010815017	0.946428916937
0.06796875		0.329616548099	0.946146108628
0.06828125		0.329221971169	0.945862823817
0.06859375		0.328827083549	0.945579060884
0.06890625		0.328431884557	0.945294818199
0.06921875		0.328036373513	0.945010094125
0.06953125		0.327640549728	0.944724887015
0.06984375		0.327244412514	0.944439195215
0.07015625		0.326847961179	0.94415301706
0.07046875		0.326451195027	0.943866350878
0.07078125		0.326054113361	0.943579194986
0.07109375		0.325656715479	0.943291547693
0.07140625		0.325259000678	0.9430034073
0.07171875		0.324860968248	0.942714772097
0.07203125		0.324462617481	0.942425640365
0.07234375		0.324063947662	0.942136010377
0.07265625		0.323664958074	0.941845880395
0.07296875		0.323265647999	0.941555248673
0.07328125		0.322866016712	0.941264113454
0.07359375		0.322466063487	0.940972472971
0.07390625		0.322065787595	0.940680325451
0.07421875		0.321665188303	0.940387669107
0.07453125		0.321264264875	0.940094502143
0.07484375		0.320863016571	0.939800822756
0.07515625		0.320461442649	0.93950662913
0.07546875		0.320059542363	0.939211919439
0.07578125		0.319657314964	0.938916691849
0.07609375		0.319254759698	0.938620944514
0.07640625		0.318851875809	0.938324675579
0.07671875		0.318448662539	0.938027883177
0.07703125		0.318045119124	0.937730565432
0.07734375		0.317641244797	0.937432720456
0.07765625		0.317237038789	0.937134346354
0.07796875		0.316832500326	0.936835441215
0.07828125		0.316427628631	0.936536003121
0.07859375		0.316022422924	0.936236030142
0.07890625		0.31561688242	0.935935520338
0.07921875		0.315211006331	0.935634471756
0.07953125		0.314804793867	0.935332882434
0.07984375		0.314398244232	0.935030750398
0.08015625		0.313991356628	0.934728073662
0.08046875		0.313584130252	0.93442485023
0.08078125		0.313176564297	0.934121078094
0.08109375		0.312768657955	0.933816755233
0.08140625		0.312360410411	0.933511879618
0.08171875		0.311951820848	0.933206449204
0.08203125		0.311542888444	0.932900461938
0.08234375		0.311133612375	0.932593915752
0.08265625		0.310723991811	0.932286808569
0.08296875		0.31031402592	0.931979138296
0.08328125		0.309903713864	0.931670902832
0.08359375		0.309493054802	0.931362100062
0.08390625		0.309082047891	0.931052727857
0.08421875		0.30867069228	0.930742784079
0.08453125		0.308258987117	0.930432266574
0.08484375		0.307846931545	0.930121173177
0.08515625		0.307434524703	0.929809501711
0.08546875		0.307021765725	0.929497249984
0.08578125		0.306608653743	0.929184415794
0.08609375		0.306195187883	0.928870996922
0.08640625		0.305781367266	0.928556991139
0.08671875		0.305367191012	0.928242396203
0.08703125		0.304952658233	0.927927209855
0.08734375		0.304537768039	0.927611429826
0.08765625		0.304122519536	0.927295053832
0.08796875		0.303706911823	0.926978079576
0.08828125		0.303290943997	0.926660504746
0.08859375		0.30287461515	0.926342327017
0.08890625		0.30245792437	0.92602354405
0.08921875		0.302040870738	0.92570415349
0.08953125		0.301623453335	0.925384152971
0.08984375		0.301205671233	0.92506354011
0.09015625		0.300787523502	0.92474231251
0.09046875		0.300369009206	0.92442046776
0.09078125		0.299950127406	0.924098003433
0.09109375		0.299530877157	0.923774917089
0.09140625		0.299111257509	0.923451206272
0.09171875		0.298691267508	0.92312686851
0.09203125		0.298270906195	0.922801901316
0.09234375		0.297850172606	0.922476302189
0.09265625		0.297429065773	0.922150068612
0.09296875		0.297007584723	0.921823198051
0.09328125		0.296585728475	0.921495687957
0.09359375		0.296163496049	0.921167535766
0.09390625		0.295740886454	0.920838738896
0.09421875		0.295317898697	0.920509294751
0.09453125		0.29489453178	0.920179200717
0.09484375		0.294470784699	0.919848454165
0.09515625		0.294046656445	0.919517052447
0.09546875		0.293622146004	0.919184992901
0.09578125		0.293197252357	0.918852272846
0.09609375		0.29277197448	0.918518889585
0.09640625		0.292346311342	0.918184840405
0.09671875		0.291920261908	0.917850122572
0.09703125		0.291493825139	0.917514733338
0.09734375		0.291066999987	0.917178669936
0.09765625		0.290639785401	0.916841929581
0.09796875		0.290212180325	0.916504509471
0.09828125		0.289784183695	0.916166406785
0.09859375		0.289355794445	0.915827618684
0.09890625		0.288927011499	0.91548814231
0.09921875		0.288497833778	0.915147974787
0.09953125		0.288068260198	0.914807113221
0.09984375		0.287638289668	0.914465554698
0.10015625		0.28720792109	0.914123296285
0.10046875		0.286777153362	0.913780335029
0.10078125		0.286345985375	0.91343666796
0.10109375		0.285914416016	0.913092292086
0.10140625		0.285482444163	0.912747204397
0.10171875		0.28505006869	0.912401401861
0.10203125		0.284617288465	0.912054881427
0.10234375		0.284184102349	0.911707640024
0.10265625		0.283750509197	0.911359674561
0.10296875		0.283316507857	0.911010981924
0.10328125		0.282882097173	0.91066155898
0.10359375		0.28244727598	0.910311402575
0.10390625		0.28201204311	0.909960509533
0.10421875		0.281576397384	0.909608876657
0.10453125		0.28114033762	0.909256500728
0.10484375		0.280703862628	0.908903378504
0.10515625		0.280266971213	0.908549506724
0.10546875		0.279829662171	0.908194882102
0.10578125		0.279391934294	0.907839501331
0.10609375		0.278953786364	0.907483361081
0.10640625		0.278515217158	0.907126457998
0.10671875		0.278076225448	0.906768788706
0.10703125		0.277636809996	0.906410349806
0.10734375		0.277196969558	0.906051137875
0.10765625		0.276756702884	0.905691149466
0.10796875		0.276316008715	0.905330381108
0.10828125		0.275874885787	0.904968829306
0.10859375		0.275433332827	0.904606490541
0.10890625		0.274991348557	0.904243361269
0.10921875		0.274548931689	0.90387943792
0.10953125		0.274106080929	0.903514716902
0.10984375		0.273662794976	0.903149194593
0.11015625		0.27321907252	0.902782867349
0.11046875		0.272774912245	0.9024157315
0.11078125		0.272330312826	0.902047783347
0.11109375		0.271885272933	0.901679019168
0.11140625		0.271439791224	0.901309435212
0.11171875		0.270993866353	0.900939027703
0.11203125		0.270547496963	0.900567792836
0.11234375		0.270100681693	0.900195726779
0.11265625		0.269653419169	0.899822825674
0.11296875		0.269205708014	0.899449085633
0.11328125		0.268757546839	0.89907450274
0.11359375		0.268308934248	0.898699073053
0.11390625		0.267859868838	0.898322792598
0.11421875		0.267410349195	0.897945657373
0.11453125		0.266960373899	0.897567663347
0.11484375		0.266509941521	0.89718880646
0.11515625		0.266059050622	0.896809082621
0.11546875		0.265607699755	0.896428487708
0.11578125		0.265155887466	0.89604701757
0.11609375		0.26470361229	0.895664668026
0.11640625		0.264250872754	0.89528143486
0.11671875		0.263797667376	0.894897313828
0.11703125		0.263343994665	0.894512300653
0.11734375		0.26288985312	0.894126391027
0.11765625		0.262435241232	0.893739580607
0.11796875		0.261980157483	0.89335186502
0.11828125		0.261524600343	0.892963239857
0.11859375		0.261068568277	0.892573700679
0.11890625		0.260612059736	0.89218324301
0.11921875		0.260155073164	0.891791862341
0.11953125		0.259697606994	0.89139955413
0.11984375		0.25923965965	0.891006313798
0.12015625		0.258781229547	0.890612136731
0.12046875		0.258322315088	0.89021701828
0.12078125		0.257862914666	0.889820953761
0.12109375		0.257403026667	0.889423938452
0.12140625		0.256942649462	0.889025967594
0.12171875		0.256481781416	0.888627036392
0.12203125		0.256020420881	0.888227140014
0.12234375		0.255558566198	0.887826273589
0.12265625		0.255096215701	0.887424432207
0.12296875		0.254633367709	0.887021610921
0.12328125		0.254170020532	0.886617804744
0.12359375		0.25370617247	0.886213008649
0.12390625		0.25324182181	0.885807217569
0.12421875		0.25277696683	0.885400426399
0.12453125		0.252311605795	0.884992629988
0.12484375		0.251845736959	0.88458382315
0.12515625		0.251379358565	0.884174000652
0.12546875		0.250912468845	0.883763157221
0.12578125		0.250445066018	0.883351287542
0.12609375		0.249977148292	0.882938386255
0.12640625		0.249508713863	0.882524447959
0.12671875		0.249039760915	0.882109467205
0.12703125		0.248570287619	0.881693438503
0.12734375		0.248100292136	0.881276356316
0.12765625		0.247629772612	0.880858215062
0.12796875		0.247158727183	0.880439009114
0.12828125		0.246687153971	0.880018732795
0.12859375		0.246215051084	0.879597380384
0.12890625		0.24574241662	0.879174946112
0.12921875		0.245269248662	0.878751424161
0.12953125		0.244795545281	0.878326808663
0.12984375		0.244321304534	0.877901093704
0.13015625		0.243846524465	0.877474273316
0.13046875		0.243371203104	0.877046341484
0.13078125		0.242895338469	0.87661729214
0.13109375		0.242418928562	0.876187119166
0.13140625		0.241941971373	0.87575581639
0.13171875		0.241464464877	0.875323377587
0.13203125		0.240986407034	0.874889796481
0.13234375		0.240507795792	0.87445506674
0.13265625		0.240028629082	0.874019181977
0.13296875		0.239548904823	0.873582135751
0.13328125		0.239068620916	0.873143921564
0.13359375		0.238587775251	0.872704532862
0.13390625		0.238106365699	0.872263963032
0.13421875		0.237624390119	0.871822205407
0.13453125		0.237141846352	0.871379253256
0.13484375		0.236658732225	0.870935099792
0.13515625		0.23617504555	0.870489738168
0.13546875		0.235690784121	0.870043161475
0.13578125		0.235205945718	0.869595362742
0.13609375		0.234720528103	0.869146334936
0.13640625		0.234234529023	0.868696070962
0.13671875		0.233747946208	0.868244563661
0.13703125		0.233260777372	0.867791805807
0.13734375		0.23277302021	0.867337790112
0.13765625		0.232284672402	0.86688250922
0.13796875		0.231795731611	0.866425955708
0.13828125		0.23130619548	0.865968122084
0.13859375		0.230816061637	0.86550900079
0.13890625		0.230325327691	0.865048584197
0.13921875		0.229833991233	0.864586864604
0.13953125		0.229342049837	0.864123834242
0.13984375		0.228849501056	0.863659485267
0.14015625		0.228356342427	0.863193809762
0.14046875		0.227862571467	0.862726799738
0.14078125		0.227368185674	0.86225844713
0.14109375		0.226873182527	0.861788743796
0.14140625		0.226377559486	0.861317681518
0.14171875		0.22588131399	0.860845252
0.14203125		0.225384443459	0.860371446867
0.14234375		0.224886945294	0.859896257664
0.14265625		0.224388816873	0.859419675855
0.14296875		0.223890055556	0.858941692822
0.14328125		0.223390658681	0.858462299865
0.14359375		0.222890623566	0.857981488198
0.14390625		0.222389947505	0.85749924895
0.14421875		0.221888627775	0.857015573165
0.14453125		0.221386661626	0.856530451797
0.14484375		0.220884046291	0.856043875714
0.14515625		0.220380778976	0.855555835693
0.14546875		0.21987685687	0.855066322419
0.14578125		0.219372277134	0.854575326485
0.14609375		0.218867036908	0.854082838392
0.14640625		0.218361133311	0.853588848543
0.14671875		0.217854563434	0.853093347249
0.14703125		0.217347324347	0.85259632472
0.14734375		0.216839413095	0.852097771069
0.14765625		0.2163308267	0.851597676308
0.14796875		0.215821562158	0.851096030349
0.14828125		0.215311616439	0.850592822998
0.14859375		0.214800986489	0.850088043961
0.14890625		0.214289669229	0.849581682834
0.14921875		0.213777661552	0.849073729108
0.14953125		0.213264960327	0.848564172165
0.14984375		0.212751562396	0.848053001277
0.15015625		0.212237464572	0.847540205604
0.15046875		0.211722663643	0.847025774191
0.15078125		0.21120715637	0.846509695969
0.15109375		0.210690939483	0.845991959754
0.15140625		0.210174009686	0.845472554241
0.15171875		0.209656363655	0.844951468006
0.15203125		0.209137998036	0.844428689504
0.15234375		0.208618909446	0.843904207065
0.15265625		0.208099094471	0.843378008894
0.15296875		0.207578549669	0.84285008307
0.15328125		0.207057271567	0.842320417541
0.15359375		0.20653525666	0.841789000126
0.15390625		0.206012501412	0.841255818509
0.15421875		0.205489002258	0.840720860242
0.15453125		0.204964755598	0.840184112737
0.15484375		0.2044397578	0.839645563269
0.15515625		0.203914005201	0.839105198971
0.15546875		0.203387494102	0.838563006835
0.15578125		0.202860220773	0.838018973704
0.15609375		0.202332181447	0.837473086277
0.15640625		0.201803372326	0.836925331101
0.15671875		0.201273789572	0.836375694572
0.15703125		0.200743429317	0.835824162932
0.15734375		0.200212287653	0.835270722265
0.15765625		0.199680360636	0.834715358496
0.15796875		0.199147644288	0.834158057391
0.15828125		0.198614134589	0.833598804547
0.15859375		0.198079827485	0.833037585399
0.15890625		0.19754471888	0.832474385209
0.15921875		0.197008804643	0.83190918907
0.15953125		0.196472080599	0.831341981898
0.15984375		0.195934542537	0.830772748432
0.16015625		0.195396186201	0.83020147323
0.16046875		0.194857007298	0.829628140669
0.16078125		0.194317001491	0.829052734937
0.16109375		0.1937761644	0.828475240034
0.16140625		0.193234491604	0.827895639768
0.16171875		0.192691978636	0.827313917751
0.16203125		0.192148620986	0.826730057395
0.16234375		0.191604414101	0.826144041913
0.16265625		0.191059353378	0.82555585431
0.16296875		0.190513434173	0.824965477383
0.16328125		0.189966651791	0.824372893717
0.16359375		0.189419001491	0.823778085681
0.16390625		0.188870478485	0.823181035426
0.16421875		0.188321077934	0.822581724876
0.16453125		0.187770794951	0.821980135733
0.16484375		0.187219624598	0.821376249465
0.16515625		0.186667561885	0.820770047305
0.16546875		0.186114601772	0.820161510248
0.16578125		0.185560739164	0.819550619048
0.16609375		0.185005968916	0.818937354209
0.16640625		0.184450285825	0.818321695984
0.16671875		0.183893684635	0.817703624372
0.16703125		0.183336160034	0.817083119108
0.16734375		0.182777706652	0.816460159666
0.16765625		0.182218319063	0.815834725247
0.16796875		0.181657991782	0.81520679478
0.16828125		0.181096719264	0.814576346913
0.16859375		0.180534495903	0.81394336001
0.16890625		0.179971316033	0.813307812144
0.16921875		0.179407173926	0.812669681096
0.16953125		0.178842063789	0.812028944343
0.16984375		0.178275979766	0.811385579058
0.17015625		0.177708915936	0.810739562104
0.17046875		0.177140866311	0.810090870023
0.17078125		0.176571824835	0.809439479037
0.17109375		0.176001785384	0.808785365037
0.17140625		0.175430741764	0.80812850358
0.17171875		0.174858687713	0.807468869878
0.17203125		0.174285616892	0.806806438799
0.17234375		0.173711522892	0.806141184853
0.17265625		0.173136399231	0.805473082188
0.17296875		0.172560239348	0.804802104586
0.17328125		0.171983036608	0.804128225449
0.17359375		0.171404784295	0.8034514178
0.17390625		0.170825475616	0.802771654267
0.17421875		0.170245103697	0.802088907082
0.17453125		0.16966366158	0.801403148071
0.17484375		0.169081142224	0.800714348644
0.17515625		0.168497538505	0.800022479788
0.17546875		0.167912843209	0.79932751206
0.17578125		0.167327049036	0.798629415576
0.17609375		0.166740148597	0.797928160004
0.17640625		0.16615213441	0.797223714552
0.17671875		0.165562998901	0.796516047963
0.17703125		0.164972734401	0.7958051285
0.17734375		0.164381333146	0.79509092394
0.17765625		0.163788787272	0.794373401564
0.17796875		0.163195088818	0.793652528144
0.17828125		0.16260022972	0.792928269932
0.17859375		0.162004201809	0.792200592652
0.17890625		0.161406996813	0.791469461489
0.17921875		0.160808606352	0.790734841071
0.17953125		0.160209021937	0.789996695467
0.17984375		0.159608234967	0.789254988164
0.18015625		0.159006236728	0.788509682064
0.18046875		0.15840301839	0.787760739465
0.18078125		0.157798571006	0.78700812205
0.18109375		0.157192885508	0.786251790871
0.18140625		0.156585952707	0.78549170634
0.18171875		0.155977763286	0.784727828209
0.18203125		0.155368307806	0.783960115557
0.18234375		0.154757576693	0.783188526779
0.18265625		0.154145560244	0.782413019561
0.18296875		0.15353224862	0.781633550873
0.18328125		0.152917631844	0.780850076947
0.18359375		0.152301699801	0.780062553262
0.18390625		0.151684442228	0.779270934526
0.18421875		0.151065848721	0.778475174656
0.18453125		0.150445908724	0.777675226762
0.18484375		0.14982461153	0.776871043127
0.18515625		0.149201946274	0.776062575186
0.18546875		0.148577901936	0.775249773504
0.18578125		0.147952467331	0.774432587761
0.18609375		0.147325631112	0.773610966723
0.18640625		0.146697381759	0.772784858224
0.18671875		0.146067707581	0.771954209142
0.18703125		0.145436596713	0.771118965373
0.18734375		0.144804037107	0.770279071811
0.18765625		0.144170016532	0.769434472317
0.18796875		0.143534522568	0.768585109696
0.18828125		0.142897542605	0.76773092567
0.18859375		0.142259063834	0.76687186085
0.18890625		0.141619073245	0.766007854703
0.18921875		0.140977557625	0.765138845531
0.18953125		0.140334503549	0.76426477043
0.18984375		0.139689897376	0.763385565266
0.19015625		0.139043725247	0.762501164637
0.19046875		0.138395973077	0.761611501842
0.19078125		0.13774662655	0.760716508845
0.19109375		0.137095671116	0.759816116238
0.19140625		0.136443091981	0.758910253203
0.19171875		0.135788874107	0.757998847475
0.19203125		0.135133002199	0.757081825299
0.19234375		0.134475460707	0.756159111389
0.19265625		0.133816233811	0.755230628888
0.19296875		0.133155305423	0.754296299316
0.19328125		0.132492659174	0.753356042533
0.19359375		0.131828278408	0.752409776681
0.19390625		0.131162146178	0.751457418142
0.19421875		0.130494245235	0.750498881481
0.19453125		0.129824558024	0.749534079396
0.19484375		0.129153066671	0.748562922658
0.19515625		0.12847975298	0.747585320059
0.19546875		0.127804598421	0.746601178346
0.19578125		0.127127584123	0.745610402163
0.19609375		0.126448690863	0.744612893983
0.19640625		0.12576789906	0.743608554044
0.19671875		0.125085188762	0.742597280276
0.19703125		0.124400539637	0.741578968229
0.19734375		0.123713930963	0.740553510999
0.19765625		0.123025341618	0.739520799148
0.19796875		0.122334750065	0.738480720621
0.19828125		0.121642134345	0.737433160664
0.19859375		0.120947472064	0.736378001731
0.19890625		0.120250740377	0.735315123394
0.19921875		0.11955191598	0.734244402246
0.19953125		0.118850975093	0.733165711801
0.19984375		0.118147893447	0.732078922389
0.20015625		0.117442646271	0.730983901043
0.20046875		0.116735208275	0.729880511393
0.20078125		0.116025553634	0.728768613538
0.20109375		0.115313655975	0.727648063926
0.20140625		0.114599488356	0.726518715223
0.20171875		0.11388302325	0.725380416177
0.20203125		0.11316423253	0.724233011478
0.20234375		0.112443087443	0.723076341602
0.20265625		0.111719558596	0.721910242665
0.20296875		0.110993615934	0.720734546253
0.20328125		0.110265228717	0.719549079252
0.20359375		0.109534365498	0.718353663672
0.20390625		0.108800994099	0.717148116456
0.20421875		0.10806508159	0.715932249285
0.20453125		0.107326594259	0.714705868371
0.20484375		0.106585497588	0.713468774237
0.20515625		0.105841756223	0.712220761495
0.20546875		0.105095333947	0.710961618601
0.20578125		0.104346193648	0.709691127605
0.20609375		0.10359429729	0.708409063885
0.20640625		0.102839605874	0.707115195869
0.20671875		0.102082079409	0.705809284741
0.20703125		0.101321676872	0.704491084129
0.20734375		0.100558356169	0.70316033978
0.20765625		0.0997920740975	0.701816789215
0.20796875		0.0990227863029	0.700460161365
0.20828125		0.0982504472329	0.699090176186
0.20859375		0.0974750100926	0.697706544252
0.20890625		0.0966964267944	0.696308966325
0.20921875		0.0959146479068	0.694897132902
0.20953125		0.0951296226	0.693470723729
0.20984375		0.0943412985889	0.692029407295
0.21015625		0.0935496220726	0.690572840284
0.21046875		0.0927545376711	0.689100667005
0.21078125		0.0919559883579	0.687612518777
0.21109375		0.0911539153897	0.686108013285
0.21140625		0.0903482582312	0.68458675388
0.21171875		0.0895389544765	0.683048328852
0.21203125		0.088725939765	0.681492310641
0.21234375		0.0879091476929	0.679918255004
0.21265625		0.0870885097197	0.678325700119
0.21296875		0.0862639550684	0.676714165635
0.21328125		0.0854354106197	0.67508315165
0.21359375		0.0846028008004	0.673432137622
0.21390625		0.0837660474634	0.671760581196
0.21421875		0.0829250697614	0.670067916958
0.21453125		0.0820797840115	0.668353555079
0.21484375		0.0812301035512	0.666616879878
0.21515625		0.0803759385847	0.664857248261
0.21546875		0.0795171960187	0.663073988046
0.21578125		0.0786537792874	0.661266396156
0.21609375		0.077785588164	0.659433736672
0.21640625		0.0769125185602	0.657575238719
0.21671875		0.0760344623102	0.65569009419
0.21703125		0.0751513069394	0.653777455272
0.21734375		0.074262935415	0.651836431761
0.21765625		0.0733692258784	0.649866088152
0.21796875		0.0724700513565	0.647865440463
0.21828125		0.0715652794502	0.645833452782
0.21859375		0.0706547719976	0.643769033493
0.21890625		0.0697383847104	0.641671031149
0.21921875		0.0688159667789	0.639538229962
0.21953125		0.0678873604443	0.637369344842
0.21984375		0.066952400533	0.635163015959
0.22015625		0.0660109139508	0.632917802745
0.22046875		0.0650627191301	0.630632177283
0.22078125		0.0641076254272	0.628304517003
0.22109375		0.0631454324619	0.62593309658
0.22140625		0.0621759293941	0.623516078958
0.22171875		0.0611988941289	0.621051505341
0.22203125		0.0602140924412	0.61853728405
0.22234375		0.0592212770107	0.615971178055
0.22265625		0.0582201863543	0.613350790993
0.22296875		0.0572105436429	0.610673551461
0.22328125		0.0561920553872	0.607936695301
0.22359375		0.0551644099728	0.605137245573
0.22390625		0.054127276025	0.60227198983
0.22421875		0.0530803005756	0.599337454258
0.22453125		0.052023107004	0.596329874136
0.22484375		0.0509552927151	0.593245159963
0.22515625		0.0498764265136	0.590078858475
0.22546875		0.0487860456225	0.58682610758
0.22578125		0.047683652286	0.583481584032
0.22609375		0.0465687098824	0.580039442398
0.22640625		0.0454406384582	0.576493243493
0.22671875		0.0442988095729	0.572835870026
0.22703125		0.0431425403202	0.569059426597
0.22734375		0.0419710863584	0.565155120407
0.22765625		0.0407836337393	0.561113118019
0.22796875		0.0395792892751	0.556922372138
0.22828125		0.0383570691069	0.552570410514
0.22859375		0.0371158850497	0.548043076543
0.22890625		0.0358545281604	0.543324207607
0.22921875		0.0345716488096	0.538395232279
0.22953125		0.0332657323057	0.533234660424
0.22984375		0.0319350688047	0.527817430048
0.23015625		0.0305777157874	0.522114059583
0.23046875		0.0291914507543	0.516089531537
0.23078125		0.0277737108603	0.509701798267
0.23109375		0.0263215148481	0.502899745067
0.23140625		0.0248313605809	0.495620355279
0.23171875		0.0232990882911	0.487784670149
0.23203125		0.0217196946177	0.479291871021
0.23234375		0.0200870742481	0.470010328686
0.23265625		0.0183936519656	0.459763539797
0.23296875		0.0166298430079	0.448306986405
0.23328125		0.0147832324952	0.435287817181
0.23359375		0.0128372658143	0.420169237109
0.23390625		0.0107689883521	0.402073829793
0.23421875		0.00854438312972	0.379406225135
0.23453125		0.00616489200239	0.349579903644
0.23484375		0.00384756027414	0.310585238702
0.23515625		0.00189421235925	0.259980363221
0.23546875		0.000588734974268	0.193893166851
0.23578125		7.55870130492e-06	0.0642251992042
0.23609375		4.4713508577e-09	0.010194132949
0.23640625		4.11316797408e-09	0.0100000085922
0.23671875		4.11315252432e-09	0.0100000000003
0.23703125		4.11315252376e-09	0.01
0.23734375		4.11315252376e-09	0.01
0.23765625		4.11315252376e-09	0.01
0.23796875		4.11315252376e-09	0.01
0.23828125		4.11315252376e-09	0.01
0.23859375		4.11315252376e-09	0.01
0.23890625		4.11315252376e-09	0.01
0.23921875		4.11315252376e-09	0.01
0.23953125		4.11315252376e-09	0.01
0.23984375		4.11315252376e-09	0.01
0.24015625		4.11315252376e-09	0.01
0.24046875		4.11315252376e-09	0.01
0.24078125		4.11315252376e-09	0.01
0.24109375		4.11315252376e-09	0.01
0.24140625		4.11315252376e-09	0.01
0.24171875		4.11315252376e-09	0.01
0.24203125		4.11315252376e-09	0.01
0.24234375		4.11315252376e-09	0.01
0.24265625		4.11315252376e-09	0.01
0.24296875		4.11315252376e-09	0.01
0.24328125		4.11315252376e-09	0.01
0.24359375		4.11315252376e-09	0.01
0.24390625		4.11315252376e-09	0.01
0.24421875		4.11315252376e-09	0.01
0.24453125		4.11315252376e-09	0.01
0.24484375		4.11315252376e-09	0.01
0.24515625		4.11315252376e-09	0.01
0.24546875		4.11315252376e-09	0.01
0.24578125		4.11315252376e-09	0.01
0.24609375		4.11315252376e-09	0.01
0.24640625		4.11315252376e-09	0.01
0.24671875		4.11315252376e-09	0.01
0.24703125		4.11315252376e-09	0.01
0.24734375		4.11315252376e-09	0.01
0.24765625		4.11315252376e-09	0.01
0.24796875		4.11315252376e-09	0.01
0.24828125		4.11315252376e-09	0.01
0.24859375		4.11315252376e-09	0.01
0.24890625		4.11315252376e-09	0.01
0.24921875		4.11315252376e-09	0.01
0.24953125		4.11315252376e-09	0.01
0.24984375		4.11315252376e-09	0.01
0.25015625		4.11315252376e-09	0.01
0.25046875		4.11315252376e-09	0.01
0.25078125		4.11315252376e-09	0.01
0.25109375		4.11315252376e-09	0.01
0.25140625		4.11315252376e-09	0.01
0.25171875		4.11315252376e-09	0.01
0.25203125		4.11315252376e-09	0.01
0.25234375		4.11315252376e-09	0.01
0.25265625		4.11315252376e-09	0.01
0.25296875		4.11315252376e-09	0.01
0.25328125		4.11315252376e-09	0.01
0.25359375		4.11315252376e-09	0.01
0.25390625		4.11315252376e-09	0.01
0.25421875		4.11315252376e-09	0.01
0.25453125		4.11315252376e-09	0.01
0.25484375		4.11315252376e-09	0.01
0.25515625		4.11315252376e-09	0.01
0.25546875		4.11315252376e-09	0.01
0.25578125		4.11315252376e-09	0.01
0.25609375		4.11315252376e-09	0.01
0.25640625		4.11315252376e-09	0.01
0.25671875		4.11315252376e-09	0.01
0.25703125		4.11315252376e-09	0.01
0.25734375		4.11315252376e-09	0.01
0.25765625		4.11315252376e-09	0.01
0.25796875		4.11315252376e-09	0.01
0.25828125		4.11315252376e-09	0.01
0.25859375		4.11315252376e-09	0.01
0.25890625		4.11315252376e-09	0.01
0.25921875		4.11315252376e-09	0.01
0.25953125		4.11315252376e-09	0.01
0.25984375		4.11315252376e-09	0.01
0.26015625		4.11315252376e-09	0.01
0.26046875		4.11315252376e-09	0.01
0.26078125		4.11315252376e-09	0.01
0.26109375		4.11315252376e-09	0.01
0.26140625		4.11315252376e-09	0.01
0.26171875		4.11315252376e-09	0.01
0.26203125		4.11315252376e-09	0.01
0.26234375		4.11315252376e-09	0.01
0.26265625		4.11315252376e-09	0.01
0.26296875		4.11315252376e-09	0.01
0.26328125		4.11315252376e-09	0.01
0.26359375		4.11315252376e-09	0.01
0.26390625		4.11315252376e-09	0.01
0.26421875		4.11315252376e-09	0.01
0.26453125		4.11315252376e-09	0.01
0.26484375		4.11315252376e-09	0.01
0.26515625		4.11315252376e-09	0.01
0.26546875		4.11315252376e-09	0.01
0.26578125		4.11315252376e-09	0.01
0.26609375		4.11315252376e-09	0.01
0.26640625		4.11315252376e-09	0.01
0.26671875		4.11315252376e-09	0.01
0.26703125		4.11315252376e-09	0.01
0.26734375		4.11315252376e-09	0.01
0.26765625		4.11315252376e-09	0.01
0.26796875		4.11315252376e-09	0.01
0.26828125		4.11315252376e-09	0.01
0.26859375		4.11315252376e-09	0.01
0.26890625		4.11315252376e-09	0.01
0.26921875		4.11315252376e-09	0.01
0.26953125		4.11315252376e-09	0.01
0.26984375		4.11315252376e-09	0.01
0.27015625		4.11315252376e-09	0.01
0.27046875		4.11315252376e-09	0.01
0.27078125		4.11315252376e-09	0.01
0.27109375		4.11315252376e-09	0.01
0.27140625		4.11315252376e-09	0.01
0.27171875		4.11315252376e-09	0.01
0.27203125		4.11315252376e-09	0.01
0.27234375		4.11315252376e-09	0.01
0.27265625		4.11315252376e-09	0.01
0.27296875		4.11315252376e-09	0.01
0.27328125		4.11315252376e-09	0.01
0.27359375		4.11315252376e-09	0.01
0.27390625		4.11315252376e-09	0.01
0.27421875		4.11315252376e-09	0.01
0.27453125		4.11315252376e-09	0.01
0.27484375		4.11315252376e-09	0.01
0.27515625		4.11315252376e-09	0.01
0.27546875		4.11315252376e-09	0.01
0.27578125		4.11315252376e-09	0.01
0.27609375		4.11315252376e-09	0.01
0.27640625		4.11315252376e-09	0.01
0.27671875		4.11315252376e-09	0.01
0.27703125		4.11315252376e-09	0.01
0.27734375		4.11315252376e-09	0.01
0.27765625		4.11315252376e-09	0.01
0.27796875		4.11315252376e-09	0.01
0.27828125		4.11315252376e-09	0.01
0.27859375		4.11315252376e-09	0.01
0.27890625		4.11315252376e-09	0.01
0.27921875		4.11315252376e-09	0.01
0.27953125		4.11315252376e-09	0.01
0.27984375		4.11315252376e-09	0.01
0.28015625		4.11315252376e-09	0.01
0.28046875		4.11315252376e-09	0.01
0.28078125		4.11315252376e-09	0.01
0.28109375		4.11315252376e-09	0.01
0.28140625		4.11315252376e-09	0.01
0.28171875		4.11315252376e-09	0.01
0.28203125		4.11315252376e-09	0.01
0.28234375		4.11315252376e-09	0.01
0.28265625		4.11315252376e-09	0.01
0.28296875		4.11315252376e-09	0.01
0.28328125		4.11315252376e-09	0.01
0.28359375		4.11315252376e-09	0.01
0.28390625		4.11315252376e-09	0.01
0.28421875		4.11315252376e-09	0.01
0.28453125		4.11315252376e-09	0.01
0.28484375		4.11315252376e-09	0.01
0.28515625		4.11315252376e-09	0.01
0.28546875		4.11315252376e-09	0.01
0.28578125		4.11315252376e-09	0.01
0.28609375		4.11315252376e-09	0.01
0.28640625		4.11315252376e-09	0.01
0.28671875		4.11315252376e-09	0.01
0.28703125		4.11315252376e-09	0.01
0.28734375		4.11315252376e-09	0.01
0.28765625		4.11315252376e-09	0.01
0.28796875		4.11315252376e-09	0.01
0.28828125		4.11315252376e-09	0.01
0.28859375		4.11315252376e-09	0.01
0.28890625		4.11315252376e-09	0.01
0.28921875		4.11315252376e-09	0.01
0.28953125		4.11315252376e-09	0.01
0.28984375		4.11315252376e-09	0.01
0.29015625		4.11315252376e-09	0.01
0.29046875		4.11315252376e-09	0.01
0.29078125		4.11315252376e-09	0.01
0.29109375		4.11315252376e-09	0.01
0.29140625		4.11315252376e-09	0.01
0.29171875		4.11315252376e-09	0.01
0.29203125		4.11315252376e-09	0.01
0.29234375		4.11315252376e-09	0.01
0.29265625		4.11315252376e-09	0.01
0.29296875		4.11315252376e-09	0.01
0.29328125		4.11315252376e-09	0.01
0.29359375		4.11315252376e-09	0.01
0.29390625		4.11315252376e-09	0.01
0.29421875		4.11315252376e-09	0.01
0.29453125		4.11315252376e-09	0.01
0.29484375		4.11315252376e-09	0.01
0.29515625		4.11315252376e-09	0.01
0.29546875		4.11315252376e-09	0.01
0.29578125		4.11315252376e-09	0.01
0.29609375		4.11315252376e-09	0.01
0.29640625		4.11315252376e-09	0.01
0.29671875		4.11315252376e-09	0.01
0.29703125		4.11315252376e-09	0.01
0.29734375		4.11315252376e-09	0.01
0.29765625		4.11315252376e-09	0.01
0.29796875		4.11315252376e-09	0.01
0.29828125		4.11315252376e-09	0.01
0.29859375		4.11315252376e-09	0.01
0.29890625		4.11315252376e-09	0.01
0.29921875		4.11315252376e-09	0.01
0.29953125		4.11315252376e-09	0.01
0.29984375		4.11315252376e-09	0.01
0.30015625		4.11315252376e-09	0.01
0.30046875		4.11315252376e-09	0.01
0.30078125		4.11315252376e-09	0.01
0.30109375		4.11315252376e-09	0.01
0.30140625		4.11315252376e-09	0.01
0.30171875		4.11315252376e-09	0.01
0.30203125		4.11315252376e-09	0.01
0.30234375		4.11315252376e-09	0.01
0.30265625		4.11315252376e-09	0.01
0.30296875		4.11315252376e-09	0.01
0.30328125		4.11315252376e-09	0.01
0.30359375		4.11315252376e-09	0.01
0.30390625		4.11315252376e-09	0.01
0.30421875		4.11315252376e-09	0.01
0.30453125		4.11315252376e-09	0.01
0.30484375		4.11315252376e-09	0.01
0.30515625		4.11315252376e-09	0.01
0.30546875		4.11315252376e-09	0.01
0.30578125		4.11315252376e-09	0.01
0.30609375		4.11315252376e-09	0.01
0.30640625		4.11315252376e-09	0.01
0.30671875		4.11315252376e-09	0.01
0.30703125		4.11315252376e-09	0.01
0.30734375		4.11315252376e-09	0.01
0.30765625		4.11315252376e-09	0.01
0.30796875		4.11315252376e-09	0.01
0.30828125		4.11315252376e-09	0.01
0.30859375		4.11315252376e-09	0.01
0.30890625		4.11315252376e-09	0.01
0.30921875		4.11315252376e-09	0.01
0.30953125		4.11315252376e-09	0.01
0.30984375		4.11315252376e-09	0.01
0.31015625		4.11315252376e-09	0.01
0.31046875		4.11315252376e-09	0.01
0.31078125		4.11315252376e-09	0.01
0.31109375		4.11315252376e-09	0.01
0.31140625		4.11315252376e-09	0.01
0.31171875		4.11315252376e-09	0.01
0.31203125		4.11315252376e-09	0.01
0.31234375		4.11315252376e-09	0.01
0.31265625		4.11315252376e-09	0.01
0.31296875		4.11315252376e-09	0.01
0.31328125		4.11315252376e-09	0.01
0.31359375		4.11315252376e-09	0.01
0.31390625		4.11315252376e-09	0.01
0.31421875		4.11315252376e-09	0.01
0.31453125		4.11315252376e-09	0.01
0.31484375		4.11315252376e-09	0.01
0.31515625		4.11315252376e-09	0.01
0.31546875		4.11315252376e-09	0.01
0.31578125		4.11315252376e-09	0.01
0.31609375		4.11315252376e-09	0.01
0.31640625		4.11315252376e-09	0.01
0.31671875		4.11315252376e-09	0.01
0.31703125		4.11315252376e-09	0.01
0.31734375		4.11315252376e-09	0.01
0.31765625		4.11315252376e-09	0.01
0.31796875		4.11315252376e-09	0.01
0.31828125		4.11315252376e-09	0.01
0.31859375		4.11315252376e-09	0.01
0.31890625		4.11315252376e-09	0.01
0.31921875		4.11315252376e-09	0.01
0.31953125		4.11315252376e-09	0.01
0.31984375		4.11315252376e-09	0.01
0.32015625		4.11315252376e-09	0.01
0.32046875		4.11315252376e-09	0.01
0.32078125		4.11315252376e-09	0.01
0.32109375		4.11315252376e-09	0.01
0.32140625		4.11315252376e-09	0.01
0.32171875		4.11315252376e-09	0.01
0.32203125		4.11315252376e-09	0.01
0.32234375		4.11315252376e-09	0.01
0.32265625		4.11315252376e-09	0.01
0.32296875		4.11315252376e-09	0.01
0.32328125		4.11315252376e-09	0.01
0.32359375		4.11315252376e-09	0.01
0.32390625		4.11315252376e-09	0.01
0.32421875		4.11315252376e-09	0.01
0.32453125		4.11315252376e-09	0.01
0.32484375		4.11315252376e-09	0.01
0.32515625		4.11315252376e-09	0.01
0.32546875		4.11315252376e-09	0.01
0.32578125		4.11315252376e-09	0.01
0.32609375		4.11315252376e-09	0.01
0.32640625		4.11315252376e-09	0.01
0.32671875		4.11315252376e-09	0.01
0.32703125		4.11315252376e-09	0.01
0.32734375		4.11315252376e-09	0.01
0.32765625		4.11315252376e-09	0.01
0.32796875		4.11315252376e-09	0.01
0.32828125		4.11315252376e-09	0.01
0.32859375		4.11315252376e-09	0.01
0.32890625		4.11315252376e-09	0.01
0.32921875		4.11315252376e-09	0.01
0.32953125		4.11315252376e-09	0.01
0.32984375		4.11315252376e-09	0.01
0.33015625		4.11315252376e-09	0.01
0.33046875		4.11315252376e-09	0.01
0.33078125		4.11315252376e-09	0.01
0.33109375		4.11315252376e-09	0.01
0.33140625		4.11315252376e-09	0.01
0.33171875		4.11315252376e-09	0.01
0.33203125		4.11315252376e-09	0.01
0.33234375		4.11315252376e-09	0.01
0.33265625		4.11315252376e-09	0.01
0.33296875		4.11315252376e-09	0.01
0.33328125		4.11315252376e-09	0.01
0.33359375		4.11315252376e-09	0.01
0.33390625		4.11315252376e-09	0.01
0.33421875		4.11315252376e-09	0.01
0.33453125		4.11315252376e-09	0.01
0.33484375		4.11315252376e-09	0.01
0.33515625		4.11315252376e-09	0.01
0.33546875		4.11315252376e-09	0.01
0.33578125		4.11315252376e-09	0.01
0.33609375		4.11315252376e-09	0.01
0.33640625		4.11315252376e-09	0.01
0.33671875		4.11315252376e-09	0.01
0.33703125		4.11315252376e-09	0.01
0.33734375		4.11315252376e-09	0.01
0.33765625		4.11315252376e-09	0.01
0.33796875		4.11315252376e-09	0.01
0.33828125		4.11315252376e-09	0.01
0.33859375		4.11315252376e-09	0.01
0.33890625		4.11315252376e-09	0.01
0.33921875		4.11315252376e-09	0.01
0.33953125		4.11315252376e-09	0.01
0.33984375		4.11315252376e-09	0.01
0.34015625		4.11315252376e-09	0.01
0.34046875		4.11315252376e-09	0.01
0.34078125		4.11315252376e-09	0.01
0.34109375		4.11315252376e-09	0.01
0.34140625		4.11315252376e-09	0.01
0.34171875		4.11315252376e-09	0.01
0.34203125		4.11315252376e-09	0.01
0.34234375		4.11315252376e-09	0.01
0.34265625		4.11315252376e-09	0.01
0.34296875		4.11315252376e-09	0.01
0.34328125		4.11315252376e-09	0.01
0.34359375		4.11315252376e-09	0.01
0.34390625		4.11315252376e-09	0.01
0.34421875		4.11315252376e-09	0.01
0.34453125		4.11315252376e-09	0.01
0.34484375		4.11315252376e-09	0.01
0.34515625		4.11315252376e-09	0.01
0.34546875		4.11315252376e-09	0.01
0.34578125		4.11315252376e-09	0.01
0.34609375		4.11315252376e-09	0.01
0.34640625		4.11315252376e-09	0.01
0.34671875		4.11315252376e-09	0.01
0.34703125		4.11315252376e-09	0.01
0.34734375		4.11315252376e-09	0.01
0.34765625		4.11315252376e-09	0.01
0.34796875		4.11315252376e-09	0.01
0.34828125		4.11315252376e-09	0.01
0.34859375		4.11315252376e-09	0.01
0.34890625		4.11315252376e-09	0.01
0.34921875		4.11315252376e-09	0.01
0.34953125		4.11315252376e-09	0.01
0.34984375		4.11315252376e-09	0.01
0.35015625		4.11315252376e-09	0.01
0.35046875		4.11315252376e-09	0.01
0.35078125		4.11315252376e-09	0.01
0.35109375		4.11315252376e-09	0.01
0.35140625		4.11315252376e-09	0.01
0.35171875		4.11315252376e-09	0.01
0.35203125		4.11315252376e-09	0.01
0.35234375		4.11315252376e-09	0.01
0.35265625		4.11315252376e-09	0.01
0.35296875		4.11315252376e-09	0.01
0.35328125		4.11315252376e-09	0.01
0.35359375		4.11315252376e-09	0.01
0.35390625		4.11315252376e-09	0.01
0.35421875		4.11315252376e-09	0.01
0.35453125		4.11315252376e-09	0.01
0.35484375		4.11315252376e-09	0.01
0.35515625		4.11315252376e-09	0.01
0.35546875		4.11315252376e-09	0.01
0.35578125		4.11315252376e-09	0.01
0.35609375		4.11315252376e-09	0.01
0.35640625		4.11315252376e-09	0.01
0.35671875		4.11315252376e-09	0.01
0.35703125		4.11315252376e-09	0.01
0.35734375		4.11315252376e-09	0.01
0.35765625		4.11315252376e-09	0.01
0.35796875		4.11315252376e-09	0.01
0.35828125		4.11315252376e-09	0.01
0.35859375		4.11315252376e-09	0.01
0.35890625		4.11315252376e-09	0.01
0.35921875		4.11315252376e-09	0.01
0.35953125		4.11315252376e-09	0.01
0.35984375		4.11315252376e-09	0.01
0.36015625		4.11315252376e-09	0.01
0.36046875		4.11315252376e-09	0.01
0.36078125		4.11315252376e-09	0.01
0.36109375		4.11315252376e-09	0.01
0.36140625		4.11315252376e-09	0.01
0.36171875		4.11315252376e-09	0.01
0.36203125		4.11315252376e-09	0.01
0.36234375		4.11315252376e-09	0.01
0.36265625		4.11315252376e-09	0.01
0.36296875		4.11315252376e-09	0.01
0.36328125		4.11315252376e-09	0.01
0.36359375		4.11315252376e-09	0.01
0.36390625		4.11315252376e-09	0.01
0.36421875		4.11315252376e-09	0.01
0.36453125		4.11315252376e-09	0.01
0.36484375		4.11315252376e-09	0.01
0.36515625		4.11315252376e-09	0.01
0.36546875		4.11315252376e-09	0.01
0.36578125		4.11315252376e-09	0.01
0.36609375		4.11315252376e-09	0.01
0.36640625		4.11315252376e-09	0.01
0.36671875		4.11315252376e-09	0.01
0.36703125		4.11315252376e-09	0.01
0.36734375		4.11315252376e-09	0.01
0.36765625		4.11315252376e-09	0.01
0.36796875		4.11315252376e-09	0.01
0.36828125		4.11315252376e-09	0.01
0.36859375		4.11315252376e-09	0.01
0.36890625		4.11315252376e-09	0.01
0.36921875		4.11315252376e-09	0.01
0.36953125		4.11315252376e-09	0.01
0.36984375		4.11315252376e-09	0.01
0.37015625		4.11315252376e-09	0.01
0.37046875		4.11315252376e-09	0.01
0.37078125		4.11315252376e-09	0.01
0.37109375		4.11315252376e-09	0.01
0.37140625		4.11315252376e-09	0.01
0.37171875		4.11315252376e-09	0.01
0.37203125		4.11315252376e-09	0.01
0.37234375		4.11315252376e-09	0.01
0.37265625		4.11315252376e-09	0.01
0.37296875		4.11315252376e-09	0.01
0.37328125		4.11315252376e-09	0.01
0.37359375		4.11315252376e-09	0.01
0.37390625		4.11315252376e-09	0.01
0.37421875		4.11315252376e-09	0.01
0.37453125		4.11315252376e-09	0.01
0.37484375		4.11315252376e-09	0.01
0.37515625		4.11315252376e-09	0.01
0.37546875		4.11315252376e-09	0.01
0.37578125		4.11315252376e-09	0.01
0.37609375		4.11315252376e-09	0.01
0.37640625		4.11315252376e-09	0.01
0.37671875		4.11315252376e-09	0.01
0.37703125		4.11315252376e-09	0.01
0.37734375		4.11315252376e-09	0.01
0.37765625		4.11315252376e-09	0.01
0.37796875		4.11315252376e-09	0.01
0.37828125		4.11315252376e-09	0.01
0.37859375		4.11315252376e-09	0.01
0.37890625		4.11315252376e-09	0.01
0.37921875		4.11315252376e-09	0.01
0.37953125		4.11315252376e-09	0.01
0.37984375		4.11315252376e-09	0.01
0.38015625		4.11315252376e-09	0.01
0.38046875		4.11315252376e-09	0.01
0.38078125		4.11315252376e-09	0.01
0.38109375		4.11315252376e-09	0.01
0.38140625		4.11315252376e-09	0.01
0.38171875		4.11315252376e-09	0.01
0.38203125		4.11315252376e-09	0.01
0.38234375		4.11315252376e-09	0.01
0.38265625		4.11315252376e-09	0.01
0.38296875		4.11315252376e-09	0.01
0.38328125		4.11315252376e-09	0.01
0.38359375		4.11315252376e-09	0.01
0.38390625		4.11315252376e-09	0.01
0.38421875		4.11315252376e-09	0.01
0.38453125		4.11315252376e-09	0.01
0.38484375		4.11315252376e-09	0.01
0.38515625		4.11315252376e-09	0.01
0.38546875		4.11315252376e-09	0.01
0.38578125		4.11315252376e-09	0.01
0.38609375		4.11315252376e-09	0.01
0.38640625		4.11315252376e-09	0.01
0.38671875		4.11315252376e-09	0.01
0.38703125		4.11315252376e-09	0.01
0.38734375		4.11315252376e-09	0.01
0.38765625		4.11315252376e-09	0.01
0.38796875		4.11315252376e-09	0.01
0.38828125		4.11315252376e-09	0.01
0.38859375		4.11315252376e-09	0.01
0.38890625		4.11315252376e-09	0.01
0.38921875		4.11315252376e-09	0.01
0.38953125		4.11315252376e-09	0.01
0.38984375		4.11315252376e-09	0.01
0.39015625		4.11315252376e-09	0.01
0.39046875		4.11315252376e-09	0.01
0.39078125		4.11315252376e-09	0.01
0.39109375		4.11315252376e-09	0.01
0.39140625		4.11315252376e-09	0.01
0.39171875		4.11315252376e-09	0.01
0.39203125		4.11315252376e-09	0.01
0.39234375		4.11315252376e-09	0.01
0.39265625		4.11315252376e-09	0.01
0.39296875		4.11315252376e-09	0.01
0.39328125		4.11315252376e-09	0.01
0.39359375		4.11315252376e-09	0.01
0.39390625		4.11315252376e-09	0.01
0.39421875		4.11315252376e-09	0.01
0.39453125		4.11315252376e-09	0.01
0.39484375		4.11315252376e-09	0.01
0.39515625		4.11315252376e-09	0.01
0.39546875		4.11315252376e-09	0.01
0.39578125		4.11315252376e-09	0.01
0.39609375		4.11315252376e-09	0.01
0.39640625		4.11315252376e-09	0.01
0.39671875		4.11315252376e-09	0.01
0.39703125		4.11315252376e-09	0.01
0.39734375		4.11315252376e-09	0.01
0.39765625		4.11315252376e-09	0.01
0.39796875		4.11315252376e-09	0.01
0.39828125		4.11315252376e-09	0.01
0.39859375		4.11315252376e-09	0.01
0.39890625		4.11315252376e-09	0.01
0.39921875		4.11315252376e-09	0.01
0.39953125		4.11315252376e-09	0.01
0.39984375		4.11315252376e-09	0.01
0.40015625		4.11315252376e-09	0.01
0.40046875		4.11315252376e-09	0.01
0.40078125		4.11315252376e-09	0.01
0.40109375		4.11315252376e-09	0.01
0.40140625		4.11315252376e-09	0.01
0.40171875		4.11315252376e-09	0.01
0.40203125		4.11315252376e-09	0.01
0.40234375		4.11315252376e-09	0.01
0.40265625		4.11315252376e-09	0.01
0.40296875		4.11315252376e-09	0.01
0.40328125		4.11315252376e-09	0.01
0.40359375		4.11315252376e-09	0.01
0.40390625		4.11315252376e-09	0.01
0.40421875		4.11315252376e-09	0.01
0.40453125		4.11315252376e-09	0.01
0.40484375		4.11315252376e-09	0.01
0.40515625		4.11315252376e-09	0.01
0.40546875		4.11315252376e-09	0.01
0.40578125		4.11315252376e-09	0.01
0.40609375		4.11315252376e-09	0.01
0.40640625		4.11315252376e-09	0.01
0.40671875		4.11315252376e-09	0.01
0.40703125		4.11315252376e-09	0.01
0.40734375		4.11315252376e-09	0.01
0.40765625		4.11315252376e-09	0.01
0.40796875		4.11315252376e-09	0.01
0.40828125		4.11315252376e-09	0.01
0.40859375		4.11315252376e-09	0.01
0.40890625		4.11315252376e-09	0.01
0.40921875		4.11315252376e-09	0.01
0.40953125		4.11315252376e-09	0.01
0.40984375		4.11315252376e-09	0.01
0.41015625		4.11315252376e-09	0.01
0.41046875		4.11315252376e-09	0.01
0.41078125		4.11315252376e-09	0.01
0.41109375		4.11315252376e-09	0.01
0.41140625		4.11315252376e-09	0.01
0.41171875		4.11315252376e-09	0.01
0.41203125		4.11315252376e-09	0.01
0.41234375		4.11315252376e-09	0.01
0.41265625		4.11315252376e-09	0.01
0.41296875		4.11315252376e-09	0.01
0.41328125		4.11315252376e-09	0.01
0.41359375		4.11315252376e-09	0.01
0.41390625		4.11315252376e-09	0.01
0.41421875		4.11315252376e-09	0.01
0.41453125		4.11315252376e-09	0.01
0.41484375		4.11315252376e-09	0.01
0.41515625		4.11315252376e-09	0.01
0.41546875		4.11315252376e-09	0.01
0.41578125		4.11315252376e-09	0.01
0.41609375		4.11315252376e-09	0.01
0.41640625		4.11315252376e-09	0.01
0.41671875		4.11315252376e-09	0.01
0.41703125		4.11315252376e-09	0.01
0.41734375		4.11315252376e-09	0.01
0.41765625		4.11315252376e-09	0.01
0.41796875		4.11315252376e-09	0.01
0.41828125		4.11315252376e-09	0.01
0.41859375		4.11315252376e-09	0.01
0.41890625		4.11315252376e-09	0.01
0.41921875		4.11315252376e-09	0.01
0.41953125		4.11315252376e-09	0.01
0.41984375		4.11315252376e-09	0.01
0.42015625		4.11315252376e-09	0.01
0.42046875		4.11315252376e-09	0.01
0.42078125		4.11315252376e-09	0.01
0.42109375		4.11315252376e-09	0.01
0.42140625		4.11315252376e-09	0.01
0.42171875		4.11315252376e-09	0.01
0.42203125		4.11315252376e-09	0.01
0.42234375		4.11315252376e-09	0.01
0.42265625		4.11315252376e-09	0.01
0.42296875		4.11315252376e-09	0.01
0.42328125		4.11315252376e-09	0.01
0.42359375		4.11315252376e-09	0.01
0.42390625		4.11315252376e-09	0.01
0.42421875		4.11315252376e-09	0.01
0.42453125		4.11315252376e-09	0.01
0.42484375		4.11315252376e-09	0.01
0.42515625		4.11315252376e-09	0.01
0.42546875		4.11315252376e-09	0.01
0.42578125		4.11315252376e-09	0.01
0.42609375		4.11315252376e-09	0.01
0.42640625		4.11315252376e-09	0.01
0.42671875		4.11315252376e-09	0.01
0.42703125		4.11315252376e-09	0.01
0.42734375		4.11315252376e-09	0.01
0.42765625		4.11315252376e-09	0.01
0.42796875		4.11315252376e-09	0.01
0.42828125		4.11315252376e-09	0.01
0.42859375		4.11315252376e-09	0.01
0.42890625		4.11315252376e-09	0.01
0.42921875		4.11315252376e-09	0.01
0.42953125		4.11315252376e-09	0.01
0.42984375		4.11315252376e-09	0.01
0.43015625		4.11315252376e-09	0.01
0.43046875		4.11315252376e-09	0.01
0.43078125		4.11315252376e-09	0.01
0.43109375		4.11315252376e-09	0.01
0.43140625		4.11315252376e-09	0.01
0.43171875		4.11315252376e-09	0.01
0.43203125		4.11315252376e-09	0.01
0.43234375		4.11315252376e-09	0.01
0.43265625		4.11315252376e-09	0.01
0.43296875		4.11315252376e-09	0.01
0.43328125		4.11315252376e-09	0.01
0.43359375		4.11315252376e-09	0.01
0.43390625		4.11315252376e-09	0.01
0.43421875		4.11315252376e-09	0.01
0.43453125		4.11315252376e-09	0.01
0.43484375		4.11315252376e-09	0.01
0.43515625		4.11315252376e-09	0.01
0.43546875		4.11315252376e-09	0.01
0.43578125		4.11315252376e-09	0.01
0.43609375		4.11315252376e-09	0.01
0.43640625		4.11315252376e-09	0.01
0.43671875		4.11315252376e-09	0.01
0.43703125		4.11315252376e-09	0.01
0.43734375		4.11315252376e-09	0.01
0.43765625		4.11315252376e-09	0.01
0.43796875		4.11315252376e-09	0.01
0.43828125		4.11315252376e-09	0.01
0.43859375		4.11315252376e-09	0.01
0.43890625		4.11315252376e-09	0.01
0.43921875		4.11315252376e-09	0.01
0.43953125		4.11315252376e-09	0.01
0.43984375		4.11315252376e-09	0.01
0.44015625		4.11315252376e-09	0.01
0.44046875		4.11315252376e-09	0.01
0.44078125		4.11315252376e-09	0.01
0.44109375		4.11315252376e-09	0.01
0.44140625		4.11315252376e-09	0.01
0.44171875		4.11315252376e-09	0.01
0.44203125		4.11315252376e-09	0.01
0.44234375		4.11315252376e-09	0.01
0.44265625		4.11315252376e-09	0.01
0.44296875		4.11315252376e-09	0.01
0.44328125		4.11315252376e-09	0.01
0.44359375		4.11315252376e-09	0.01
0.44390625		4.11315252376e-09	0.01
0.44421875		4.11315252376e-09	0.01
0.44453125		4.11315252376e-09	0.01
0.44484375		4.11315252376e-09	0.01
0.44515625		4.11315252376e-09	0.01
0.44546875		4.11315252376e-09	0.01
0.44578125		4.11315252376e-09	0.01
0.44609375		4.11315252376e-09	0.01
0.44640625		4.11315252376e-09	0.01
0.44671875		4.11315252376e-09	0.01
0.44703125		4.11315252376e-09	0.01
0.44734375		4.11315252376e-09	0.01
0.44765625		4.11315252376e-09	0.01
0.44796875		4.11315252376e-09	0.01
0.44828125		4.11315252376e-09	0.01
0.44859375		4.11315252376e-09	0.01
0.44890625		4.11315252376e-09	0.01
0.44921875		4.11315252376e-09	0.01
0.44953125		4.11315252376e-09	0.01
0.44984375		4.11315252376e-09	0.01
0.45015625		4.11315252376e-09	0.01
0.45046875		4.11315252376e-09	0.01
0.45078125		4.11315252376e-09	0.01
0.45109375		4.11315252376e-09	0.01
0.45140625		4.11315252376e-09	0.01
0.45171875		4.11315252376e-09	0.01
0.45203125		4.11315252376e-09	0.01
0.45234375		4.11315252376e-09	0.01
0.45265625		4.11315252376e-09	0.01
0.45296875		4.11315252376e-09	0.01
0.45328125		4.11315252376e-09	0.01
0.45359375		4.11315252376e-09	0.01
0.45390625		4.11315252376e-09	0.01
0.45421875		4.11315252376e-09	0.01
0.45453125		4.11315252376e-09	0.01
0.45484375		4.11315252376e-09	0.01
0.45515625		4.11315252376e-09	0.01
0.45546875		4.11315252376e-09	0.01
0.45578125		4.11315252376e-09	0.01
0.45609375		4.11315252376e-09	0.01
0.45640625		4.11315252376e-09	0.01
0.45671875		4.11315252376e-09	0.01
0.45703125		4.11315252376e-09	0.01
0.45734375		4.11315252376e-09	0.01
0.45765625		4.11315252376e-09	0.01
0.45796875		4.11315252376e-09	0.01
0.45828125		4.11315252376e-09	0.01
0.45859375		4.11315252376e-09	0.01
0.45890625		4.11315252376e-09	0.01
0.45921875		4.11315252376e-09	0.01
0.45953125		4.11315252376e-09	0.01
0.45984375		4.11315252376e-09	0.01
0.46015625		4.11315252376e-09	0.01
0.46046875		4.11315252376e-09	0.01
0.46078125		4.11315252376e-09	0.01
0.46109375		4.11315252376e-09	0.01
0.46140625		4.11315252376e-09	0.01
0.46171875		4.11315252376e-09	0.01
0.46203125		4.11315252376e-09	0.01
0.46234375		4.11315252376e-09	0.01
0.46265625		4.11315252376e-09	0.01
0.46296875		4.11315252376e-09	0.01
0.46328125		4.11315252376e-09	0.01
0.46359375		4.11315252376e-09	0.01
0.46390625		4.11315252376e-09	0.01
0.46421875		4.11315252376e-09	0.01
0.46453125		4.11315252376e-09	0.01
0.46484375		4.11315252376e-09	0.01
0.46515625		4.11315252376e-09	0.01
0.46546875		4.11315252376e-09	0.01
0.46578125		4.11315252376e-09	0.01
0.46609375		4.11315252376e-09	0.01
0.46640625		4.11315252376e-09	0.01
0.46671875		4.11315252376e-09	0.01
0.46703125		4.11315252376e-09	0.01
0.46734375		4.11315252376e-09	0.01
0.46765625		4.11315252376e-09	0.01
0.46796875		4.11315252376e-09	0.01
0.46828125		4.11315252376e-09	0.01
0.46859375		4.11315252376e-09	0.01
0.46890625		4.11315252376e-09	0.01
0.46921875		4.11315252376e-09	0.01
0.46953125		4.11315252376e-09	0.01
0.46984375		4.11315252376e-09	0.01
0.47015625		4.11315252376e-09	0.01
0.47046875		4.11315252376e-09	0.01
0.47078125		4.11315252376e-09	0.01
0.47109375		4.11315252376e-09	0.01
0.47140625		4.11315252376e-09	0.01
0.47171875		4.11315252376e-09	0.01
0.47203125		4.11315252376e-09	0.01
0.47234375		4.11315252376e-09	0.01
0.47265625		4.11315252376e-09	0.01
0.47296875		4.11315252376e-09	0.01
0.47328125		4.11315252376e-09	0.01
0.47359375		4.11315252376e-09	0.01
0.47390625		4.11315252376e-09	0.01
0.47421875		4.11315252376e-09	0.01
0.47453125		4.11315252376e-09	0.01
0.47484375		4.11315252376e-09	0.01
0.47515625		4.11315252376e-09	0.01
0.47546875		4.11315252376e-09	0.01
0.47578125		4.11315252376e-09	0.01
0.47609375		4.11315252376e-09	0.01
0.47640625		4.11315252376e-09	0.01
0.47671875		4.11315252376e-09	0.01
0.47703125		4.11315252376e-09	0.01
0.47734375		4.11315252376e-09	0.01
0.47765625		4.11315252376e-09	0.01
0.47796875		4.11315252376e-09	0.01
0.47828125		4.11315252376e-09	0.01
0.47859375		4.11315252376e-09	0.01
0.47890625		4.11315252376e-09	0.01
0.47921875		4.11315252376e-09	0.01
0.47953125		4.11315252376e-09	0.01
0.47984375		4.11315252376e-09	0.01
0.48015625		4.11315252376e-09	0.01
0.48046875		4.11315252376e-09	0.01
0.48078125		4.11315252376e-09	0.01
0.48109375		4.11315252376e-09	0.01
0.48140625		4.11315252376e-09	0.01
0.48171875		4.11315252376e-09	0.01
0.48203125		4.11315252376e-09	0.01
0.48234375		4.11315252376e-09	0.01
0.48265625		4.11315252376e-09	0.01
0.48296875		4.11315252376e-09	0.01
0.48328125		4.11315252376e-09	0.01
0.48359375		4.11315252376e-09	0.01
0.48390625		4.11315252376e-09	0.01
0.48421875		4.11315252376e-09	0.01
0.48453125		4.11315252376e-09	0.01
0.48484375		4.11315252376e-09	0.01
0.48515625		4.11315252376e-09	0.01
0.48546875		4.11315252376e-09	0.01
0.48578125		4.11315252376e-09	0.01
0.48609375		4.11315252376e-09	0.01
0.48640625		4.11315252376e-09	0.01
0.48671875		4.11315252376e-09	0.01
0.48703125		4.11315252376e-09	0.01
0.48734375		4.11315252376e-09	0.01
0.48765625		4.11315252376e-09	0.01
0.48796875		4.11315252376e-09	0.01
0.48828125		4.11315252376e-09	0.01
0.48859375		4.11315252376e-09	0.01
0.48890625		4.11315252376e-09	0.01
0.48921875		4.11315252376e-09	0.01
0.48953125		4.11315252376e-09	0.01
0.48984375		4.11315252376e-09	0.01
0.49015625		4.11315252376e-09	0.01
0.49046875		4.11315252376e-09	0.01
0.49078125		4.11315252376e-09	0.01
0.49109375		4.11315252376e-09	0.01
0.49140625		4.11315252376e-09	0.01
0.49171875		4.11315252376e-09	0.01
0.49203125		4.11315252376e-09	0.01
0.49234375		4.11315252376e-09	0.01
0.49265625		4.11315252376e-09	0.01
0.49296875		4.11315252376e-09	0.01
0.49328125		4.11315252376e-09	0.01
0.49359375		4.11315252376e-09	0.01
0.49390625		4.11315252376e-09	0.01
0.49421875		4.11315252376e-09	0.01
0.49453125		4.11315252376e-09	0.01
0.49484375		4.11315252376e-09	0.01
0.49515625		4.11315252376e-09	0.01
0.49546875		4.11315252376e-09	0.01
0.49578125		4.11315252376e-09	0.01
0.49609375		4.11315252376e-09	0.01
0.49640625		4.11315252376e-09	0.01
0.49671875		4.11315252376e-09	0.01
0.49703125		4.11315252376e-09	0.01
0.49734375		4.11315252376e-09	0.01
0.49765625		4.11315252376e-09	0.01
0.49796875		4.11315252376e-09	0.01
0.49828125		4.11315252376e-09	0.01
0.49859375		4.11315252376e-09	0.01
0.49890625		4.11315252376e-09	0.01
0.49921875		4.11315252376e-09	0.01
0.49953125		4.11315252376e-09	0.01
0.49984375		4.11315252376e-09	0.01
