0.00015625		0.410075501585	0.999245632558
0.00046875		0.409892230877	0.999133678362
0.00078125		0.409642961241	0.998981911787
0.00109375		0.40938801016	0.998826511544
0.00140625		0.409150081125	0.998681374475
0.00171875		0.408922646699	0.99854256486
0.00203125		0.408701711451	0.998407664419
0.00234375		0.408485143471	0.998275376463
0.00265625		0.408271695272	0.998144942091
0.00296875		0.408060550533	0.99801586493
0.00328125		0.407851078609	0.997887760889
0.00359375		0.407642805409	0.997760340906
0.00390625		0.407435411791	0.99763341039
0.00421875		0.407228691387	0.997506843597
0.00453125		0.407022499194	0.997380552159
0.00484375		0.406816723171	0.997254467769
0.00515625		0.406611269119	0.997128532943
0.00546875		0.40640605861	0.997002699742
0.00578125		0.406201033954	0.996876932884
0.00609375		0.405996154834	0.996751207721
0.00640625		0.405791389586	0.996625504881
0.00671875		0.405586710347	0.996499807287
0.00703125		0.405382092272	0.996374099694
0.00734375		0.405177513059	0.9962483684
0.00765625		0.404972953724	0.996122601701
0.00796875		0.404768402532	0.995996792367
0.00828125		0.404563850962	0.99587093511
0.00859375		0.404359288908	0.995745023641
0.00890625		0.404154705818	0.995619051427
0.00921875		0.403950094129	0.995493013762
0.00953125		0.403745447277	0.995366906535
0.00984375		0.40354075926	0.995240725977
0.01015625		0.403336024853	0.995114468794
0.01046875		0.403131239731	0.994988132242
0.01078125		0.402926400354	0.994861714058
0.01109375		0.402721503765	0.994735212334
0.01140625		0.402516547418	0.994608625414
0.01171875		0.402311529083	0.994481951835
0.01203125		0.402106446811	0.994355190304
0.01234375		0.401901298887	0.994228339673
0.01265625		0.401696083781	0.994101398904
0.01296875		0.401490800128	0.993974367063
0.01328125		0.401285446748	0.993847243325
0.01359375		0.401080022657	0.993720026987
0.01390625		0.400874527022	0.99359271744
0.01421875		0.400668959073	0.993465314112
0.01453125		0.400463318085	0.993337816456
0.01484375		0.400257603403	0.993210223971
0.01515625		0.400051814461	0.993082536207
0.01546875		0.399845950767	0.992954752762
0.01578125		0.399640011888	0.992826873268
0.01609375		0.399433997431	0.992698897384
0.01640625		0.399227907043	0.992570824789
0.01671875		0.399021740401	0.992442655185
0.01703125		0.398815497212	0.992314388287
0.01734375		0.398609177208	0.992186023831
0.01765625		0.39840278015	0.992057561564
0.01796875		0.39819630582	0.991929001252
0.01828125		0.397989754016	0.991800342666
0.01859375		0.397783124545	0.991671585586
0.01890625		0.397576417228	0.991542729796
0.01921875		0.3973696319	0.991413775091
0.01953125		0.397162768406	0.991284721272
0.01984375		0.3969558266	0.991155568146
0.02015625		0.396748806348	0.991026315524
0.02046875		0.39654170752	0.990896963222
0.02078125		0.396334529992	0.990767511058
0.02109375		0.396127273644	0.990637958854
0.02140625		0.395919938365	0.990508306434
0.02171875		0.395712524044	0.990378553626
0.02203125		0.395505030579	0.99024870026
0.02234375		0.395297457866	0.990118746166
0.02265625		0.395089805809	0.989988691177
0.02296875		0.39488207431	0.989858535127
0.02328125		0.394674263275	0.989728277851
0.02359375		0.394466372613	0.989597919185
0.02390625		0.394258402232	0.989467458964
0.02421875		0.394050352046	0.989336897028
0.02453125		0.393842221965	0.989206233213
0.02484375		0.393634011905	0.989075467359
0.02515625		0.393425721779	0.988944599303
0.02546875		0.393217351503	0.988813628884
0.02578125		0.393008900995	0.988682555943
0.02609375		0.392800370171	0.988551380318
0.02640625		0.392591758949	0.988420101849
0.02671875		0.392383067247	0.988288720374
0.02703125		0.392174294984	0.988157235735
0.02734375		0.391965442079	0.988025647769
0.02765625		0.391756508452	0.987893956316
0.02796875		0.391547494021	0.987762161216
0.02828125		0.391338398707	0.987630262307
0.02859375		0.39112922243	0.987498259428
0.02890625		0.39091996511	0.987366152417
0.02921875		0.390710626668	0.987233941114
0.02953125		0.390501207023	0.987101625355
0.02984375		0.390291706096	0.98696920498
0.03015625		0.390082123807	0.986836679825
0.03046875		0.389872460077	0.986704049728
0.03078125		0.389662714826	0.986571314526
0.03109375		0.389452887975	0.986438474056
0.03140625		0.389242979444	0.986305528153
0.03171875		0.389032989153	0.986172476654
0.03203125		0.388822917023	0.986039319394
0.03234375		0.388612762973	0.98590605621
0.03265625		0.388402526924	0.985772686935
0.03296875		0.388192208795	0.985639211405
0.03328125		0.387981808507	0.985505629453
0.03359375		0.38777132598	0.985371940914
0.03390625		0.387560761132	0.985238145621
0.03421875		0.387350113885	0.985104243408
0.03453125		0.387139384156	0.984970234106
0.03484375		0.386928571865	0.984836117548
0.03515625		0.386717676932	0.984701893567
0.03546875		0.386506699276	0.984567561994
0.03578125		0.386295638815	0.984433122659
0.03609375		0.386084495468	0.984298575394
0.03640625		0.385873269154	0.984163920029
0.03671875		0.385661959792	0.984029156395
0.03703125		0.385450567299	0.98389428432
0.03734375		0.385239091595	0.983759303633
0.03765625		0.385027532596	0.983624214164
0.03796875		0.384815890221	0.983489015741
0.03828125		0.384604164388	0.983353708191
0.03859375		0.384392355014	0.983218291342
0.03890625		0.384180462016	0.983082765021
0.03921875		0.383968485312	0.982947129055
0.03953125		0.38375642482	0.98281138327
0.03984375		0.383544280455	0.982675527492
0.04015625		0.383332052135	0.982539561545
0.04046875		0.383119739776	0.982403485256
0.04078125		0.382907343296	0.982267298448
0.04109375		0.382694862609	0.982131000945
0.04140625		0.382482297633	0.981994592571
0.04171875		0.382269648282	0.981858073149
0.04203125		0.382056914474	0.981721442502
0.04234375		0.381844096124	0.981584700453
0.04265625		0.381631193147	0.981447846822
0.04296875		0.381418205458	0.981310881431
0.04328125		0.381205132972	0.981173804102
0.04359375		0.380991975606	0.981036614654
0.04390625		0.380778733272	0.980899312909
0.04421875		0.380565405887	0.980761898684
0.04453125		0.380351993363	0.980624371801
0.04484375		0.380138495617	0.980486732076
0.04515625		0.379924912561	0.980348979329
0.04546875		0.37971124411	0.980211113377
0.04578125		0.379497490178	0.980073134037
0.04609375		0.379283650677	0.979935041127
0.04640625		0.379069725522	0.979796834463
0.04671875		0.378855714625	0.97965851386
0.04703125		0.3786416179	0.979520079134
0.04734375		0.37842743526	0.979381530101
0.04765625		0.378213166617	0.979242866574
0.04796875		0.377998811883	0.979104088367
0.04828125		0.377784370972	0.978965195295
0.04859375		0.377569843795	0.97882618717
0.04890625		0.377355230265	0.978687063805
0.04921875		0.377140530292	0.978547825012
0.04953125		0.376925743789	0.978408470603
0.04984375		0.376710870667	0.978269000389
0.05015625		0.376495910837	0.97812941418
0.05046875		0.376280864211	0.977989711787
0.05078125		0.376065730699	0.977849893019
0.05109375		0.375850510212	0.977709957687
0.05140625		0.37563520266	0.977569905597
0.05171875		0.375419807954	0.97742973656
0.05203125		0.375204326004	0.977289450382
0.05234375		0.37498875672	0.977149046871
0.05265625		0.374773100012	0.977008525834
0.05296875		0.374557355789	0.976867887076
0.05328125		0.374341523961	0.976727130404
0.05359375		0.374125604437	0.976586255623
0.05390625		0.373909597125	0.976445262537
0.05421875		0.373693501935	0.976304150952
0.05453125		0.373477318775	0.97616292067
0.05484375		0.373261047555	0.976021571495
0.05515625		0.373044688181	0.97588010323
0.05546875		0.372828240562	0.975738515677
0.05578125		0.372611704607	0.975596808637
0.05609375		0.372395080222	0.975454981913
0.05640625		0.372178367315	0.975313035303
0.05671875		0.371961565793	0.97517096861
0.05703125		0.371744675564	0.975028781631
0.05734375		0.371527696535	0.974886474168
0.05765625		0.371310628611	0.974744046017
0.05796875		0.3710934717	0.974601496977
0.05828125		0.370876225708	0.974458826846
0.05859375		0.370658890541	0.97431603542
0.05890625		0.370441466105	0.974173122496
0.05921875		0.370223952305	0.974030087871
0.05953125		0.370006349048	0.973886931339
0.05984375		0.369788656238	0.973743652695
0.06015625		0.369570873781	0.973600251733
0.06046875		0.369353001581	0.973456728248
0.06078125		0.369135039543	0.973313082033
0.06109375		0.368916987572	0.97316931288
0.06140625		0.368698845572	0.973025420581
0.06171875		0.368480613447	0.972881404928
0.06203125		0.3682622911	0.972737265713
0.06234375		0.368043878437	0.972593002725
0.06265625		0.367825375359	0.972448615754
0.06296875		0.367606781771	0.97230410459
0.06328125		0.367388097575	0.972159469021
0.06359375		0.367169322674	0.972014708837
0.06390625		0.366950456972	0.971869823824
0.06421875		0.366731500369	0.97172481377
0.06453125		0.36651245277	0.971579678461
0.06484375		0.366293314074	0.971434417683
0.06515625		0.366074084185	0.971289031221
0.06546875		0.365854763004	0.971143518862
0.06578125		0.365635350433	0.970997880387
0.06609375		0.365415846372	0.970852115582
0.06640625		0.365196250722	0.97070622423
0.06671875		0.364976563384	0.970560206112
0.06703125		0.364756784259	0.970414061012
0.06734375		0.364536913247	0.970267788709
0.06765625		0.364316950249	0.970121388986
0.06796875		0.364096895163	0.969974861621
0.06828125		0.363876747889	0.969828206396
0.06859375		0.363656508328	0.969681423088
0.06890625		0.363436176378	0.969534511475
0.06921875		0.363215751938	0.969387471337
0.06953125		0.362995234907	0.96924030245
0.06984375		0.362774625183	0.96909300459
0.07015625		0.362553922666	0.968945577534
0.07046875		0.362333127252	0.968798021056
0.07078125		0.36211223884	0.968650334932
0.07109375		0.361891257328	0.968502518936
0.07140625		0.361670182612	0.968354572841
0.07171875		0.361449014591	0.96820649642
0.07203125		0.36122775316	0.968058289446
0.07234375		0.361006398218	0.967909951689
0.07265625		0.36078494966	0.967761482921
0.07296875		0.360563407382	0.967612882913
0.07328125		0.360341771281	0.967464151434
0.07359375		0.360120041253	0.967315288254
0.07390625		0.359898217193	0.96716629314
0.07421875		0.359676298996	0.967017165861
0.07453125		0.359454286558	0.966867906183
0.07484375		0.359232179773	0.966718513874
0.07515625		0.359009978536	0.9665689887
0.07546875		0.358787682742	0.966419330425
0.07578125		0.358565292285	0.966269538815
0.07609375		0.358342807059	0.966119613633
0.07640625		0.358120226957	0.965969554643
0.07671875		0.357897551873	0.965819361607
0.07703125		0.3576747817	0.965669034287
0.07734375		0.357451916332	0.965518572445
0.07765625		0.35722895566	0.965367975842
0.07796875		0.357005899578	0.965217244237
0.07828125		0.356782747978	0.96506637739
0.07859375		0.356559500751	0.964915375059
0.07890625		0.35633615779	0.964764237003
0.07921875		0.356112718987	0.964612962979
0.07953125		0.355889184231	0.964461552743
0.07984375		0.355665553416	0.964310006052
0.08015625		0.35544182643	0.964158322661
0.08046875		0.355218003166	0.964006502324
0.08078125		0.354994083512	0.963854544796
0.08109375		0.35477006736	0.963702449829
0.08140625		0.354545954599	0.963550217177
0.08171875		0.354321745119	0.96339784659
0.08203125		0.354097438809	0.963245337821
0.08234375		0.353873035558	0.963092690619
0.08265625		0.353648535254	0.962939904734
0.08296875		0.353423937787	0.962786979916
0.08328125		0.353199243045	0.962633915913
0.08359375		0.352974450916	0.962480712471
0.08390625		0.352749561287	0.962327369339
0.08421875		0.352524574046	0.962173886262
0.08453125		0.35229948908	0.962020262986
0.08484375		0.352074306277	0.961866499256
0.08515625		0.351849025523	0.961712594815
0.08546875		0.351623646705	0.961558549406
0.08578125		0.351398169708	0.961404362773
0.08609375		0.351172594419	0.961250034657
0.08640625		0.350946920724	0.9610955648
0.08671875		0.350721148508	0.96094095294
0.08703125		0.350495277655	0.960786198819
0.08734375		0.350269308052	0.960631302175
0.08765625		0.350043239583	0.960476262745
0.08796875		0.349817072131	0.960321080268
0.08828125		0.349590805582	0.96016575448
0.08859375		0.349364439818	0.960010285116
0.08890625		0.349137974724	0.959854671912
0.08921875		0.348911410183	0.959698914602
0.08953125		0.348684746078	0.95954301292
0.08984375		0.348457982292	0.959386966598
0.09015625		0.348231118706	0.959230775368
0.09046875		0.348004155204	0.959074438961
0.09078125		0.347777091666	0.958917957109
0.09109375		0.347549927976	0.95876132954
0.09140625		0.347322664014	0.958604555983
0.09171875		0.347095299661	0.958447636167
0.09203125		0.346867834798	0.958290569818
0.09234375		0.346640269306	0.958133356663
0.09265625		0.346412603064	0.957975996429
0.09296875		0.346184835953	0.957818488839
0.09328125		0.345956967853	0.957660833617
0.09359375		0.345728998642	0.957503030488
0.09390625		0.345500928201	0.957345079173
0.09421875		0.345272756407	0.957186979395
0.09453125		0.345044483139	0.957028730873
0.09484375		0.344816108276	0.956870333328
0.09515625		0.344587631696	0.95671178648
0.09546875		0.344359053275	0.956553090045
0.09578125		0.344130372892	0.956394243743
0.09609375		0.343901590424	0.956235247289
0.09640625		0.343672705747	0.9560761004
0.09671875		0.343443718737	0.95591680279
0.09703125		0.343214629272	0.955757354174
0.09734375		0.342985437226	0.955597754265
0.09765625		0.342756142476	0.955438002775
0.09796875		0.342526744897	0.955278099417
0.09828125		0.342297244364	0.9551180439
0.09859375		0.34206764075	0.954957835935
0.09890625		0.341837933932	0.95479747523
0.09921875		0.341608123783	0.954636961494
0.09953125		0.341378210176	0.954476294435
0.09984375		0.341148192986	0.954315473758
0.10015625		0.340918072085	0.954154499169
0.10046875		0.340687847346	0.953993370372
0.10078125		0.340457518642	0.953832087072
0.10109375		0.340227085844	0.953670648972
0.10140625		0.339996548826	0.953509055773
0.10171875		0.339765907458	0.953347307176
0.10203125		0.339535161613	0.953185402882
0.10234375		0.339304311159	0.953023342589
0.10265625		0.33907335597	0.952861125997
0.10296875		0.338842295914	0.952698752803
0.10328125		0.338611130863	0.952536222702
0.10359375		0.338379860685	0.952373535392
0.10390625		0.33814848525	0.952210690566
0.10421875		0.337917004427	0.952047687918
0.10453125		0.337685418085	0.951884527142
0.10484375		0.337453726092	0.951721207929
0.10515625		0.337221928317	0.951557729969
0.10546875		0.336990024627	0.951394092954
0.10578125		0.33675801489	0.951230296572
0.10609375		0.336525898972	0.951066340511
0.10640625		0.336293676742	0.950902224459
0.10671875		0.336061348064	0.950737948101
0.10703125		0.335828912805	0.950573511123
0.10734375		0.335596370832	0.95040891321
0.10765625		0.335363722009	0.950244154044
0.10796875		0.335130966202	0.950079233308
0.10828125		0.334898103275	0.949914150683
0.10859375		0.334665133094	0.94974890585
0.10890625		0.334432055521	0.949583498488
0.10921875		0.334198870421	0.949417928275
0.10953125		0.333965577658	0.94925219489
0.10984375		0.333732177094	0.949086298008
0.11015625		0.333498668592	0.948920237304
0.11046875		0.333265052015	0.948754012454
0.11078125		0.333031327224	0.94858762313
0.11109375		0.332797494082	0.948421069005
0.11140625		0.332563552449	0.948254349751
0.11171875		0.332329502188	0.948087465037
0.11203125		0.332095343157	0.947920414533
0.11234375		0.331861075219	0.947753197907
0.11265625		0.331626698232	0.947585814827
0.11296875		0.331392212057	0.947418264959
0.11328125		0.331157616552	0.947250547967
0.11359375		0.330922911577	0.947082663517
0.11390625		0.33068809699	0.94691461127
0.11421875		0.330453172649	0.94674639089
0.11453125		0.330218138413	0.946578002036
0.11484375		0.329982994137	0.946409444369
0.11515625		0.329747739681	0.946240717548
0.11546875		0.329512374899	0.94607182123
0.11578125		0.32927689965	0.945902755072
0.11609375		0.329041313787	0.94573351873
0.11640625		0.328805617169	0.945564111857
0.11671875		0.328569809648	0.945394534108
0.11703125		0.328333891082	0.945224785134
0.11734375		0.328097861323	0.945054864587
0.11765625		0.327861720226	0.944884772116
0.11796875		0.327625467645	0.944714507372
0.11828125		0.327389103433	0.94454407
0.11859375		0.327152627443	0.944373459649
0.11890625		0.326916039528	0.944202675963
0.11921875		0.32667933954	0.944031718588
0.11953125		0.32644252733	0.943860587166
0.11984375		0.326205602751	0.943689281339
0.12015625		0.325968565654	0.943517800749
0.12046875		0.325731415888	0.943346145035
0.12078125		0.325494153305	0.943174313836
0.12109375		0.325256777754	0.94300230679
0.12140625		0.325019289084	0.942830123532
0.12171875		0.324781687146	0.942657763698
0.12203125		0.324543971787	0.942485226922
0.12234375		0.324306142856	0.942312512837
0.12265625		0.324068200201	0.942139621074
0.12296875		0.323830143669	0.941966551264
0.12328125		0.323591973108	0.941793303036
0.12359375		0.323353688363	0.941619876017
0.12390625		0.323115289283	0.941446269836
0.12421875		0.322876775711	0.941272484117
0.12453125		0.322638147495	0.941098518484
0.12484375		0.322399404479	0.940924372561
0.12515625		0.322160546507	0.94075004597
0.12546875		0.321921573424	0.940575538331
0.12578125		0.321682485074	0.940400849263
0.12609375		0.3214432813	0.940225978386
0.12640625		0.321203961946	0.940050925315
0.12671875		0.320964526853	0.939875689667
0.12703125		0.320724975865	0.939700271056
0.12734375		0.320485308822	0.939524669094
0.12765625		0.320245525566	0.939348883394
0.12796875		0.320005625939	0.939172913567
0.12828125		0.31976560978	0.93899675922
0.12859375		0.319525476929	0.938820419964
0.12890625		0.319285227227	0.938643895403
0.12921875		0.319044860512	0.938467185144
0.12953125		0.318804376623	0.938290288791
0.12984375		0.318563775399	0.938113205945
0.13015625		0.318323056677	0.93793593621
0.13046875		0.318082220295	0.937758479184
0.13078125		0.317841266089	0.937580834466
0.13109375		0.317600193897	0.937403001654
0.13140625		0.317359003555	0.937224980344
0.13171875		0.317117694897	0.937046770131
0.13203125		0.31687626776	0.936868370607
0.13234375		0.316634721978	0.936689781366
0.13265625		0.316393057386	0.936511001996
0.13296875		0.316151273816	0.936332032088
0.13328125		0.315909371104	0.93615287123
0.13359375		0.315667349081	0.935973519007
0.13390625		0.315425207581	0.935793975006
0.13421875		0.315182946435	0.935614238809
0.13453125		0.314940565474	0.935434309998
0.13484375		0.314698064531	0.935254188155
0.13515625		0.314455443435	0.935073872859
0.13546875		0.314212702017	0.934893363688
0.13578125		0.313969840107	0.934712660218
0.13609375		0.313726857533	0.934531762024
0.13640625		0.313483754124	0.93435066868
0.13671875		0.31324052971	0.934169379758
0.13703125		0.312997184117	0.933987894829
0.13734375		0.312753717173	0.933806213463
0.13765625		0.312510128705	0.933624335225
0.13796875		0.312266418538	0.933442259684
0.13828125		0.3120225865	0.933259986404
0.13859375		0.311778632416	0.933077514947
0.13890625		0.31153455611	0.932894844876
0.13921875		0.311290357406	0.932711975752
0.13953125		0.31104603613	0.932528907132
0.13984375		0.310801592103	0.932345638573
0.14015625		0.31055702515	0.932162169633
0.14046875		0.310312335092	0.931978499864
0.14078125		0.310067521751	0.931794628819
0.14109375		0.30982258495	0.93161055605
0.14140625		0.309577524508	0.931426281105
0.14171875		0.309332340246	0.931241803533
0.14203125		0.309087031985	0.931057122879
0.14234375		0.308841599543	0.930872238689
0.14265625		0.30859604274	0.930687150506
0.14296875		0.308350361394	0.930501857871
0.14328125		0.308104555322	0.930316360325
0.14359375		0.307858624342	0.930130657404
0.14390625		0.307612568272	0.929944748647
0.14421875		0.307366386926	0.929758633588
0.14453125		0.307120080121	0.929572311761
0.14484375		0.306873647673	0.929385782696
0.14515625		0.306627089395	0.929199045926
0.14546875		0.306380405102	0.929012100977
0.14578125		0.306133594608	0.928824947376
0.14609375		0.305886657726	0.928637584649
0.14640625		0.305639594269	0.92845001232
0.14671875		0.305392404047	0.928262229909
0.14703125		0.305145086874	0.928074236937
0.14734375		0.304897642559	0.927886032922
0.14765625		0.304650070913	0.927697617381
0.14796875		0.304402371747	0.927508989828
0.14828125		0.304154544868	0.927320149777
0.14859375		0.303906590087	0.927131096739
0.14890625		0.303658507211	0.926941830223
0.14921875		0.303410296048	0.926752349738
0.14953125		0.303161956405	0.926562654789
0.14984375		0.302913488088	0.926372744881
0.15015625		0.302664890903	0.926182619516
0.15046875		0.302416164656	0.925992278196
0.15078125		0.302167309151	0.925801720418
0.15109375		0.301918324193	0.92561094568
0.15140625		0.301669209585	0.925419953478
0.15171875		0.30141996513	0.925228743304
0.15203125		0.301170590631	0.925037314651
0.15234375		0.30092108589	0.924845667007
0.15265625		0.300671450708	0.924653799862
0.15296875		0.300421684885	0.924461712701
0.15328125		0.300171788222	0.924269405007
0.15359375		0.299921760518	0.924076876264
0.15390625		0.299671601572	0.923884125952
0.15421875		0.299421311183	0.923691153549
0.15453125		0.299170889147	0.923497958531
0.15484375		0.298920335264	0.923304540374
0.15515625		0.298669649328	0.92311089855
0.15546875		0.298418831135	0.922917032529
0.15578125		0.298167880482	0.922722941781
0.15609375		0.297916797162	0.922528625772
0.15640625		0.29766558097	0.922334083968
0.15671875		0.2974142317	0.92213931583
0.15703125		0.297162749143	0.92194432082
0.15734375		0.296911133092	0.921749098397
0.15765625		0.296659383339	0.921553648017
0.15796875		0.296407499675	0.921357969136
0.15828125		0.296155481889	0.921162061206
0.15859375		0.295903329773	0.920965923678
0.15890625		0.295651043113	0.920769556001
0.15921875		0.2953986217	0.92057295762
0.15953125		0.295146065321	0.920376127982
0.15984375		0.294893373762	0.920179066527
0.16015625		0.29464054681	0.919981772698
0.16046875		0.294387584252	0.919784245931
0.16078125		0.294134485871	0.919586485663
0.16109375		0.293881251453	0.919388491328
0.16140625		0.293627880781	0.919190262358
0.16171875		0.293374373639	0.918991798182
0.16203125		0.293120729809	0.918793098229
0.16234375		0.292866949072	0.918594161923
0.16265625		0.29261303121	0.918394988688
0.16296875		0.292358976004	0.918195577945
0.16328125		0.292104783233	0.917995929112
0.16359375		0.291850452675	0.917796041606
0.16390625		0.29159598411	0.917595914842
0.16421875		0.291341377316	0.917395548231
0.16453125		0.291086632068	0.917194941184
0.16484375		0.290831748144	0.916994093108
0.16515625		0.290576725319	0.916793003408
0.16546875		0.290321563368	0.916591671487
0.16578125		0.290066262066	0.916390096746
0.16609375		0.289810821185	0.916188278584
0.16640625		0.289555240498	0.915986216397
0.16671875		0.289299519779	0.915783909578
0.16703125		0.289043658797	0.915581357518
0.16734375		0.288787657323	0.915378559607
0.16765625		0.288531515128	0.915175515232
0.16796875		0.288275231981	0.914972223777
0.16828125		0.28801880765	0.914768684623
0.16859375		0.287762241902	0.91456489715
0.16890625		0.287505534505	0.914360860735
0.16921875		0.287248685225	0.914156574753
0.16953125		0.286991693828	0.913952038576
0.16984375		0.286734560078	0.913747251573
0.17015625		0.286477283739	0.913542213112
0.17046875		0.286219864574	0.913336922558
0.17078125		0.285962302346	0.913131379273
0.17109375		0.285704596817	0.912925582616
0.17140625		0.285446747747	0.912719531944
0.17171875		0.285188754897	0.912513226613
0.17203125		0.284930618026	0.912306665974
0.17234375		0.284672336893	0.912099849378
0.17265625		0.284413911255	0.91189277617
0.17296875		0.28415534087	0.911685445695
0.17328125		0.283896625494	0.911477857295
0.17359375		0.283637764882	0.911270010309
0.17390625		0.283378758789	0.911061904073
0.17421875		0.283119606969	0.910853537922
0.17453125		0.282860309176	0.910644911186
0.17484375		0.28260086516	0.910436023193
0.17515625		0.282341274674	0.910226873271
0.17546875		0.282081537469	0.91001746074
0.17578125		0.281821653294	0.909807784923
0.17609375		0.281561621898	0.909597845136
0.17640625		0.281301443029	0.909387640694
0.17671875		0.281041116436	0.90917717091
0.17703125		0.280780641863	0.908966435092
0.17734375		0.280520019058	0.908755432547
0.17765625		0.280259247765	0.908544162578
0.17796875		0.279998327727	0.908332624487
0.17828125		0.279737258689	0.908120817571
0.17859375		0.279476040392	0.907908741126
0.17890625		0.279214672578	0.907696394443
0.17921875		0.278953154987	0.907483776812
0.17953125		0.278691487359	0.907270887519
0.17984375		0.278429669433	0.907057725847
0.18015625		0.278167700947	0.906844291078
0.18046875		0.277905581638	0.906630582489
0.18078125		0.277643311242	0.906416599353
0.18109375		0.277380889495	0.906202340944
0.18140625		0.277118316131	0.905987806529
0.18171875		0.276855590883	0.905772995373
0.18203125		0.276592713484	0.90555790674
0.18234375		0.276329683666	0.905342539889
0.18265625		0.27606650116	0.905126894076
0.18296875		0.275803165696	0.904910968554
0.18328125		0.275539677002	0.904694762574
0.18359375		0.275276034807	0.904478275382
0.18390625		0.275012238838	0.904261506222
0.18421875		0.274748288821	0.904044454335
0.18453125		0.274484184481	0.903827118958
0.18484375		0.274219925543	0.903609499326
0.18515625		0.27395551173	0.90339159467
0.18546875		0.273690942764	0.903173404217
0.18578125		0.273426218368	0.902954927192
0.18609375		0.273161338261	0.902736162816
0.18640625		0.272896302163	0.902517110308
0.18671875		0.272631109793	0.902297768881
0.18703125		0.272365760868	0.902078137748
0.18734375		0.272100255105	0.901858216116
0.18765625		0.27183459222	0.901638003189
0.18796875		0.271568771927	0.901417498169
0.18828125		0.27130279394	0.901196700254
0.18859375		0.271036657972	0.900975608638
0.18890625		0.270770363734	0.900754222511
0.18921875		0.270503910938	0.900532541062
0.18953125		0.270237299292	0.900310563474
0.18984375		0.269970528505	0.900088288928
0.19015625		0.269703598286	0.8998657166
0.19046875		0.26943650834	0.899642845664
0.19078125		0.269169258373	0.899419675289
0.19109375		0.26890184809	0.899196204642
0.19140625		0.268634277194	0.898972432885
0.19171875		0.268366545387	0.898748359177
0.19203125		0.268098652372	0.898523982673
0.19234375		0.267830597847	0.898299302525
0.19265625		0.267562381513	0.89807431788
0.19296875		0.267294003068	0.897849027883
0.19328125		0.267025462209	0.897623431674
0.19359375		0.266756758631	0.89739752839
0.19390625		0.26648789203	0.897171317163
0.19421875		0.2662188621	0.896944797122
0.19453125		0.265949668533	0.896717967393
0.19484375		0.26568031102	0.896490827096
0.19515625		0.265410789253	0.89626337535
0.19546875		0.265141102921	0.896035611267
0.19578125		0.264871251712	0.895807533957
0.19609375		0.264601235313	0.895579142526
0.19640625		0.264331053411	0.895350436075
0.19671875		0.264060705689	0.895121413702
0.19703125		0.263790191833	0.894892074501
0.19734375		0.263519511523	0.894662417561
0.19765625		0.263248664443	0.894432441967
0.19796875		0.262977650272	0.894202146801
0.19828125		0.262706468688	0.89397153114
0.19859375		0.262435119371	0.893740594057
0.19890625		0.262163601997	0.89350933462
0.19921875		0.261891916241	0.893277751896
0.19953125		0.261620061778	0.893045844944
0.19984375		0.261348038281	0.89281361282
0.20015625		0.261075845421	0.892581054576
0.20046875		0.26080348287	0.89234816926
0.20078125		0.260530950297	0.892114955916
0.20109375		0.26025824737	0.891881413581
0.20140625		0.259985373757	0.891647541291
0.20171875		0.259712329122	0.891413338076
0.20203125		0.259439113131	0.891178802961
0.20234375		0.259165725447	0.890943934968
0.20265625		0.258892165732	0.890708733113
0.20296875		0.258618433647	0.890473196409
0.20328125		0.258344528851	0.890237323863
0.20359375		0.258070451002	0.890001114478
0.20390625		0.257796199758	0.889764567253
0.20421875		0.257521774774	0.889527681182
0.20453125		0.257247175704	0.889290455253
0.20484375		0.256972402201	0.889052888451
0.20515625		0.256697453918	0.888814979756
0.20546875		0.256422330503	0.888576728143
0.20578125		0.256147031608	0.888338132582
0.20609375		0.255871556878	0.888099192038
0.20640625		0.255595905961	0.887859905472
0.20671875		0.255320078501	0.887620271839
0.20703125		0.255044074143	0.887380290091
0.20734375		0.254767892528	0.887139959173
0.20765625		0.254491533297	0.886899278025
0.20796875		0.25421499609	0.886658245584
0.20828125		0.253938280545	0.88641686078
0.20859375		0.253661386299	0.886175122539
0.20890625		0.253384312987	0.885933029782
0.20921875		0.253107060243	0.885690581424
0.20953125		0.252829627699	0.885447776375
0.20984375		0.252552014987	0.885204613541
0.21015625		0.252274221736	0.884961091821
0.21046875		0.251996247575	0.88471721011
0.21078125		0.251718092129	0.884472967298
0.21109375		0.251439755025	0.884228362267
0.21140625		0.251161235885	0.883983393897
0.21171875		0.250882534333	0.883738061061
0.21203125		0.250603649989	0.883492362626
0.21234375		0.250324582473	0.883246297456
0.21265625		0.250045331402	0.882999864406
0.21296875		0.249765896393	0.882753062327
0.21328125		0.24948627706	0.882505890066
0.21359375		0.249206473017	0.882258346463
0.21390625		0.248926483875	0.882010430351
0.21421875		0.248646309245	0.881762140559
0.21453125		0.248365948735	0.88151347591
0.21484375		0.248085401952	0.881264435222
0.21515625		0.247804668501	0.881015017305
0.21546875		0.247523747988	0.880765220965
0.21578125		0.247242640013	0.880515045002
0.21609375		0.246961344178	0.880264488209
0.21640625		0.246679860081	0.880013549373
0.21671875		0.24639818732	0.879762227277
0.21703125		0.246116325492	0.879510520696
0.21734375		0.245834274189	0.879258428399
0.21765625		0.245552033005	0.87900594915
0.21796875		0.245269601531	0.878753081706
0.21828125		0.244986979355	0.878499824818
0.21859375		0.244704166065	0.878246177231
0.21890625		0.244421161248	0.877992137683
0.21921875		0.244137964487	0.877737704906
0.21953125		0.243854575364	0.877482877626
0.21984375		0.243570993461	0.877227654562
0.22015625		0.243287218356	0.876972034427
0.22046875		0.243003249627	0.876716015927
0.22078125		0.242719086849	0.876459597761
0.22109375		0.242434729596	0.876202778624
0.22140625		0.242150177439	0.875945557201
0.22171875		0.24186542995	0.875687932173
0.22203125		0.241580486696	0.875429902211
0.22234375		0.241295347244	0.875171465983
0.22265625		0.241010011158	0.874912622147
0.22296875		0.240724478003	0.874653369357
0.22328125		0.240438747338	0.874393706257
0.22359375		0.240152818723	0.874133631486
0.22390625		0.239866691716	0.873873143676
0.22421875		0.239580365872	0.873612241451
0.22453125		0.239293840744	0.873350923428
0.22484375		0.239007115885	0.873089188218
0.22515625		0.238720190845	0.872827034424
0.22546875		0.238433065171	0.87256446064
0.22578125		0.238145738409	0.872301465456
0.22609375		0.237858210103	0.872038047452
0.22640625		0.237570479796	0.871774205201
0.22671875		0.237282547028	0.87150993727
0.22703125		0.236994411337	0.871245242217
0.22734375		0.236706072259	0.870980118593
0.22765625		0.236417529328	0.870714564941
0.22796875		0.236128782077	0.870448579795
0.22828125		0.235839830036	0.870182161685
0.22859375		0.235550672733	0.86991530913
0.22890625		0.235261309693	0.869648020641
0.22921875		0.234971740442	0.869380294723
0.22953125		0.234681964501	0.869112129872
0.22984375		0.234391981389	0.868843524576
0.23015625		0.234101790625	0.868574477314
0.23046875		0.233811391725	0.868304986559
0.23078125		0.233520784201	0.868035050774
0.23109375		0.233229967565	0.867764668414
0.23140625		0.232938941327	0.867493837926
0.23171875		0.232647704993	0.867222557749
0.23203125		0.232356258069	0.866950826312
0.23234375		0.232064600057	0.866678642036
0.23265625		0.231772730457	0.866406003336
0.23296875		0.231480648768	0.866132908614
0.23328125		0.231188354486	0.865859356267
0.23359375		0.230895847104	0.865585344681
0.23390625		0.230603126114	0.865310872234
0.23421875		0.230310191005	0.865035937294
0.23453125		0.230017041265	0.864760538223
0.23484375		0.229723676377	0.86448467337
0.23515625		0.229430095824	0.864208341077
0.23546875		0.229136299087	0.863931539677
0.23578125		0.228842285641	0.863654267494
0.23609375		0.228548054963	0.86337652284
0.23640625		0.228253606526	0.863098304022
0.23671875		0.2279589398	0.862819609333
0.23703125		0.227664054252	0.86254043706
0.23734375		0.227368949349	0.862260785478
0.23765625		0.227073624553	0.861980652854
0.23796875		0.226778079326	0.861700037445
0.23828125		0.226482313125	0.861418937496
0.23859375		0.226186325406	0.861137351245
0.23890625		0.225890115621	0.860855276918
0.23921875		0.225593683223	0.860572712733
0.23953125		0.225297027658	0.860289656895
0.23984375		0.225000148372	0.860006107602
0.24015625		0.224703044809	0.859722063038
0.24046875		0.224405716407	0.859437521381
0.24078125		0.224108162606	0.859152480794
0.24109375		0.22381038284	0.858866939434
0.24140625		0.223512376541	0.858580895443
0.24171875		0.22321414314	0.858294346956
0.24203125		0.222915682062	0.858007292094
0.24234375		0.222616992733	0.85771972897
0.24265625		0.222318074574	0.857431655684
0.24296875		0.222018927003	0.857143070326
0.24328125		0.221719549438	0.856853970975
0.24359375		0.221419941291	0.856564355697
0.24390625		0.221120101972	0.85627422255
0.24421875		0.22082003089	0.855983569577
0.24453125		0.220519727449	0.855692394811
0.24484375		0.22021919105	0.855400696275
0.24515625		0.219918421094	0.855108471979
0.24546875		0.219617416976	0.854815719919
0.24578125		0.21931617809	0.854522438083
0.24609375		0.219014703825	0.854228624445
0.24640625		0.21871299357	0.853934276968
0.24671875		0.218411046708	0.853639393601
0.24703125		0.21810886262	0.853343972281
0.24734375		0.217806440686	0.853048010936
0.24765625		0.21750378028	0.852751507477
0.24796875		0.217200880775	0.852454459806
0.24828125		0.21689774154	0.85215686581
0.24859375		0.21659436194	0.851858723364
0.24890625		0.216290741338	0.851560030331
0.24921875		0.215986879095	0.85126078456
0.24953125		0.215682774567	0.850960983887
0.24984375		0.215378427107	0.850660626134
0.25015625		0.215073836065	0.850359709113
0.25046875		0.214769000788	0.850058230619
0.25078125		0.21446392062	0.849756188436
0.25109375		0.214158594901	0.849453580331
0.25140625		0.213853022968	0.849150404061
0.25171875		0.213547204154	0.848846657368
0.25203125		0.21324113779	0.848542337979
0.25234375		0.212934823203	0.848237443608
0.25265625		0.212628259716	0.847931971954
0.25296875		0.212321446649	0.847625920702
0.25328125		0.212014383319	0.847319287523
0.25359375		0.211707069039	0.847012070072
0.25390625		0.211399503118	0.846704265992
0.25421875		0.211091684862	0.846395872909
0.25453125		0.210783613574	0.846086888434
0.25484375		0.210475288552	0.845777310164
0.25515625		0.210166709092	0.845467135681
0.25546875		0.209857874486	0.84515636255
0.25578125		0.20954878402	0.844844988322
0.25609375		0.20923943698	0.844533010531
0.25640625		0.208929832646	0.844220426698
0.25671875		0.208619970295	0.843907234325
0.25703125		0.208309849198	0.843593430901
0.25734375		0.207999468627	0.843279013895
0.25765625		0.207688827845	0.842963980764
0.25796875		0.207377926114	0.842648328945
0.25828125		0.207066762691	0.842332055861
0.25859375		0.206755336831	0.842015158917
0.25890625		0.206443647782	0.841697635502
0.25921875		0.206131694791	0.841379482986
0.25953125		0.205819477098	0.841060698724
0.25984375		0.205506993942	0.840741280053
0.26015625		0.205194244555	0.840421224292
0.26046875		0.204881228167	0.840100528744
0.26078125		0.204567944003	0.839779190692
0.26109375		0.204254391284	0.839457207403
0.26140625		0.203940569227	0.839134576124
0.26171875		0.203626477044	0.838811294086
0.26203125		0.203312113943	0.8384873585
0.26234375		0.202997479129	0.838162766557
0.26265625		0.2026825718	0.837837515434
0.26296875		0.202367391153	0.837511602284
0.26328125		0.202051936378	0.837185024244
0.26359375		0.20173620666	0.83685777843
0.26390625		0.201420201183	0.83652986194
0.26421875		0.201103919122	0.836201271851
0.26453125		0.200787359652	0.835872005221
0.26484375		0.20047052194	0.835542059088
0.26515625		0.200153405149	0.83521143047
0.26546875		0.199836008438	0.834880116364
0.26578125		0.199518330963	0.834548113747
0.26609375		0.199200371871	0.834215419574
0.26640625		0.198882130308	0.833882030782
0.26671875		0.198563605413	0.833547944283
0.26703125		0.198244796321	0.833213156971
0.26734375		0.197925702163	0.832877665717
0.26765625		0.197606322063	0.83254146737
0.26796875		0.197286655141	0.832204558757
0.26828125		0.196966700513	0.831866936684
0.26859375		0.196646457289	0.831528597935
0.26890625		0.196325924573	0.831189539268
0.26921875		0.196005101466	0.830849757422
0.26953125		0.195683987062	0.830509249112
0.26984375		0.195362580449	0.830168011029
0.27015625		0.195040880714	0.829826039841
0.27046875		0.194718886933	0.829483332192
0.27078125		0.194396598181	0.829139884703
0.27109375		0.194074013526	0.82879569397
0.27140625		0.19375113203	0.828450756565
0.27171875		0.19342795275	0.828105069036
0.27203125		0.193104474738	0.827758627904
0.27234375		0.192780697039	0.827411429669
0.27265625		0.192456618694	0.8270634708
0.27296875		0.192132238738	0.826714747746
0.27328125		0.191807556199	0.826365256927
0.27359375		0.191482570101	0.826014994738
0.27390625		0.19115727946	0.825663957546
0.27421875		0.190831683289	0.825312141695
0.27453125		0.190505780592	0.824959543498
0.27484375		0.190179570368	0.824606159244
0.27515625		0.189853051612	0.824251985193
0.27546875		0.189526223311	0.823897017578
0.27578125		0.189199084445	0.823541252603
0.27609375		0.18887163399	0.823184686445
0.27640625		0.188543870915	0.822827315253
0.27671875		0.188215794181	0.822469135145
0.27703125		0.187887402746	0.822110142211
0.27734375		0.187558695558	0.821750332513
0.27765625		0.18722967156	0.821389702081
0.27796875		0.18690032969	0.821028246917
0.27828125		0.186570668878	0.820665962991
0.27859375		0.186240688046	0.820302846244
0.27890625		0.185910386111	0.819938892584
0.27921875		0.185579761984	0.819574097891
0.27953125		0.185248814568	0.819208458009
0.27984375		0.184917542758	0.818841968754
0.28015625		0.184585945443	0.818474625908
0.28046875		0.184254021507	0.818106425221
0.28078125		0.183921769825	0.817737362409
0.28109375		0.183589189263	0.817367433156
0.28140625		0.183256278684	0.816996633113
0.28171875		0.18292303694	0.816624957894
0.28203125		0.182589462878	0.816252403083
0.28234375		0.182255555336	0.815878964225
0.28265625		0.181921313147	0.815504636832
0.28296875		0.181586735133	0.815129416382
0.28328125		0.18125182011	0.814753298314
0.28359375		0.180916566888	0.814376278034
0.28390625		0.180580974267	0.813998350909
0.28421875		0.180245041039	0.81361951227
0.28453125		0.17990876599	0.813239757411
0.28484375		0.179572147897	0.812859081587
0.28515625		0.179235185528	0.812477480016
0.28546875		0.178897877645	0.812094947877
0.28578125		0.178560222999	0.811711480309
0.28609375		0.178222220336	0.811327072414
0.28640625		0.177883868391	0.810941719251
0.28671875		0.177545165891	0.810555415842
0.28703125		0.177206111556	0.810168157164
0.28734375		0.176866704095	0.809779938156
0.28765625		0.176526942211	0.809390753716
0.28796875		0.176186824597	0.809000598696
0.28828125		0.175846349935	0.808609467909
0.28859375		0.175505516903	0.808217356122
0.28890625		0.175164324164	0.807824258062
0.28921875		0.174822770377	0.807430168408
0.28953125		0.174480854189	0.807035081797
0.28984375		0.174138574238	0.806638992819
0.29015625		0.173795929154	0.806241896021
0.29046875		0.173452917555	0.8058437859
0.29078125		0.173109538052	0.805444656911
0.29109375		0.172765789245	0.805044503457
0.29140625		0.172421669724	0.804643319898
0.29171875		0.172077178071	0.804241100541
0.29203125		0.171732312854	0.803837839647
0.29234375		0.171387072636	0.803433531428
0.29265625		0.171041455966	0.803028170043
0.29296875		0.170695461385	0.802621749604
0.29328125		0.170349087421	0.802214264169
0.29359375		0.170002332595	0.801805707745
0.29390625		0.169655195414	0.801396074287
0.29421875		0.169307674377	0.800985357697
0.29453125		0.168959767971	0.800573551823
0.29484375		0.168611474672	0.800160650458
0.29515625		0.168262792944	0.799746647342
0.29546875		0.167913721242	0.799331536157
0.29578125		0.167564258009	0.79891531053
0.29609375		0.167214401675	0.79849796403
0.29640625		0.16686415066	0.79807949017
0.29671875		0.166513503372	0.797659882404
0.29703125		0.166162458208	0.797239134126
0.29734375		0.165811013553	0.79681723867
0.29765625		0.165459167777	0.796394189311
0.29796875		0.165106919243	0.795969979262
0.29828125		0.164754266297	0.795544601673
0.29859375		0.164401207275	0.795118049632
0.29890625		0.164047740501	0.794690316164
0.29921875		0.163693864285	0.794261394229
0.29953125		0.163339576924	0.79383127672
0.29984375		0.162984876702	0.793399956467
0.30015625		0.162629761892	0.792967426232
0.30046875		0.162274230752	0.792533678708
0.30078125		0.161918281527	0.792098706521
0.30109375		0.161561912448	0.791662502226
0.30140625		0.161205121732	0.791225058309
0.30171875		0.160847907584	0.790786367185
0.30203125		0.160490268194	0.790346421196
0.30234375		0.160132201737	0.78990521261
0.30265625		0.159773706374	0.789462733622
0.30296875		0.159414780253	0.789018976353
0.30328125		0.159055421507	0.788573932846
0.30359375		0.158695628252	0.788127595069
0.30390625		0.158335398591	0.78767995491
0.30421875		0.157974730611	0.787231004178
0.30453125		0.157613622386	0.786780734605
0.30484375		0.157252071971	0.786329137838
0.30515625		0.156890077408	0.785876205445
0.30546875		0.156527636722	0.785421928907
0.30578125		0.156164747921	0.784966299624
0.30609375		0.155801409	0.784509308909
0.30640625		0.155437617934	0.784050947988
0.30671875		0.155073372684	0.783591207999
0.30703125		0.154708671192	0.783130079993
0.30734375		0.154343511384	0.782667554927
0.30765625		0.153977891171	0.782203623669
0.30796875		0.153611808443	0.781738276994
0.30828125		0.153245261075	0.781271505583
0.30859375		0.152878246922	0.78080330002
0.30890625		0.152510763823	0.780333650794
0.30921875		0.152142809598	0.779862548294
0.30953125		0.151774382047	0.779389982812
0.30984375		0.151405478955	0.778915944538
0.31015625		0.151036098084	0.778440423559
0.31046875		0.15066623718	0.777963409859
0.31078125		0.150295893967	0.777484893317
0.31109375		0.149925066152	0.777004863705
0.31140625		0.14955375142	0.776523310686
0.31171875		0.149181947437	0.776040223815
0.31203125		0.148809651847	0.775555592534
0.31234375		0.148436862277	0.775069406172
0.31265625		0.148063576329	0.774581653945
0.31296875		0.147689791587	0.774092324951
0.31328125		0.14731550561	0.77360140817
0.31359375		0.14694071594	0.773108892465
0.31390625		0.146565420094	0.772614766573
0.31421875		0.146189615566	0.772119019111
0.31453125		0.14581329983	0.77162163857
0.31484375		0.145436470335	0.771122613314
0.31515625		0.145059124509	0.770621931577
0.31546875		0.144681259755	0.770119581465
0.31578125		0.144302873452	0.769615550947
0.31609375		0.143923962956	0.76910982786
0.31640625		0.143544525598	0.768602399905
0.31671875		0.143164558686	0.768093254641
0.31703125		0.142784059499	0.767582379487
0.31734375		0.142403025296	0.76706976172
0.31765625		0.142021453306	0.76655538847
0.31796875		0.141639340733	0.766039246719
0.31828125		0.141256684756	0.765521323301
0.31859375		0.140873482526	0.765001604896
0.31890625		0.140489731168	0.764480078028
0.31921875		0.140105427778	0.763956729065
0.31953125		0.139720569425	0.763431544216
0.31984375		0.13933515315	0.762904509527
0.32015625		0.138949175965	0.762375610878
0.32046875		0.138562634853	0.761844833983
0.32078125		0.138175526767	0.761312164384
0.32109375		0.137787848631	0.760777587452
0.32140625		0.13739959734	0.760241088381
0.32171875		0.137010769754	0.759702652186
0.32203125		0.136621362707	0.7591622637
0.32234375		0.136231372999	0.758619907573
0.32265625		0.135840797397	0.758075568266
0.32296875		0.135449632636	0.75752923005
0.32328125		0.13505787542	0.756980877001
0.32359375		0.134665522418	0.756430492997
0.32390625		0.134272570265	0.755878061718
0.32421875		0.133879015562	0.755323566639
0.32453125		0.133484854874	0.754766991025
0.32484375		0.133090084733	0.754208317934
0.32515625		0.132694701632	0.753647530207
0.32546875		0.13229870203	0.753084610467
0.32578125		0.131902082348	0.752519541114
0.32609375		0.131504838969	0.751952304326
0.32640625		0.131106968238	0.751382882046
0.32671875		0.130708466461	0.750811255985
0.32703125		0.130309329906	0.750237407618
0.32734375		0.1299095548	0.749661318176
0.32765625		0.129509137329	0.749082968642
0.32796875		0.129108073639	0.748502339751
0.32828125		0.128706359833	0.747919411981
0.32859375		0.128303991972	0.747334165549
0.32890625		0.127900966075	0.746746580409
0.32921875		0.127497278114	0.746156636244
0.32953125		0.12709292402	0.745564312465
0.32984375		0.126687899678	0.744969588199
0.33015625		0.126282200925	0.744372442293
0.33046875		0.125875823553	0.743772853302
0.33078125		0.125468763307	0.743170799484
0.33109375		0.125061015881	0.742566258798
0.33140625		0.124652576925	0.741959208896
0.33171875		0.124243442034	0.741349627118
0.33203125		0.123833606755	0.740737490484
0.33234375		0.123423066584	0.740122775692
0.33265625		0.123011816964	0.739505459108
0.33296875		0.122599853283	0.73888551676
0.33328125		0.122187170878	0.738262924335
0.33359375		0.121773765029	0.737637657166
0.33390625		0.121359630961	0.737009690233
0.33421875		0.120944763841	0.73637899815
0.33453125		0.120529158781	0.735745555158
0.33484375		0.12011281083	0.735109335122
0.33515625		0.11969571498	0.734470311519
0.33546875		0.119277866161	0.733828457432
0.33578125		0.118859259243	0.733183745543
0.33609375		0.118439889029	0.732536148123
0.33640625		0.118019750262	0.731885637024
0.33671875		0.117598837617	0.731232183671
0.33703125		0.117177145704	0.730575759054
0.33734375		0.116754669064	0.729916333716
0.33765625		0.11633140217	0.729253877748
0.33796875		0.115907339425	0.728588360775
0.33828125		0.11548247516	0.727919751949
0.33859375		0.115056803634	0.727248019939
0.33890625		0.11463031903	0.726573132918
0.33921875		0.114203015459	0.725895058557
0.33953125		0.113774886952	0.72521376401
0.33984375		0.113345927463	0.724529215904
0.34015625		0.112916130866	0.723841380328
0.34046875		0.112485490954	0.72315022282
0.34078125		0.112054001437	0.722455708359
0.34109375		0.11162165594	0.721757801346
0.34140625		0.111188448003	0.721056465597
0.34171875		0.110754371077	0.720351664324
0.34203125		0.110319418525	0.719643360127
0.34234375		0.109883583618	0.71893151498
0.34265625		0.109446859534	0.718216090209
0.34296875		0.109009239356	0.717497046487
0.34328125		0.10857071607	0.716774343813
0.34359375		0.108131282565	0.716047941499
0.34390625		0.107690931626	0.715317798149
0.34421875		0.107249655939	0.71458387165
0.34453125		0.106807448083	0.71384611915
0.34484375		0.106364300531	0.71310449704
0.34515625		0.105920205644	0.712358960939
0.34546875		0.105475155676	0.711609465671
0.34578125		0.105029142764	0.710855965253
0.34609375		0.104582158929	0.710098412864
0.34640625		0.104134196074	0.709336760837
0.34671875		0.103685245981	0.708570960628
0.34703125		0.103235300307	0.7078009628
0.34734375		0.102784350584	0.707026716998
0.34765625		0.102332388212	0.706248171925
0.34796875		0.101879404461	0.705465275321
0.34828125		0.101425390465	0.704677973938
0.34859375		0.100970337222	0.703886213511
0.34890625		0.100514235585	0.703089938736
0.34921875		0.100057076265	0.702289093238
0.34953125		0.0995988498246	0.701483619548
0.34984375		0.0991395466764	0.700673459071
0.35015625		0.0986791570771	0.699858552056
0.35046875		0.0982176711258	0.699038837568
0.35078125		0.0977550787597	0.69821425345
0.35109375		0.0972913697503	0.697384736296
0.35140625		0.0968265336997	0.696550221412
0.35171875		0.0963605600362	0.695710642784
0.35203125		0.0958934380104	0.694865933039
0.35234375		0.0954251566908	0.694016023407
0.35265625		0.0949557049594	0.693160843683
0.35296875		0.094485071507	0.692300322186
0.35328125		0.0940132448286	0.691434385714
0.35359375		0.0935402132185	0.690562959503
0.35390625		0.0930659647651	0.68968596718
0.35421875		0.0925904873459	0.688803330719
0.35453125		0.0921137686222	0.687914970386
0.35484375		0.0916357960331	0.687020804695
0.35515625		0.0911565567902	0.686120750349
0.35546875		0.0906760378715	0.68521472219
0.35578125		0.0901942260152	0.684302633142
0.35609375		0.0897111077133	0.683384394149
0.35640625		0.0892266692052	0.682459914115
0.35671875		0.088740896471	0.681529099843
0.35703125		0.0882537752239	0.680591855964
0.35734375		0.0877652909034	0.679648084871
0.35765625		0.0872754286676	0.67869768665
0.35796875		0.0867841733856	0.677740558998
0.35828125		0.0862915096286	0.676776597154
0.35859375		0.0857974216626	0.675805693811
0.35890625		0.0853018934388	0.674827739037
0.35921875		0.0848049085848	0.673842620182
0.35953125		0.0843064503954	0.672850221795
0.35984375		0.0838065018225	0.671850425517
0.36015625		0.0833050454655	0.670843109992
0.36046875		0.08280206356	0.669828150758
0.36078125		0.0822975379675	0.668805420139
0.36109375		0.0817914501639	0.667774787132
0.36140625		0.0812837812276	0.66673611729
0.36171875		0.0807745118271	0.665689272596
0.36203125		0.0802636222083	0.664634111337
0.36234375		0.0797510921815	0.663570487965
0.36265625		0.0792369011069	0.662498252959
0.36296875		0.0787210278808	0.661417252672
0.36328125		0.07820345092	0.660327329182
0.36359375		0.0776841481467	0.659228320124
0.36390625		0.0771630969715	0.658120058525
0.36421875		0.0766402742767	0.657002372617
0.36453125		0.0761156563986	0.655875085658
0.36484375		0.0755892191085	0.654738015729
0.36515625		0.0750609375934	0.65359097553
0.36546875		0.0745307864361	0.65243377216
0.36578125		0.0739987395933	0.651266206893
0.36609375		0.0734647703736	0.65008807493
0.36640625		0.0729288514146	0.648899165154
0.36671875		0.072390954658	0.647699259856
0.36703125		0.0718510513244	0.646488134459
0.36734375		0.0713091118867	0.645265557219
0.36765625		0.0707651060415	0.644031288913
0.36796875		0.0702190026802	0.642785082509
0.36828125		0.0696707698579	0.641526682818
0.36859375		0.069120374761	0.640255826125
0.36890625		0.0685677836729	0.6389722398
0.36921875		0.0680129619384	0.637675641885
0.36953125		0.067455873926	0.636365740657
0.36984375		0.0668964829878	0.635042234165
0.37015625		0.0663347514181	0.633704809743
0.37046875		0.0657706404089	0.632353143484
0.37078125		0.0652041100036	0.630986899692
0.37109375		0.064635119048	0.629605730289
0.37140625		0.0640636251379	0.628209274196
0.37171875		0.063489584565	0.626797156662
0.37203125		0.0629129522584	0.625368988561
0.37234375		0.0623336817233	0.62392436563
0.37265625		0.0617517249762	0.622462867668
0.37296875		0.0611670324758	0.620984057671
0.37328125		0.0605795530499	0.619487480916
0.37359375		0.0599892338178	0.617972663969
0.37390625		0.059396020108	0.616439113635
0.37421875		0.0587998553701	0.614886315828
0.37453125		0.0582006810816	0.61331373435
0.37484375		0.0575984366487	0.611720809596
0.37515625		0.0569930592997	0.610106957144
0.37546875		0.056384483972	0.60847156625
0.37578125		0.0557726431914	0.606813998217
0.37609375		0.0551574669421	0.605133584642
0.37640625		0.0545388825284	0.603429625516
0.37671875		0.0539168144263	0.601701387172
0.37703125		0.0532911841241	0.599948100065
0.37734375		0.0526619099511	0.598168956355
0.37765625		0.0520289068935	0.596363107293
0.37796875		0.0513920863962	0.594529660368
0.37828125		0.050751356149	0.59266767621
0.37859375		0.0501066198558	0.5907761652
0.37890625		0.0494577769851	0.588854083775
0.37921875		0.0488047224999	0.58690033038
0.37953125		0.048147346565	0.584913741029
0.37984375		0.0474855342287	0.582893084434
0.38015625		0.0468191650774	0.580837056643
0.38046875		0.0461481128585	0.578744275129
0.38078125		0.04547224507	0.576613272263
0.38109375		0.0447914225106	0.574442488087
0.38140625		0.0441054987885	0.572230262304
0.38171875		0.0434143197811	0.56997482536
0.38203125		0.042717723042	0.567674288526
0.38234375		0.0420155371476	0.565326632799
0.38265625		0.0413075809751	0.562929696487
0.38296875		0.0405936629043	0.560481161261
0.38328125		0.0398735799323	0.557978536445
0.38359375		0.0391471166884	0.555419141284
0.38390625		0.0384140443365	0.552800084839
0.38421875		0.0376741193481	0.550118243147
0.38453125		0.036927082126	0.547370233162
0.38484375		0.0361726554573	0.544552382925
0.38515625		0.0354105427676	0.541660697289
0.38546875		0.0346404261444	0.538690818362
0.38578125		0.0338619640922	0.535637979671
0.38609375		0.0330747889714	0.532496952802
0.38640625		0.0322785040662	0.529261984975
0.38671875		0.0314726802117	0.525926725627
0.38703125		0.0306568518979	0.522484139606
0.38734375		0.0298305127464	0.518926403904
0.38765625		0.028993110231	0.515244784028
0.38796875		0.028144039482	0.511429484967
0.38828125		0.0272826359724	0.507469470223
0.38859375		0.0264081668253	0.503352240261
0.38890625		0.0255198204155	0.499063558932
0.38921875		0.0246166938326	0.494587112435
0.38953125		0.0236977776466	0.489904079745
0.38984375		0.0227619372305	0.484992585351
0.39015625		0.0218078896422	0.479826993268
0.39046875		0.0208341747113	0.474376983536
0.39078125		0.0198391184618	0.468606325357
0.39109375		0.0188207862531	0.462471218672
0.39140625		0.0177769219121	0.455918007939
0.39171875		0.0167048674357	0.448879959269
0.39203125		0.0156014552208	0.44127259884
0.39234375		0.0144628605777	0.43298676563
0.39265625		0.0132843953735	0.423877885893
0.39296875		0.0120602118044	0.413748698511
0.39328125		0.0107828639213	0.402319949203
0.39359375		0.00944263234917	0.389177298991
0.39390625		0.00802641618295	0.373666365722
0.39421875		0.00651560277664	0.35465677899
0.39453125		0.00490393482396	0.330297590044
0.39484375		0.00331700732967	0.299489318595
0.39515625		0.00192765723509	0.261408768641
0.39546875		0.000881996824678	0.214887870227
0.39578125		0.00025194607628	0.156957575039
0.39609375		1.57468778991e-06	0.0436907388715
0.39640625		4.22761362313e-09	0.0100653737271
0.39671875		4.11316058591e-09	0.0100000046464
0.39703125		4.11315252416e-09	0.0100000000002
0.39734375		4.11315252376e-09	0.01
0.39765625		4.11315252376e-09	0.01
0.39796875		4.11315252376e-09	0.01
0.39828125		4.11315252376e-09	0.01
0.39859375		4.11315252376e-09	0.01
0.39890625		4.11315252376e-09	0.01
0.39921875		4.11315252376e-09	0.01
0.39953125		4.11315252376e-09	0.01
0.39984375		4.11315252376e-09	0.01
0.40015625		4.11315252376e-09	0.01
0.40046875		4.11315252376e-09	0.01
0.40078125		4.11315252376e-09	0.01
0.40109375		4.11315252376e-09	0.01
0.40140625		4.11315252376e-09	0.01
0.40171875		4.11315252376e-09	0.01
0.40203125		4.11315252376e-09	0.01
0.40234375		4.11315252376e-09	0.01
0.40265625		4.11315252376e-09	0.01
0.40296875		4.11315252376e-09	0.01
0.40328125		4.11315252376e-09	0.01
0.40359375		4.11315252376e-09	0.01
0.40390625		4.11315252376e-09	0.01
0.40421875		4.11315252376e-09	0.01
0.40453125		4.11315252376e-09	0.01
0.40484375		4.11315252376e-09	0.01
0.40515625		4.11315252376e-09	0.01
0.40546875		4.11315252376e-09	0.01
0.40578125		4.11315252376e-09	0.01
0.40609375		4.11315252376e-09	0.01
0.40640625		4.11315252376e-09	0.01
0.40671875		4.11315252376e-09	0.01
0.40703125		4.11315252376e-09	0.01
0.40734375		4.11315252376e-09	0.01
0.40765625		4.11315252376e-09	0.01
0.40796875		4.11315252376e-09	0.01
0.40828125		4.11315252376e-09	0.01
0.40859375		4.11315252376e-09	0.01
0.40890625		4.11315252376e-09	0.01
0.40921875		4.11315252376e-09	0.01
0.40953125		4.11315252376e-09	0.01
0.40984375		4.11315252376e-09	0.01
0.41015625		4.11315252376e-09	0.01
0.41046875		4.11315252376e-09	0.01
0.41078125		4.11315252376e-09	0.01
0.41109375		4.11315252376e-09	0.01
0.41140625		4.11315252376e-09	0.01
0.41171875		4.11315252376e-09	0.01
0.41203125		4.11315252376e-09	0.01
0.41234375		4.11315252376e-09	0.01
0.41265625		4.11315252376e-09	0.01
0.41296875		4.11315252376e-09	0.01
0.41328125		4.11315252376e-09	0.01
0.41359375		4.11315252376e-09	0.01
0.41390625		4.11315252376e-09	0.01
0.41421875		4.11315252376e-09	0.01
0.41453125		4.11315252376e-09	0.01
0.41484375		4.11315252376e-09	0.01
0.41515625		4.11315252376e-09	0.01
0.41546875		4.11315252376e-09	0.01
0.41578125		4.11315252376e-09	0.01
0.41609375		4.11315252376e-09	0.01
0.41640625		4.11315252376e-09	0.01
0.41671875		4.11315252376e-09	0.01
0.41703125		4.11315252376e-09	0.01
0.41734375		4.11315252376e-09	0.01
0.41765625		4.11315252376e-09	0.01
0.41796875		4.11315252376e-09	0.01
0.41828125		4.11315252376e-09	0.01
0.41859375		4.11315252376e-09	0.01
0.41890625		4.11315252376e-09	0.01
0.41921875		4.11315252376e-09	0.01
0.41953125		4.11315252376e-09	0.01
0.41984375		4.11315252376e-09	0.01
0.42015625		4.11315252376e-09	0.01
0.42046875		4.11315252376e-09	0.01
0.42078125		4.11315252376e-09	0.01
0.42109375		4.11315252376e-09	0.01
0.42140625		4.11315252376e-09	0.01
0.42171875		4.11315252376e-09	0.01
0.42203125		4.11315252376e-09	0.01
0.42234375		4.11315252376e-09	0.01
0.42265625		4.11315252376e-09	0.01
0.42296875		4.11315252376e-09	0.01
0.42328125		4.11315252376e-09	0.01
0.42359375		4.11315252376e-09	0.01
0.42390625		4.11315252376e-09	0.01
0.42421875		4.11315252376e-09	0.01
0.42453125		4.11315252376e-09	0.01
0.42484375		4.11315252376e-09	0.01
0.42515625		4.11315252376e-09	0.01
0.42546875		4.11315252376e-09	0.01
0.42578125		4.11315252376e-09	0.01
0.42609375		4.11315252376e-09	0.01
0.42640625		4.11315252376e-09	0.01
0.42671875		4.11315252376e-09	0.01
0.42703125		4.11315252376e-09	0.01
0.42734375		4.11315252376e-09	0.01
0.42765625		4.11315252376e-09	0.01
0.42796875		4.11315252376e-09	0.01
0.42828125		4.11315252376e-09	0.01
0.42859375		4.11315252376e-09	0.01
0.42890625		4.11315252376e-09	0.01
0.42921875		4.11315252376e-09	0.01
0.42953125		4.11315252376e-09	0.01
0.42984375		4.11315252376e-09	0.01
0.43015625		4.11315252376e-09	0.01
0.43046875		4.11315252376e-09	0.01
0.43078125		4.11315252376e-09	0.01
0.43109375		4.11315252376e-09	0.01
0.43140625		4.11315252376e-09	0.01
0.43171875		4.11315252376e-09	0.01
0.43203125		4.11315252376e-09	0.01
0.43234375		4.11315252376e-09	0.01
0.43265625		4.11315252376e-09	0.01
0.43296875		4.11315252376e-09	0.01
0.43328125		4.11315252376e-09	0.01
0.43359375		4.11315252376e-09	0.01
0.43390625		4.11315252376e-09	0.01
0.43421875		4.11315252376e-09	0.01
0.43453125		4.11315252376e-09	0.01
0.43484375		4.11315252376e-09	0.01
0.43515625		4.11315252376e-09	0.01
0.43546875		4.11315252376e-09	0.01
0.43578125		4.11315252376e-09	0.01
0.43609375		4.11315252376e-09	0.01
0.43640625		4.11315252376e-09	0.01
0.43671875		4.11315252376e-09	0.01
0.43703125		4.11315252376e-09	0.01
0.43734375		4.11315252376e-09	0.01
0.43765625		4.11315252376e-09	0.01
0.43796875		4.11315252376e-09	0.01
0.43828125		4.11315252376e-09	0.01
0.43859375		4.11315252376e-09	0.01
0.43890625		4.11315252376e-09	0.01
0.43921875		4.11315252376e-09	0.01
0.43953125		4.11315252376e-09	0.01
0.43984375		4.11315252376e-09	0.01
0.44015625		4.11315252376e-09	0.01
0.44046875		4.11315252376e-09	0.01
0.44078125		4.11315252376e-09	0.01
0.44109375		4.11315252376e-09	0.01
0.44140625		4.11315252376e-09	0.01
0.44171875		4.11315252376e-09	0.01
0.44203125		4.11315252376e-09	0.01
0.44234375		4.11315252376e-09	0.01
0.44265625		4.11315252376e-09	0.01
0.44296875		4.11315252376e-09	0.01
0.44328125		4.11315252376e-09	0.01
0.44359375		4.11315252376e-09	0.01
0.44390625		4.11315252376e-09	0.01
0.44421875		4.11315252376e-09	0.01
0.44453125		4.11315252376e-09	0.01
0.44484375		4.11315252376e-09	0.01
0.44515625		4.11315252376e-09	0.01
0.44546875		4.11315252376e-09	0.01
0.44578125		4.11315252376e-09	0.01
0.44609375		4.11315252376e-09	0.01
0.44640625		4.11315252376e-09	0.01
0.44671875		4.11315252376e-09	0.01
0.44703125		4.11315252376e-09	0.01
0.44734375		4.11315252376e-09	0.01
0.44765625		4.11315252376e-09	0.01
0.44796875		4.11315252376e-09	0.01
0.44828125		4.11315252376e-09	0.01
0.44859375		4.11315252376e-09	0.01
0.44890625		4.11315252376e-09	0.01
0.44921875		4.11315252376e-09	0.01
0.44953125		4.11315252376e-09	0.01
0.44984375		4.11315252376e-09	0.01
0.45015625		4.11315252376e-09	0.01
0.45046875		4.11315252376e-09	0.01
0.45078125		4.11315252376e-09	0.01
0.45109375		4.11315252376e-09	0.01
0.45140625		4.11315252376e-09	0.01
0.45171875		4.11315252376e-09	0.01
0.45203125		4.11315252376e-09	0.01
0.45234375		4.11315252376e-09	0.01
0.45265625		4.11315252376e-09	0.01
0.45296875		4.11315252376e-09	0.01
0.45328125		4.11315252376e-09	0.01
0.45359375		4.11315252376e-09	0.01
0.45390625		4.11315252376e-09	0.01
0.45421875		4.11315252376e-09	0.01
0.45453125		4.11315252376e-09	0.01
0.45484375		4.11315252376e-09	0.01
0.45515625		4.11315252376e-09	0.01
0.45546875		4.11315252376e-09	0.01
0.45578125		4.11315252376e-09	0.01
0.45609375		4.11315252376e-09	0.01
0.45640625		4.11315252376e-09	0.01
0.45671875		4.11315252376e-09	0.01
0.45703125		4.11315252376e-09	0.01
0.45734375		4.11315252376e-09	0.01
0.45765625		4.11315252376e-09	0.01
0.45796875		4.11315252376e-09	0.01
0.45828125		4.11315252376e-09	0.01
0.45859375		4.11315252376e-09	0.01
0.45890625		4.11315252376e-09	0.01
0.45921875		4.11315252376e-09	0.01
0.45953125		4.11315252376e-09	0.01
0.45984375		4.11315252376e-09	0.01
0.46015625		4.11315252376e-09	0.01
0.46046875		4.11315252376e-09	0.01
0.46078125		4.11315252376e-09	0.01
0.46109375		4.11315252376e-09	0.01
0.46140625		4.11315252376e-09	0.01
0.46171875		4.11315252376e-09	0.01
0.46203125		4.11315252376e-09	0.01
0.46234375		4.11315252376e-09	0.01
0.46265625		4.11315252376e-09	0.01
0.46296875		4.11315252376e-09	0.01
0.46328125		4.11315252376e-09	0.01
0.46359375		4.11315252376e-09	0.01
0.46390625		4.11315252376e-09	0.01
0.46421875		4.11315252376e-09	0.01
0.46453125		4.11315252376e-09	0.01
0.46484375		4.11315252376e-09	0.01
0.46515625		4.11315252376e-09	0.01
0.46546875		4.11315252376e-09	0.01
0.46578125		4.11315252376e-09	0.01
0.46609375		4.11315252376e-09	0.01
0.46640625		4.11315252376e-09	0.01
0.46671875		4.11315252376e-09	0.01
0.46703125		4.11315252376e-09	0.01
0.46734375		4.11315252376e-09	0.01
0.46765625		4.11315252376e-09	0.01
0.46796875		4.11315252376e-09	0.01
0.46828125		4.11315252376e-09	0.01
0.46859375		4.11315252376e-09	0.01
0.46890625		4.11315252376e-09	0.01
0.46921875		4.11315252376e-09	0.01
0.46953125		4.11315252376e-09	0.01
0.46984375		4.11315252376e-09	0.01
0.47015625		4.11315252376e-09	0.01
0.47046875		4.11315252376e-09	0.01
0.47078125		4.11315252376e-09	0.01
0.47109375		4.11315252376e-09	0.01
0.47140625		4.11315252376e-09	0.01
0.47171875		4.11315252376e-09	0.01
0.47203125		4.11315252376e-09	0.01
0.47234375		4.11315252376e-09	0.01
0.47265625		4.11315252376e-09	0.01
0.47296875		4.11315252376e-09	0.01
0.47328125		4.11315252376e-09	0.01
0.47359375		4.11315252376e-09	0.01
0.47390625		4.11315252376e-09	0.01
0.47421875		4.11315252376e-09	0.01
0.47453125		4.11315252376e-09	0.01
0.47484375		4.11315252376e-09	0.01
0.47515625		4.11315252376e-09	0.01
0.47546875		4.11315252376e-09	0.01
0.47578125		4.11315252376e-09	0.01
0.47609375		4.11315252376e-09	0.01
0.47640625		4.11315252376e-09	0.01
0.47671875		4.11315252376e-09	0.01
0.47703125		4.11315252376e-09	0.01
0.47734375		4.11315252376e-09	0.01
0.47765625		4.11315252376e-09	0.01
0.47796875		4.11315252376e-09	0.01
0.47828125		4.11315252376e-09	0.01
0.47859375		4.11315252376e-09	0.01
0.47890625		4.11315252376e-09	0.01
0.47921875		4.11315252376e-09	0.01
0.47953125		4.11315252376e-09	0.01
0.47984375		4.11315252376e-09	0.01
0.48015625		4.11315252376e-09	0.01
0.48046875		4.11315252376e-09	0.01
0.48078125		4.11315252376e-09	0.01
0.48109375		4.11315252376e-09	0.01
0.48140625		4.11315252376e-09	0.01
0.48171875		4.11315252376e-09	0.01
0.48203125		4.11315252376e-09	0.01
0.48234375		4.11315252376e-09	0.01
0.48265625		4.11315252376e-09	0.01
0.48296875		4.11315252376e-09	0.01
0.48328125		4.11315252376e-09	0.01
0.48359375		4.11315252376e-09	0.01
0.48390625		4.11315252376e-09	0.01
0.48421875		4.11315252376e-09	0.01
0.48453125		4.11315252376e-09	0.01
0.48484375		4.11315252376e-09	0.01
0.48515625		4.11315252376e-09	0.01
0.48546875		4.11315252376e-09	0.01
0.48578125		4.11315252376e-09	0.01
0.48609375		4.11315252376e-09	0.01
0.48640625		4.11315252376e-09	0.01
0.48671875		4.11315252376e-09	0.01
0.48703125		4.11315252376e-09	0.01
0.48734375		4.11315252376e-09	0.01
0.48765625		4.11315252376e-09	0.01
0.48796875		4.11315252376e-09	0.01
0.48828125		4.11315252376e-09	0.01
0.48859375		4.11315252376e-09	0.01
0.48890625		4.11315252376e-09	0.01
0.48921875		4.11315252376e-09	0.01
0.48953125		4.11315252376e-09	0.01
0.48984375		4.11315252376e-09	0.01
0.49015625		4.11315252376e-09	0.01
0.49046875		4.11315252376e-09	0.01
0.49078125		4.11315252376e-09	0.01
0.49109375		4.11315252376e-09	0.01
0.49140625		4.11315252376e-09	0.01
0.49171875		4.11315252376e-09	0.01
0.49203125		4.11315252376e-09	0.01
0.49234375		4.11315252376e-09	0.01
0.49265625		4.11315252376e-09	0.01
0.49296875		4.11315252376e-09	0.01
0.49328125		4.11315252376e-09	0.01
0.49359375		4.11315252376e-09	0.01
0.49390625		4.11315252376e-09	0.01
0.49421875		4.11315252376e-09	0.01
0.49453125		4.11315252376e-09	0.01
0.49484375		4.11315252376e-09	0.01
0.49515625		4.11315252376e-09	0.01
0.49546875		4.11315252376e-09	0.01
0.49578125		4.11315252376e-09	0.01
0.49609375		4.11315252376e-09	0.01
0.49640625		4.11315252376e-09	0.01
0.49671875		4.11315252376e-09	0.01
0.49703125		4.11315252376e-09	0.01
0.49734375		4.11315252376e-09	0.01
0.49765625		4.11315252376e-09	0.01
0.49796875		4.11315252376e-09	0.01
0.49828125		4.11315252376e-09	0.01
0.49859375		4.11315252376e-09	0.01
0.49890625		4.11315252376e-09	0.01
0.49921875		4.11315252376e-09	0.01
0.49953125		4.11315252376e-09	0.01
0.49984375		4.11315252376e-09	0.01
