0.00015625		0.409959002001	0.999174655984
0.00046875		0.409758470471	0.999052129557
0.00078125		0.409485720058	0.998886022411
0.00109375		0.409206741364	0.998715923755
0.00140625		0.408946371867	0.998557041795
0.00171875		0.408697477368	0.998405074613
0.00203125		0.40845568525	0.998257375247
0.00234375		0.408218663133	0.998112524866
0.00265625		0.407985046376	0.997969693176
0.00296875		0.407753941641	0.997828336884
0.00328125		0.407524658774	0.997688035555
0.00359375		0.407296679076	0.997548472834
0.00390625		0.407069653492	0.99740943582
0.00421875		0.406843356334	0.997270786949
0.00453125		0.40661762902	0.997132429538
0.00484375		0.406392348971	0.996994288822
0.00515625		0.40616741301	0.996856301798
0.00546875		0.405942735277	0.99671841595
0.00578125		0.405718252737	0.996580592694
0.00609375		0.405493921308	0.996442805052
0.00640625		0.405269706277	0.996305031762
0.00671875		0.405045577007	0.996167254025
0.00703125		0.404821505724	0.996029454771
0.00734375		0.404597467899	0.995891618888
0.00765625		0.40437344574	0.995753735399
0.00796875		0.404149427363	0.995615796944
0.00828125		0.403925401355	0.995477796417
0.00859375		0.403701354154	0.99533972539
0.00890625		0.403477275524	0.995201577502
0.00921875		0.403253157393	0.995063347694
0.00953125		0.40302899256	0.994925031433
0.00984375		0.40280477443	0.994786624554
0.01015625		0.40258049728	0.994648123424
0.01046875		0.402356156379	0.994509525019
0.01078125		0.402131747856	0.99437082684
0.01109375		0.401907268466	0.994232026771
0.01140625		0.401682715405	0.994093122965
0.01171875		0.401458086241	0.993954113802
0.01203125		0.401233378839	0.993814997844
0.01234375		0.4010085913	0.993675773797
0.01265625		0.400783721932	0.993536440491
0.01296875		0.400558769229	0.993396996871
0.01328125		0.400333731889	0.993257442006
0.01359375		0.400108608824	0.993117775099
0.01390625		0.399883399107	0.992977995447
0.01421875		0.39965810188	0.992838102392
0.01453125		0.399432716332	0.992698095301
0.01484375		0.399207241734	0.992557973595
0.01515625		0.398981677451	0.99241773675
0.01546875		0.398756022932	0.992277384292
0.01578125		0.398530277686	0.992136915786
0.01609375		0.39830444127	0.991996330825
0.01640625		0.39807851328	0.991855629025
0.01671875		0.397852493349	0.991714810026
0.01703125		0.397626381138	0.991573873483
0.01734375		0.39740017634	0.991432819072
0.01765625		0.397173878677	0.991291646485
0.01796875		0.396947487894	0.99115035543
0.01828125		0.396721003754	0.991008945621
0.01859375		0.39649442603	0.990867416784
0.01890625		0.39626775451	0.990725768649
0.01921875		0.396040988995	0.990584000956
0.01953125		0.3958141293	0.990442113453
0.01984375		0.39558717525	0.990300105892
0.02015625		0.395360126681	0.990157978034
0.02046875		0.395132983433	0.99001572964
0.02078125		0.394905745353	0.989873360477
0.02109375		0.394678412295	0.989730870314
0.02140625		0.394450984119	0.989588258923
0.02171875		0.394223460688	0.98944552608
0.02203125		0.39399584187	0.989302671563
0.02234375		0.393768127539	0.98915969515
0.02265625		0.393540317569	0.989016596623
0.02296875		0.393312411836	0.988873375762
0.02328125		0.39308441022	0.988730032351
0.02359375		0.392856312605	0.988586566173
0.02390625		0.392628118873	0.988442977014
0.02421875		0.392399828909	0.988299264658
0.02453125		0.392171442601	0.988155428891
0.02484375		0.391942959836	0.988011469498
0.02515625		0.391714380504	0.987867386266
0.02546875		0.391485704495	0.987723178982
0.02578125		0.391256931699	0.987578847432
0.02609375		0.391028062007	0.987434391402
0.02640625		0.390799095313	0.987289810678
0.02671875		0.390570031508	0.987145105047
0.02703125		0.390340870485	0.987000274295
0.02734375		0.390111612137	0.986855318208
0.02765625		0.389882256359	0.986710236572
0.02796875		0.389652803044	0.986565029171
0.02828125		0.389423252085	0.986419695791
0.02859375		0.389193603378	0.986274236216
0.02890625		0.388963856815	0.986128650232
0.02921875		0.388734012292	0.985982937621
0.02953125		0.388504069703	0.985837098167
0.02984375		0.388274028941	0.985691131654
0.03015625		0.388043889901	0.985545037864
0.03046875		0.387813652478	0.985398816578
0.03078125		0.387583316564	0.98525246758
0.03109375		0.387352882055	0.985105990649
0.03140625		0.387122348845	0.984959385567
0.03171875		0.386891716826	0.984812652113
0.03203125		0.386660985893	0.984665790068
0.03234375		0.386430155939	0.98451879921
0.03265625		0.386199226858	0.984371679318
0.03296875		0.385968198543	0.98422443017
0.03328125		0.385737070887	0.984077051544
0.03359375		0.385505843782	0.983929543215
0.03390625		0.385274517122	0.983781904961
0.03421875		0.385043090799	0.983634136558
0.03453125		0.384811564705	0.983486237779
0.03484375		0.384579938732	0.983338208401
0.03515625		0.384348212773	0.983190048196
0.03546875		0.384116386719	0.983041756939
0.03578125		0.383884460461	0.982893334401
0.03609375		0.383652433891	0.982744780356
0.03640625		0.3834203069	0.982596094574
0.03671875		0.383188079379	0.982447276828
0.03703125		0.382955751218	0.982298326886
0.03734375		0.382723322308	0.982149244519
0.03765625		0.382490792538	0.982000029496
0.03796875		0.3822581618	0.981850681585
0.03828125		0.382025429982	0.981701200555
0.03859375		0.381792596974	0.981551586172
0.03890625		0.381559662666	0.981401838203
0.03921875		0.381326626946	0.981251956414
0.03953125		0.381093489703	0.981101940571
0.03984375		0.380860250825	0.980951790438
0.04015625		0.380626910201	0.980801505778
0.04046875		0.38039346772	0.980651086356
0.04078125		0.380159923268	0.980500531935
0.04109375		0.379926276733	0.980349842275
0.04140625		0.379692528003	0.98019901714
0.04171875		0.379458676964	0.980048056288
0.04203125		0.379224723504	0.979896959482
0.04234375		0.378990667509	0.979745726479
0.04265625		0.378756508865	0.97959435704
0.04296875		0.378522247459	0.979442850922
0.04328125		0.378287883175	0.979291207882
0.04359375		0.378053415901	0.979139427677
0.04390625		0.37781884552	0.978987510064
0.04421875		0.377584171919	0.978835454797
0.04453125		0.377349394981	0.978683261632
0.04484375		0.377114514592	0.978530930323
0.04515625		0.376879530635	0.978378460622
0.04546875		0.376644442995	0.978225852284
0.04578125		0.376409251555	0.978073105059
0.04609375		0.376173956199	0.977920218698
0.04640625		0.37593855681	0.977767192954
0.04671875		0.375703053271	0.977614027575
0.04703125		0.375467445465	0.977460722311
0.04734375		0.375231733274	0.97730727691
0.04765625		0.37499591658	0.97715369112
0.04796875		0.374759995265	0.976999964688
0.04828125		0.374523969212	0.97684609736
0.04859375		0.3742878383	0.976692088883
0.04890625		0.374051602411	0.976537939
0.04921875		0.373815261427	0.976383647457
0.04953125		0.373578815227	0.976229213996
0.04984375		0.373342263692	0.976074638361
0.05015625		0.373105606702	0.975919920294
0.05046875		0.372868844136	0.975765059535
0.05078125		0.372631975875	0.975610055826
0.05109375		0.372395001796	0.975454908906
0.05140625		0.37215792178	0.975299618514
0.05171875		0.371920735704	0.975144184388
0.05203125		0.371683443447	0.974988606267
0.05234375		0.371446044887	0.974832883887
0.05265625		0.371208539902	0.974677016984
0.05296875		0.37097092837	0.974521005294
0.05328125		0.370733210166	0.97436484855
0.05359375		0.37049538517	0.974208546488
0.05390625		0.370257453256	0.974052098839
0.05421875		0.370019414301	0.973895505336
0.05453125		0.369781268183	0.973738765711
0.05484375		0.369543014775	0.973581879695
0.05515625		0.369304653954	0.973424847017
0.05546875		0.369066185595	0.973267667406
0.05578125		0.368827609572	0.973110340591
0.05609375		0.368588925761	0.9729528663
0.05640625		0.368350134036	0.972795244259
0.05671875		0.368111234271	0.972637474195
0.05703125		0.367872226339	0.972479555832
0.05734375		0.367633110114	0.972321488895
0.05765625		0.367393885468	0.972163273108
0.05796875		0.367154552276	0.972004908193
0.05828125		0.366915110409	0.971846393873
0.05859375		0.36667555974	0.971687729869
0.05890625		0.36643590014	0.9715289159
0.05921875		0.366196131482	0.971369951688
0.05953125		0.365956253636	0.97121083695
0.05984375		0.365716266474	0.971051571404
0.06015625		0.365476169865	0.970892154768
0.06046875		0.365235963682	0.970732586757
0.06078125		0.364995647793	0.970572867088
0.06109375		0.364755222069	0.970412995474
0.06140625		0.364514686379	0.97025297163
0.06171875		0.364274040593	0.970092795269
0.06203125		0.364033284578	0.969932466102
0.06234375		0.363792418204	0.969771983841
0.06265625		0.363551441339	0.969611348196
0.06296875		0.363310353851	0.969450558876
0.06328125		0.363069155607	0.969289615591
0.06359375		0.362827846475	0.969128518048
0.06390625		0.362586426322	0.968967265954
0.06421875		0.362344895014	0.968805859015
0.06453125		0.362103252418	0.968644296936
0.06484375		0.361861498399	0.968482579422
0.06515625		0.361619632824	0.968320706175
0.06546875		0.361377655557	0.968158676899
0.06578125		0.361135566465	0.967996491295
0.06609375		0.36089336541	0.967834149064
0.06640625		0.360651052259	0.967671649906
0.06671875		0.360408626875	0.967508993519
0.06703125		0.360166089121	0.967346179601
0.06734375		0.359923438862	0.967183207851
0.06765625		0.359680675959	0.967020077963
0.06796875		0.359437800277	0.966856789633
0.06828125		0.359194811676	0.966693342557
0.06859375		0.35895171002	0.966529736426
0.06890625		0.35870849517	0.966365970934
0.06921875		0.358465166988	0.966202045772
0.06953125		0.358221725334	0.966037960632
0.06984375		0.357978170069	0.965873715202
0.07015625		0.357734501054	0.965709309171
0.07046875		0.357490718148	0.965544742228
0.07078125		0.357246821211	0.965380014059
0.07109375		0.357002810104	0.96521512435
0.07140625		0.356758684683	0.965050072786
0.07171875		0.356514444809	0.964884859052
0.07203125		0.35627009034	0.96471948283
0.07234375		0.356025621133	0.964553943802
0.07265625		0.355781037046	0.96438824165
0.07296875		0.355536337936	0.964222376053
0.07328125		0.35529152366	0.964056346691
0.07359375		0.355046594075	0.963890153242
0.07390625		0.354801549037	0.963723795383
0.07421875		0.354556388402	0.963557272791
0.07453125		0.354311112025	0.96339058514
0.07484375		0.354065719761	0.963223732105
0.07515625		0.353820211465	0.963056713359
0.07546875		0.353574586991	0.962889528574
0.07578125		0.353328846194	0.962722177422
0.07609375		0.353082988927	0.962554659571
0.07640625		0.352837015043	0.962386974693
0.07671875		0.352590924395	0.962219122454
0.07703125		0.352344716836	0.962051102522
0.07734375		0.352098392217	0.961882914562
0.07765625		0.351851950392	0.961714558241
0.07796875		0.35160539121	0.961546033221
0.07828125		0.351358714523	0.961377339166
0.07859375		0.351111920183	0.961208475737
0.07890625		0.350865008038	0.961039442595
0.07921875		0.35061797794	0.960870239401
0.07953125		0.350370829736	0.960700865812
0.07984375		0.350123563278	0.960531321486
0.08015625		0.349876178413	0.96036160608
0.08046875		0.34962867499	0.960191719249
0.08078125		0.349381052856	0.960021660647
0.08109375		0.34913331186	0.959851429928
0.08140625		0.348885451849	0.959681026745
0.08171875		0.348637472669	0.959510450747
0.08203125		0.348389374167	0.959339701585
0.08234375		0.348141156189	0.959168778907
0.08265625		0.347892818581	0.958997682362
0.08296875		0.347644361187	0.958826411597
0.08328125		0.347395783853	0.958654966255
0.08359375		0.347147086423	0.958483345983
0.08390625		0.346898268741	0.958311550423
0.08421875		0.346649330651	0.958139579217
0.08453125		0.346400271997	0.957967432007
0.08484375		0.34615109262	0.957795108431
0.08515625		0.345901792363	0.957622608129
0.08546875		0.345652371069	0.957449930738
0.08578125		0.345402828579	0.957277075895
0.08609375		0.345153164734	0.957104043234
0.08640625		0.344903379375	0.95693083239
0.08671875		0.344653472342	0.956757442995
0.08703125		0.344403443476	0.956583874681
0.08734375		0.344153292615	0.956410127079
0.08765625		0.3439030196	0.956236199818
0.08796875		0.343652624268	0.956062092525
0.08828125		0.343402106458	0.955887804828
0.08859375		0.343151466008	0.955713336352
0.08890625		0.342900702755	0.955538686722
0.08921875		0.342649816536	0.95536385556
0.08953125		0.342398807189	0.95518884249
0.08984375		0.342147674548	0.955013647131
0.09015625		0.34189641845	0.954838269103
0.09046875		0.341645038729	0.954662708024
0.09078125		0.341393535222	0.954486963512
0.09109375		0.341141907762	0.954311035182
0.09140625		0.340890156183	0.954134922649
0.09171875		0.340638280318	0.953958625525
0.09203125		0.340386280002	0.953782143423
0.09234375		0.340134155066	0.953605475954
0.09265625		0.339881905342	0.953428622726
0.09296875		0.339629530663	0.953251583349
0.09328125		0.339377030859	0.953074357429
0.09359375		0.339124405762	0.952896944571
0.09390625		0.338871655202	0.95271934438
0.09421875		0.338618779008	0.952541556458
0.09453125		0.338365777011	0.952363580408
0.09484375		0.338112649039	0.952185415829
0.09515625		0.337859394921	0.95200706232
0.09546875		0.337606014485	0.95182851948
0.09578125		0.337352507558	0.951649786904
0.09609375		0.337098873969	0.951470864188
0.09640625		0.336845113542	0.951291750924
0.09671875		0.336591226106	0.951112446705
0.09703125		0.336337211485	0.950932951123
0.09734375		0.336083069505	0.950753263766
0.09765625		0.33582879999	0.950573384222
0.09796875		0.335574402766	0.95039331208
0.09828125		0.335319877655	0.950213046922
0.09859375		0.335065224481	0.950032588335
0.09890625		0.334810443068	0.9498519359
0.09921875		0.334555533237	0.949671089198
0.09953125		0.33430049481	0.949490047809
0.09984375		0.33404532761	0.949308811312
0.10015625		0.333790031456	0.949127379283
0.10046875		0.33353460617	0.948945751297
0.10078125		0.333279051571	0.94876392693
0.10109375		0.333023367478	0.948581905753
0.10140625		0.332767553712	0.948399687337
0.10171875		0.33251161009	0.948217271253
0.10203125		0.33225553643	0.948034657068
0.10234375		0.331999332549	0.947851844348
0.10265625		0.331742998266	0.94766883266
0.10296875		0.331486533395	0.947485621567
0.10328125		0.331229937753	0.947302210632
0.10359375		0.330973211157	0.947118599414
0.10390625		0.330716353419	0.946934787473
0.10421875		0.330459364355	0.946750774367
0.10453125		0.330202243779	0.946566559653
0.10484375		0.329944991505	0.946382142884
0.10515625		0.329687607344	0.946197523614
0.10546875		0.329430091109	0.946012701394
0.10578125		0.329172442613	0.945827675775
0.10609375		0.328914661666	0.945642446305
0.10640625		0.328656748079	0.945457012531
0.10671875		0.328398701663	0.945271373998
0.10703125		0.328140522226	0.94508553025
0.10734375		0.327882209579	0.944899480829
0.10765625		0.327623763529	0.944713225276
0.10796875		0.327365183885	0.94452676313
0.10828125		0.327106470455	0.944340093927
0.10859375		0.326847623045	0.944153217205
0.10890625		0.326588641461	0.943966132496
0.10921875		0.32632952551	0.943778839334
0.10953125		0.326070274997	0.943591337249
0.10984375		0.325810889727	0.94340362577
0.11015625		0.325551369504	0.943215704425
0.11046875		0.325291714131	0.94302757274
0.11078125		0.325031923412	0.942839230239
0.11109375		0.324771997148	0.942650676444
0.11140625		0.324511935143	0.942461910877
0.11171875		0.324251737198	0.942272933056
0.11203125		0.323991403112	0.942083742499
0.11234375		0.323730932688	0.941894338721
0.11265625		0.323470325723	0.941704721237
0.11296875		0.323209582018	0.941514889559
0.11328125		0.32294870137	0.941324843196
0.11359375		0.322687683578	0.941134581659
0.11390625		0.322426528439	0.940944104454
0.11421875		0.32216523575	0.940753411087
0.11453125		0.321903805307	0.94056250106
0.11484375		0.321642236905	0.940371373875
0.11515625		0.32138053034	0.940180029033
0.11546875		0.321118685406	0.939988466031
0.11578125		0.320856701896	0.939796684366
0.11609375		0.320594579604	0.939604683532
0.11640625		0.320332318322	0.939412463022
0.11671875		0.320069917843	0.939220022327
0.11703125		0.319807377957	0.939027360935
0.11734375		0.319544698456	0.938834478334
0.11765625		0.319281879129	0.938641374009
0.11796875		0.319018919766	0.938448047444
0.11828125		0.318755820156	0.938254498119
0.11859375		0.318492580087	0.938060725515
0.11890625		0.318229199347	0.937866729109
0.11921875		0.317965677722	0.937672508378
0.11953125		0.317702015	0.937478062794
0.11984375		0.317438210965	0.93728339183
0.12015625		0.317174265403	0.937088494956
0.12046875		0.316910178098	0.93689337164
0.12078125		0.316645948835	0.936698021349
0.12109375		0.316381577396	0.936502443546
0.12140625		0.316117063564	0.936306637693
0.12171875		0.31585240712	0.936110603251
0.12203125		0.315587607846	0.935914339678
0.12234375		0.315322665523	0.93571784643
0.12265625		0.31505757993	0.935521122962
0.12296875		0.314792350846	0.935324168725
0.12328125		0.314526978051	0.93512698317
0.12359375		0.314261461321	0.934929565745
0.12390625		0.313995800435	0.934731915895
0.12421875		0.313729995168	0.934534033065
0.12453125		0.313464045297	0.934335916697
0.12484375		0.313197950597	0.93413756623
0.12515625		0.312931710842	0.933938981102
0.12546875		0.312665325806	0.933740160749
0.12578125		0.312398795263	0.933541104604
0.12609375		0.312132118984	0.933341812098
0.12640625		0.311865296741	0.933142282662
0.12671875		0.311598328306	0.932942515721
0.12703125		0.311331213449	0.9327425107
0.12734375		0.311063951939	0.932542267023
0.12765625		0.310796543546	0.93234178411
0.12796875		0.310528988037	0.932141061379
0.12828125		0.31026128518	0.931940098247
0.12859375		0.309993434743	0.931738894126
0.12890625		0.30972543649	0.93153744843
0.12921875		0.309457290187	0.931335760567
0.12953125		0.309188995599	0.931133829944
0.12984375		0.30892055249	0.930931655967
0.13015625		0.308651960623	0.930729238038
0.13046875		0.30838321976	0.930526575557
0.13078125		0.308114329663	0.930323667923
0.13109375		0.307845290093	0.930120514531
0.13140625		0.30757610081	0.929917114774
0.13171875		0.307306761574	0.929713468044
0.13203125		0.307037272143	0.92950957373
0.13234375		0.306767632275	0.929305431217
0.13265625		0.306497841727	0.92910103989
0.13296875		0.306227900256	0.92889639913
0.13328125		0.305957807618	0.928691508316
0.13359375		0.305687563566	0.928486366826
0.13390625		0.305417167856	0.928280974034
0.13421875		0.305146620241	0.928075329311
0.13453125		0.304875920472	0.927869432027
0.13484375		0.304605068302	0.927663281549
0.13515625		0.304334063482	0.927456877242
0.13546875		0.304062905762	0.927250218467
0.13578125		0.303791594892	0.927043304584
0.13609375		0.303520130619	0.926836134951
0.13640625		0.303248512692	0.926628708921
0.13671875		0.302976740857	0.926421025847
0.13703125		0.302704814861	0.926213085079
0.13734375		0.302432734449	0.926004885961
0.13765625		0.302160499366	0.925796427841
0.13796875		0.301888109355	0.925587710057
0.13828125		0.301615564159	0.925378731951
0.13859375		0.30134286352	0.925169492858
0.13890625		0.301070007179	0.924959992112
0.13921875		0.300796994877	0.924750229044
0.13953125		0.300523826354	0.924540202983
0.13984375		0.300250501347	0.924329913254
0.14015625		0.299977019594	0.92411935918
0.14046875		0.299703380834	0.923908540082
0.14078125		0.299429584801	0.923697455278
0.14109375		0.299155631231	0.923486104081
0.14140625		0.298881519859	0.923274485806
0.14171875		0.298607250417	0.92306259976
0.14203125		0.298332822639	0.92285044525
0.14234375		0.298058236257	0.922638021581
0.14265625		0.297783491	0.922425328052
0.14296875		0.2975085866	0.922212363963
0.14328125		0.297233522785	0.921999128609
0.14359375		0.296958299284	0.921785621281
0.14390625		0.296682915823	0.92157184127
0.14421875		0.29640737213	0.921357787861
0.14453125		0.296131667929	0.92114346034
0.14484375		0.295855802945	0.920928857986
0.14515625		0.295579776903	0.920713980078
0.14546875		0.295303589524	0.92049882589
0.14578125		0.295027240531	0.920283394694
0.14609375		0.294750729644	0.92006768576
0.14640625		0.294474056584	0.919851698352
0.14671875		0.294197221069	0.919635431735
0.14703125		0.293920222818	0.919418885167
0.14734375		0.293643061547	0.919202057906
0.14765625		0.293365736973	0.918984949206
0.14796875		0.293088248811	0.918767558316
0.14828125		0.292810596775	0.918549884485
0.14859375		0.292532780579	0.918331926956
0.14890625		0.292254799935	0.918113684972
0.14921875		0.291976654554	0.917895157769
0.14953125		0.291698344147	0.917676344583
0.14984375		0.291419868423	0.917457244646
0.15015625		0.29114122709	0.917237857186
0.15046875		0.290862419856	0.917018181429
0.15078125		0.290583446427	0.916798216595
0.15109375		0.290304306509	0.916577961904
0.15140625		0.290024999806	0.916357416572
0.15171875		0.289745526021	0.91613657981
0.15203125		0.289465884856	0.915915450826
0.15234375		0.289186076014	0.915694028828
0.15265625		0.288906099194	0.915472313015
0.15296875		0.288625954096	0.915250302588
0.15328125		0.288345640417	0.915027996741
0.15359375		0.288065157855	0.914805394666
0.15390625		0.287784506106	0.914582495552
0.15421875		0.287503684865	0.914359298583
0.15453125		0.287222693827	0.91413580294
0.15484375		0.286941532683	0.913912007802
0.15515625		0.286660201127	0.913687912343
0.15546875		0.286378698848	0.913463515734
0.15578125		0.286097025536	0.913238817141
0.15609375		0.28581518088	0.913013815729
0.15640625		0.285533164568	0.912788510657
0.15671875		0.285250976286	0.912562901083
0.15703125		0.284968615719	0.912336986158
0.15734375		0.284686082551	0.912110765031
0.15765625		0.284403376466	0.911884236849
0.15796875		0.284120497146	0.911657400753
0.15828125		0.283837444271	0.91143025588
0.15859375		0.28355421752	0.911202801365
0.15890625		0.283270816574	0.910975036337
0.15921875		0.282987241108	0.910746959925
0.15953125		0.2827034908	0.91051857125
0.15984375		0.282419565324	0.910289869431
0.16015625		0.282135464354	0.910060853583
0.16046875		0.281851187563	0.909831522817
0.16078125		0.281566734623	0.90960187624
0.16109375		0.281282105205	0.909371912956
0.16140625		0.280997298976	0.909141632064
0.16171875		0.280712315606	0.908911032659
0.16203125		0.280427154761	0.908680113832
0.16234375		0.280141816107	0.90844887467
0.16265625		0.279856299309	0.908217314257
0.16296875		0.279570604028	0.907985431672
0.16328125		0.279284729929	0.907753225988
0.16359375		0.27899867667	0.907520696278
0.16390625		0.278712443912	0.907287841608
0.16421875		0.278426031313	0.90705466104
0.16453125		0.27813943853	0.906821153632
0.16484375		0.277852665219	0.906587318438
0.16515625		0.277565711034	0.906353154508
0.16546875		0.277278575628	0.906118660888
0.16578125		0.276991258654	0.905883836618
0.16609375		0.276703759762	0.905648680735
0.16640625		0.276416078601	0.905413192271
0.16671875		0.276128214819	0.905177370254
0.16703125		0.275840168064	0.904941213708
0.16734375		0.275551937981	0.904704721653
0.16765625		0.275263524213	0.904467893101
0.16796875		0.274974926404	0.904230727064
0.16828125		0.274686144195	0.903993222546
0.16859375		0.274397177226	0.90375537855
0.16890625		0.274108025136	0.90351719407
0.16921875		0.273818687562	0.9032786681
0.16953125		0.273529164141	0.903039799625
0.16984375		0.273239454507	0.902800587628
0.17015625		0.272949558293	0.902561031088
0.17046875		0.272659475132	0.902321128976
0.17078125		0.272369204653	0.902080880262
0.17109375		0.272078746487	0.901840283907
0.17140625		0.27178810026	0.901599338872
0.17171875		0.2714972656	0.901358044108
0.17203125		0.27120624213	0.901116398566
0.17234375		0.270915029475	0.900874401189
0.17265625		0.270623627256	0.900632050916
0.17296875		0.270332035094	0.900389346681
0.17328125		0.270040252609	0.900146287412
0.17359375		0.269748279417	0.899902872034
0.17390625		0.269456115135	0.899659099465
0.17421875		0.269163759378	0.899414968619
0.17453125		0.268871211758	0.899170478403
0.17484375		0.268578471888	0.898925627723
0.17515625		0.268285539378	0.898680415474
0.17546875		0.267992413837	0.898434840551
0.17578125		0.267699094871	0.898188901841
0.17609375		0.267405582086	0.897942598226
0.17640625		0.267111875087	0.897695928583
0.17671875		0.266817973476	0.897448891783
0.17703125		0.266523876854	0.897201486692
0.17734375		0.266229584821	0.896953712172
0.17765625		0.265935096974	0.896705567076
0.17796875		0.265640412909	0.896457050255
0.17828125		0.265345532222	0.896208160552
0.17859375		0.265050454505	0.895958896807
0.17890625		0.26475517935	0.895709257851
0.17921875		0.264459706347	0.895459242512
0.17953125		0.264164035084	0.895208849611
0.17984375		0.263868165148	0.894958077964
0.18015625		0.263572096123	0.89470692638
0.18046875		0.263275827594	0.894455393664
0.18078125		0.262979359141	0.894203478613
0.18109375		0.262682690344	0.89395118002
0.18140625		0.262385820782	0.893698496672
0.18171875		0.262088750032	0.893445427347
0.18203125		0.261791477668	0.893191970822
0.18234375		0.261494003263	0.892938125863
0.18265625		0.261196326389	0.892683891233
0.18296875		0.260898446616	0.892429265689
0.18328125		0.260600363512	0.892174247978
0.18359375		0.260302076642	0.891918836846
0.18390625		0.260003585571	0.89166303103
0.18421875		0.259704889863	0.891406829259
0.18453125		0.259405989077	0.89115023026
0.18484375		0.259106882773	0.890893232749
0.18515625		0.258807570508	0.89063583544
0.18546875		0.258508051838	0.890378037036
0.18578125		0.258208326316	0.890119836237
0.18609375		0.257908393495	0.889861231736
0.18640625		0.257608252923	0.889602222216
0.18671875		0.25730790415	0.889342806358
0.18703125		0.25700734672	0.889082982833
0.18734375		0.25670658018	0.888822750307
0.18765625		0.256405604071	0.888562107438
0.18796875		0.256104417933	0.888301052878
0.18828125		0.255803021306	0.888039585272
0.18859375		0.255501413725	0.887777703257
0.18890625		0.255199594726	0.887515405465
0.18921875		0.254897563842	0.887252690519
0.18953125		0.254595320603	0.886989557036
0.18984375		0.254292864539	0.886726003626
0.19015625		0.253990195175	0.886462028891
0.19046875		0.253687312038	0.886197631425
0.19078125		0.253384214649	0.885932809818
0.19109375		0.25308090253	0.885667562649
0.19140625		0.252777375199	0.885401888491
0.19171875		0.252473632174	0.88513578591
0.19203125		0.252169672968	0.884869253465
0.19234375		0.251865497095	0.884602289705
0.19265625		0.251561104065	0.884334893174
0.19296875		0.251256493387	0.884067062406
0.19328125		0.250951664566	0.88379879593
0.19359375		0.250646617107	0.883530092266
0.19390625		0.250341350512	0.883260949924
0.19421875		0.250035864281	0.88299136741
0.19453125		0.249730157912	0.882721343219
0.19484375		0.249424230899	0.88245087584
0.19515625		0.249118082738	0.882179963752
0.19546875		0.248811712918	0.881908605427
0.19578125		0.248505120929	0.88163679933
0.19609375		0.248198306257	0.881364543915
0.19640625		0.247891268386	0.881091837631
0.19671875		0.2475840068	0.880818678914
0.19703125		0.247276520977	0.880545066198
0.19734375		0.246968810396	0.880270997902
0.19765625		0.246660874532	0.87999647244
0.19796875		0.246352712858	0.879721488218
0.19828125		0.246044324843	0.879446043632
0.19859375		0.245735709958	0.879170137068
0.19890625		0.245426867667	0.878893766906
0.19921875		0.245117797435	0.878616931515
0.19953125		0.244808498721	0.878339629256
0.19984375		0.244498970986	0.878061858481
0.20015625		0.244189213685	0.877783617532
0.20046875		0.243879226273	0.877504904744
0.20078125		0.2435690082	0.877225718441
0.20109375		0.243258558916	0.876946056937
0.20140625		0.242947877867	0.876665918538
0.20171875		0.242636964497	0.876385301542
0.20203125		0.242325818247	0.876104204235
0.20234375		0.242014438557	0.875822624894
0.20265625		0.241702824862	0.875540561788
0.20296875		0.241390976597	0.875258013174
0.20328125		0.241078893193	0.8749749773
0.20359375		0.240766574077	0.874691452405
0.20390625		0.240454018677	0.874407436718
0.20421875		0.240141226415	0.874122928457
0.20453125		0.239828196712	0.873837925831
0.20484375		0.239514928986	0.873552427038
0.20515625		0.239201422652	0.873266430266
0.20546875		0.238887677122	0.872979933693
0.20578125		0.238573691808	0.872692935486
0.20609375		0.238259466115	0.872405433803
0.20640625		0.237944999448	0.87211742679
0.20671875		0.237630291208	0.871828912582
0.20703125		0.237315340794	0.871539889305
0.20734375		0.237000147603	0.871250355073
0.20765625		0.236684711026	0.870960307989
0.20796875		0.236369030455	0.870669746147
0.20828125		0.236053105276	0.870378667626
0.20859375		0.235736934874	0.870087070499
0.20890625		0.23542051863	0.869794952823
0.20921875		0.235103855923	0.869502312647
0.20953125		0.234786946129	0.869209148006
0.20984375		0.23446978862	0.868915456927
0.21015625		0.234152382765	0.868621237421
0.21046875		0.233834727932	0.868326487491
0.21078125		0.233516823483	0.868031205126
0.21109375		0.23319866878	0.867735388305
0.21140625		0.232880263179	0.867439034994
0.21171875		0.232561606035	0.867142143146
0.21203125		0.232242696698	0.866844710703
0.21234375		0.231923534518	0.866546735595
0.21265625		0.231604118838	0.86624821574
0.21296875		0.231284449001	0.865949149041
0.21328125		0.230964524344	0.865649533392
0.21359375		0.230644344204	0.865349366671
0.21390625		0.230323907911	0.865048646747
0.21421875		0.230003214794	0.864747371472
0.21453125		0.229682264179	0.864445538687
0.21484375		0.229361055388	0.864143146222
0.21515625		0.229039587739	0.86384019189
0.21546875		0.228717860547	0.863536673493
0.21578125		0.228395873124	0.863232588819
0.21609375		0.228073624779	0.862927935643
0.21640625		0.227751114817	0.862622711726
0.21671875		0.227428342539	0.862316914815
0.21703125		0.227105307243	0.862010542644
0.21734375		0.226782008223	0.861703592932
0.21765625		0.22645844477	0.861396063384
0.21796875		0.226134616172	0.861087951692
0.21828125		0.225810521712	0.860779255533
0.21859375		0.225486160671	0.860469972569
0.21890625		0.225161532324	0.860160100448
0.21921875		0.224836635945	0.859849636803
0.21953125		0.224511470801	0.859538579253
0.21984375		0.22418603616	0.859226925402
0.22015625		0.223860331282	0.858914672837
0.22046875		0.223534355424	0.858601819133
0.22078125		0.223208107841	0.858288361847
0.22109375		0.222881587783	0.857974298521
0.22140625		0.222554794495	0.857659626683
0.22171875		0.222227727221	0.857344343844
0.22203125		0.221900385198	0.8570284475
0.22234375		0.22157276766	0.856711935129
0.22265625		0.221244873838	0.856394804196
0.22296875		0.220916702959	0.856077052147
0.22328125		0.220588254244	0.855758676413
0.22359375		0.220259526911	0.855439674408
0.22390625		0.219930520175	0.85512004353
0.22421875		0.219601233246	0.854799781159
0.22453125		0.219271665328	0.854478884659
0.22484375		0.218941815624	0.854157351376
0.22515625		0.218611683331	0.85383517864
0.22546875		0.218281267642	0.853512363762
0.22578125		0.217950567745	0.853188904037
0.22609375		0.217619582825	0.852864796741
0.22640625		0.217288312061	0.852540039133
0.22671875		0.216956754629	0.852214628452
0.22703125		0.216624909701	0.851888561922
0.22734375		0.216292776442	0.851561836747
0.22765625		0.215960354015	0.851234450111
0.22796875		0.215627641576	0.850906399182
0.22828125		0.21529463828	0.850577681106
0.22859375		0.214961343275	0.850248293013
0.22890625		0.214627755703	0.849918232013
0.22921875		0.214293874704	0.849587495194
0.22953125		0.213959699413	0.849256079628
0.22984375		0.213625228957	0.848923982366
0.23015625		0.213290462463	0.848591200437
0.23046875		0.21295539905	0.848257730854
0.23078125		0.212620037833	0.847923570605
0.23109375		0.212284377921	0.847588716661
0.23140625		0.21194841842	0.847253165972
0.23171875		0.21161215843	0.846916915464
0.23203125		0.211275597045	0.846579962046
0.23234375		0.210938733356	0.846242302603
0.23265625		0.210601566447	0.845903934
0.23296875		0.210264095398	0.845564853079
0.23328125		0.209926319283	0.845225056662
0.23359375		0.209588237171	0.844884541547
0.23390625		0.209249848126	0.844543304511
0.23421875		0.208911151207	0.844201342308
0.23453125		0.208572145466	0.843858651668
0.23484375		0.208232829951	0.843515229302
0.23515625		0.207893203705	0.843171071893
0.23546875		0.207553265764	0.842826176103
0.23578125		0.20721301516	0.842480538572
0.23609375		0.206872450917	0.842134155913
0.23640625		0.206531572055	0.841787024717
0.23671875		0.206190377589	0.84143914155
0.23703125		0.205848866527	0.841090502954
0.23734375		0.205507037872	0.840741105446
0.23765625		0.205164890621	0.840390945517
0.23796875		0.204822423763	0.840040019634
0.23828125		0.204479636285	0.839688324239
0.23859375		0.204136527165	0.839335855747
0.23890625		0.203793095376	0.838982610547
0.23921875		0.203449339884	0.838628585003
0.23953125		0.203105259651	0.838273775452
0.23984375		0.20276085363	0.837918178203
0.24015625		0.202416120771	0.83756178954
0.24046875		0.202071060014	0.837204605718
0.24078125		0.201725670295	0.836846622966
0.24109375		0.201379950543	0.836487837483
0.24140625		0.201033899681	0.836128245442
0.24171875		0.200687516625	0.835767842988
0.24203125		0.200340800284	0.835406626234
0.24234375		0.199993749562	0.835044591267
0.24265625		0.199646363353	0.834681734144
0.24296875		0.199298640548	0.834318050892
0.24328125		0.198950580029	0.83395353751
0.24359375		0.198602180671	0.833588189963
0.24390625		0.198253441344	0.833222004189
0.24421875		0.197904360909	0.832854976094
0.24453125		0.19755493822	0.832487101552
0.24484375		0.197205172126	0.832118376408
0.24515625		0.196855061465	0.831748796473
0.24546875		0.196504605072	0.831378357526
0.24578125		0.196153801772	0.831007055316
0.24609375		0.195802650384	0.830634885555
0.24640625		0.195451149717	0.830261843927
0.24671875		0.195099298575	0.829887926078
0.24703125		0.194747095755	0.829513127622
0.24734375		0.194394540044	0.829137444141
0.24765625		0.194041630222	0.828760871178
0.24796875		0.193688365062	0.828383404246
0.24828125		0.193334743329	0.828005038819
0.24859375		0.192980763779	0.827625770336
0.24890625		0.19262642516	0.827245594202
0.24921875		0.192271726214	0.826864505784
0.24953125		0.191916665673	0.826482500413
0.24984375		0.19156124226	0.826099573381
0.25015625		0.191205454692	0.825715719945
0.25046875		0.190849301676	0.825330935323
0.25078125		0.190492781911	0.824945214693
0.25109375		0.190135894087	0.824558553196
0.25140625		0.189778636886	0.824170945935
0.25171875		0.18942100898	0.823782387969
0.25203125		0.189063009034	0.823392874321
0.25234375		0.188704635703	0.823002399973
0.25265625		0.188345887634	0.822610959863
0.25296875		0.187986763463	0.82221854889
0.25328125		0.187627261819	0.821825161912
0.25359375		0.18726738132	0.821430793741
0.25390625		0.186907120576	0.82103543915
0.25421875		0.186546478186	0.820639092867
0.25453125		0.186185452742	0.820241749575
0.25484375		0.185824042823	0.819843403915
0.25515625		0.185462247002	0.819444050482
0.25546875		0.18510006384	0.819043683825
0.25578125		0.184737491888	0.818642298448
0.25609375		0.184374529688	0.818239888809
0.25640625		0.18401117577	0.817836449319
0.25671875		0.183647428657	0.817431974339
0.25703125		0.183283286859	0.817026458187
0.25734375		0.182918748877	0.816619895127
0.25765625		0.1825538132	0.816212279378
0.25796875		0.182188478309	0.815803605108
0.25828125		0.181822742671	0.815393866434
0.25859375		0.181456604745	0.814983057422
0.25890625		0.181090062977	0.814571172088
0.25921875		0.180723115804	0.814158204396
0.25953125		0.180355761649	0.813744148255
0.25984375		0.179987998928	0.813328997523
0.26015625		0.179619826041	0.812912746003
0.26046875		0.179251241379	0.812495387445
0.26078125		0.178882243321	0.812076915541
0.26109375		0.178512830234	0.811657323929
0.26140625		0.178143000473	0.811236606191
0.26171875		0.177772752383	0.81081475585
0.26203125		0.177402084293	0.810391766373
0.26234375		0.177030994524	0.809967631166
0.26265625		0.17665948138	0.809542343577
0.26296875		0.176287543158	0.809115896895
0.26328125		0.175915178137	0.808688284346
0.26359375		0.175542384586	0.808259499097
0.26390625		0.175169160762	0.80782953425
0.26421875		0.174795504907	0.807398382846
0.26453125		0.17442141525	0.80696603786
0.26484375		0.174046890008	0.806532492205
0.26515625		0.173671927382	0.806097738726
0.26546875		0.173296525563	0.805661770203
0.26578125		0.172920682726	0.80522457935
0.26609375		0.172544397031	0.80478615881
0.26640625		0.172167666626	0.80434650116
0.26671875		0.171790489645	0.803905598906
0.26703125		0.171412864205	0.803463444483
0.26734375		0.171034788411	0.803020030256
0.26765625		0.170656260352	0.802575348516
0.26796875		0.170277278103	0.802129391482
0.26828125		0.169897839723	0.801682151297
0.26859375		0.169517943256	0.801233620029
0.26890625		0.169137586732	0.800783789673
0.26921875		0.168756768164	0.800332652142
0.26953125		0.168375485548	0.799880199274
0.26984375		0.167993736868	0.799426422827
0.27015625		0.167611520088	0.798971314477
0.27046875		0.167228833158	0.79851486582
0.27078125		0.166845674011	0.798057068371
0.27109375		0.166462040563	0.797597913559
0.27140625		0.166077930712	0.79713739273
0.27171875		0.165693342343	0.796675497142
0.27203125		0.165308273318	0.796212217967
0.27234375		0.164922721487	0.795747546292
0.27265625		0.16453668468	0.795281473109
0.27296875		0.164150160707	0.794813989323
0.27328125		0.163763147364	0.794345085748
0.27359375		0.163375642426	0.793874753101
0.27390625		0.16298764365	0.793402982009
0.27421875		0.162599148775	0.792929763001
0.27453125		0.16221015552	0.792455086509
0.27484375		0.161820661586	0.791978942867
0.27515625		0.161430664655	0.791501322309
0.27546875		0.161040162386	0.79102221497
0.27578125		0.160649152422	0.790541610879
0.27609375		0.160257632384	0.790059499963
0.27640625		0.159865599874	0.789575872045
0.27671875		0.15947305247	0.789090716837
0.27703125		0.159079987734	0.788604023947
0.27734375		0.158686403203	0.78811578287
0.27765625		0.158292296394	0.78762598299
0.27796875		0.157897664802	0.787134613579
0.27828125		0.157502505902	0.786641663792
0.27859375		0.157106817143	0.78614712267
0.27890625		0.156710595955	0.785650979134
0.27921875		0.156313839743	0.785153221985
0.27953125		0.155916545891	0.784653839904
0.27984375		0.155518711757	0.784152821447
0.28015625		0.155120334678	0.783650155044
0.28046875		0.154721411964	0.783145828999
0.28078125		0.154321940905	0.782639831488
0.28109375		0.153921918762	0.782132150553
0.28140625		0.153521342773	0.781622774105
0.28171875		0.153120210152	0.781111689919
0.28203125		0.152718518085	0.780598885635
0.28234375		0.152316263734	0.78008434875
0.28265625		0.151913444233	0.779568066624
0.28296875		0.151510056691	0.77905002647
0.28328125		0.15110609819	0.778530215358
0.28359375		0.150701565783	0.778008620208
0.28390625		0.150296456497	0.77748522779
0.28421875		0.14989076733	0.776960024723
0.28453125		0.149484495252	0.776432997469
0.28484375		0.149077637204	0.775904132335
0.28515625		0.148670190099	0.775373415465
0.28546875		0.148262150817	0.774840832843
0.28578125		0.147853516212	0.774306370287
0.28609375		0.147444283105	0.773770013448
0.28640625		0.147034448287	0.773231747806
0.28671875		0.146624008517	0.772691558668
0.28703125		0.146212960523	0.772149431164
0.28734375		0.145801301	0.771605350247
0.28765625		0.145389026613	0.771059300688
0.28796875		0.14497613399	0.770511267073
0.28828125		0.144562619727	0.769961233799
0.28859375		0.144148480387	0.769409185074
0.28890625		0.143733712497	0.768855104911
0.28921875		0.14331831255	0.768298977127
0.28953125		0.142902277003	0.767740785336
0.28984375		0.142485602276	0.767180512951
0.29015625		0.142068284755	0.766618143175
0.29046875		0.141650320785	0.766053659002
0.29078125		0.141231706676	0.765487043209
0.29109375		0.1408124387	0.764918278359
0.29140625		0.140392513089	0.764347346789
0.29171875		0.139971926035	0.763774230612
0.29203125		0.139550673692	0.76319891171
0.29234375		0.139128752171	0.762621371735
0.29265625		0.138706157544	0.762041592096
0.29296875		0.13828288584	0.761459553963
0.29328125		0.137858933046	0.760875238259
0.29359375		0.137434295104	0.760288625657
0.29390625		0.137008967915	0.759699696575
0.29421875		0.136582947334	0.759108431169
0.29453125		0.136156229171	0.758514809333
0.29484375		0.135728809189	0.75791881069
0.29515625		0.135300683107	0.757320414591
0.29546875		0.134871846595	0.756719600106
0.29578125		0.134442295274	0.756116346022
0.29609375		0.134012024717	0.755510630835
0.29640625		0.133581030448	0.754902432748
0.29671875		0.13314930794	0.754291729661
0.29703125		0.132716852614	0.753678499172
0.29734375		0.13228365984	0.753062718563
0.29765625		0.131849724935	0.752444364801
0.29796875		0.13141504316	0.751823414528
0.29828125		0.130979609724	0.751199844056
0.29859375		0.13054341978	0.750573629363
0.29890625		0.130106468422	0.749944746082
0.29921875		0.129668750689	0.749313169496
0.29953125		0.12923026156	0.748678874535
0.29984375		0.128790995956	0.748041835762
0.30015625		0.128350948736	0.747402027373
0.30046875		0.127910114699	0.746759423184
0.30078125		0.127468488579	0.746113996627
0.30109375		0.127026065048	0.745465720741
0.30140625		0.126582838713	0.744814568164
0.30171875		0.126138804116	0.744160511124
0.30203125		0.12569395573	0.743503521435
0.30234375		0.125248287961	0.742843570482
0.30265625		0.124801795144	0.742180629217
0.30296875		0.124354471546	0.741514668149
0.30328125		0.123906311359	0.740845657332
0.30359375		0.123457308704	0.740173566361
0.30390625		0.123007457626	0.739498364357
0.30421875		0.122556752094	0.738820019961
0.30453125		0.122105186001	0.738138501319
0.30484375		0.121652753159	0.737453776079
0.30515625		0.121199447302	0.736765811371
0.30546875		0.12074526208	0.736074573804
0.30578125		0.120290191061	0.73538002945
0.30609375		0.119834227729	0.734682143834
0.30640625		0.119377365479	0.73398088192
0.30671875		0.118919597619	0.733276208103
0.30703125		0.118460917369	0.73256808619
0.30734375		0.118001317854	0.731856479394
0.30765625		0.117540792108	0.731141350315
0.30796875		0.117079333069	0.730422660927
0.30828125		0.116616933578	0.729700372568
0.30859375		0.116153586377	0.728974445921
0.30890625		0.115689284108	0.728244840999
0.30921875		0.115224019308	0.727511517134
0.30953125		0.114757784411	0.726774432953
0.30984375		0.114290571742	0.726033546372
0.31015625		0.113822373518	0.72528881457
0.31046875		0.113353181844	0.724540193977
0.31078125		0.11288298871	0.723787640253
0.31109375		0.112411785992	0.723031108271
0.31140625		0.111939565446	0.7222705521
0.31171875		0.111466318706	0.72150592498
0.31203125		0.110992037284	0.720737179307
0.31234375		0.110516712563	0.71996426661
0.31265625		0.1100403358	0.719187137529
0.31296875		0.109562898118	0.718405741794
0.31328125		0.109084390506	0.717620028202
0.31359375		0.108604803815	0.716829944592
0.31390625		0.108124128755	0.716035437822
0.31421875		0.107642355894	0.715236453744
0.31453125		0.10715947565	0.714432937178
0.31484375		0.106675478292	0.713624831884
0.31515625		0.106190353937	0.712812080534
0.31546875		0.105704092542	0.711994624687
0.31578125		0.105216683905	0.711172404755
0.31609375		0.104728117658	0.710345359975
0.31640625		0.104238383265	0.709513428377
0.31671875		0.103747470019	0.70867654675
0.31703125		0.103255367036	0.707834650611
0.31734375		0.10276206325	0.706987674167
0.31765625		0.102267547411	0.70613555028
0.31796875		0.101771808081	0.70527821043
0.31828125		0.101274833627	0.704415584677
0.31859375		0.100776612217	0.703547601617
0.31890625		0.100277131815	0.702674188347
0.31921875		0.0997763801788	0.701795270414
0.31953125		0.0992743448502	0.700910771777
0.31984375		0.0987710131526	0.700020614756
0.32015625		0.0982663721848	0.699124719989
0.32046875		0.0977604088151	0.698223006377
0.32078125		0.0972531096755	0.697315391034
0.32109375		0.0967444611554	0.696401789234
0.32140625		0.0962344493954	0.695482114357
0.32171875		0.0957230602809	0.694556277828
0.32203125		0.0952102794349	0.693624189058
0.32234375		0.0946960922116	0.692685755382
0.32265625		0.0941804836885	0.691740881994
0.32296875		0.0936634386592	0.690789471879
0.32328125		0.0931449416258	0.689831425744
0.32359375		0.0926249767903	0.688866641945
0.32390625		0.0921035280469	0.687895016408
0.32421875		0.0915805789728	0.686916442555
0.32453125		0.0910561128196	0.685930811216
0.32484375		0.0905301125038	0.684938010549
0.32515625		0.0900025605971	0.683937925946
0.32546875		0.0894734393164	0.682930439942
0.32578125		0.0889427305136	0.681915432117
0.32609375		0.0884104156646	0.680892778995
0.32640625		0.087876475858	0.679862353938
0.32671875		0.0873408917837	0.678824027037
0.32703125		0.0868036437206	0.677777664992
0.32734375		0.0862647115238	0.676723130997
0.32765625		0.0857240746121	0.675660284611
0.32796875		0.0851817119536	0.674588981627
0.32828125		0.084637602052	0.673509073933
0.32859375		0.0840917229317	0.672420409369
0.32890625		0.0835440521223	0.671322831577
0.32921875		0.0829945666425	0.670216179837
0.32953125		0.0824432429835	0.669100288911
0.32984375		0.0818900570916	0.667974988859
0.33015625		0.0813349843496	0.666840104863
0.33046875		0.0807779995584	0.665695457032
0.33078125		0.0802190769163	0.664540860206
0.33109375		0.0796581899991	0.663376123739
0.33140625		0.0790953117379	0.662201051279
0.33171875		0.0785304143965	0.661015440538
0.33203125		0.0779634695476	0.659819083042
0.33234375		0.0773944480484	0.658611763876
0.33265625		0.0768233200139	0.65739326141
0.33296875		0.0762500547902	0.656163347011
0.33328125		0.0756746209258	0.654921784745
0.33359375		0.0750969861414	0.653668331055
0.33390625		0.0745171172989	0.652402734422
0.33421875		0.0739349803678	0.651124735016
0.33453125		0.0733505403912	0.649834064313
0.33484375		0.072763761449	0.6485304447
0.33515625		0.0721746066195	0.647213589056
0.33546875		0.0715830379393	0.645883200306
0.33578125		0.0709890163608	0.644538970943
0.33609375		0.0703925017073	0.643180582536
0.33640625		0.0697934526261	0.64180770519
0.33671875		0.0691918265387	0.64041999699
0.33703125		0.068587579588	0.639017103391
0.33734375		0.0679806665833	0.637598656588
0.33765625		0.0673710409414	0.636164274833
0.33796875		0.0667586546246	0.63471356171
0.33828125		0.0661434580752	0.633246105366
0.33859375		0.0655254001459	0.631761477685
0.33890625		0.0649044280258	0.630259233407
0.33921875		0.0642804871627	0.628738909192
0.33953125		0.0636535211797	0.627200022608
0.33984375		0.0630234717869	0.625642071053
0.34015625		0.0623902786876	0.624064530604
0.34046875		0.0617538794784	0.622466854768
0.34078125		0.0611142095427	0.620848473158
0.34109375		0.0604712019367	0.619208790048
0.34140625		0.0598247872687	0.617547182838
0.34171875		0.059174893569	0.615863000386
0.34203125		0.0585214461515	0.614155561209
0.34234375		0.057864367465	0.612424151544
0.34265625		0.0572035769343	0.61066802325
0.34296875		0.0565389907889	0.608886391527
0.34328125		0.0558705218799	0.607078432451
0.34359375		0.0551980794821	0.605243280292
0.34390625		0.0545215690815	0.603380024598
0.34421875		0.0538408921458	0.601487707016
0.34453125		0.0531559458766	0.599565317822
0.34484375		0.0524666229416	0.597611792137
0.34515625		0.0517728111842	0.595626005776
0.34546875		0.0510743933091	0.593606770697
0.34578125		0.0503712465404	0.591552830009
0.34609375		0.04966324225	0.58946285247
0.34640625		0.0489502455521	0.587335426423
0.34671875		0.0482321148612	0.585169053101
0.34703125		0.0475087014085	0.582962139208
0.34734375		0.0467798487125	0.580712988687
0.34765625		0.0460453919973	0.578419793578
0.34796875		0.0453051575533	0.576080623807
0.34828125		0.0445589620328	0.573693415798
0.34859375		0.0438066116721	0.571255959698
0.34890625		0.0430479014292	0.568765885035
0.34921875		0.0422826140294	0.566220644559
0.34953125		0.0415105189011	0.563617495985
0.34984375		0.0407313709907	0.560953481301
0.35015625		0.0399449094367	0.558225403235
0.35046875		0.0391508560826	0.555429798405
0.35078125		0.038348913804	0.552562906567
0.35109375		0.0375387646215	0.549620635262
0.35140625		0.0367200675622	0.546598519
0.35171875		0.0358924562314	0.543491671943
0.35203125		0.0350555360413	0.540294732785
0.35234375		0.0342088810382	0.537001800242
0.35265625		0.0333520302521	0.533606357149
0.35296875		0.0324844834806	0.530101180645
0.35328125		0.0316056963928	0.526478235285
0.35359375		0.0307150748162	0.52272854498
0.35390625		0.0298119680314	0.518842038545
0.35421875		0.0288956608573	0.514807361994
0.35453125		0.0279653642452	0.510611648599
0.35484375		0.0270202040253	0.506240234712
0.35515625		0.0260592073388	0.501676305204
0.35546875		0.0250812861451	0.496900446426
0.35578125		0.0240852169923	0.491890076071
0.35609375		0.0230696159578	0.486618706739
0.35640625		0.0220329072688	0.481054981219
0.35671875		0.020973283534	0.475161388663
0.35703125		0.0198886546684	0.468892525621
0.35734375		0.0187765813165	0.462192692927
0.35765625		0.0176341866096	0.454992497924
0.35796875		0.0164580369837	0.447203921898
0.35828125		0.0152439777174	0.438712935551
0.35859375		0.0139869003029	0.429368033477
0.35890625		0.0126804037092	0.418961634099
0.35921875		0.0113162835134	0.407198231087
0.35953125		0.00988372547705	0.39363598603
0.35984375		0.00836793929701	0.377569333435
0.36015625		0.00674744219508	0.357758863098
0.36046875		0.00501494905117	0.332138672457
0.36078125		0.00331206978598	0.299362538126
0.36109375		0.00183742282808	0.258263704167
0.36140625		0.000765760240145	0.20734542752
0.36171875		0.000175952780442	0.143235179904
0.36203125		1.90244325522e-07	0.0256957429614
0.36234375		4.12497665443e-09	0.0100067656577
0.36265625		4.11315329781e-09	0.0100000004442
0.36296875		4.11315252376e-09	0.01
0.36328125		4.11315252376e-09	0.01
0.36359375		4.11315252376e-09	0.01
0.36390625		4.11315252376e-09	0.01
0.36421875		4.11315252376e-09	0.01
0.36453125		4.11315252376e-09	0.01
0.36484375		4.11315252376e-09	0.01
0.36515625		4.11315252376e-09	0.01
0.36546875		4.11315252376e-09	0.01
0.36578125		4.11315252376e-09	0.01
0.36609375		4.11315252376e-09	0.01
0.36640625		4.11315252376e-09	0.01
0.36671875		4.11315252376e-09	0.01
0.36703125		4.11315252376e-09	0.01
0.36734375		4.11315252376e-09	0.01
0.36765625		4.11315252376e-09	0.01
0.36796875		4.11315252376e-09	0.01
0.36828125		4.11315252376e-09	0.01
0.36859375		4.11315252376e-09	0.01
0.36890625		4.11315252376e-09	0.01
0.36921875		4.11315252376e-09	0.01
0.36953125		4.11315252376e-09	0.01
0.36984375		4.11315252376e-09	0.01
0.37015625		4.11315252376e-09	0.01
0.37046875		4.11315252376e-09	0.01
0.37078125		4.11315252376e-09	0.01
0.37109375		4.11315252376e-09	0.01
0.37140625		4.11315252376e-09	0.01
0.37171875		4.11315252376e-09	0.01
0.37203125		4.11315252376e-09	0.01
0.37234375		4.11315252376e-09	0.01
0.37265625		4.11315252376e-09	0.01
0.37296875		4.11315252376e-09	0.01
0.37328125		4.11315252376e-09	0.01
0.37359375		4.11315252376e-09	0.01
0.37390625		4.11315252376e-09	0.01
0.37421875		4.11315252376e-09	0.01
0.37453125		4.11315252376e-09	0.01
0.37484375		4.11315252376e-09	0.01
0.37515625		4.11315252376e-09	0.01
0.37546875		4.11315252376e-09	0.01
0.37578125		4.11315252376e-09	0.01
0.37609375		4.11315252376e-09	0.01
0.37640625		4.11315252376e-09	0.01
0.37671875		4.11315252376e-09	0.01
0.37703125		4.11315252376e-09	0.01
0.37734375		4.11315252376e-09	0.01
0.37765625		4.11315252376e-09	0.01
0.37796875		4.11315252376e-09	0.01
0.37828125		4.11315252376e-09	0.01
0.37859375		4.11315252376e-09	0.01
0.37890625		4.11315252376e-09	0.01
0.37921875		4.11315252376e-09	0.01
0.37953125		4.11315252376e-09	0.01
0.37984375		4.11315252376e-09	0.01
0.38015625		4.11315252376e-09	0.01
0.38046875		4.11315252376e-09	0.01
0.38078125		4.11315252376e-09	0.01
0.38109375		4.11315252376e-09	0.01
0.38140625		4.11315252376e-09	0.01
0.38171875		4.11315252376e-09	0.01
0.38203125		4.11315252376e-09	0.01
0.38234375		4.11315252376e-09	0.01
0.38265625		4.11315252376e-09	0.01
0.38296875		4.11315252376e-09	0.01
0.38328125		4.11315252376e-09	0.01
0.38359375		4.11315252376e-09	0.01
0.38390625		4.11315252376e-09	0.01
0.38421875		4.11315252376e-09	0.01
0.38453125		4.11315252376e-09	0.01
0.38484375		4.11315252376e-09	0.01
0.38515625		4.11315252376e-09	0.01
0.38546875		4.11315252376e-09	0.01
0.38578125		4.11315252376e-09	0.01
0.38609375		4.11315252376e-09	0.01
0.38640625		4.11315252376e-09	0.01
0.38671875		4.11315252376e-09	0.01
0.38703125		4.11315252376e-09	0.01
0.38734375		4.11315252376e-09	0.01
0.38765625		4.11315252376e-09	0.01
0.38796875		4.11315252376e-09	0.01
0.38828125		4.11315252376e-09	0.01
0.38859375		4.11315252376e-09	0.01
0.38890625		4.11315252376e-09	0.01
0.38921875		4.11315252376e-09	0.01
0.38953125		4.11315252376e-09	0.01
0.38984375		4.11315252376e-09	0.01
0.39015625		4.11315252376e-09	0.01
0.39046875		4.11315252376e-09	0.01
0.39078125		4.11315252376e-09	0.01
0.39109375		4.11315252376e-09	0.01
0.39140625		4.11315252376e-09	0.01
0.39171875		4.11315252376e-09	0.01
0.39203125		4.11315252376e-09	0.01
0.39234375		4.11315252376e-09	0.01
0.39265625		4.11315252376e-09	0.01
0.39296875		4.11315252376e-09	0.01
0.39328125		4.11315252376e-09	0.01
0.39359375		4.11315252376e-09	0.01
0.39390625		4.11315252376e-09	0.01
0.39421875		4.11315252376e-09	0.01
0.39453125		4.11315252376e-09	0.01
0.39484375		4.11315252376e-09	0.01
0.39515625		4.11315252376e-09	0.01
0.39546875		4.11315252376e-09	0.01
0.39578125		4.11315252376e-09	0.01
0.39609375		4.11315252376e-09	0.01
0.39640625		4.11315252376e-09	0.01
0.39671875		4.11315252376e-09	0.01
0.39703125		4.11315252376e-09	0.01
0.39734375		4.11315252376e-09	0.01
0.39765625		4.11315252376e-09	0.01
0.39796875		4.11315252376e-09	0.01
0.39828125		4.11315252376e-09	0.01
0.39859375		4.11315252376e-09	0.01
0.39890625		4.11315252376e-09	0.01
0.39921875		4.11315252376e-09	0.01
0.39953125		4.11315252376e-09	0.01
0.39984375		4.11315252376e-09	0.01
0.40015625		4.11315252376e-09	0.01
0.40046875		4.11315252376e-09	0.01
0.40078125		4.11315252376e-09	0.01
0.40109375		4.11315252376e-09	0.01
0.40140625		4.11315252376e-09	0.01
0.40171875		4.11315252376e-09	0.01
0.40203125		4.11315252376e-09	0.01
0.40234375		4.11315252376e-09	0.01
0.40265625		4.11315252376e-09	0.01
0.40296875		4.11315252376e-09	0.01
0.40328125		4.11315252376e-09	0.01
0.40359375		4.11315252376e-09	0.01
0.40390625		4.11315252376e-09	0.01
0.40421875		4.11315252376e-09	0.01
0.40453125		4.11315252376e-09	0.01
0.40484375		4.11315252376e-09	0.01
0.40515625		4.11315252376e-09	0.01
0.40546875		4.11315252376e-09	0.01
0.40578125		4.11315252376e-09	0.01
0.40609375		4.11315252376e-09	0.01
0.40640625		4.11315252376e-09	0.01
0.40671875		4.11315252376e-09	0.01
0.40703125		4.11315252376e-09	0.01
0.40734375		4.11315252376e-09	0.01
0.40765625		4.11315252376e-09	0.01
0.40796875		4.11315252376e-09	0.01
0.40828125		4.11315252376e-09	0.01
0.40859375		4.11315252376e-09	0.01
0.40890625		4.11315252376e-09	0.01
0.40921875		4.11315252376e-09	0.01
0.40953125		4.11315252376e-09	0.01
0.40984375		4.11315252376e-09	0.01
0.41015625		4.11315252376e-09	0.01
0.41046875		4.11315252376e-09	0.01
0.41078125		4.11315252376e-09	0.01
0.41109375		4.11315252376e-09	0.01
0.41140625		4.11315252376e-09	0.01
0.41171875		4.11315252376e-09	0.01
0.41203125		4.11315252376e-09	0.01
0.41234375		4.11315252376e-09	0.01
0.41265625		4.11315252376e-09	0.01
0.41296875		4.11315252376e-09	0.01
0.41328125		4.11315252376e-09	0.01
0.41359375		4.11315252376e-09	0.01
0.41390625		4.11315252376e-09	0.01
0.41421875		4.11315252376e-09	0.01
0.41453125		4.11315252376e-09	0.01
0.41484375		4.11315252376e-09	0.01
0.41515625		4.11315252376e-09	0.01
0.41546875		4.11315252376e-09	0.01
0.41578125		4.11315252376e-09	0.01
0.41609375		4.11315252376e-09	0.01
0.41640625		4.11315252376e-09	0.01
0.41671875		4.11315252376e-09	0.01
0.41703125		4.11315252376e-09	0.01
0.41734375		4.11315252376e-09	0.01
0.41765625		4.11315252376e-09	0.01
0.41796875		4.11315252376e-09	0.01
0.41828125		4.11315252376e-09	0.01
0.41859375		4.11315252376e-09	0.01
0.41890625		4.11315252376e-09	0.01
0.41921875		4.11315252376e-09	0.01
0.41953125		4.11315252376e-09	0.01
0.41984375		4.11315252376e-09	0.01
0.42015625		4.11315252376e-09	0.01
0.42046875		4.11315252376e-09	0.01
0.42078125		4.11315252376e-09	0.01
0.42109375		4.11315252376e-09	0.01
0.42140625		4.11315252376e-09	0.01
0.42171875		4.11315252376e-09	0.01
0.42203125		4.11315252376e-09	0.01
0.42234375		4.11315252376e-09	0.01
0.42265625		4.11315252376e-09	0.01
0.42296875		4.11315252376e-09	0.01
0.42328125		4.11315252376e-09	0.01
0.42359375		4.11315252376e-09	0.01
0.42390625		4.11315252376e-09	0.01
0.42421875		4.11315252376e-09	0.01
0.42453125		4.11315252376e-09	0.01
0.42484375		4.11315252376e-09	0.01
0.42515625		4.11315252376e-09	0.01
0.42546875		4.11315252376e-09	0.01
0.42578125		4.11315252376e-09	0.01
0.42609375		4.11315252376e-09	0.01
0.42640625		4.11315252376e-09	0.01
0.42671875		4.11315252376e-09	0.01
0.42703125		4.11315252376e-09	0.01
0.42734375		4.11315252376e-09	0.01
0.42765625		4.11315252376e-09	0.01
0.42796875		4.11315252376e-09	0.01
0.42828125		4.11315252376e-09	0.01
0.42859375		4.11315252376e-09	0.01
0.42890625		4.11315252376e-09	0.01
0.42921875		4.11315252376e-09	0.01
0.42953125		4.11315252376e-09	0.01
0.42984375		4.11315252376e-09	0.01
0.43015625		4.11315252376e-09	0.01
0.43046875		4.11315252376e-09	0.01
0.43078125		4.11315252376e-09	0.01
0.43109375		4.11315252376e-09	0.01
0.43140625		4.11315252376e-09	0.01
0.43171875		4.11315252376e-09	0.01
0.43203125		4.11315252376e-09	0.01
0.43234375		4.11315252376e-09	0.01
0.43265625		4.11315252376e-09	0.01
0.43296875		4.11315252376e-09	0.01
0.43328125		4.11315252376e-09	0.01
0.43359375		4.11315252376e-09	0.01
0.43390625		4.11315252376e-09	0.01
0.43421875		4.11315252376e-09	0.01
0.43453125		4.11315252376e-09	0.01
0.43484375		4.11315252376e-09	0.01
0.43515625		4.11315252376e-09	0.01
0.43546875		4.11315252376e-09	0.01
0.43578125		4.11315252376e-09	0.01
0.43609375		4.11315252376e-09	0.01
0.43640625		4.11315252376e-09	0.01
0.43671875		4.11315252376e-09	0.01
0.43703125		4.11315252376e-09	0.01
0.43734375		4.11315252376e-09	0.01
0.43765625		4.11315252376e-09	0.01
0.43796875		4.11315252376e-09	0.01
0.43828125		4.11315252376e-09	0.01
0.43859375		4.11315252376e-09	0.01
0.43890625		4.11315252376e-09	0.01
0.43921875		4.11315252376e-09	0.01
0.43953125		4.11315252376e-09	0.01
0.43984375		4.11315252376e-09	0.01
0.44015625		4.11315252376e-09	0.01
0.44046875		4.11315252376e-09	0.01
0.44078125		4.11315252376e-09	0.01
0.44109375		4.11315252376e-09	0.01
0.44140625		4.11315252376e-09	0.01
0.44171875		4.11315252376e-09	0.01
0.44203125		4.11315252376e-09	0.01
0.44234375		4.11315252376e-09	0.01
0.44265625		4.11315252376e-09	0.01
0.44296875		4.11315252376e-09	0.01
0.44328125		4.11315252376e-09	0.01
0.44359375		4.11315252376e-09	0.01
0.44390625		4.11315252376e-09	0.01
0.44421875		4.11315252376e-09	0.01
0.44453125		4.11315252376e-09	0.01
0.44484375		4.11315252376e-09	0.01
0.44515625		4.11315252376e-09	0.01
0.44546875		4.11315252376e-09	0.01
0.44578125		4.11315252376e-09	0.01
0.44609375		4.11315252376e-09	0.01
0.44640625		4.11315252376e-09	0.01
0.44671875		4.11315252376e-09	0.01
0.44703125		4.11315252376e-09	0.01
0.44734375		4.11315252376e-09	0.01
0.44765625		4.11315252376e-09	0.01
0.44796875		4.11315252376e-09	0.01
0.44828125		4.11315252376e-09	0.01
0.44859375		4.11315252376e-09	0.01
0.44890625		4.11315252376e-09	0.01
0.44921875		4.11315252376e-09	0.01
0.44953125		4.11315252376e-09	0.01
0.44984375		4.11315252376e-09	0.01
0.45015625		4.11315252376e-09	0.01
0.45046875		4.11315252376e-09	0.01
0.45078125		4.11315252376e-09	0.01
0.45109375		4.11315252376e-09	0.01
0.45140625		4.11315252376e-09	0.01
0.45171875		4.11315252376e-09	0.01
0.45203125		4.11315252376e-09	0.01
0.45234375		4.11315252376e-09	0.01
0.45265625		4.11315252376e-09	0.01
0.45296875		4.11315252376e-09	0.01
0.45328125		4.11315252376e-09	0.01
0.45359375		4.11315252376e-09	0.01
0.45390625		4.11315252376e-09	0.01
0.45421875		4.11315252376e-09	0.01
0.45453125		4.11315252376e-09	0.01
0.45484375		4.11315252376e-09	0.01
0.45515625		4.11315252376e-09	0.01
0.45546875		4.11315252376e-09	0.01
0.45578125		4.11315252376e-09	0.01
0.45609375		4.11315252376e-09	0.01
0.45640625		4.11315252376e-09	0.01
0.45671875		4.11315252376e-09	0.01
0.45703125		4.11315252376e-09	0.01
0.45734375		4.11315252376e-09	0.01
0.45765625		4.11315252376e-09	0.01
0.45796875		4.11315252376e-09	0.01
0.45828125		4.11315252376e-09	0.01
0.45859375		4.11315252376e-09	0.01
0.45890625		4.11315252376e-09	0.01
0.45921875		4.11315252376e-09	0.01
0.45953125		4.11315252376e-09	0.01
0.45984375		4.11315252376e-09	0.01
0.46015625		4.11315252376e-09	0.01
0.46046875		4.11315252376e-09	0.01
0.46078125		4.11315252376e-09	0.01
0.46109375		4.11315252376e-09	0.01
0.46140625		4.11315252376e-09	0.01
0.46171875		4.11315252376e-09	0.01
0.46203125		4.11315252376e-09	0.01
0.46234375		4.11315252376e-09	0.01
0.46265625		4.11315252376e-09	0.01
0.46296875		4.11315252376e-09	0.01
0.46328125		4.11315252376e-09	0.01
0.46359375		4.11315252376e-09	0.01
0.46390625		4.11315252376e-09	0.01
0.46421875		4.11315252376e-09	0.01
0.46453125		4.11315252376e-09	0.01
0.46484375		4.11315252376e-09	0.01
0.46515625		4.11315252376e-09	0.01
0.46546875		4.11315252376e-09	0.01
0.46578125		4.11315252376e-09	0.01
0.46609375		4.11315252376e-09	0.01
0.46640625		4.11315252376e-09	0.01
0.46671875		4.11315252376e-09	0.01
0.46703125		4.11315252376e-09	0.01
0.46734375		4.11315252376e-09	0.01
0.46765625		4.11315252376e-09	0.01
0.46796875		4.11315252376e-09	0.01
0.46828125		4.11315252376e-09	0.01
0.46859375		4.11315252376e-09	0.01
0.46890625		4.11315252376e-09	0.01
0.46921875		4.11315252376e-09	0.01
0.46953125		4.11315252376e-09	0.01
0.46984375		4.11315252376e-09	0.01
0.47015625		4.11315252376e-09	0.01
0.47046875		4.11315252376e-09	0.01
0.47078125		4.11315252376e-09	0.01
0.47109375		4.11315252376e-09	0.01
0.47140625		4.11315252376e-09	0.01
0.47171875		4.11315252376e-09	0.01
0.47203125		4.11315252376e-09	0.01
0.47234375		4.11315252376e-09	0.01
0.47265625		4.11315252376e-09	0.01
0.47296875		4.11315252376e-09	0.01
0.47328125		4.11315252376e-09	0.01
0.47359375		4.11315252376e-09	0.01
0.47390625		4.11315252376e-09	0.01
0.47421875		4.11315252376e-09	0.01
0.47453125		4.11315252376e-09	0.01
0.47484375		4.11315252376e-09	0.01
0.47515625		4.11315252376e-09	0.01
0.47546875		4.11315252376e-09	0.01
0.47578125		4.11315252376e-09	0.01
0.47609375		4.11315252376e-09	0.01
0.47640625		4.11315252376e-09	0.01
0.47671875		4.11315252376e-09	0.01
0.47703125		4.11315252376e-09	0.01
0.47734375		4.11315252376e-09	0.01
0.47765625		4.11315252376e-09	0.01
0.47796875		4.11315252376e-09	0.01
0.47828125		4.11315252376e-09	0.01
0.47859375		4.11315252376e-09	0.01
0.47890625		4.11315252376e-09	0.01
0.47921875		4.11315252376e-09	0.01
0.47953125		4.11315252376e-09	0.01
0.47984375		4.11315252376e-09	0.01
0.48015625		4.11315252376e-09	0.01
0.48046875		4.11315252376e-09	0.01
0.48078125		4.11315252376e-09	0.01
0.48109375		4.11315252376e-09	0.01
0.48140625		4.11315252376e-09	0.01
0.48171875		4.11315252376e-09	0.01
0.48203125		4.11315252376e-09	0.01
0.48234375		4.11315252376e-09	0.01
0.48265625		4.11315252376e-09	0.01
0.48296875		4.11315252376e-09	0.01
0.48328125		4.11315252376e-09	0.01
0.48359375		4.11315252376e-09	0.01
0.48390625		4.11315252376e-09	0.01
0.48421875		4.11315252376e-09	0.01
0.48453125		4.11315252376e-09	0.01
0.48484375		4.11315252376e-09	0.01
0.48515625		4.11315252376e-09	0.01
0.48546875		4.11315252376e-09	0.01
0.48578125		4.11315252376e-09	0.01
0.48609375		4.11315252376e-09	0.01
0.48640625		4.11315252376e-09	0.01
0.48671875		4.11315252376e-09	0.01
0.48703125		4.11315252376e-09	0.01
0.48734375		4.11315252376e-09	0.01
0.48765625		4.11315252376e-09	0.01
0.48796875		4.11315252376e-09	0.01
0.48828125		4.11315252376e-09	0.01
0.48859375		4.11315252376e-09	0.01
0.48890625		4.11315252376e-09	0.01
0.48921875		4.11315252376e-09	0.01
0.48953125		4.11315252376e-09	0.01
0.48984375		4.11315252376e-09	0.01
0.49015625		4.11315252376e-09	0.01
0.49046875		4.11315252376e-09	0.01
0.49078125		4.11315252376e-09	0.01
0.49109375		4.11315252376e-09	0.01
0.49140625		4.11315252376e-09	0.01
0.49171875		4.11315252376e-09	0.01
0.49203125		4.11315252376e-09	0.01
0.49234375		4.11315252376e-09	0.01
0.49265625		4.11315252376e-09	0.01
0.49296875		4.11315252376e-09	0.01
0.49328125		4.11315252376e-09	0.01
0.49359375		4.11315252376e-09	0.01
0.49390625		4.11315252376e-09	0.01
0.49421875		4.11315252376e-09	0.01
0.49453125		4.11315252376e-09	0.01
0.49484375		4.11315252376e-09	0.01
0.49515625		4.11315252376e-09	0.01
0.49546875		4.11315252376e-09	0.01
0.49578125		4.11315252376e-09	0.01
0.49609375		4.11315252376e-09	0.01
0.49640625		4.11315252376e-09	0.01
0.49671875		4.11315252376e-09	0.01
0.49703125		4.11315252376e-09	0.01
0.49734375		4.11315252376e-09	0.01
0.49765625		4.11315252376e-09	0.01
0.49796875		4.11315252376e-09	0.01
0.49828125		4.11315252376e-09	0.01
0.49859375		4.11315252376e-09	0.01
0.49890625		4.11315252376e-09	0.01
0.49921875		4.11315252376e-09	0.01
0.49953125		4.11315252376e-09	0.01
0.49984375		4.11315252376e-09	0.01
