0.00015625		0.409980708506	0.999187881682
0.00046875		0.409783393563	0.999067325781
0.00078125		0.409515018892	0.998903891642
0.00109375		0.409240517999	0.998736532884
0.00140625		0.408984330744	0.998580213304
0.00171875		0.408739435894	0.998430699166
0.00203125		0.408501531134	0.998285386137
0.00234375		0.408268321438	0.998142878148
0.00265625		0.408038463992	0.998002358208
0.00296875		0.407811079813	0.997863291768
0.00328125		0.407585489837	0.997725265171
0.00359375		0.407361183679	0.997587967149
0.00390625		0.407137817855	0.997451188212
0.00421875		0.406915170277	0.997314792998
0.00453125		0.406693084891	0.997178686375
0.00484375		0.406471441084	0.997042794782
0.00515625		0.406250137352	0.996907056245
0.00546875		0.40602908922	0.996771419102
0.00578125		0.40580823465	0.996635845386
0.00609375		0.40558753026	0.996500308552
0.00640625		0.405366941906	0.996364787691
0.00671875		0.405146439474	0.996229264329
0.00703125		0.404925995746	0.996093721744
0.00734375		0.404705586602	0.995958145083
0.00765625		0.404485193955	0.995822523188
0.00796875		0.404264806006	0.995686848761
0.00828125		0.404044411874	0.99555111503
0.00859375		0.403823998672	0.995415313984
0.00890625		0.403603556088	0.995279439221
0.00921875		0.403383076145	0.995143485749
0.00953125		0.403162551761	0.995007449113
0.00984375		0.402941976452	0.994871325224
0.01015625		0.402721344587	0.994735110511
0.01046875		0.402500651512	0.994598802004
0.01078125		0.402279893418	0.994462397248
0.01109375		0.402059067114	0.994325894167
0.01140625		0.401838169844	0.99418929095
0.01171875		0.401617199212	0.994052586006
0.01203125		0.401396153119	0.993915777925
0.01234375		0.401175029702	0.993778865441
0.01265625		0.400953827298	0.99364184741
0.01296875		0.400732544429	0.9935047228
0.01328125		0.400511179814	0.9933674907
0.01359375		0.400289732386	0.99323015033
0.01390625		0.400068201235	0.993092701007
0.01421875		0.39984658552	0.992955142088
0.01453125		0.399624884448	0.99281747296
0.01484375		0.399403097302	0.992679693056
0.01515625		0.399181223462	0.992541801867
0.01546875		0.398959262386	0.992403798934
0.01578125		0.398737213596	0.992265683835
0.01609375		0.398515076657	0.992127456175
0.01640625		0.398292851177	0.991989115584
0.01671875		0.398070536795	0.991850661713
0.01703125		0.397848133183	0.991712094231
0.01734375		0.397625640041	0.991573412823
0.01765625		0.397403057099	0.991434617194
0.01796875		0.397180384108	0.991295707061
0.01828125		0.396957620838	0.991156682153
0.01859375		0.39673476707	0.991017542204
0.01890625		0.396511822598	0.990878286957
0.01921875		0.396288787229	0.990738916161
0.01953125		0.396065660784	0.990599429575
0.01984375		0.395842443095	0.990459826963
0.02015625		0.395619134003	0.990320108095
0.02046875		0.395395733354	0.990180272744
0.02078125		0.395172241	0.990040320687
0.02109375		0.394948656802	0.989900251702
0.02140625		0.394724980624	0.989760065574
0.02171875		0.394501212335	0.989619762089
0.02203125		0.39427735181	0.989479341033
0.02234375		0.394053398926	0.989338802197
0.02265625		0.393829353562	0.989198145373
0.02296875		0.393605215602	0.989057370351
0.02328125		0.39338098493	0.988916476925
0.02359375		0.393156661433	0.988775464891
0.02390625		0.392932245001	0.988634334042
0.02421875		0.392707735525	0.988493084174
0.02453125		0.392483132895	0.988351715085
0.02484375		0.392258437006	0.988210226569
0.02515625		0.392033647751	0.988068618425
0.02546875		0.391808765026	0.987926890448
0.02578125		0.391583788726	0.987785042436
0.02609375		0.391358718749	0.987643074187
0.02640625		0.391133554991	0.987500985497
0.02671875		0.390908297351	0.987358776163
0.02703125		0.390682945726	0.987216445982
0.02734375		0.390457500015	0.987073994752
0.02765625		0.390231960116	0.986931422267
0.02796875		0.390006325929	0.986788728325
0.02828125		0.389780597353	0.986645912722
0.02859375		0.389554774287	0.986502975252
0.02890625		0.38932885663	0.986359915712
0.02921875		0.389102844282	0.986216733897
0.02953125		0.388876737143	0.9860734296
0.02984375		0.388650535112	0.985930002616
0.03015625		0.388424238088	0.98578645274
0.03046875		0.388197845971	0.985642779763
0.03078125		0.387971358661	0.985498983479
0.03109375		0.387744776056	0.985355063681
0.03140625		0.387518098057	0.98521102016
0.03171875		0.387291324561	0.985066852707
0.03203125		0.387064455469	0.984922561115
0.03234375		0.386837490679	0.984778145173
0.03265625		0.386610430089	0.98463360467
0.03296875		0.386383273599	0.984488939398
0.03328125		0.386156021107	0.984344149144
0.03359375		0.385928672512	0.984199233697
0.03390625		0.385701227711	0.984054192845
0.03421875		0.385473686602	0.983909026376
0.03453125		0.385246049084	0.983763734076
0.03484375		0.385018315053	0.983618315731
0.03515625		0.384790484408	0.983472771127
0.03546875		0.384562557045	0.983327100049
0.03578125		0.384334532862	0.983181302282
0.03609375		0.384106411755	0.983035377611
0.03640625		0.383878193622	0.982889325818
0.03671875		0.383649878358	0.982743146686
0.03703125		0.383421465859	0.982596839998
0.03734375		0.383192956023	0.982450405536
0.03765625		0.382964348744	0.982303843081
0.03796875		0.382735643918	0.982157152413
0.03828125		0.382506841441	0.982010333312
0.03859375		0.382277941207	0.981863385559
0.03890625		0.382048943113	0.981716308931
0.03921875		0.381819847051	0.981569103208
0.03953125		0.381590652918	0.981421768166
0.03984375		0.381361360607	0.981274303583
0.04015625		0.381131970013	0.981126709236
0.04046875		0.380902481028	0.9809789849
0.04078125		0.380672893547	0.980831130351
0.04109375		0.380443207464	0.980683145363
0.04140625		0.38021342267	0.980535029711
0.04171875		0.37998353906	0.980386783168
0.04203125		0.379753556526	0.980238405506
0.04234375		0.37952347496	0.980089896498
0.04265625		0.379293294255	0.979941255916
0.04296875		0.379063014303	0.979792483531
0.04328125		0.378832634994	0.979643579112
0.04359375		0.378602156222	0.979494542431
0.04390625		0.378371577877	0.979345373255
0.04421875		0.37814089985	0.979196071354
0.04453125		0.377910122032	0.979046636495
0.04484375		0.377679244313	0.978897068446
0.04515625		0.377448266584	0.978747366972
0.04546875		0.377217188736	0.978597531841
0.04578125		0.376986010657	0.978447562817
0.04609375		0.376754732237	0.978297459665
0.04640625		0.376523353366	0.978147222149
0.04671875		0.376291873934	0.977996850033
0.04703125		0.376060293827	0.977846343079
0.04734375		0.375828612936	0.977695701049
0.04765625		0.375596831149	0.977544923705
0.04796875		0.375364948354	0.977394010807
0.04828125		0.375132964438	0.977242962115
0.04859375		0.37490087929	0.977091777389
0.04890625		0.374668692796	0.976940456388
0.04921875		0.374436404844	0.97678899887
0.04953125		0.37420401532	0.976637404592
0.04984375		0.373971524112	0.97648567331
0.05015625		0.373738931106	0.976333804782
0.05046875		0.373506236187	0.976181798762
0.05078125		0.373273439241	0.976029655004
0.05109375		0.373040540155	0.975877373264
0.05140625		0.372807538813	0.975724953294
0.05171875		0.372574435101	0.975572394847
0.05203125		0.372341228903	0.975419697675
0.05234375		0.372107920103	0.975266861529
0.05265625		0.371874508587	0.975113886159
0.05296875		0.371640994238	0.974960771316
0.05328125		0.37140737694	0.974807516749
0.05359375		0.371173656577	0.974654122206
0.05390625		0.370939833031	0.974500587434
0.05421875		0.370705906186	0.974346912182
0.05453125		0.370471875924	0.974193096194
0.05484375		0.370237742127	0.974039139217
0.05515625		0.370003504679	0.973885040996
0.05546875		0.369769163461	0.973730801274
0.05578125		0.369534718353	0.973576419796
0.05609375		0.369300169239	0.973421896303
0.05640625		0.369065515999	0.973267230538
0.05671875		0.368830758513	0.973112422242
0.05703125		0.368595896662	0.972957471155
0.05734375		0.368360930327	0.972802377017
0.05765625		0.368125859387	0.972647139568
0.05796875		0.367890683723	0.972491758545
0.05828125		0.367655403213	0.972336233686
0.05859375		0.367420017737	0.972180564727
0.05890625		0.367184527173	0.972024751406
0.05921875		0.366948931401	0.971868793456
0.05953125		0.366713230298	0.971712690612
0.05984375		0.366477423742	0.971556442609
0.06015625		0.366241511612	0.971400049179
0.06046875		0.366005493785	0.971243510054
0.06078125		0.365769370138	0.971086824965
0.06109375		0.365533140547	0.970929993644
0.06140625		0.36529680489	0.970773015821
0.06171875		0.365060363042	0.970615891223
0.06203125		0.36482381488	0.97045861958
0.06234375		0.36458716028	0.970301200619
0.06265625		0.364350399117	0.970143634066
0.06296875		0.364113531265	0.969985919649
0.06328125		0.363876556601	0.969828057091
0.06359375		0.363639474998	0.969670046117
0.06390625		0.363402286331	0.969511886451
0.06421875		0.363164990473	0.969353577815
0.06453125		0.362927587299	0.969195119932
0.06484375		0.362690076682	0.969036512522
0.06515625		0.362452458495	0.968877755306
0.06546875		0.36221473261	0.968718848002
0.06578125		0.361976898901	0.968559790331
0.06609375		0.361738957239	0.968400582009
0.06640625		0.361500907496	0.968241222754
0.06671875		0.361262749544	0.968081712281
0.06703125		0.361024483253	0.967922050306
0.06734375		0.360786108496	0.967762236544
0.06765625		0.360547625143	0.967602270708
0.06796875		0.360309033063	0.967442152511
0.06828125		0.360070332128	0.967281881665
0.06859375		0.359831522206	0.967121457881
0.06890625		0.359592603167	0.966960880869
0.06921875		0.359353574881	0.966800150339
0.06953125		0.359114437215	0.966639265999
0.06984375		0.358875190039	0.966478227557
0.07015625		0.358635833221	0.966317034719
0.07046875		0.358396366628	0.966155687191
0.07078125		0.358156790129	0.965994184679
0.07109375		0.357917103589	0.965832526887
0.07140625		0.357677306877	0.965670713518
0.07171875		0.357437399858	0.965508744273
0.07203125		0.357197382399	0.965346618856
0.07234375		0.356957254366	0.965184336966
0.07265625		0.356717015624	0.965021898303
0.07296875		0.356476666039	0.964859302566
0.07328125		0.356236205475	0.964696549452
0.07359375		0.355995633798	0.96453363866
0.07390625		0.355754950871	0.964370569884
0.07421875		0.355514156558	0.96420734282
0.07453125		0.355273250724	0.964043957162
0.07484375		0.35503223323	0.963880412603
0.07515625		0.354791103941	0.963716708837
0.07546875		0.354549862719	0.963552845554
0.07578125		0.354308509426	0.963388822444
0.07609375		0.354067043924	0.963224639198
0.07640625		0.353825466074	0.963060295504
0.07671875		0.353583775738	0.96289579105
0.07703125		0.353341972778	0.962731125522
0.07734375		0.353100057052	0.962566298606
0.07765625		0.352858028422	0.962401309987
0.07796875		0.352615886748	0.962236159349
0.07828125		0.352373631889	0.962070846375
0.07859375		0.352131263703	0.961905370747
0.07890625		0.351888782051	0.961739732145
0.07921875		0.351646186791	0.961573930249
0.07953125		0.35140347778	0.96140796474
0.07984375		0.351160654876	0.961241835294
0.08015625		0.350917717938	0.961075541588
0.08046875		0.350674666821	0.960909083299
0.08078125		0.350431501383	0.960742460101
0.08109375		0.35018822148	0.960575671669
0.08140625		0.349944826968	0.960408717676
0.08171875		0.349701317703	0.960241597793
0.08203125		0.34945769354	0.960074311692
0.08234375		0.349213954333	0.959906859042
0.08265625		0.348970099938	0.959739239513
0.08296875		0.348726130209	0.959571452772
0.08328125		0.348482044999	0.959403498486
0.08359375		0.348237844162	0.959235376321
0.08390625		0.347993527551	0.959067085941
0.08421875		0.347749095018	0.958898627011
0.08453125		0.347504546417	0.958729999194
0.08484375		0.347259881598	0.95856120215
0.08515625		0.347015100414	0.95839223554
0.08546875		0.346770202716	0.958223099024
0.08578125		0.346525188355	0.958053792261
0.08609375		0.34628005718	0.957884314907
0.08640625		0.346034809043	0.957714666619
0.08671875		0.345789443792	0.957544847052
0.08703125		0.345543961278	0.957374855861
0.08734375		0.345298361349	0.957204692697
0.08765625		0.345052643853	0.957034357214
0.08796875		0.344806808639	0.956863849062
0.08828125		0.344560855555	0.95669316789
0.08859375		0.344314784447	0.956522313348
0.08890625		0.344068595164	0.956351285083
0.08921875		0.343822287551	0.95618008274
0.08953125		0.343575861454	0.956008705966
0.08984375		0.34332931672	0.955837154405
0.09015625		0.343082653194	0.955665427699
0.09046875		0.34283587072	0.95549352549
0.09078125		0.342588969144	0.955321447419
0.09109375		0.342341948309	0.955149193126
0.09140625		0.34209480806	0.954976762248
0.09171875		0.34184754824	0.954804154424
0.09203125		0.341600168691	0.954631369289
0.09234375		0.341352669257	0.954458406478
0.09265625		0.341105049779	0.954285265625
0.09296875		0.3408573101	0.954111946362
0.09328125		0.340609450059	0.95393844832
0.09359375		0.3403614695	0.953764771131
0.09390625		0.340113368261	0.953590914422
0.09421875		0.339865146183	0.953416877822
0.09453125		0.339616803106	0.953242660957
0.09484375		0.339368338869	0.953068263452
0.09515625		0.339119753311	0.952893684932
0.09546875		0.33887104627	0.952718925019
0.09578125		0.338622217584	0.952543983336
0.09609375		0.33837326709	0.952368859502
0.09640625		0.338124194626	0.952193553136
0.09671875		0.337875000029	0.952018063858
0.09703125		0.337625683135	0.951842391282
0.09734375		0.337376243778	0.951666535026
0.09765625		0.337126681796	0.951490494703
0.09796875		0.336876997023	0.951314269925
0.09828125		0.336627189293	0.951137860306
0.09859375		0.33637725844	0.950961265454
0.09890625		0.336127204298	0.950784484979
0.09921875		0.335877026701	0.95060751849
0.09953125		0.33562672548	0.950430365591
0.09984375		0.335376300468	0.95025302589
0.10015625		0.335125751498	0.950075498988
0.10046875		0.334875078399	0.94989778449
0.10078125		0.334624281004	0.949719881996
0.10109375		0.334373359143	0.949541791107
0.10140625		0.334122312645	0.94936351142
0.10171875		0.333871141341	0.949185042533
0.10203125		0.333619845059	0.949006384043
0.10234375		0.333368423629	0.948827535543
0.10265625		0.333116876877	0.948648496627
0.10296875		0.332865204632	0.948469266887
0.10328125		0.332613406722	0.948289845914
0.10359375		0.332361482972	0.948110233295
0.10390625		0.332109433209	0.94793042862
0.10421875		0.33185725726	0.947750431474
0.10453125		0.331604954949	0.947570241443
0.10484375		0.331352526101	0.94738985811
0.10515625		0.33109997054	0.947209281057
0.10546875		0.330847288091	0.947028509865
0.10578125		0.330594478577	0.946847544113
0.10609375		0.330341541821	0.94666638338
0.10640625		0.330088477646	0.946485027241
0.10671875		0.329835285872	0.946303475272
0.10703125		0.329581966323	0.946121727047
0.10734375		0.329328518818	0.945939782137
0.10765625		0.329074943178	0.945757640113
0.10796875		0.328821239224	0.945575300545
0.10828125		0.328567406774	0.945392762999
0.10859375		0.328313445648	0.945210027044
0.10890625		0.328059355664	0.945027092242
0.10921875		0.327805136641	0.944843958159
0.10953125		0.327550788395	0.944660624354
0.10984375		0.327296310744	0.94447709039
0.11015625		0.327041703504	0.944293355823
0.11046875		0.326786966491	0.944109420213
0.11078125		0.326532099521	0.943925283114
0.11109375		0.326277102408	0.943740944081
0.11140625		0.326021974967	0.943556402666
0.11171875		0.325766717012	0.943371658421
0.11203125		0.325511328356	0.943186710894
0.11234375		0.325255808812	0.943001559635
0.11265625		0.325000158192	0.942816204189
0.11296875		0.324744376308	0.942630644102
0.11328125		0.324488462971	0.942444878917
0.11359375		0.324232417993	0.942258908174
0.11390625		0.323976241182	0.942072731415
0.11421875		0.32371993235	0.941886348178
0.11453125		0.323463491304	0.941699758
0.11484375		0.323206917854	0.941512960416
0.11515625		0.322950211807	0.941325954959
0.11546875		0.322693372971	0.941138741162
0.11578125		0.322436401153	0.940951318554
0.11609375		0.322179296159	0.940763686666
0.11640625		0.321922057796	0.940575845022
0.11671875		0.321664685867	0.94038779315
0.11703125		0.321407180179	0.940199530572
0.11734375		0.321149540535	0.940011056811
0.11765625		0.320891766738	0.939822371386
0.11796875		0.320633858592	0.939633473817
0.11828125		0.3203758159	0.93944436362
0.11859375		0.320117638462	0.939255040311
0.11890625		0.319859326081	0.939065503402
0.11921875		0.319600878556	0.938875752405
0.11953125		0.319342295689	0.938685786832
0.11984375		0.319083577279	0.938495606188
0.12015625		0.318824723125	0.938305209982
0.12046875		0.318565733025	0.938114597718
0.12078125		0.318306606776	0.937923768898
0.12109375		0.318047344177	0.937732723023
0.12140625		0.317787945024	0.937541459594
0.12171875		0.317528409113	0.937349978108
0.12203125		0.317268736239	0.937158278059
0.12234375		0.317008926197	0.936966358943
0.12265625		0.316748978781	0.93677422025
0.12296875		0.316488893786	0.936581861472
0.12328125		0.316228671004	0.936389282097
0.12359375		0.315968310227	0.93619648161
0.12390625		0.315707811248	0.936003459498
0.12421875		0.315447173857	0.935810215242
0.12453125		0.315186397845	0.935616748323
0.12484375		0.314925483002	0.935423058221
0.12515625		0.314664429118	0.935229144412
0.12546875		0.31440323598	0.935035006371
0.12578125		0.314141903378	0.934840643572
0.12609375		0.313880431098	0.934646055487
0.12640625		0.313618818928	0.934451241584
0.12671875		0.313357066654	0.934256201331
0.12703125		0.31309517406	0.934060934193
0.12734375		0.312833140933	0.933865439633
0.12765625		0.312570967056	0.933669717114
0.12796875		0.312308652213	0.933473766095
0.12828125		0.312046196187	0.933277586033
0.12859375		0.31178359876	0.933081176384
0.12890625		0.311520859713	0.932884536601
0.12921875		0.311257978829	0.932687666136
0.12953125		0.310994955887	0.932490564438
0.12984375		0.310731790666	0.932293230954
0.13015625		0.310468482946	0.93209566513
0.13046875		0.310205032506	0.931897866408
0.13078125		0.309941439122	0.931699834231
0.13109375		0.309677702572	0.931501568037
0.13140625		0.309413822632	0.931303067263
0.13171875		0.309149799077	0.931104331343
0.13203125		0.308885631683	0.930905359711
0.13234375		0.308621320224	0.930706151797
0.13265625		0.308356864474	0.93050670703
0.13296875		0.308092264204	0.930307024835
0.13328125		0.307827519188	0.930107104637
0.13359375		0.307562629197	0.929906945858
0.13390625		0.307297594002	0.929706547917
0.13421875		0.307032413372	0.929505910232
0.13453125		0.306767087077	0.929305032218
0.13484375		0.306501614885	0.929103913289
0.13515625		0.306235996566	0.928902552854
0.13546875		0.305970231884	0.928700950323
0.13578125		0.305704320609	0.928499105102
0.13609375		0.305438262504	0.928297016596
0.13640625		0.305172057334	0.928094684204
0.13671875		0.304905704866	0.927892107328
0.13703125		0.30463920486	0.927689285365
0.13734375		0.304372557082	0.927486217708
0.13765625		0.304105761292	0.927282903752
0.13796875		0.303838817252	0.927079342885
0.13828125		0.303571724722	0.926875534496
0.13859375		0.303304483463	0.92667147797
0.13890625		0.303037093233	0.92646717269
0.13921875		0.302769553791	0.926262618037
0.13953125		0.302501864894	0.926057813389
0.13984375		0.302234026299	0.925852758122
0.14015625		0.301966037761	0.92564745161
0.14046875		0.301697899037	0.925441893222
0.14078125		0.301429609881	0.925236082329
0.14109375		0.301161170046	0.925030018295
0.14140625		0.300892579285	0.924823700484
0.14171875		0.300623837351	0.924617128258
0.14203125		0.300354943994	0.924410300975
0.14234375		0.300085898965	0.924203217991
0.14265625		0.299816702014	0.923995878659
0.14296875		0.299547352889	0.92378828233
0.14328125		0.29927785134	0.923580428353
0.14359375		0.299008197113	0.923372316074
0.14390625		0.298738389954	0.923163944835
0.14421875		0.298468429609	0.922955313978
0.14453125		0.298198315824	0.92274642284
0.14484375		0.297928048341	0.922537270756
0.14515625		0.297657626905	0.92232785706
0.14546875		0.297387051258	0.922118181081
0.14578125		0.297116321141	0.921908242147
0.14609375		0.296845436294	0.921698039581
0.14640625		0.296574396459	0.921487572707
0.14671875		0.296303201373	0.921276840844
0.14703125		0.296031850774	0.921065843307
0.14734375		0.295760344401	0.920854579411
0.14765625		0.295488681989	0.920643048467
0.14796875		0.295216863275	0.920431249783
0.14828125		0.294944887992	0.920219182663
0.14859375		0.294672755874	0.920006846412
0.14890625		0.294400466655	0.919794240328
0.14921875		0.294128020067	0.919581363709
0.14953125		0.29385541584	0.919368215848
0.14984375		0.293582653705	0.919154796036
0.15015625		0.293309733392	0.918941103563
0.15046875		0.293036654628	0.918727137714
0.15078125		0.292763417141	0.91851289777
0.15109375		0.292490020659	0.918298383011
0.15140625		0.292216464906	0.918083592715
0.15171875		0.291942749609	0.917868526154
0.15203125		0.291668874489	0.9176531826
0.15234375		0.291394839272	0.917437561319
0.15265625		0.291120643678	0.917221661576
0.15296875		0.290846287428	0.917005482634
0.15328125		0.290571770244	0.91678902375
0.15359375		0.290297091844	0.91657228418
0.15390625		0.290022251947	0.916355263176
0.15421875		0.289747250269	0.916137959988
0.15453125		0.289472086528	0.915920373861
0.15484375		0.289196760439	0.915702504039
0.15515625		0.288921271716	0.915484349761
0.15546875		0.288645620072	0.915265910265
0.15578125		0.288369805221	0.915047184782
0.15609375		0.288093826874	0.914828172545
0.15640625		0.287817684741	0.914608872779
0.15671875		0.287541378533	0.914389284708
0.15703125		0.287264907956	0.914169407554
0.15734375		0.28698827272	0.913949240532
0.15765625		0.286711472531	0.913728782857
0.15796875		0.286434507094	0.91350803374
0.15828125		0.286157376114	0.913286992388
0.15859375		0.285880079294	0.913065658004
0.15890625		0.285602616337	0.912844029789
0.15921875		0.285324986945	0.912622106941
0.15953125		0.285047190817	0.912399888652
0.15984375		0.284769227654	0.912177374113
0.16015625		0.284491097153	0.911954562511
0.16046875		0.284212799012	0.911731453028
0.16078125		0.283934332927	0.911508044846
0.16109375		0.283655698594	0.911284337139
0.16140625		0.283376895706	0.911060329081
0.16171875		0.283097923957	0.910836019841
0.16203125		0.282818783038	0.910611408584
0.16234375		0.28253947264	0.910386494473
0.16265625		0.282259992454	0.910161276665
0.16296875		0.281980342168	0.909935754315
0.16328125		0.281700521469	0.909709926575
0.16359375		0.281420530044	0.909483792591
0.16390625		0.281140367579	0.909257351507
0.16421875		0.280860033757	0.909030602463
0.16453125		0.280579528263	0.908803544595
0.16484375		0.280298850777	0.908576177036
0.16515625		0.280018000981	0.908348498914
0.16546875		0.279736978555	0.908120509353
0.16578125		0.279455783176	0.907892207475
0.16609375		0.279174414524	0.907663592396
0.16640625		0.278892872273	0.90743466323
0.16671875		0.2786111561	0.907205419086
0.16703125		0.278329265677	0.906975859069
0.16734375		0.278047200679	0.90674598228
0.16765625		0.277764960776	0.906515787817
0.16796875		0.277482545639	0.906285274772
0.16828125		0.277199954937	0.906054442236
0.16859375		0.276917188338	0.905823289293
0.16890625		0.276634245509	0.905591815024
0.16921875		0.276351126116	0.905360018507
0.16953125		0.276067829823	0.905127898814
0.16984375		0.275784356293	0.904895455014
0.17015625		0.275500705188	0.904662686171
0.17046875		0.275216876169	0.904429591346
0.17078125		0.274932868896	0.904196169595
0.17109375		0.274648683026	0.90396241997
0.17140625		0.274364318216	0.903728341517
0.17171875		0.274079774123	0.903493933282
0.17203125		0.2737950504	0.903259194301
0.17234375		0.273510146701	0.90302412361
0.17265625		0.273225062677	0.902788720239
0.17296875		0.272939797979	0.902552983214
0.17328125		0.272654352257	0.902316911556
0.17359375		0.272368725158	0.902080504281
0.17390625		0.272082916329	0.901843760402
0.17421875		0.271796925416	0.901606678926
0.17453125		0.271510752061	0.901369258858
0.17484375		0.271224395909	0.901131499195
0.17515625		0.270937856599	0.900893398931
0.17546875		0.270651133773	0.900654957055
0.17578125		0.270364227069	0.900416172553
0.17609375		0.270077136124	0.900177044405
0.17640625		0.269789860574	0.899937571584
0.17671875		0.269502400053	0.899697753063
0.17703125		0.269214754195	0.899457587806
0.17734375		0.268926922631	0.899217074775
0.17765625		0.268638904992	0.898976212925
0.17796875		0.268350700906	0.898735001208
0.17828125		0.268062310001	0.898493438569
0.17859375		0.267773731903	0.89825152395
0.17890625		0.267484966237	0.898009256288
0.17921875		0.267196012626	0.897766634513
0.17953125		0.266906870692	0.897523657551
0.17984375		0.266617540054	0.897280324324
0.18015625		0.266328020333	0.897036633748
0.18046875		0.266038311144	0.896792584734
0.18078125		0.265748412105	0.896548176187
0.18109375		0.265458322829	0.896303407008
0.18140625		0.265168042929	0.896058276092
0.18171875		0.264877572017	0.895812782329
0.18203125		0.264586909702	0.895566924604
0.18234375		0.264296055594	0.895320701796
0.18265625		0.264005009298	0.89507411278
0.18296875		0.26371377042	0.894827156423
0.18328125		0.263422338564	0.894579831588
0.18359375		0.263130713332	0.894332137135
0.18390625		0.262838894325	0.894084071913
0.18421875		0.262546881141	0.893835634771
0.18453125		0.262254673378	0.893586824549
0.18484375		0.261962270632	0.893337640082
0.18515625		0.261669672497	0.8930880802
0.18546875		0.261376878566	0.892838143727
0.18578125		0.261083888429	0.892587829481
0.18609375		0.260790701677	0.892337136275
0.18640625		0.260497317897	0.892086062915
0.18671875		0.260203736675	0.891834608202
0.18703125		0.259909957595	0.891582770931
0.18734375		0.259615980241	0.89133054989
0.18765625		0.259321804193	0.891077943864
0.18796875		0.259027429031	0.890824951628
0.18828125		0.258732854333	0.890571571954
0.18859375		0.258438079674	0.890317803606
0.18890625		0.258143104629	0.890063645344
0.18921875		0.257847928771	0.889809095919
0.18953125		0.257552551669	0.889554154078
0.18984375		0.257256972895	0.889298818561
0.19015625		0.256961192013	0.889043088102
0.19046875		0.256665208592	0.888786961427
0.19078125		0.256369022193	0.888530437259
0.19109375		0.256072632379	0.888273514311
0.19140625		0.255776038711	0.888016191292
0.19171875		0.255479240746	0.887758466903
0.19203125		0.255182238042	0.887500339839
0.19234375		0.254885030152	0.887241808788
0.19265625		0.254587616631	0.886982872433
0.19296875		0.254289997028	0.886723529448
0.19328125		0.253992170893	0.886463778501
0.19359375		0.253694137774	0.886203618255
0.19390625		0.253395897216	0.885943047363
0.19421875		0.253097448762	0.885682064474
0.19453125		0.252798791955	0.885420668227
0.19484375		0.252499926332	0.885158857258
0.19515625		0.252200851434	0.884896630193
0.19546875		0.251901566795	0.884633985651
0.19578125		0.251602071948	0.884370922245
0.19609375		0.251302366427	0.884107438581
0.19640625		0.251002449761	0.883843533256
0.19671875		0.250702321478	0.883579204862
0.19703125		0.250401981104	0.883314451982
0.19734375		0.250101428162	0.883049273193
0.19765625		0.249800662175	0.882783667062
0.19796875		0.249499682662	0.882517632152
0.19828125		0.249198489142	0.882251167015
0.19859375		0.24889708113	0.881984270198
0.19890625		0.248595458139	0.88171694024
0.19921875		0.248293619682	0.881449175671
0.19953125		0.247991565267	0.881180975014
0.19984375		0.247689294402	0.880912336784
0.20015625		0.247386806592	0.880643259489
0.20046875		0.24708410134	0.880373741627
0.20078125		0.246781178147	0.880103781691
0.20109375		0.246478036513	0.879833378163
0.20140625		0.246174675932	0.879562529519
0.20171875		0.2458710959	0.879291234226
0.20203125		0.24556729591	0.879019490742
0.20234375		0.245263275449	0.878747297518
0.20265625		0.244959034008	0.878474652997
0.20296875		0.24465457107	0.878201555612
0.20328125		0.244349886119	0.877928003788
0.20359375		0.244044978635	0.877653995942
0.20390625		0.243739848099	0.877379530483
0.20421875		0.243434493984	0.877104605809
0.20453125		0.243128915767	0.876829220312
0.20484375		0.242823112917	0.876553372375
0.20515625		0.242517084905	0.876277060369
0.20546875		0.242210831197	0.87600028266
0.20578125		0.241904351258	0.875723037602
0.20609375		0.24159764455	0.875445323542
0.20640625		0.241290710532	0.875167138817
0.20671875		0.240983548661	0.874888481756
0.20703125		0.240676158393	0.874609350676
0.20734375		0.240368539179	0.874329743888
0.20765625		0.240060690471	0.874049659691
0.20796875		0.239752611713	0.873769096375
0.20828125		0.239444302353	0.873488052223
0.20859375		0.239135761831	0.873206525505
0.20890625		0.238826989588	0.872924514483
0.20921875		0.238517985061	0.872642017409
0.20953125		0.238208747684	0.872359032525
0.20984375		0.237899276889	0.872075558064
0.21015625		0.237589572106	0.871791592248
0.21046875		0.237279632761	0.871507133288
0.21078125		0.236969458279	0.871222179389
0.21109375		0.236659048081	0.87093672874
0.21140625		0.236348401586	0.870650779524
0.21171875		0.236037518209	0.870364329913
0.21203125		0.235726397365	0.870077378066
0.21234375		0.235415038462	0.869789922135
0.21265625		0.235103440911	0.869501960258
0.21296875		0.234791604114	0.869213490566
0.21328125		0.234479527476	0.868924511176
0.21359375		0.234167210394	0.868635020195
0.21390625		0.233854652266	0.868345015721
0.21421875		0.233541852486	0.868054495838
0.21453125		0.233228810443	0.867763458621
0.21484375		0.232915525528	0.867471902133
0.21515625		0.232601997123	0.867179824426
0.21546875		0.232288224612	0.86688722354
0.21578125		0.231974207373	0.866594097505
0.21609375		0.231659944783	0.866300444337
0.21640625		0.231345436216	0.866006262042
0.21671875		0.23103068104	0.865711548615
0.21703125		0.230715678624	0.865416302037
0.21734375		0.230400428332	0.865120520279
0.21765625		0.230084929524	0.864824201299
0.21796875		0.229769181558	0.864527343043
0.21828125		0.22945318379	0.864229943445
0.21859375		0.229136935571	0.863932000427
0.21890625		0.22882043625	0.863633511897
0.21921875		0.228503685171	0.863334475753
0.21953125		0.228186681677	0.863034889877
0.21984375		0.227869425107	0.862734752143
0.22015625		0.227551914797	0.862434060407
0.22046875		0.227234150079	0.862132812515
0.22078125		0.226916130281	0.8618310063
0.22109375		0.22659785473	0.861528639581
0.22140625		0.226279322748	0.861225710165
0.22171875		0.225960533655	0.860922215843
0.22203125		0.225641486765	0.860618154395
0.22234375		0.225322181391	0.860313523586
0.22265625		0.225002616841	0.860008321169
0.22296875		0.224682792422	0.859702544881
0.22328125		0.224362707434	0.859396192447
0.22359375		0.224042361177	0.859089261576
0.22390625		0.223721752944	0.858781749965
0.22421875		0.223400882027	0.858473655295
0.22453125		0.223079747714	0.858164975234
0.22484375		0.222758349288	0.857855707434
0.22515625		0.222436686031	0.857545849533
0.22546875		0.222114757217	0.857235399155
0.22578125		0.221792562121	0.856924353908
0.22609375		0.221470100011	0.856612711385
0.22640625		0.221147370154	0.856300469164
0.22671875		0.22082437181	0.855987624809
0.22703125		0.220501104237	0.855674175866
0.22734375		0.22017756669	0.855360119869
0.22765625		0.219853758419	0.855045454332
0.22796875		0.219529678669	0.854730176758
0.22828125		0.219205326683	0.854414284629
0.22859375		0.2188807017	0.854097775415
0.22890625		0.218555802954	0.853780646568
0.22921875		0.218230629674	0.853462895523
0.22953125		0.217905181088	0.853144519701
0.22984375		0.217579456418	0.852825516502
0.23015625		0.217253454881	0.852505883315
0.23046875		0.216927175692	0.852185617506
0.23078125		0.21660061806	0.851864716429
0.23109375		0.216273781192	0.851543177417
0.23140625		0.215946664287	0.851220997788
0.23171875		0.215619266544	0.850898174842
0.23203125		0.215291587155	0.850574705859
0.23234375		0.214963625309	0.850250588105
0.23265625		0.214635380189	0.849925818825
0.23296875		0.214306850976	0.849600395247
0.23328125		0.213978036844	0.849274314581
0.23359375		0.213648936964	0.848947574017
0.23390625		0.213319550503	0.848620170727
0.23421875		0.212989876622	0.848292101865
0.23453125		0.212659914478	0.847963364566
0.23484375		0.212329663224	0.847633955943
0.23515625		0.211999122007	0.847303873094
0.23546875		0.211668289972	0.846973113094
0.23578125		0.211337166256	0.846641673
0.23609375		0.211005749993	0.846309549848
0.23640625		0.210674040311	0.845976740655
0.23671875		0.210342036336	0.845643242417
0.23703125		0.210009737186	0.84530905211
0.23734375		0.209677141975	0.844974166688
0.23765625		0.209344249812	0.844638583086
0.23796875		0.209011059803	0.844302298218
0.23828125		0.208677571046	0.843965308975
0.23859375		0.208343782635	0.843627612227
0.23890625		0.20800969366	0.843289204824
0.23921875		0.207675303204	0.842950083593
0.23953125		0.207340610347	0.842610245338
0.23984375		0.207005614161	0.842269686842
0.24015625		0.206670313715	0.841928404867
0.24046875		0.206334708072	0.841586396148
0.24078125		0.205998796289	0.841243657402
0.24109375		0.205662577418	0.840900185319
0.24140625		0.205326050506	0.840555976569
0.24171875		0.204989214595	0.840211027795
0.24203125		0.204652068719	0.839865335618
0.24234375		0.204314611908	0.839518896637
0.24265625		0.203976843188	0.839171707422
0.24296875		0.203638761575	0.838823764524
0.24328125		0.203300366085	0.838475064465
0.24359375		0.202961655722	0.838125603743
0.24390625		0.20262262949	0.837775378833
0.24421875		0.202283286382	0.837424386182
0.24453125		0.201943625389	0.837072622212
0.24484375		0.201603645495	0.836720083321
0.24515625		0.201263345675	0.836366765877
0.24546875		0.200922724902	0.836012666225
0.24578125		0.200581782141	0.835657780682
0.24609375		0.20024051635	0.835302105538
0.24640625		0.199898926484	0.834945637055
0.24671875		0.199557011487	0.834588371469
0.24703125		0.1992147703	0.834230304987
0.24734375		0.198872201857	0.833871433788
0.24765625		0.198529305084	0.833511754025
0.24796875		0.198186078903	0.833151261818
0.24828125		0.197842522228	0.832789953262
0.24859375		0.197498633965	0.832427824421
0.24890625		0.197154413017	0.832064871329
0.24921875		0.196809858276	0.831701089992
0.24953125		0.19646496863	0.831336476383
0.24984375		0.196119742959	0.830971026448
0.25015625		0.195774180136	0.830604736101
0.25046875		0.195428279028	0.830237601223
0.25078125		0.195082038495	0.829869617665
0.25109375		0.194735457387	0.829500781248
0.25140625		0.194388534551	0.829131087759
0.25171875		0.194041268824	0.828760532952
0.25203125		0.193693659036	0.828389112551
0.25234375		0.19334570401	0.828016822244
0.25265625		0.192997402563	0.827643657687
0.25296875		0.192648753501	0.827269614503
0.25328125		0.192299755625	0.826894688279
0.25359375		0.191950407729	0.826518874569
0.25390625		0.191600708596	0.826142168893
0.25421875		0.191250657005	0.825764566732
0.25453125		0.190900251725	0.825386063537
0.25484375		0.190549491516	0.825006654717
0.25515625		0.190198375133	0.82462633565
0.25546875		0.189846901321	0.824245101674
0.25578125		0.189495068817	0.823862948091
0.25609375		0.18914287635	0.823479870166
0.25640625		0.18879032264	0.823095863124
0.25671875		0.1884374064	0.822710922155
0.25703125		0.188084126333	0.822325042406
0.25734375		0.187730481134	0.821938218989
0.25765625		0.18737646949	0.821550446973
0.25796875		0.187022090078	0.821161721389
0.25828125		0.186667341568	0.820772037227
0.25859375		0.186312222619	0.820381389437
0.25890625		0.185956731882	0.819989772925
0.25921875		0.185600868	0.819597182557
0.25953125		0.185244629606	0.819203613157
0.25984375		0.184888015322	0.818809059505
0.26015625		0.184531023763	0.818413516339
0.26046875		0.184173653534	0.818016978353
0.26078125		0.18381590323	0.817619440194
0.26109375		0.183457771437	0.817220896469
0.26140625		0.183099256731	0.816821341736
0.26171875		0.182740357678	0.816420770508
0.26203125		0.182381072835	0.816019177254
0.26234375		0.182021400747	0.815616556393
0.26265625		0.181661339951	0.815212902297
0.26296875		0.181300888973	0.814808209293
0.26328125		0.180940046328	0.814402471657
0.26359375		0.180578810522	0.813995683616
0.26390625		0.18021718005	0.813587839348
0.26421875		0.179855153395	0.81317893298
0.26453125		0.179492729032	0.81276895859
0.26484375		0.179129905423	0.812357910204
0.26515625		0.178766681019	0.811945781794
0.26546875		0.178403054262	0.811532567281
0.26578125		0.17803902358	0.811118260534
0.26609375		0.177674587392	0.810702855366
0.26640625		0.177309744105	0.810286345537
0.26671875		0.176944492114	0.809868724751
0.26703125		0.176578829803	0.809449986656
0.26734375		0.176212755543	0.809030124845
0.26765625		0.175846267694	0.808609132851
0.26796875		0.175479364605	0.808187004153
0.26828125		0.175112044612	0.807763732168
0.26859375		0.174744306038	0.807339310255
0.26890625		0.174376147193	0.806913731715
0.26921875		0.174007566378	0.806486989784
0.26953125		0.173638561878	0.80605907764
0.26984375		0.173269131966	0.805629988399
0.27015625		0.172899274903	0.80519971511
0.27046875		0.172528988935	0.804768250763
0.27078125		0.172158272298	0.80433558828
0.27109375		0.171787123211	0.80390172052
0.27140625		0.171415539882	0.803466640274
0.27171875		0.171043520505	0.803030340266
0.27203125		0.170671063259	0.802592813155
0.27234375		0.17029816631	0.802154051527
0.27265625		0.169924827811	0.801714047901
0.27296875		0.169551045897	0.801272794724
0.27328125		0.169176818694	0.800830284374
0.27359375		0.168802144308	0.800386509154
0.27390625		0.168427020834	0.799941461296
0.27421875		0.168051446351	0.799495132955
0.27453125		0.167675418923	0.799047516213
0.27484375		0.167298936597	0.798598603076
0.27515625		0.166921997409	0.798148385471
0.27546875		0.166544599374	0.797696855249
0.27578125		0.166166740495	0.79724400418
0.27609375		0.165788418758	0.796789823955
0.27640625		0.165409632132	0.796334306183
0.27671875		0.165030378571	0.79587744239
0.27703125		0.164650656013	0.795419224021
0.27734375		0.164270462377	0.794959642434
0.27765625		0.163889795566	0.794498688901
0.27796875		0.163508653468	0.79403635461
0.27828125		0.163127033951	0.793572630658
0.27859375		0.162744934866	0.793107508054
0.27890625		0.162362354049	0.792640977717
0.27921875		0.161979289313	0.792173030472
0.27953125		0.161595738459	0.791703657054
0.27984375		0.161211699264	0.791232848102
0.28015625		0.16082716949	0.790760594159
0.28046875		0.16044214688	0.790286885674
0.28078125		0.160056629156	0.789811712995
0.28109375		0.159670614023	0.78933506637
0.28140625		0.159284099165	0.788856935948
0.28171875		0.158897082247	0.788377311775
0.28203125		0.158509560914	0.787896183792
0.28234375		0.158121532791	0.787413541837
0.28265625		0.157732995481	0.786929375639
0.28296875		0.15734394657	0.786443674819
0.28328125		0.156954383619	0.785956428889
0.28359375		0.156564304169	0.785467627249
0.28390625		0.156173705742	0.784977259186
0.28421875		0.155782585835	0.784485313871
0.28453125		0.155390941924	0.783991780361
0.28484375		0.154998771464	0.783496647593
0.28515625		0.154606071886	0.782999904386
0.28546875		0.154212840599	0.782501539434
0.28578125		0.153819074988	0.782001541312
0.28609375		0.153424772415	0.781499898466
0.28640625		0.153029930218	0.780996599218
0.28671875		0.152634545712	0.780491631757
0.28703125		0.152238616186	0.779984984146
0.28734375		0.151842138905	0.779476644312
0.28765625		0.151445111111	0.778966600047
0.28796875		0.151047530016	0.778454839008
0.28828125		0.150649392811	0.77794134871
0.28859375		0.150250696659	0.777426116529
0.28890625		0.149851438696	0.776909129699
0.28921875		0.149451616033	0.776390375304
0.28953125		0.149051225752	0.775869840285
0.28984375		0.148650264908	0.775347511429
0.29015625		0.148248730531	0.774823375374
0.29046875		0.147846619618	0.774297418599
0.29078125		0.147443929142	0.773769627431
0.29109375		0.147040656044	0.773239988032
0.29140625		0.146636797237	0.772708486405
0.29171875		0.146232349603	0.772175108386
0.29203125		0.145827309996	0.771639839647
0.29234375		0.145421675237	0.771102665685
0.29265625		0.145015442118	0.770563571827
0.29296875		0.144608607398	0.770022543225
0.29328125		0.144201167806	0.769479564849
0.29359375		0.143793120035	0.76893462149
0.29390625		0.14338446075	0.768387697754
0.29421875		0.142975186579	0.76783877806
0.29453125		0.142565294118	0.767287846634
0.29484375		0.142154779928	0.76673488751
0.29515625		0.141743640536	0.766179884526
0.29546875		0.141331872433	0.765622821316
0.29578125		0.140919472074	0.765063681315
0.29609375		0.140506435879	0.764502447745
0.29640625		0.140092760231	0.763939103622
0.29671875		0.139678441474	0.763373631747
0.29703125		0.139263475916	0.7628060147
0.29734375		0.138847859824	0.762236234842
0.29765625		0.13843158943	0.761664274307
0.29796875		0.138014660923	0.761090115
0.29828125		0.137597070452	0.760513738593
0.29859375		0.137178814127	0.759935126519
0.29890625		0.136759888015	0.75935425997
0.29921875		0.136340288141	0.758771119892
0.29953125		0.135920010488	0.75818568698
0.29984375		0.135499050994	0.757597941673
0.30015625		0.135077405556	0.757007864153
0.30046875		0.134655070023	0.756415434335
0.30078125		0.134232040199	0.755820631867
0.30109375		0.133808311844	0.755223436123
0.30140625		0.133383880669	0.754623826195
0.30171875		0.132958742338	0.754021780895
0.30203125		0.132532892465	0.753417278744
0.30234375		0.132106326619	0.752810297966
0.30265625		0.131679040313	0.752200816489
0.30296875		0.131251029015	0.751588811932
0.30328125		0.130822288137	0.750974261604
0.30359375		0.130392813041	0.750357142495
0.30390625		0.129962599035	0.749737431273
0.30421875		0.129531641371	0.749115104275
0.30453125		0.129099935249	0.748490137503
0.30484375		0.128667475811	0.747862506615
0.30515625		0.128234258142	0.747232186922
0.30546875		0.127800277268	0.746599153377
0.30578125		0.127365528159	0.74596338057
0.30609375		0.126930005723	0.745324842723
0.30640625		0.126493704807	0.744683513677
0.30671875		0.126056620196	0.744039366891
0.30703125		0.125618746613	0.74339237543
0.30734375		0.125180078714	0.742742511958
0.30765625		0.124740611094	0.742089748732
0.30796875		0.124300338277	0.741434057589
0.30828125		0.123859254722	0.740775409944
0.30859375		0.123417354819	0.740113776774
0.30890625		0.122974632887	0.739449128615
0.30921875		0.122531083173	0.73878143555
0.30953125		0.122086699853	0.738110667201
0.30984375		0.121641477028	0.737436792715
0.31015625		0.121195408725	0.736759780761
0.31046875		0.120748488891	0.736079599514
0.31078125		0.120300711399	0.735396216648
0.31109375		0.11985207004	0.734709599323
0.31140625		0.119402558524	0.734019714174
0.31171875		0.118952170479	0.733326527301
0.31203125		0.118500899449	0.732630004259
0.31234375		0.11804873889	0.731930110039
0.31265625		0.117595682175	0.731226809064
0.31296875		0.117141722583	0.73052006517
0.31328125		0.116686853306	0.729809841598
0.31359375		0.116231067441	0.729096100976
0.31390625		0.115774357993	0.728378805308
0.31421875		0.115316717868	0.72765791596
0.31453125		0.114858139875	0.726933393642
0.31484375		0.114398616724	0.726205198397
0.31515625		0.113938141021	0.725473289584
0.31546875		0.11347670527	0.724737625862
0.31578125		0.113014301866	0.723998165171
0.31609375		0.112550923098	0.723254864721
0.31640625		0.112086561144	0.72250768097
0.31671875		0.111621208067	0.721756569606
0.31703125		0.111154855817	0.721001485531
0.31734375		0.110687496225	0.720242382841
0.31765625		0.110219121003	0.719479214805
0.31796875		0.109749721739	0.718711933846
0.31828125		0.109279289897	0.717940491521
0.31859375		0.10880781681	0.717164838499
0.31890625		0.108335293685	0.716384924535
0.31921875		0.10786171159	0.715600698454
0.31953125		0.107387061462	0.714812108122
0.31984375		0.106911334093	0.714019100424
0.32015625		0.106434520136	0.713221621238
0.32046875		0.105956610098	0.71241961541
0.32078125		0.105477594334	0.711613026725
0.32109375		0.10499746305	0.710801797882
0.32140625		0.104516206293	0.709985870463
0.32171875		0.104033813954	0.709165184906
0.32203125		0.103550275757	0.70833968047
0.32234375		0.103065581262	0.70750929521
0.32265625		0.102579719855	0.706673965938
0.32296875		0.102092680751	0.705833628192
0.32328125		0.101604452983	0.7049882162
0.32359375		0.101115025401	0.704137662847
0.32390625		0.100624386667	0.703281899632
0.32421875		0.100132525253	0.702420856634
0.32453125		0.0996394294311	0.701554462469
0.32484375		0.0991450872728	0.700682644248
0.32515625		0.0986494866426	0.699805327538
0.32546875		0.0981526151929	0.698922436312
0.32578125		0.0976544603586	0.698033892905
0.32609375		0.0971550093518	0.697139617966
0.32640625		0.0966542491559	0.696239530409
0.32671875		0.09615216652	0.69533354736
0.32703125		0.0956487479524	0.6944215841
0.32734375		0.0951439797147	0.693503554017
0.32765625		0.094637847815	0.692579368541
0.32796875		0.0941303380013	0.691648937088
0.32828125		0.0936214357547	0.690712166995
0.32859375		0.0931111262819	0.689768963454
0.32890625		0.0925993945079	0.688819229451
0.32921875		0.0920862250682	0.687862865688
0.32953125		0.0915716023008	0.686899770511
0.32984375		0.0910555102381	0.685929839841
0.33015625		0.0905379325979	0.684952967085
0.33046875		0.0900188527749	0.683969043059
0.33078125		0.0894982538312	0.682977955903
0.33109375		0.0889761184866	0.681979590988
0.33140625		0.0884524291091	0.680973830823
0.33171875		0.0879271677042	0.67996055496
0.33203125		0.087400315904	0.678939639892
0.33234375		0.0868718549567	0.677910958942
0.33265625		0.0863417657141	0.676874382161
0.33296875		0.0858100286205	0.675829776203
0.33328125		0.0852766236995	0.674777004213
0.33359375		0.0847415305411	0.673715925691
0.33390625		0.0842047282885	0.67264639637
0.33421875		0.0836661956236	0.671568268069
0.33453125		0.0831259107522	0.670481388555
0.33484375		0.0825838513891	0.669385601387
0.33515625		0.082039994742	0.668280745759
0.33546875		0.0814943174946	0.667166656335
0.33578125		0.0809467957895	0.666043163071
0.33609375		0.0803974052101	0.664910091036
0.33640625		0.0798461207614	0.663767260217
0.33671875		0.0792929168506	0.66261448532
0.33703125		0.0787377672664	0.661451575558
0.33734375		0.0781806451572	0.660278334423
0.33765625		0.0776215230087	0.659094559462
0.33796875		0.0770603726204	0.65790004202
0.33828125		0.0764971650808	0.656694566991
0.33859375		0.0759318707414	0.655477912535
0.33890625		0.0753644591901	0.654249849798
0.33921875		0.0747948992219	0.653010142605
0.33953125		0.0742231588102	0.65175854714
0.33984375		0.0736492050746	0.65049481161
0.34015625		0.0730730042485	0.649218675884
0.34046875		0.0724945216447	0.647929871121
0.34078125		0.0719137216189	0.646628119366
0.34109375		0.0713305675317	0.64531313313
0.34140625		0.0707450217086	0.64398461494
0.34171875		0.0701570453975	0.642642256871
0.34203125		0.0695665987243	0.641285740033
0.34234375		0.0689736406462	0.639914734048
0.34265625		0.0683781289019	0.638528896473
0.34296875		0.0677800199594	0.637127872204
0.34328125		0.0671792689608	0.635711292834
0.34359375		0.0665758296643	0.634278775967
0.34390625		0.0659696543819	0.632829924492
0.34421875		0.0653606939144	0.631364325809
0.34453125		0.064748897482	0.629881551
0.34484375		0.0641342126511	0.628381153944
0.34515625		0.0635165852562	0.626862670373
0.34546875		0.0628959593174	0.625325616857
0.34578125		0.0622722769521	0.623769489723
0.34609375		0.0616454782819	0.622193763891
0.34640625		0.0610155013327	0.620597891625
0.34671875		0.0603822819287	0.618981301195
0.34703125		0.0597457535794	0.617343395431
0.34734375		0.0591058473583	0.61568355017
0.34765625		0.0584624917739	0.614001112586
0.34796875		0.0578156126319	0.612295399374
0.34828125		0.0571651328864	0.610565694805
0.34859375		0.0565109724818	0.608811248605
0.34890625		0.0558530481823	0.607031273667
0.34921875		0.0551912733885	0.605224943566
0.34953125		0.0545255579409	0.60339138986
0.34984375		0.0538558079076	0.601529699148
0.35015625		0.053181925355	0.599638909874
0.35046875		0.052503808101	0.59771800883
0.35078125		0.0518213494478	0.595765927339
0.35109375		0.0511344378917	0.593781537073
0.35140625		0.0504429568094	0.591763645467
0.35171875		0.0497467841168	0.589710990685
0.35203125		0.0490457918973	0.587622236069
0.35234375		0.0483398459977	0.585495964025
0.35265625		0.0476288055858	0.583330669264
0.35296875		0.0469125226678	0.581124751319
0.35328125		0.0461908415585	0.578876506234
0.35359375		0.0454635983	0.576584117327
0.35390625		0.0447306200229	0.574245644885
0.35421875		0.0439917242411	0.571859014652
0.35453125		0.0432467180734	0.56942200492
0.35484375		0.0424953973813	0.56693223203
0.35515625		0.0417375458126	0.564387134029
0.35546875		0.0409729337363	0.561783952203
0.35578125		0.0402013170553	0.559119710127
0.35609375		0.0394224358776	0.556391189849
0.35640625		0.0386360130259	0.553594904686
0.35671875		0.0378417523599	0.55072706807
0.35703125		0.0370393368831	0.547783557702
0.35734375		0.0362284265974	0.544759874154
0.35765625		0.0354086560648	0.541651092854
0.35796875		0.034579631625	0.538451808124
0.35828125		0.0337409282071	0.535156067639
0.35859375		0.0328920856617	0.531757295269
0.35890625		0.0320326045214	0.528248199734
0.35921875		0.0311619410773	0.524620665793
0.35953125		0.03027950163	0.520865623822
0.35984375		0.029384635742	0.516972892365
0.36015625		0.0284766282685	0.512930986656
0.36046875		0.0275546898854	0.508726883832
0.36078125		0.0266179457532	0.504345732525
0.36109375		0.0256654218464	0.499770490151
0.36140625		0.0246960283325	0.49498146512
0.36171875		0.0237085391822	0.489955732317
0.36203125		0.0227015669079	0.484666377143
0.36234375		0.0216735309274	0.479081503858
0.36265625		0.0206226174647	0.473162913896
0.36296875		0.0195467280422	0.466864312553
0.36328125		0.0184434123236	0.460128825967
0.36359375		0.0173097790665	0.452885482505
0.36390625		0.0161423757777	0.445044091442
0.36421875		0.014937022476	0.436487551957
0.36453125		0.0136885761748	0.427059866562
0.36484375		0.0123905870843	0.416546604144
0.36515625		0.0110347780486	0.404641244998
0.36546875		0.00961021715394	0.390882961244
0.36578125		0.00810189521502	0.374530095523
0.36609375		0.00648777702703	0.354263238286
0.36640625		0.00477520893691	0.328093399175
0.36671875		0.00310962262387	0.294678941958
0.36703125		0.00168290950505	0.252659837586
0.36734375		0.000666163253792	0.200245896973
0.36765625		0.00012964281837	0.132590733661
0.36796875		7.2932986764e-08	0.0202380524066
0.36828125		4.11773741732e-09	0.0100026327685
0.36859375		4.11315284012e-09	0.0100000001821
0.36890625		4.11315252376e-09	0.01
0.36921875		4.11315252376e-09	0.01
0.36953125		4.11315252376e-09	0.01
0.36984375		4.11315252376e-09	0.01
0.37015625		4.11315252376e-09	0.01
0.37046875		4.11315252376e-09	0.01
0.37078125		4.11315252376e-09	0.01
0.37109375		4.11315252376e-09	0.01
0.37140625		4.11315252376e-09	0.01
0.37171875		4.11315252376e-09	0.01
0.37203125		4.11315252376e-09	0.01
0.37234375		4.11315252376e-09	0.01
0.37265625		4.11315252376e-09	0.01
0.37296875		4.11315252376e-09	0.01
0.37328125		4.11315252376e-09	0.01
0.37359375		4.11315252376e-09	0.01
0.37390625		4.11315252376e-09	0.01
0.37421875		4.11315252376e-09	0.01
0.37453125		4.11315252376e-09	0.01
0.37484375		4.11315252376e-09	0.01
0.37515625		4.11315252376e-09	0.01
0.37546875		4.11315252376e-09	0.01
0.37578125		4.11315252376e-09	0.01
0.37609375		4.11315252376e-09	0.01
0.37640625		4.11315252376e-09	0.01
0.37671875		4.11315252376e-09	0.01
0.37703125		4.11315252376e-09	0.01
0.37734375		4.11315252376e-09	0.01
0.37765625		4.11315252376e-09	0.01
0.37796875		4.11315252376e-09	0.01
0.37828125		4.11315252376e-09	0.01
0.37859375		4.11315252376e-09	0.01
0.37890625		4.11315252376e-09	0.01
0.37921875		4.11315252376e-09	0.01
0.37953125		4.11315252376e-09	0.01
0.37984375		4.11315252376e-09	0.01
0.38015625		4.11315252376e-09	0.01
0.38046875		4.11315252376e-09	0.01
0.38078125		4.11315252376e-09	0.01
0.38109375		4.11315252376e-09	0.01
0.38140625		4.11315252376e-09	0.01
0.38171875		4.11315252376e-09	0.01
0.38203125		4.11315252376e-09	0.01
0.38234375		4.11315252376e-09	0.01
0.38265625		4.11315252376e-09	0.01
0.38296875		4.11315252376e-09	0.01
0.38328125		4.11315252376e-09	0.01
0.38359375		4.11315252376e-09	0.01
0.38390625		4.11315252376e-09	0.01
0.38421875		4.11315252376e-09	0.01
0.38453125		4.11315252376e-09	0.01
0.38484375		4.11315252376e-09	0.01
0.38515625		4.11315252376e-09	0.01
0.38546875		4.11315252376e-09	0.01
0.38578125		4.11315252376e-09	0.01
0.38609375		4.11315252376e-09	0.01
0.38640625		4.11315252376e-09	0.01
0.38671875		4.11315252376e-09	0.01
0.38703125		4.11315252376e-09	0.01
0.38734375		4.11315252376e-09	0.01
0.38765625		4.11315252376e-09	0.01
0.38796875		4.11315252376e-09	0.01
0.38828125		4.11315252376e-09	0.01
0.38859375		4.11315252376e-09	0.01
0.38890625		4.11315252376e-09	0.01
0.38921875		4.11315252376e-09	0.01
0.38953125		4.11315252376e-09	0.01
0.38984375		4.11315252376e-09	0.01
0.39015625		4.11315252376e-09	0.01
0.39046875		4.11315252376e-09	0.01
0.39078125		4.11315252376e-09	0.01
0.39109375		4.11315252376e-09	0.01
0.39140625		4.11315252376e-09	0.01
0.39171875		4.11315252376e-09	0.01
0.39203125		4.11315252376e-09	0.01
0.39234375		4.11315252376e-09	0.01
0.39265625		4.11315252376e-09	0.01
0.39296875		4.11315252376e-09	0.01
0.39328125		4.11315252376e-09	0.01
0.39359375		4.11315252376e-09	0.01
0.39390625		4.11315252376e-09	0.01
0.39421875		4.11315252376e-09	0.01
0.39453125		4.11315252376e-09	0.01
0.39484375		4.11315252376e-09	0.01
0.39515625		4.11315252376e-09	0.01
0.39546875		4.11315252376e-09	0.01
0.39578125		4.11315252376e-09	0.01
0.39609375		4.11315252376e-09	0.01
0.39640625		4.11315252376e-09	0.01
0.39671875		4.11315252376e-09	0.01
0.39703125		4.11315252376e-09	0.01
0.39734375		4.11315252376e-09	0.01
0.39765625		4.11315252376e-09	0.01
0.39796875		4.11315252376e-09	0.01
0.39828125		4.11315252376e-09	0.01
0.39859375		4.11315252376e-09	0.01
0.39890625		4.11315252376e-09	0.01
0.39921875		4.11315252376e-09	0.01
0.39953125		4.11315252376e-09	0.01
0.39984375		4.11315252376e-09	0.01
0.40015625		4.11315252376e-09	0.01
0.40046875		4.11315252376e-09	0.01
0.40078125		4.11315252376e-09	0.01
0.40109375		4.11315252376e-09	0.01
0.40140625		4.11315252376e-09	0.01
0.40171875		4.11315252376e-09	0.01
0.40203125		4.11315252376e-09	0.01
0.40234375		4.11315252376e-09	0.01
0.40265625		4.11315252376e-09	0.01
0.40296875		4.11315252376e-09	0.01
0.40328125		4.11315252376e-09	0.01
0.40359375		4.11315252376e-09	0.01
0.40390625		4.11315252376e-09	0.01
0.40421875		4.11315252376e-09	0.01
0.40453125		4.11315252376e-09	0.01
0.40484375		4.11315252376e-09	0.01
0.40515625		4.11315252376e-09	0.01
0.40546875		4.11315252376e-09	0.01
0.40578125		4.11315252376e-09	0.01
0.40609375		4.11315252376e-09	0.01
0.40640625		4.11315252376e-09	0.01
0.40671875		4.11315252376e-09	0.01
0.40703125		4.11315252376e-09	0.01
0.40734375		4.11315252376e-09	0.01
0.40765625		4.11315252376e-09	0.01
0.40796875		4.11315252376e-09	0.01
0.40828125		4.11315252376e-09	0.01
0.40859375		4.11315252376e-09	0.01
0.40890625		4.11315252376e-09	0.01
0.40921875		4.11315252376e-09	0.01
0.40953125		4.11315252376e-09	0.01
0.40984375		4.11315252376e-09	0.01
0.41015625		4.11315252376e-09	0.01
0.41046875		4.11315252376e-09	0.01
0.41078125		4.11315252376e-09	0.01
0.41109375		4.11315252376e-09	0.01
0.41140625		4.11315252376e-09	0.01
0.41171875		4.11315252376e-09	0.01
0.41203125		4.11315252376e-09	0.01
0.41234375		4.11315252376e-09	0.01
0.41265625		4.11315252376e-09	0.01
0.41296875		4.11315252376e-09	0.01
0.41328125		4.11315252376e-09	0.01
0.41359375		4.11315252376e-09	0.01
0.41390625		4.11315252376e-09	0.01
0.41421875		4.11315252376e-09	0.01
0.41453125		4.11315252376e-09	0.01
0.41484375		4.11315252376e-09	0.01
0.41515625		4.11315252376e-09	0.01
0.41546875		4.11315252376e-09	0.01
0.41578125		4.11315252376e-09	0.01
0.41609375		4.11315252376e-09	0.01
0.41640625		4.11315252376e-09	0.01
0.41671875		4.11315252376e-09	0.01
0.41703125		4.11315252376e-09	0.01
0.41734375		4.11315252376e-09	0.01
0.41765625		4.11315252376e-09	0.01
0.41796875		4.11315252376e-09	0.01
0.41828125		4.11315252376e-09	0.01
0.41859375		4.11315252376e-09	0.01
0.41890625		4.11315252376e-09	0.01
0.41921875		4.11315252376e-09	0.01
0.41953125		4.11315252376e-09	0.01
0.41984375		4.11315252376e-09	0.01
0.42015625		4.11315252376e-09	0.01
0.42046875		4.11315252376e-09	0.01
0.42078125		4.11315252376e-09	0.01
0.42109375		4.11315252376e-09	0.01
0.42140625		4.11315252376e-09	0.01
0.42171875		4.11315252376e-09	0.01
0.42203125		4.11315252376e-09	0.01
0.42234375		4.11315252376e-09	0.01
0.42265625		4.11315252376e-09	0.01
0.42296875		4.11315252376e-09	0.01
0.42328125		4.11315252376e-09	0.01
0.42359375		4.11315252376e-09	0.01
0.42390625		4.11315252376e-09	0.01
0.42421875		4.11315252376e-09	0.01
0.42453125		4.11315252376e-09	0.01
0.42484375		4.11315252376e-09	0.01
0.42515625		4.11315252376e-09	0.01
0.42546875		4.11315252376e-09	0.01
0.42578125		4.11315252376e-09	0.01
0.42609375		4.11315252376e-09	0.01
0.42640625		4.11315252376e-09	0.01
0.42671875		4.11315252376e-09	0.01
0.42703125		4.11315252376e-09	0.01
0.42734375		4.11315252376e-09	0.01
0.42765625		4.11315252376e-09	0.01
0.42796875		4.11315252376e-09	0.01
0.42828125		4.11315252376e-09	0.01
0.42859375		4.11315252376e-09	0.01
0.42890625		4.11315252376e-09	0.01
0.42921875		4.11315252376e-09	0.01
0.42953125		4.11315252376e-09	0.01
0.42984375		4.11315252376e-09	0.01
0.43015625		4.11315252376e-09	0.01
0.43046875		4.11315252376e-09	0.01
0.43078125		4.11315252376e-09	0.01
0.43109375		4.11315252376e-09	0.01
0.43140625		4.11315252376e-09	0.01
0.43171875		4.11315252376e-09	0.01
0.43203125		4.11315252376e-09	0.01
0.43234375		4.11315252376e-09	0.01
0.43265625		4.11315252376e-09	0.01
0.43296875		4.11315252376e-09	0.01
0.43328125		4.11315252376e-09	0.01
0.43359375		4.11315252376e-09	0.01
0.43390625		4.11315252376e-09	0.01
0.43421875		4.11315252376e-09	0.01
0.43453125		4.11315252376e-09	0.01
0.43484375		4.11315252376e-09	0.01
0.43515625		4.11315252376e-09	0.01
0.43546875		4.11315252376e-09	0.01
0.43578125		4.11315252376e-09	0.01
0.43609375		4.11315252376e-09	0.01
0.43640625		4.11315252376e-09	0.01
0.43671875		4.11315252376e-09	0.01
0.43703125		4.11315252376e-09	0.01
0.43734375		4.11315252376e-09	0.01
0.43765625		4.11315252376e-09	0.01
0.43796875		4.11315252376e-09	0.01
0.43828125		4.11315252376e-09	0.01
0.43859375		4.11315252376e-09	0.01
0.43890625		4.11315252376e-09	0.01
0.43921875		4.11315252376e-09	0.01
0.43953125		4.11315252376e-09	0.01
0.43984375		4.11315252376e-09	0.01
0.44015625		4.11315252376e-09	0.01
0.44046875		4.11315252376e-09	0.01
0.44078125		4.11315252376e-09	0.01
0.44109375		4.11315252376e-09	0.01
0.44140625		4.11315252376e-09	0.01
0.44171875		4.11315252376e-09	0.01
0.44203125		4.11315252376e-09	0.01
0.44234375		4.11315252376e-09	0.01
0.44265625		4.11315252376e-09	0.01
0.44296875		4.11315252376e-09	0.01
0.44328125		4.11315252376e-09	0.01
0.44359375		4.11315252376e-09	0.01
0.44390625		4.11315252376e-09	0.01
0.44421875		4.11315252376e-09	0.01
0.44453125		4.11315252376e-09	0.01
0.44484375		4.11315252376e-09	0.01
0.44515625		4.11315252376e-09	0.01
0.44546875		4.11315252376e-09	0.01
0.44578125		4.11315252376e-09	0.01
0.44609375		4.11315252376e-09	0.01
0.44640625		4.11315252376e-09	0.01
0.44671875		4.11315252376e-09	0.01
0.44703125		4.11315252376e-09	0.01
0.44734375		4.11315252376e-09	0.01
0.44765625		4.11315252376e-09	0.01
0.44796875		4.11315252376e-09	0.01
0.44828125		4.11315252376e-09	0.01
0.44859375		4.11315252376e-09	0.01
0.44890625		4.11315252376e-09	0.01
0.44921875		4.11315252376e-09	0.01
0.44953125		4.11315252376e-09	0.01
0.44984375		4.11315252376e-09	0.01
0.45015625		4.11315252376e-09	0.01
0.45046875		4.11315252376e-09	0.01
0.45078125		4.11315252376e-09	0.01
0.45109375		4.11315252376e-09	0.01
0.45140625		4.11315252376e-09	0.01
0.45171875		4.11315252376e-09	0.01
0.45203125		4.11315252376e-09	0.01
0.45234375		4.11315252376e-09	0.01
0.45265625		4.11315252376e-09	0.01
0.45296875		4.11315252376e-09	0.01
0.45328125		4.11315252376e-09	0.01
0.45359375		4.11315252376e-09	0.01
0.45390625		4.11315252376e-09	0.01
0.45421875		4.11315252376e-09	0.01
0.45453125		4.11315252376e-09	0.01
0.45484375		4.11315252376e-09	0.01
0.45515625		4.11315252376e-09	0.01
0.45546875		4.11315252376e-09	0.01
0.45578125		4.11315252376e-09	0.01
0.45609375		4.11315252376e-09	0.01
0.45640625		4.11315252376e-09	0.01
0.45671875		4.11315252376e-09	0.01
0.45703125		4.11315252376e-09	0.01
0.45734375		4.11315252376e-09	0.01
0.45765625		4.11315252376e-09	0.01
0.45796875		4.11315252376e-09	0.01
0.45828125		4.11315252376e-09	0.01
0.45859375		4.11315252376e-09	0.01
0.45890625		4.11315252376e-09	0.01
0.45921875		4.11315252376e-09	0.01
0.45953125		4.11315252376e-09	0.01
0.45984375		4.11315252376e-09	0.01
0.46015625		4.11315252376e-09	0.01
0.46046875		4.11315252376e-09	0.01
0.46078125		4.11315252376e-09	0.01
0.46109375		4.11315252376e-09	0.01
0.46140625		4.11315252376e-09	0.01
0.46171875		4.11315252376e-09	0.01
0.46203125		4.11315252376e-09	0.01
0.46234375		4.11315252376e-09	0.01
0.46265625		4.11315252376e-09	0.01
0.46296875		4.11315252376e-09	0.01
0.46328125		4.11315252376e-09	0.01
0.46359375		4.11315252376e-09	0.01
0.46390625		4.11315252376e-09	0.01
0.46421875		4.11315252376e-09	0.01
0.46453125		4.11315252376e-09	0.01
0.46484375		4.11315252376e-09	0.01
0.46515625		4.11315252376e-09	0.01
0.46546875		4.11315252376e-09	0.01
0.46578125		4.11315252376e-09	0.01
0.46609375		4.11315252376e-09	0.01
0.46640625		4.11315252376e-09	0.01
0.46671875		4.11315252376e-09	0.01
0.46703125		4.11315252376e-09	0.01
0.46734375		4.11315252376e-09	0.01
0.46765625		4.11315252376e-09	0.01
0.46796875		4.11315252376e-09	0.01
0.46828125		4.11315252376e-09	0.01
0.46859375		4.11315252376e-09	0.01
0.46890625		4.11315252376e-09	0.01
0.46921875		4.11315252376e-09	0.01
0.46953125		4.11315252376e-09	0.01
0.46984375		4.11315252376e-09	0.01
0.47015625		4.11315252376e-09	0.01
0.47046875		4.11315252376e-09	0.01
0.47078125		4.11315252376e-09	0.01
0.47109375		4.11315252376e-09	0.01
0.47140625		4.11315252376e-09	0.01
0.47171875		4.11315252376e-09	0.01
0.47203125		4.11315252376e-09	0.01
0.47234375		4.11315252376e-09	0.01
0.47265625		4.11315252376e-09	0.01
0.47296875		4.11315252376e-09	0.01
0.47328125		4.11315252376e-09	0.01
0.47359375		4.11315252376e-09	0.01
0.47390625		4.11315252376e-09	0.01
0.47421875		4.11315252376e-09	0.01
0.47453125		4.11315252376e-09	0.01
0.47484375		4.11315252376e-09	0.01
0.47515625		4.11315252376e-09	0.01
0.47546875		4.11315252376e-09	0.01
0.47578125		4.11315252376e-09	0.01
0.47609375		4.11315252376e-09	0.01
0.47640625		4.11315252376e-09	0.01
0.47671875		4.11315252376e-09	0.01
0.47703125		4.11315252376e-09	0.01
0.47734375		4.11315252376e-09	0.01
0.47765625		4.11315252376e-09	0.01
0.47796875		4.11315252376e-09	0.01
0.47828125		4.11315252376e-09	0.01
0.47859375		4.11315252376e-09	0.01
0.47890625		4.11315252376e-09	0.01
0.47921875		4.11315252376e-09	0.01
0.47953125		4.11315252376e-09	0.01
0.47984375		4.11315252376e-09	0.01
0.48015625		4.11315252376e-09	0.01
0.48046875		4.11315252376e-09	0.01
0.48078125		4.11315252376e-09	0.01
0.48109375		4.11315252376e-09	0.01
0.48140625		4.11315252376e-09	0.01
0.48171875		4.11315252376e-09	0.01
0.48203125		4.11315252376e-09	0.01
0.48234375		4.11315252376e-09	0.01
0.48265625		4.11315252376e-09	0.01
0.48296875		4.11315252376e-09	0.01
0.48328125		4.11315252376e-09	0.01
0.48359375		4.11315252376e-09	0.01
0.48390625		4.11315252376e-09	0.01
0.48421875		4.11315252376e-09	0.01
0.48453125		4.11315252376e-09	0.01
0.48484375		4.11315252376e-09	0.01
0.48515625		4.11315252376e-09	0.01
0.48546875		4.11315252376e-09	0.01
0.48578125		4.11315252376e-09	0.01
0.48609375		4.11315252376e-09	0.01
0.48640625		4.11315252376e-09	0.01
0.48671875		4.11315252376e-09	0.01
0.48703125		4.11315252376e-09	0.01
0.48734375		4.11315252376e-09	0.01
0.48765625		4.11315252376e-09	0.01
0.48796875		4.11315252376e-09	0.01
0.48828125		4.11315252376e-09	0.01
0.48859375		4.11315252376e-09	0.01
0.48890625		4.11315252376e-09	0.01
0.48921875		4.11315252376e-09	0.01
0.48953125		4.11315252376e-09	0.01
0.48984375		4.11315252376e-09	0.01
0.49015625		4.11315252376e-09	0.01
0.49046875		4.11315252376e-09	0.01
0.49078125		4.11315252376e-09	0.01
0.49109375		4.11315252376e-09	0.01
0.49140625		4.11315252376e-09	0.01
0.49171875		4.11315252376e-09	0.01
0.49203125		4.11315252376e-09	0.01
0.49234375		4.11315252376e-09	0.01
0.49265625		4.11315252376e-09	0.01
0.49296875		4.11315252376e-09	0.01
0.49328125		4.11315252376e-09	0.01
0.49359375		4.11315252376e-09	0.01
0.49390625		4.11315252376e-09	0.01
0.49421875		4.11315252376e-09	0.01
0.49453125		4.11315252376e-09	0.01
0.49484375		4.11315252376e-09	0.01
0.49515625		4.11315252376e-09	0.01
0.49546875		4.11315252376e-09	0.01
0.49578125		4.11315252376e-09	0.01
0.49609375		4.11315252376e-09	0.01
0.49640625		4.11315252376e-09	0.01
0.49671875		4.11315252376e-09	0.01
0.49703125		4.11315252376e-09	0.01
0.49734375		4.11315252376e-09	0.01
0.49765625		4.11315252376e-09	0.01
0.49796875		4.11315252376e-09	0.01
0.49828125		4.11315252376e-09	0.01
0.49859375		4.11315252376e-09	0.01
0.49890625		4.11315252376e-09	0.01
0.49921875		4.11315252376e-09	0.01
0.49953125		4.11315252376e-09	0.01
0.49984375		4.11315252376e-09	0.01
