0.00015625		0.0514139477456	0.0100000514139
0.00046875		4.11315252376e-09	0.01
0.00078125		4.11315252376e-09	0.01
0.00109375		4.11315252376e-09	0.01
0.00140625		4.11315252376e-09	0.01
0.00171875		4.11315252376e-09	0.01
0.00203125		4.11315252376e-09	0.01
0.00234375		4.11315252376e-09	0.01
0.00265625		4.11315252376e-09	0.01
0.00296875		4.11315252376e-09	0.01
0.00328125		4.11315252376e-09	0.01
0.00359375		4.11315252376e-09	0.01
0.00390625		4.11315252376e-09	0.01
0.00421875		4.11315252376e-09	0.01
0.00453125		4.11315252376e-09	0.01
0.00484375		4.11315252376e-09	0.01
0.00515625		4.11315252376e-09	0.01
0.00546875		4.11315252376e-09	0.01
0.00578125		4.11315252376e-09	0.01
0.00609375		4.11315252376e-09	0.01
0.00640625		4.11315252376e-09	0.01
0.00671875		4.11315252376e-09	0.01
0.00703125		4.11315252376e-09	0.01
0.00734375		4.11315252376e-09	0.01
0.00765625		4.11315252376e-09	0.01
0.00796875		4.11315252376e-09	0.01
0.00828125		4.11315252376e-09	0.01
0.00859375		4.11315252376e-09	0.01
0.00890625		4.11315252376e-09	0.01
0.00921875		4.11315252376e-09	0.01
0.00953125		4.11315252376e-09	0.01
0.00984375		4.11315252376e-09	0.01
0.01015625		4.11315252376e-09	0.01
0.01046875		4.11315252376e-09	0.01
0.01078125		4.11315252376e-09	0.01
0.01109375		4.11315252376e-09	0.01
0.01140625		4.11315252376e-09	0.01
0.01171875		4.11315252376e-09	0.01
0.01203125		4.11315252376e-09	0.01
0.01234375		4.11315252376e-09	0.01
0.01265625		4.11315252376e-09	0.01
0.01296875		4.11315252376e-09	0.01
0.01328125		4.11315252376e-09	0.01
0.01359375		4.11315252376e-09	0.01
0.01390625		4.11315252376e-09	0.01
0.01421875		4.11315252376e-09	0.01
0.01453125		4.11315252376e-09	0.01
0.01484375		4.11315252376e-09	0.01
0.01515625		4.11315252376e-09	0.01
0.01546875		4.11315252376e-09	0.01
0.01578125		4.11315252376e-09	0.01
0.01609375		4.11315252376e-09	0.01
0.01640625		4.11315252376e-09	0.01
0.01671875		4.11315252376e-09	0.01
0.01703125		4.11315252376e-09	0.01
0.01734375		4.11315252376e-09	0.01
0.01765625		4.11315252376e-09	0.01
0.01796875		4.11315252376e-09	0.01
0.01828125		4.11315252376e-09	0.01
0.01859375		4.11315252376e-09	0.01
0.01890625		4.11315252376e-09	0.01
0.01921875		4.11315252376e-09	0.01
0.01953125		4.11315252376e-09	0.01
0.01984375		4.11315252376e-09	0.01
0.02015625		4.11315252376e-09	0.01
0.02046875		4.11315252376e-09	0.01
0.02078125		4.11315252376e-09	0.01
0.02109375		4.11315252376e-09	0.01
0.02140625		4.11315252376e-09	0.01
0.02171875		4.11315252376e-09	0.01
0.02203125		4.11315252376e-09	0.01
0.02234375		4.11315252376e-09	0.01
0.02265625		4.11315252376e-09	0.01
0.02296875		4.11315252376e-09	0.01
0.02328125		4.11315252376e-09	0.01
0.02359375		4.11315252376e-09	0.01
0.02390625		4.11315252376e-09	0.01
0.02421875		4.11315252376e-09	0.01
0.02453125		4.11315252376e-09	0.01
0.02484375		4.11315252376e-09	0.01
0.02515625		4.11315252376e-09	0.01
0.02546875		4.11315252376e-09	0.01
0.02578125		4.11315252376e-09	0.01
0.02609375		4.11315252376e-09	0.01
0.02640625		4.11315252376e-09	0.01
0.02671875		4.11315252376e-09	0.01
0.02703125		4.11315252376e-09	0.01
0.02734375		4.11315252376e-09	0.01
0.02765625		4.11315252376e-09	0.01
0.02796875		4.11315252376e-09	0.01
0.02828125		4.11315252376e-09	0.01
0.02859375		4.11315252376e-09	0.01
0.02890625		4.11315252376e-09	0.01
0.02921875		4.11315252376e-09	0.01
0.02953125		4.11315252376e-09	0.01
0.02984375		4.11315252376e-09	0.01
0.03015625		4.11315252376e-09	0.01
0.03046875		4.11315252376e-09	0.01
0.03078125		4.11315252376e-09	0.01
0.03109375		4.11315252376e-09	0.01
0.03140625		4.11315252376e-09	0.01
0.03171875		4.11315252376e-09	0.01
0.03203125		4.11315252376e-09	0.01
0.03234375		4.11315252376e-09	0.01
0.03265625		4.11315252376e-09	0.01
0.03296875		4.11315252376e-09	0.01
0.03328125		4.11315252376e-09	0.01
0.03359375		4.11315252376e-09	0.01
0.03390625		4.11315252376e-09	0.01
0.03421875		4.11315252376e-09	0.01
0.03453125		4.11315252376e-09	0.01
0.03484375		4.11315252376e-09	0.01
0.03515625		4.11315252376e-09	0.01
0.03546875		4.11315252376e-09	0.01
0.03578125		4.11315252376e-09	0.01
0.03609375		4.11315252376e-09	0.01
0.03640625		4.11315252376e-09	0.01
0.03671875		4.11315252376e-09	0.01
0.03703125		4.11315252376e-09	0.01
0.03734375		4.11315252376e-09	0.01
0.03765625		4.11315252376e-09	0.01
0.03796875		4.11315252376e-09	0.01
0.03828125		4.11315252376e-09	0.01
0.03859375		4.11315252376e-09	0.01
0.03890625		4.11315252376e-09	0.01
0.03921875		4.11315252376e-09	0.01
0.03953125		4.11315252376e-09	0.01
0.03984375		4.11315252376e-09	0.01
0.04015625		4.11315252376e-09	0.01
0.04046875		4.11315252376e-09	0.01
0.04078125		4.11315252376e-09	0.01
0.04109375		4.11315252376e-09	0.01
0.04140625		4.11315252376e-09	0.01
0.04171875		4.11315252376e-09	0.01
0.04203125		4.11315252376e-09	0.01
0.04234375		4.11315252376e-09	0.01
0.04265625		4.11315252376e-09	0.01
0.04296875		4.11315252376e-09	0.01
0.04328125		4.11315252376e-09	0.01
0.04359375		4.11315252376e-09	0.01
0.04390625		4.11315252376e-09	0.01
0.04421875		4.11315252376e-09	0.01
0.04453125		4.11315252376e-09	0.01
0.04484375		4.11315252376e-09	0.01
0.04515625		4.11315252376e-09	0.01
0.04546875		4.11315252376e-09	0.01
0.04578125		4.11315252376e-09	0.01
0.04609375		4.11315252376e-09	0.01
0.04640625		4.11315252376e-09	0.01
0.04671875		4.11315252376e-09	0.01
0.04703125		4.11315252376e-09	0.01
0.04734375		4.11315252376e-09	0.01
0.04765625		4.11315252376e-09	0.01
0.04796875		4.11315252376e-09	0.01
0.04828125		4.11315252376e-09	0.01
0.04859375		4.11315252376e-09	0.01
0.04890625		4.11315252376e-09	0.01
0.04921875		4.11315252376e-09	0.01
0.04953125		4.11315252376e-09	0.01
0.04984375		4.11315252376e-09	0.01
0.05015625		4.11315252376e-09	0.01
0.05046875		4.11315252376e-09	0.01
0.05078125		4.11315252376e-09	0.01
0.05109375		4.11315252376e-09	0.01
0.05140625		4.11315252376e-09	0.01
0.05171875		4.11315252376e-09	0.01
0.05203125		4.11315252376e-09	0.01
0.05234375		4.11315252376e-09	0.01
0.05265625		4.11315252376e-09	0.01
0.05296875		4.11315252376e-09	0.01
0.05328125		4.11315252376e-09	0.01
0.05359375		4.11315252376e-09	0.01
0.05390625		4.11315252376e-09	0.01
0.05421875		4.11315252376e-09	0.01
0.05453125		4.11315252376e-09	0.01
0.05484375		4.11315252376e-09	0.01
0.05515625		4.11315252376e-09	0.01
0.05546875		4.11315252376e-09	0.01
0.05578125		4.11315252376e-09	0.01
0.05609375		4.11315252376e-09	0.01
0.05640625		4.11315252376e-09	0.01
0.05671875		4.11315252376e-09	0.01
0.05703125		4.11315252376e-09	0.01
0.05734375		4.11315252376e-09	0.01
0.05765625		4.11315252376e-09	0.01
0.05796875		4.11315252376e-09	0.01
0.05828125		4.11315252376e-09	0.01
0.05859375		4.11315252376e-09	0.01
0.05890625		4.11315252376e-09	0.01
0.05921875		4.11315252376e-09	0.01
0.05953125		4.11315252376e-09	0.01
0.05984375		4.11315252376e-09	0.01
0.06015625		4.11315252376e-09	0.01
0.06046875		4.11315252376e-09	0.01
0.06078125		4.11315252376e-09	0.01
0.06109375		4.11315252376e-09	0.01
0.06140625		4.11315252376e-09	0.01
0.06171875		4.11315252376e-09	0.01
0.06203125		4.11315252376e-09	0.01
0.06234375		4.11315252376e-09	0.01
0.06265625		4.11315252376e-09	0.01
0.06296875		4.11315252376e-09	0.01
0.06328125		4.11315252376e-09	0.01
0.06359375		4.11315252376e-09	0.01
0.06390625		4.11315252376e-09	0.01
0.06421875		4.11315252376e-09	0.01
0.06453125		4.11315252376e-09	0.01
0.06484375		4.11315252376e-09	0.01
0.06515625		4.11315252376e-09	0.01
0.06546875		4.11315252376e-09	0.01
0.06578125		4.11315252376e-09	0.01
0.06609375		4.11315252376e-09	0.01
0.06640625		4.11315252376e-09	0.01
0.06671875		4.11315252376e-09	0.01
0.06703125		4.11315252376e-09	0.01
0.06734375		4.11315252376e-09	0.01
0.06765625		4.11315252376e-09	0.01
0.06796875		4.11315252376e-09	0.01
0.06828125		4.11315252376e-09	0.01
0.06859375		4.11315252376e-09	0.01
0.06890625		4.11315252376e-09	0.01
0.06921875		4.11315252376e-09	0.01
0.06953125		4.11315252376e-09	0.01
0.06984375		4.11315252376e-09	0.01
0.07015625		4.11315252376e-09	0.01
0.07046875		4.11315252376e-09	0.01
0.07078125		4.11315252376e-09	0.01
0.07109375		4.11315252376e-09	0.01
0.07140625		4.11315252376e-09	0.01
0.07171875		4.11315252376e-09	0.01
0.07203125		4.11315252376e-09	0.01
0.07234375		4.11315252376e-09	0.01
0.07265625		4.11315252376e-09	0.01
0.07296875		4.11315252376e-09	0.01
0.07328125		4.11315252376e-09	0.01
0.07359375		4.11315252376e-09	0.01
0.07390625		4.11315252376e-09	0.01
0.07421875		4.11315252376e-09	0.01
0.07453125		4.11315252376e-09	0.01
0.07484375		4.11315252376e-09	0.01
0.07515625		4.11315252376e-09	0.01
0.07546875		4.11315252376e-09	0.01
0.07578125		4.11315252376e-09	0.01
0.07609375		4.11315252376e-09	0.01
0.07640625		4.11315252376e-09	0.01
0.07671875		4.11315252376e-09	0.01
0.07703125		4.11315252376e-09	0.01
0.07734375		4.11315252376e-09	0.01
0.07765625		4.11315252376e-09	0.01
0.07796875		4.11315252376e-09	0.01
0.07828125		4.11315252376e-09	0.01
0.07859375		4.11315252376e-09	0.01
0.07890625		4.11315252376e-09	0.01
0.07921875		4.11315252376e-09	0.01
0.07953125		4.11315252376e-09	0.01
0.07984375		4.11315252376e-09	0.01
0.08015625		4.11315252376e-09	0.01
0.08046875		4.11315252376e-09	0.01
0.08078125		4.11315252376e-09	0.01
0.08109375		4.11315252376e-09	0.01
0.08140625		4.11315252376e-09	0.01
0.08171875		4.11315252376e-09	0.01
0.08203125		4.11315252376e-09	0.01
0.08234375		4.11315252376e-09	0.01
0.08265625		4.11315252376e-09	0.01
0.08296875		4.11315252376e-09	0.01
0.08328125		4.11315252376e-09	0.01
0.08359375		4.11315252376e-09	0.01
0.08390625		4.11315252376e-09	0.01
0.08421875		4.11315252376e-09	0.01
0.08453125		4.11315252376e-09	0.01
0.08484375		4.11315252376e-09	0.01
0.08515625		4.11315252376e-09	0.01
0.08546875		4.11315252376e-09	0.01
0.08578125		4.11315252376e-09	0.01
0.08609375		4.11315252376e-09	0.01
0.08640625		4.11315252376e-09	0.01
0.08671875		4.11315252376e-09	0.01
0.08703125		4.11315252376e-09	0.01
0.08734375		4.11315252376e-09	0.01
0.08765625		4.11315252376e-09	0.01
0.08796875		4.11315252376e-09	0.01
0.08828125		4.11315252376e-09	0.01
0.08859375		4.11315252376e-09	0.01
0.08890625		4.11315252376e-09	0.01
0.08921875		4.11315252376e-09	0.01
0.08953125		4.11315252376e-09	0.01
0.08984375		4.11315252376e-09	0.01
0.09015625		4.11315252376e-09	0.01
0.09046875		4.11315252376e-09	0.01
0.09078125		4.11315252376e-09	0.01
0.09109375		4.11315252376e-09	0.01
0.09140625		4.11315252376e-09	0.01
0.09171875		4.11315252376e-09	0.01
0.09203125		4.11315252376e-09	0.01
0.09234375		4.11315252376e-09	0.01
0.09265625		4.11315252376e-09	0.01
0.09296875		4.11315252376e-09	0.01
0.09328125		4.11315252376e-09	0.01
0.09359375		4.11315252376e-09	0.01
0.09390625		4.11315252376e-09	0.01
0.09421875		4.11315252376e-09	0.01
0.09453125		4.11315252376e-09	0.01
0.09484375		4.11315252376e-09	0.01
0.09515625		4.11315252376e-09	0.01
0.09546875		4.11315252376e-09	0.01
0.09578125		4.11315252376e-09	0.01
0.09609375		4.11315252376e-09	0.01
0.09640625		4.11315252376e-09	0.01
0.09671875		4.11315252376e-09	0.01
0.09703125		4.11315252376e-09	0.01
0.09734375		4.11315252376e-09	0.01
0.09765625		4.11315252376e-09	0.01
0.09796875		4.11315252376e-09	0.01
0.09828125		4.11315252376e-09	0.01
0.09859375		4.11315252376e-09	0.01
0.09890625		4.11315252376e-09	0.01
0.09921875		4.11315252376e-09	0.01
0.09953125		4.11315252376e-09	0.01
0.09984375		4.11315252376e-09	0.01
0.10015625		4.11315252376e-09	0.01
0.10046875		4.11315252376e-09	0.01
0.10078125		4.11315252376e-09	0.01
0.10109375		4.11315252376e-09	0.01
0.10140625		4.11315252376e-09	0.01
0.10171875		4.11315252376e-09	0.01
0.10203125		4.11315252376e-09	0.01
0.10234375		4.11315252376e-09	0.01
0.10265625		4.11315252376e-09	0.01
0.10296875		4.11315252376e-09	0.01
0.10328125		4.11315252376e-09	0.01
0.10359375		4.11315252376e-09	0.01
0.10390625		4.11315252376e-09	0.01
0.10421875		4.11315252376e-09	0.01
0.10453125		4.11315252376e-09	0.01
0.10484375		4.11315252376e-09	0.01
0.10515625		4.11315252376e-09	0.01
0.10546875		4.11315252376e-09	0.01
0.10578125		4.11315252376e-09	0.01
0.10609375		4.11315252376e-09	0.01
0.10640625		4.11315252376e-09	0.01
0.10671875		4.11315252376e-09	0.01
0.10703125		4.11315252376e-09	0.01
0.10734375		4.11315252376e-09	0.01
0.10765625		4.11315252376e-09	0.01
0.10796875		4.11315252376e-09	0.01
0.10828125		4.11315252376e-09	0.01
0.10859375		4.11315252376e-09	0.01
0.10890625		4.11315252376e-09	0.01
0.10921875		4.11315252376e-09	0.01
0.10953125		4.11315252376e-09	0.01
0.10984375		4.11315252376e-09	0.01
0.11015625		4.11315252376e-09	0.01
0.11046875		4.11315252376e-09	0.01
0.11078125		4.11315252376e-09	0.01
0.11109375		4.11315252376e-09	0.01
0.11140625		4.11315252376e-09	0.01
0.11171875		4.11315252376e-09	0.01
0.11203125		4.11315252376e-09	0.01
0.11234375		4.11315252376e-09	0.01
0.11265625		4.11315252376e-09	0.01
0.11296875		4.11315252376e-09	0.01
0.11328125		4.11315252376e-09	0.01
0.11359375		4.11315252376e-09	0.01
0.11390625		4.11315252376e-09	0.01
0.11421875		4.11315252376e-09	0.01
0.11453125		4.11315252376e-09	0.01
0.11484375		4.11315252376e-09	0.01
0.11515625		4.11315252376e-09	0.01
0.11546875		4.11315252376e-09	0.01
0.11578125		4.11315252376e-09	0.01
0.11609375		4.11315252376e-09	0.01
0.11640625		4.11315252376e-09	0.01
0.11671875		4.11315252376e-09	0.01
0.11703125		4.11315252376e-09	0.01
0.11734375		4.11315252376e-09	0.01
0.11765625		4.11315252376e-09	0.01
0.11796875		4.11315252376e-09	0.01
0.11828125		4.11315252376e-09	0.01
0.11859375		4.11315252376e-09	0.01
0.11890625		4.11315252376e-09	0.01
0.11921875		4.11315252376e-09	0.01
0.11953125		4.11315252376e-09	0.01
0.11984375		4.11315252376e-09	0.01
0.12015625		4.11315252376e-09	0.01
0.12046875		4.11315252376e-09	0.01
0.12078125		4.11315252376e-09	0.01
0.12109375		4.11315252376e-09	0.01
0.12140625		4.11315252376e-09	0.01
0.12171875		4.11315252376e-09	0.01
0.12203125		4.11315252376e-09	0.01
0.12234375		4.11315252376e-09	0.01
0.12265625		4.11315252376e-09	0.01
0.12296875		4.11315252376e-09	0.01
0.12328125		4.11315252376e-09	0.01
0.12359375		4.11315252376e-09	0.01
0.12390625		4.11315252376e-09	0.01
0.12421875		4.11315252376e-09	0.01
0.12453125		4.11315252376e-09	0.01
0.12484375		4.11315252376e-09	0.01
0.12515625		4.11315252376e-09	0.01
0.12546875		4.11315252376e-09	0.01
0.12578125		4.11315252376e-09	0.01
0.12609375		4.11315252376e-09	0.01
0.12640625		4.11315252376e-09	0.01
0.12671875		4.11315252376e-09	0.01
0.12703125		4.11315252376e-09	0.01
0.12734375		4.11315252376e-09	0.01
0.12765625		4.11315252376e-09	0.01
0.12796875		4.11315252376e-09	0.01
0.12828125		4.11315252376e-09	0.01
0.12859375		4.11315252376e-09	0.01
0.12890625		4.11315252376e-09	0.01
0.12921875		4.11315252376e-09	0.01
0.12953125		4.11315252376e-09	0.01
0.12984375		4.11315252376e-09	0.01
0.13015625		4.11315252376e-09	0.01
0.13046875		4.11315252376e-09	0.01
0.13078125		4.11315252376e-09	0.01
0.13109375		4.11315252376e-09	0.01
0.13140625		4.11315252376e-09	0.01
0.13171875		4.11315252376e-09	0.01
0.13203125		4.11315252376e-09	0.01
0.13234375		4.11315252376e-09	0.01
0.13265625		4.11315252376e-09	0.01
0.13296875		4.11315252376e-09	0.01
0.13328125		4.11315252376e-09	0.01
0.13359375		4.11315252376e-09	0.01
0.13390625		4.11315252376e-09	0.01
0.13421875		4.11315252376e-09	0.01
0.13453125		4.11315252376e-09	0.01
0.13484375		4.11315252376e-09	0.01
0.13515625		4.11315252376e-09	0.01
0.13546875		4.11315252376e-09	0.01
0.13578125		4.11315252376e-09	0.01
0.13609375		4.11315252376e-09	0.01
0.13640625		4.11315252376e-09	0.01
0.13671875		4.11315252376e-09	0.01
0.13703125		4.11315252376e-09	0.01
0.13734375		4.11315252376e-09	0.01
0.13765625		4.11315252376e-09	0.01
0.13796875		4.11315252376e-09	0.01
0.13828125		4.11315252376e-09	0.01
0.13859375		4.11315252376e-09	0.01
0.13890625		4.11315252376e-09	0.01
0.13921875		4.11315252376e-09	0.01
0.13953125		4.11315252376e-09	0.01
0.13984375		4.11315252376e-09	0.01
0.14015625		4.11315252376e-09	0.01
0.14046875		4.11315252376e-09	0.01
0.14078125		4.11315252376e-09	0.01
0.14109375		4.11315252376e-09	0.01
0.14140625		4.11315252376e-09	0.01
0.14171875		4.11315252376e-09	0.01
0.14203125		4.11315252376e-09	0.01
0.14234375		4.11315252376e-09	0.01
0.14265625		4.11315252376e-09	0.01
0.14296875		4.11315252376e-09	0.01
0.14328125		4.11315252376e-09	0.01
0.14359375		4.11315252376e-09	0.01
0.14390625		4.11315252376e-09	0.01
0.14421875		4.11315252376e-09	0.01
0.14453125		4.11315252376e-09	0.01
0.14484375		4.11315252376e-09	0.01
0.14515625		4.11315252376e-09	0.01
0.14546875		4.11315252376e-09	0.01
0.14578125		4.11315252376e-09	0.01
0.14609375		4.11315252376e-09	0.01
0.14640625		4.11315252376e-09	0.01
0.14671875		4.11315252376e-09	0.01
0.14703125		4.11315252376e-09	0.01
0.14734375		4.11315252376e-09	0.01
0.14765625		4.11315252376e-09	0.01
0.14796875		4.11315252376e-09	0.01
0.14828125		4.11315252376e-09	0.01
0.14859375		4.11315252376e-09	0.01
0.14890625		4.11315252376e-09	0.01
0.14921875		4.11315252376e-09	0.01
0.14953125		4.11315252376e-09	0.01
0.14984375		4.11315252376e-09	0.01
0.15015625		4.11315252376e-09	0.01
0.15046875		4.11315252376e-09	0.01
0.15078125		4.11315252376e-09	0.01
0.15109375		4.11315252376e-09	0.01
0.15140625		4.11315252376e-09	0.01
0.15171875		4.11315252376e-09	0.01
0.15203125		4.11315252376e-09	0.01
0.15234375		4.11315252376e-09	0.01
0.15265625		4.11315252376e-09	0.01
0.15296875		4.11315252376e-09	0.01
0.15328125		4.11315252376e-09	0.01
0.15359375		4.11315252376e-09	0.01
0.15390625		4.11315252376e-09	0.01
0.15421875		4.11315252376e-09	0.01
0.15453125		4.11315252376e-09	0.01
0.15484375		4.11315252376e-09	0.01
0.15515625		4.11315252376e-09	0.01
0.15546875		4.11315252376e-09	0.01
0.15578125		4.11315252376e-09	0.01
0.15609375		4.11315252376e-09	0.01
0.15640625		4.11315252376e-09	0.01
0.15671875		4.11315252376e-09	0.01
0.15703125		4.11315252376e-09	0.01
0.15734375		4.11315252376e-09	0.01
0.15765625		4.11315252376e-09	0.01
0.15796875		4.11315252376e-09	0.01
0.15828125		4.11315252376e-09	0.01
0.15859375		4.11315252376e-09	0.01
0.15890625		4.11315252376e-09	0.01
0.15921875		4.11315252376e-09	0.01
0.15953125		4.11315252376e-09	0.01
0.15984375		4.11315252376e-09	0.01
0.16015625		4.11315252376e-09	0.01
0.16046875		4.11315252376e-09	0.01
0.16078125		4.11315252376e-09	0.01
0.16109375		4.11315252376e-09	0.01
0.16140625		4.11315252376e-09	0.01
0.16171875		4.11315252376e-09	0.01
0.16203125		4.11315252376e-09	0.01
0.16234375		4.11315252376e-09	0.01
0.16265625		4.11315252376e-09	0.01
0.16296875		4.11315252376e-09	0.01
0.16328125		4.11315252376e-09	0.01
0.16359375		4.11315252376e-09	0.01
0.16390625		4.11315252376e-09	0.01
0.16421875		4.11315252376e-09	0.01
0.16453125		4.11315252376e-09	0.01
0.16484375		4.11315252376e-09	0.01
0.16515625		4.11315252376e-09	0.01
0.16546875		4.11315252376e-09	0.01
0.16578125		4.11315252376e-09	0.01
0.16609375		4.11315252376e-09	0.01
0.16640625		4.11315252376e-09	0.01
0.16671875		4.11315252376e-09	0.01
0.16703125		4.11315252376e-09	0.01
0.16734375		4.11315252376e-09	0.01
0.16765625		4.11315252376e-09	0.01
0.16796875		4.11315252376e-09	0.01
0.16828125		4.11315252376e-09	0.01
0.16859375		4.11315252376e-09	0.01
0.16890625		4.11315252376e-09	0.01
0.16921875		4.11315252376e-09	0.01
0.16953125		4.11315252376e-09	0.01
0.16984375		4.11315252376e-09	0.01
0.17015625		4.11315252376e-09	0.01
0.17046875		4.11315252376e-09	0.01
0.17078125		4.11315252376e-09	0.01
0.17109375		4.11315252376e-09	0.01
0.17140625		4.11315252376e-09	0.01
0.17171875		4.11315252376e-09	0.01
0.17203125		4.11315252376e-09	0.01
0.17234375		4.11315252376e-09	0.01
0.17265625		4.11315252376e-09	0.01
0.17296875		4.11315252376e-09	0.01
0.17328125		4.11315252376e-09	0.01
0.17359375		4.11315252376e-09	0.01
0.17390625		4.11315252376e-09	0.01
0.17421875		4.11315252376e-09	0.01
0.17453125		4.11315252376e-09	0.01
0.17484375		4.11315252376e-09	0.01
0.17515625		4.11315252376e-09	0.01
0.17546875		4.11315252376e-09	0.01
0.17578125		4.11315252376e-09	0.01
0.17609375		4.11315252376e-09	0.01
0.17640625		4.11315252376e-09	0.01
0.17671875		4.11315252376e-09	0.01
0.17703125		4.11315252376e-09	0.01
0.17734375		4.11315252376e-09	0.01
0.17765625		4.11315252376e-09	0.01
0.17796875		4.11315252376e-09	0.01
0.17828125		4.11315252376e-09	0.01
0.17859375		4.11315252376e-09	0.01
0.17890625		4.11315252376e-09	0.01
0.17921875		4.11315252376e-09	0.01
0.17953125		4.11315252376e-09	0.01
0.17984375		4.11315252376e-09	0.01
0.18015625		4.11315252376e-09	0.01
0.18046875		4.11315252376e-09	0.01
0.18078125		4.11315252376e-09	0.01
0.18109375		4.11315252376e-09	0.01
0.18140625		4.11315252376e-09	0.01
0.18171875		4.11315252376e-09	0.01
0.18203125		4.11315252376e-09	0.01
0.18234375		4.11315252376e-09	0.01
0.18265625		4.11315252376e-09	0.01
0.18296875		4.11315252376e-09	0.01
0.18328125		4.11315252376e-09	0.01
0.18359375		4.11315252376e-09	0.01
0.18390625		4.11315252376e-09	0.01
0.18421875		4.11315252376e-09	0.01
0.18453125		4.11315252376e-09	0.01
0.18484375		4.11315252376e-09	0.01
0.18515625		4.11315252376e-09	0.01
0.18546875		4.11315252376e-09	0.01
0.18578125		4.11315252376e-09	0.01
0.18609375		4.11315252376e-09	0.01
0.18640625		4.11315252376e-09	0.01
0.18671875		4.11315252376e-09	0.01
0.18703125		4.11315252376e-09	0.01
0.18734375		4.11315252376e-09	0.01
0.18765625		4.11315252376e-09	0.01
0.18796875		4.11315252376e-09	0.01
0.18828125		4.11315252376e-09	0.01
0.18859375		4.11315252376e-09	0.01
0.18890625		4.11315252376e-09	0.01
0.18921875		4.11315252376e-09	0.01
0.18953125		4.11315252376e-09	0.01
0.18984375		4.11315252376e-09	0.01
0.19015625		4.11315252376e-09	0.01
0.19046875		4.11315252376e-09	0.01
0.19078125		4.11315252376e-09	0.01
0.19109375		4.11315252376e-09	0.01
0.19140625		4.11315252376e-09	0.01
0.19171875		4.11315252376e-09	0.01
0.19203125		4.11315252376e-09	0.01
0.19234375		4.11315252376e-09	0.01
0.19265625		4.11315252376e-09	0.01
0.19296875		4.11315252376e-09	0.01
0.19328125		4.11315252376e-09	0.01
0.19359375		4.11315252376e-09	0.01
0.19390625		4.11315252376e-09	0.01
0.19421875		4.11315252376e-09	0.01
0.19453125		4.11315252376e-09	0.01
0.19484375		4.11315252376e-09	0.01
0.19515625		4.11315252376e-09	0.01
0.19546875		4.11315252376e-09	0.01
0.19578125		4.11315252376e-09	0.01
0.19609375		4.11315252376e-09	0.01
0.19640625		4.11315252376e-09	0.01
0.19671875		4.11315252376e-09	0.01
0.19703125		4.11315252376e-09	0.01
0.19734375		4.11315252376e-09	0.01
0.19765625		4.11315252376e-09	0.01
0.19796875		4.11315252376e-09	0.01
0.19828125		4.11315252376e-09	0.01
0.19859375		4.11315252376e-09	0.01
0.19890625		4.11315252376e-09	0.01
0.19921875		4.11315252376e-09	0.01
0.19953125		4.11315252376e-09	0.01
0.19984375		4.11315252376e-09	0.01
0.20015625		4.11315252376e-09	0.01
0.20046875		4.11315252376e-09	0.01
0.20078125		4.11315252376e-09	0.01
0.20109375		4.11315252376e-09	0.01
0.20140625		4.11315252376e-09	0.01
0.20171875		4.11315252376e-09	0.01
0.20203125		4.11315252376e-09	0.01
0.20234375		4.11315252376e-09	0.01
0.20265625		4.11315252376e-09	0.01
0.20296875		4.11315252376e-09	0.01
0.20328125		4.11315252376e-09	0.01
0.20359375		4.11315252376e-09	0.01
0.20390625		4.11315252376e-09	0.01
0.20421875		4.11315252376e-09	0.01
0.20453125		4.11315252376e-09	0.01
0.20484375		4.11315252376e-09	0.01
0.20515625		4.11315252376e-09	0.01
0.20546875		4.11315252376e-09	0.01
0.20578125		4.11315252376e-09	0.01
0.20609375		4.11315252376e-09	0.01
0.20640625		4.11315252376e-09	0.01
0.20671875		4.11315252376e-09	0.01
0.20703125		4.11315252376e-09	0.01
0.20734375		4.11315252376e-09	0.01
0.20765625		4.11315252376e-09	0.01
0.20796875		4.11315252376e-09	0.01
0.20828125		4.11315252376e-09	0.01
0.20859375		4.11315252376e-09	0.01
0.20890625		4.11315252376e-09	0.01
0.20921875		4.11315252376e-09	0.01
0.20953125		4.11315252376e-09	0.01
0.20984375		4.11315252376e-09	0.01
0.21015625		4.11315252376e-09	0.01
0.21046875		4.11315252376e-09	0.01
0.21078125		4.11315252376e-09	0.01
0.21109375		4.11315252376e-09	0.01
0.21140625		4.11315252376e-09	0.01
0.21171875		4.11315252376e-09	0.01
0.21203125		4.11315252376e-09	0.01
0.21234375		4.11315252376e-09	0.01
0.21265625		4.11315252376e-09	0.01
0.21296875		4.11315252376e-09	0.01
0.21328125		4.11315252376e-09	0.01
0.21359375		4.11315252376e-09	0.01
0.21390625		4.11315252376e-09	0.01
0.21421875		4.11315252376e-09	0.01
0.21453125		4.11315252376e-09	0.01
0.21484375		4.11315252376e-09	0.01
0.21515625		4.11315252376e-09	0.01
0.21546875		4.11315252376e-09	0.01
0.21578125		4.11315252376e-09	0.01
0.21609375		4.11315252376e-09	0.01
0.21640625		4.11315252376e-09	0.01
0.21671875		4.11315252376e-09	0.01
0.21703125		4.11315252376e-09	0.01
0.21734375		4.11315252376e-09	0.01
0.21765625		4.11315252376e-09	0.01
0.21796875		4.11315252376e-09	0.01
0.21828125		4.11315252376e-09	0.01
0.21859375		4.11315252376e-09	0.01
0.21890625		4.11315252376e-09	0.01
0.21921875		4.11315252376e-09	0.01
0.21953125		4.11315252376e-09	0.01
0.21984375		4.11315252376e-09	0.01
0.22015625		4.11315252376e-09	0.01
0.22046875		4.11315252376e-09	0.01
0.22078125		4.11315252376e-09	0.01
0.22109375		4.11315252376e-09	0.01
0.22140625		4.11315252376e-09	0.01
0.22171875		4.11315252376e-09	0.01
0.22203125		4.11315252376e-09	0.01
0.22234375		4.11315252376e-09	0.01
0.22265625		4.11315252376e-09	0.01
0.22296875		4.11315252376e-09	0.01
0.22328125		4.11315252376e-09	0.01
0.22359375		4.11315252376e-09	0.01
0.22390625		4.11315252376e-09	0.01
0.22421875		4.11315252376e-09	0.01
0.22453125		4.11315252376e-09	0.01
0.22484375		4.11315252376e-09	0.01
0.22515625		4.11315252376e-09	0.01
0.22546875		4.11315252376e-09	0.01
0.22578125		4.11315252376e-09	0.01
0.22609375		4.11315252376e-09	0.01
0.22640625		4.11315252376e-09	0.01
0.22671875		4.11315252376e-09	0.01
0.22703125		4.11315252376e-09	0.01
0.22734375		4.11315252376e-09	0.01
0.22765625		4.11315252376e-09	0.01
0.22796875		4.11315252376e-09	0.01
0.22828125		4.11315252376e-09	0.01
0.22859375		4.11315252376e-09	0.01
0.22890625		4.11315252376e-09	0.01
0.22921875		4.11315252376e-09	0.01
0.22953125		4.11315252376e-09	0.01
0.22984375		4.11315252376e-09	0.01
0.23015625		4.11315252376e-09	0.01
0.23046875		4.11315252376e-09	0.01
0.23078125		4.11315252376e-09	0.01
0.23109375		4.11315252376e-09	0.01
0.23140625		4.11315252376e-09	0.01
0.23171875		4.11315252376e-09	0.01
0.23203125		4.11315252376e-09	0.01
0.23234375		4.11315252376e-09	0.01
0.23265625		4.11315252376e-09	0.01
0.23296875		4.11315252376e-09	0.01
0.23328125		4.11315252376e-09	0.01
0.23359375		4.11315252376e-09	0.01
0.23390625		4.11315252376e-09	0.01
0.23421875		4.11315252376e-09	0.01
0.23453125		4.11315252376e-09	0.01
0.23484375		4.11315252376e-09	0.01
0.23515625		4.11315252376e-09	0.01
0.23546875		4.11315252376e-09	0.01
0.23578125		4.11315252376e-09	0.01
0.23609375		4.11315252376e-09	0.01
0.23640625		4.11315252376e-09	0.01
0.23671875		4.11315252376e-09	0.01
0.23703125		4.11315252376e-09	0.01
0.23734375		4.11315252376e-09	0.01
0.23765625		4.11315252376e-09	0.01
0.23796875		4.11315252376e-09	0.01
0.23828125		4.11315252376e-09	0.01
0.23859375		4.11315252376e-09	0.01
0.23890625		4.11315252376e-09	0.01
0.23921875		4.11315252376e-09	0.01
0.23953125		4.11315252376e-09	0.01
0.23984375		4.11315252376e-09	0.01
0.24015625		4.11315252376e-09	0.01
0.24046875		4.11315252376e-09	0.01
0.24078125		4.11315252376e-09	0.01
0.24109375		4.11315252376e-09	0.01
0.24140625		4.11315252376e-09	0.01
0.24171875		4.11315252376e-09	0.01
0.24203125		4.11315252376e-09	0.01
0.24234375		4.11315252376e-09	0.01
0.24265625		4.11315252376e-09	0.01
0.24296875		4.11315252376e-09	0.01
0.24328125		4.11315252376e-09	0.01
0.24359375		4.11315252376e-09	0.01
0.24390625		4.11315252376e-09	0.01
0.24421875		4.11315252376e-09	0.01
0.24453125		4.11315252376e-09	0.01
0.24484375		4.11315252376e-09	0.01
0.24515625		4.11315252376e-09	0.01
0.24546875		4.11315252376e-09	0.01
0.24578125		4.11315252376e-09	0.01
0.24609375		4.11315252376e-09	0.01
0.24640625		4.11315252376e-09	0.01
0.24671875		4.11315252376e-09	0.01
0.24703125		4.11315252376e-09	0.01
0.24734375		4.11315252376e-09	0.01
0.24765625		4.11315252376e-09	0.01
0.24796875		4.11315252376e-09	0.01
0.24828125		4.11315252376e-09	0.01
0.24859375		4.11315252376e-09	0.01
0.24890625		4.11315252376e-09	0.01
0.24921875		4.11315252376e-09	0.01
0.24953125		4.11315252376e-09	0.01
0.24984375		4.11315252376e-09	0.01
0.25015625		4.11315252376e-09	0.01
0.25046875		4.11315252376e-09	0.01
0.25078125		4.11315252376e-09	0.01
0.25109375		4.11315252376e-09	0.01
0.25140625		4.11315252376e-09	0.01
0.25171875		4.11315252376e-09	0.01
0.25203125		4.11315252376e-09	0.01
0.25234375		4.11315252376e-09	0.01
0.25265625		4.11315252376e-09	0.01
0.25296875		4.11315252376e-09	0.01
0.25328125		4.11315252376e-09	0.01
0.25359375		4.11315252376e-09	0.01
0.25390625		4.11315252376e-09	0.01
0.25421875		4.11315252376e-09	0.01
0.25453125		4.11315252376e-09	0.01
0.25484375		4.11315252376e-09	0.01
0.25515625		4.11315252376e-09	0.01
0.25546875		4.11315252376e-09	0.01
0.25578125		4.11315252376e-09	0.01
0.25609375		4.11315252376e-09	0.01
0.25640625		4.11315252376e-09	0.01
0.25671875		4.11315252376e-09	0.01
0.25703125		4.11315252376e-09	0.01
0.25734375		4.11315252376e-09	0.01
0.25765625		4.11315252376e-09	0.01
0.25796875		4.11315252376e-09	0.01
0.25828125		4.11315252376e-09	0.01
0.25859375		4.11315252376e-09	0.01
0.25890625		4.11315252376e-09	0.01
0.25921875		4.11315252376e-09	0.01
0.25953125		4.11315252376e-09	0.01
0.25984375		4.11315252376e-09	0.01
0.26015625		4.11315252376e-09	0.01
0.26046875		4.11315252376e-09	0.01
0.26078125		4.11315252376e-09	0.01
0.26109375		4.11315252376e-09	0.01
0.26140625		4.11315252376e-09	0.01
0.26171875		4.11315252376e-09	0.01
0.26203125		4.11315252376e-09	0.01
0.26234375		4.11315252376e-09	0.01
0.26265625		4.11315252376e-09	0.01
0.26296875		4.11315252376e-09	0.01
0.26328125		4.11315252376e-09	0.01
0.26359375		4.11315252376e-09	0.01
0.26390625		4.11315252376e-09	0.01
0.26421875		4.11315252376e-09	0.01
0.26453125		4.11315252376e-09	0.01
0.26484375		4.11315252376e-09	0.01
0.26515625		4.11315252376e-09	0.01
0.26546875		4.11315252376e-09	0.01
0.26578125		4.11315252376e-09	0.01
0.26609375		4.11315252376e-09	0.01
0.26640625		4.11315252376e-09	0.01
0.26671875		4.11315252376e-09	0.01
0.26703125		4.11315252376e-09	0.01
0.26734375		4.11315252376e-09	0.01
0.26765625		4.11315252376e-09	0.01
0.26796875		4.11315252376e-09	0.01
0.26828125		4.11315252376e-09	0.01
0.26859375		4.11315252376e-09	0.01
0.26890625		4.11315252376e-09	0.01
0.26921875		4.11315252376e-09	0.01
0.26953125		4.11315252376e-09	0.01
0.26984375		4.11315252376e-09	0.01
0.27015625		4.11315252376e-09	0.01
0.27046875		4.11315252376e-09	0.01
0.27078125		4.11315252376e-09	0.01
0.27109375		4.11315252376e-09	0.01
0.27140625		4.11315252376e-09	0.01
0.27171875		4.11315252376e-09	0.01
0.27203125		4.11315252376e-09	0.01
0.27234375		4.11315252376e-09	0.01
0.27265625		4.11315252376e-09	0.01
0.27296875		4.11315252376e-09	0.01
0.27328125		4.11315252376e-09	0.01
0.27359375		4.11315252376e-09	0.01
0.27390625		4.11315252376e-09	0.01
0.27421875		4.11315252376e-09	0.01
0.27453125		4.11315252376e-09	0.01
0.27484375		4.11315252376e-09	0.01
0.27515625		4.11315252376e-09	0.01
0.27546875		4.11315252376e-09	0.01
0.27578125		4.11315252376e-09	0.01
0.27609375		4.11315252376e-09	0.01
0.27640625		4.11315252376e-09	0.01
0.27671875		4.11315252376e-09	0.01
0.27703125		4.11315252376e-09	0.01
0.27734375		4.11315252376e-09	0.01
0.27765625		4.11315252376e-09	0.01
0.27796875		4.11315252376e-09	0.01
0.27828125		4.11315252376e-09	0.01
0.27859375		4.11315252376e-09	0.01
0.27890625		4.11315252376e-09	0.01
0.27921875		4.11315252376e-09	0.01
0.27953125		4.11315252376e-09	0.01
0.27984375		4.11315252376e-09	0.01
0.28015625		4.11315252376e-09	0.01
0.28046875		4.11315252376e-09	0.01
0.28078125		4.11315252376e-09	0.01
0.28109375		4.11315252376e-09	0.01
0.28140625		4.11315252376e-09	0.01
0.28171875		4.11315252376e-09	0.01
0.28203125		4.11315252376e-09	0.01
0.28234375		4.11315252376e-09	0.01
0.28265625		4.11315252376e-09	0.01
0.28296875		4.11315252376e-09	0.01
0.28328125		4.11315252376e-09	0.01
0.28359375		4.11315252376e-09	0.01
0.28390625		4.11315252376e-09	0.01
0.28421875		4.11315252376e-09	0.01
0.28453125		4.11315252376e-09	0.01
0.28484375		4.11315252376e-09	0.01
0.28515625		4.11315252376e-09	0.01
0.28546875		4.11315252376e-09	0.01
0.28578125		4.11315252376e-09	0.01
0.28609375		4.11315252376e-09	0.01
0.28640625		4.11315252376e-09	0.01
0.28671875		4.11315252376e-09	0.01
0.28703125		4.11315252376e-09	0.01
0.28734375		4.11315252376e-09	0.01
0.28765625		4.11315252376e-09	0.01
0.28796875		4.11315252376e-09	0.01
0.28828125		4.11315252376e-09	0.01
0.28859375		4.11315252376e-09	0.01
0.28890625		4.11315252376e-09	0.01
0.28921875		4.11315252376e-09	0.01
0.28953125		4.11315252376e-09	0.01
0.28984375		4.11315252376e-09	0.01
0.29015625		4.11315252376e-09	0.01
0.29046875		4.11315252376e-09	0.01
0.29078125		4.11315252376e-09	0.01
0.29109375		4.11315252376e-09	0.01
0.29140625		4.11315252376e-09	0.01
0.29171875		4.11315252376e-09	0.01
0.29203125		4.11315252376e-09	0.01
0.29234375		4.11315252376e-09	0.01
0.29265625		4.11315252376e-09	0.01
0.29296875		4.11315252376e-09	0.01
0.29328125		4.11315252376e-09	0.01
0.29359375		4.11315252376e-09	0.01
0.29390625		4.11315252376e-09	0.01
0.29421875		4.11315252376e-09	0.01
0.29453125		4.11315252376e-09	0.01
0.29484375		4.11315252376e-09	0.01
0.29515625		4.11315252376e-09	0.01
0.29546875		4.11315252376e-09	0.01
0.29578125		4.11315252376e-09	0.01
0.29609375		4.11315252376e-09	0.01
0.29640625		4.11315252376e-09	0.01
0.29671875		4.11315252376e-09	0.01
0.29703125		4.11315252376e-09	0.01
0.29734375		4.11315252376e-09	0.01
0.29765625		4.11315252376e-09	0.01
0.29796875		4.11315252376e-09	0.01
0.29828125		4.11315252376e-09	0.01
0.29859375		4.11315252376e-09	0.01
0.29890625		4.11315252376e-09	0.01
0.29921875		4.11315252376e-09	0.01
0.29953125		4.11315252376e-09	0.01
0.29984375		4.11315252376e-09	0.01
0.30015625		4.11315252376e-09	0.01
0.30046875		4.11315252376e-09	0.01
0.30078125		4.11315252376e-09	0.01
0.30109375		4.11315252376e-09	0.01
0.30140625		4.11315252376e-09	0.01
0.30171875		4.11315252376e-09	0.01
0.30203125		4.11315252376e-09	0.01
0.30234375		4.11315252376e-09	0.01
0.30265625		4.11315252376e-09	0.01
0.30296875		4.11315252376e-09	0.01
0.30328125		4.11315252376e-09	0.01
0.30359375		4.11315252376e-09	0.01
0.30390625		4.11315252376e-09	0.01
0.30421875		4.11315252376e-09	0.01
0.30453125		4.11315252376e-09	0.01
0.30484375		4.11315252376e-09	0.01
0.30515625		4.11315252376e-09	0.01
0.30546875		4.11315252376e-09	0.01
0.30578125		4.11315252376e-09	0.01
0.30609375		4.11315252376e-09	0.01
0.30640625		4.11315252376e-09	0.01
0.30671875		4.11315252376e-09	0.01
0.30703125		4.11315252376e-09	0.01
0.30734375		4.11315252376e-09	0.01
0.30765625		4.11315252376e-09	0.01
0.30796875		4.11315252376e-09	0.01
0.30828125		4.11315252376e-09	0.01
0.30859375		4.11315252376e-09	0.01
0.30890625		4.11315252376e-09	0.01
0.30921875		4.11315252376e-09	0.01
0.30953125		4.11315252376e-09	0.01
0.30984375		4.11315252376e-09	0.01
0.31015625		4.11315252376e-09	0.01
0.31046875		4.11315252376e-09	0.01
0.31078125		4.11315252376e-09	0.01
0.31109375		4.11315252376e-09	0.01
0.31140625		4.11315252376e-09	0.01
0.31171875		4.11315252376e-09	0.01
0.31203125		4.11315252376e-09	0.01
0.31234375		4.11315252376e-09	0.01
0.31265625		4.11315252376e-09	0.01
0.31296875		4.11315252376e-09	0.01
0.31328125		4.11315252376e-09	0.01
0.31359375		4.11315252376e-09	0.01
0.31390625		4.11315252376e-09	0.01
0.31421875		4.11315252376e-09	0.01
0.31453125		4.11315252376e-09	0.01
0.31484375		4.11315252376e-09	0.01
0.31515625		4.11315252376e-09	0.01
0.31546875		4.11315252376e-09	0.01
0.31578125		4.11315252376e-09	0.01
0.31609375		4.11315252376e-09	0.01
0.31640625		4.11315252376e-09	0.01
0.31671875		4.11315252376e-09	0.01
0.31703125		4.11315252376e-09	0.01
0.31734375		4.11315252376e-09	0.01
0.31765625		4.11315252376e-09	0.01
0.31796875		4.11315252376e-09	0.01
0.31828125		4.11315252376e-09	0.01
0.31859375		4.11315252376e-09	0.01
0.31890625		4.11315252376e-09	0.01
0.31921875		4.11315252376e-09	0.01
0.31953125		4.11315252376e-09	0.01
0.31984375		4.11315252376e-09	0.01
0.32015625		4.11315252376e-09	0.01
0.32046875		4.11315252376e-09	0.01
0.32078125		4.11315252376e-09	0.01
0.32109375		4.11315252376e-09	0.01
0.32140625		4.11315252376e-09	0.01
0.32171875		4.11315252376e-09	0.01
0.32203125		4.11315252376e-09	0.01
0.32234375		4.11315252376e-09	0.01
0.32265625		4.11315252376e-09	0.01
0.32296875		4.11315252376e-09	0.01
0.32328125		4.11315252376e-09	0.01
0.32359375		4.11315252376e-09	0.01
0.32390625		4.11315252376e-09	0.01
0.32421875		4.11315252376e-09	0.01
0.32453125		4.11315252376e-09	0.01
0.32484375		4.11315252376e-09	0.01
0.32515625		4.11315252376e-09	0.01
0.32546875		4.11315252376e-09	0.01
0.32578125		4.11315252376e-09	0.01
0.32609375		4.11315252376e-09	0.01
0.32640625		4.11315252376e-09	0.01
0.32671875		4.11315252376e-09	0.01
0.32703125		4.11315252376e-09	0.01
0.32734375		4.11315252376e-09	0.01
0.32765625		4.11315252376e-09	0.01
0.32796875		4.11315252376e-09	0.01
0.32828125		4.11315252376e-09	0.01
0.32859375		4.11315252376e-09	0.01
0.32890625		4.11315252376e-09	0.01
0.32921875		4.11315252376e-09	0.01
0.32953125		4.11315252376e-09	0.01
0.32984375		4.11315252376e-09	0.01
0.33015625		4.11315252376e-09	0.01
0.33046875		4.11315252376e-09	0.01
0.33078125		4.11315252376e-09	0.01
0.33109375		4.11315252376e-09	0.01
0.33140625		4.11315252376e-09	0.01
0.33171875		4.11315252376e-09	0.01
0.33203125		4.11315252376e-09	0.01
0.33234375		4.11315252376e-09	0.01
0.33265625		4.11315252376e-09	0.01
0.33296875		4.11315252376e-09	0.01
0.33328125		4.11315252376e-09	0.01
0.33359375		4.11315252376e-09	0.01
0.33390625		4.11315252376e-09	0.01
0.33421875		4.11315252376e-09	0.01
0.33453125		4.11315252376e-09	0.01
0.33484375		4.11315252376e-09	0.01
0.33515625		4.11315252376e-09	0.01
0.33546875		4.11315252376e-09	0.01
0.33578125		4.11315252376e-09	0.01
0.33609375		4.11315252376e-09	0.01
0.33640625		4.11315252376e-09	0.01
0.33671875		4.11315252376e-09	0.01
0.33703125		4.11315252376e-09	0.01
0.33734375		4.11315252376e-09	0.01
0.33765625		4.11315252376e-09	0.01
0.33796875		4.11315252376e-09	0.01
0.33828125		4.11315252376e-09	0.01
0.33859375		4.11315252376e-09	0.01
0.33890625		4.11315252376e-09	0.01
0.33921875		4.11315252376e-09	0.01
0.33953125		4.11315252376e-09	0.01
0.33984375		4.11315252376e-09	0.01
0.34015625		4.11315252376e-09	0.01
0.34046875		4.11315252376e-09	0.01
0.34078125		4.11315252376e-09	0.01
0.34109375		4.11315252376e-09	0.01
0.34140625		4.11315252376e-09	0.01
0.34171875		4.11315252376e-09	0.01
0.34203125		4.11315252376e-09	0.01
0.34234375		4.11315252376e-09	0.01
0.34265625		4.11315252376e-09	0.01
0.34296875		4.11315252376e-09	0.01
0.34328125		4.11315252376e-09	0.01
0.34359375		4.11315252376e-09	0.01
0.34390625		4.11315252376e-09	0.01
0.34421875		4.11315252376e-09	0.01
0.34453125		4.11315252376e-09	0.01
0.34484375		4.11315252376e-09	0.01
0.34515625		4.11315252376e-09	0.01
0.34546875		4.11315252376e-09	0.01
0.34578125		4.11315252376e-09	0.01
0.34609375		4.11315252376e-09	0.01
0.34640625		4.11315252376e-09	0.01
0.34671875		4.11315252376e-09	0.01
0.34703125		4.11315252376e-09	0.01
0.34734375		4.11315252376e-09	0.01
0.34765625		4.11315252376e-09	0.01
0.34796875		4.11315252376e-09	0.01
0.34828125		4.11315252376e-09	0.01
0.34859375		4.11315252376e-09	0.01
0.34890625		4.11315252376e-09	0.01
0.34921875		4.11315252376e-09	0.01
0.34953125		4.11315252376e-09	0.01
0.34984375		4.11315252376e-09	0.01
0.35015625		4.11315252376e-09	0.01
0.35046875		4.11315252376e-09	0.01
0.35078125		4.11315252376e-09	0.01
0.35109375		4.11315252376e-09	0.01
0.35140625		4.11315252376e-09	0.01
0.35171875		4.11315252376e-09	0.01
0.35203125		4.11315252376e-09	0.01
0.35234375		4.11315252376e-09	0.01
0.35265625		4.11315252376e-09	0.01
0.35296875		4.11315252376e-09	0.01
0.35328125		4.11315252376e-09	0.01
0.35359375		4.11315252376e-09	0.01
0.35390625		4.11315252376e-09	0.01
0.35421875		4.11315252376e-09	0.01
0.35453125		4.11315252376e-09	0.01
0.35484375		4.11315252376e-09	0.01
0.35515625		4.11315252376e-09	0.01
0.35546875		4.11315252376e-09	0.01
0.35578125		4.11315252376e-09	0.01
0.35609375		4.11315252376e-09	0.01
0.35640625		4.11315252376e-09	0.01
0.35671875		4.11315252376e-09	0.01
0.35703125		4.11315252376e-09	0.01
0.35734375		4.11315252376e-09	0.01
0.35765625		4.11315252376e-09	0.01
0.35796875		4.11315252376e-09	0.01
0.35828125		4.11315252376e-09	0.01
0.35859375		4.11315252376e-09	0.01
0.35890625		4.11315252376e-09	0.01
0.35921875		4.11315252376e-09	0.01
0.35953125		4.11315252376e-09	0.01
0.35984375		4.11315252376e-09	0.01
0.36015625		4.11315252376e-09	0.01
0.36046875		4.11315252376e-09	0.01
0.36078125		4.11315252376e-09	0.01
0.36109375		4.11315252376e-09	0.01
0.36140625		4.11315252376e-09	0.01
0.36171875		4.11315252376e-09	0.01
0.36203125		4.11315252376e-09	0.01
0.36234375		4.11315252376e-09	0.01
0.36265625		4.11315252376e-09	0.01
0.36296875		4.11315252376e-09	0.01
0.36328125		4.11315252376e-09	0.01
0.36359375		4.11315252376e-09	0.01
0.36390625		4.11315252376e-09	0.01
0.36421875		4.11315252376e-09	0.01
0.36453125		4.11315252376e-09	0.01
0.36484375		4.11315252376e-09	0.01
0.36515625		4.11315252376e-09	0.01
0.36546875		4.11315252376e-09	0.01
0.36578125		4.11315252376e-09	0.01
0.36609375		4.11315252376e-09	0.01
0.36640625		4.11315252376e-09	0.01
0.36671875		4.11315252376e-09	0.01
0.36703125		4.11315252376e-09	0.01
0.36734375		4.11315252376e-09	0.01
0.36765625		4.11315252376e-09	0.01
0.36796875		4.11315252376e-09	0.01
0.36828125		4.11315252376e-09	0.01
0.36859375		4.11315252376e-09	0.01
0.36890625		4.11315252376e-09	0.01
0.36921875		4.11315252376e-09	0.01
0.36953125		4.11315252376e-09	0.01
0.36984375		4.11315252376e-09	0.01
0.37015625		4.11315252376e-09	0.01
0.37046875		4.11315252376e-09	0.01
0.37078125		4.11315252376e-09	0.01
0.37109375		4.11315252376e-09	0.01
0.37140625		4.11315252376e-09	0.01
0.37171875		4.11315252376e-09	0.01
0.37203125		4.11315252376e-09	0.01
0.37234375		4.11315252376e-09	0.01
0.37265625		4.11315252376e-09	0.01
0.37296875		4.11315252376e-09	0.01
0.37328125		4.11315252376e-09	0.01
0.37359375		4.11315252376e-09	0.01
0.37390625		4.11315252376e-09	0.01
0.37421875		4.11315252376e-09	0.01
0.37453125		4.11315252376e-09	0.01
0.37484375		4.11315252376e-09	0.01
0.37515625		4.11315252376e-09	0.01
0.37546875		4.11315252376e-09	0.01
0.37578125		4.11315252376e-09	0.01
0.37609375		4.11315252376e-09	0.01
0.37640625		4.11315252376e-09	0.01
0.37671875		4.11315252376e-09	0.01
0.37703125		4.11315252376e-09	0.01
0.37734375		4.11315252376e-09	0.01
0.37765625		4.11315252376e-09	0.01
0.37796875		4.11315252376e-09	0.01
0.37828125		4.11315252376e-09	0.01
0.37859375		4.11315252376e-09	0.01
0.37890625		4.11315252376e-09	0.01
0.37921875		4.11315252376e-09	0.01
0.37953125		4.11315252376e-09	0.01
0.37984375		4.11315252376e-09	0.01
0.38015625		4.11315252376e-09	0.01
0.38046875		4.11315252376e-09	0.01
0.38078125		4.11315252376e-09	0.01
0.38109375		4.11315252376e-09	0.01
0.38140625		4.11315252376e-09	0.01
0.38171875		4.11315252376e-09	0.01
0.38203125		4.11315252376e-09	0.01
0.38234375		4.11315252376e-09	0.01
0.38265625		4.11315252376e-09	0.01
0.38296875		4.11315252376e-09	0.01
0.38328125		4.11315252376e-09	0.01
0.38359375		4.11315252376e-09	0.01
0.38390625		4.11315252376e-09	0.01
0.38421875		4.11315252376e-09	0.01
0.38453125		4.11315252376e-09	0.01
0.38484375		4.11315252376e-09	0.01
0.38515625		4.11315252376e-09	0.01
0.38546875		4.11315252376e-09	0.01
0.38578125		4.11315252376e-09	0.01
0.38609375		4.11315252376e-09	0.01
0.38640625		4.11315252376e-09	0.01
0.38671875		4.11315252376e-09	0.01
0.38703125		4.11315252376e-09	0.01
0.38734375		4.11315252376e-09	0.01
0.38765625		4.11315252376e-09	0.01
0.38796875		4.11315252376e-09	0.01
0.38828125		4.11315252376e-09	0.01
0.38859375		4.11315252376e-09	0.01
0.38890625		4.11315252376e-09	0.01
0.38921875		4.11315252376e-09	0.01
0.38953125		4.11315252376e-09	0.01
0.38984375		4.11315252376e-09	0.01
0.39015625		4.11315252376e-09	0.01
0.39046875		4.11315252376e-09	0.01
0.39078125		4.11315252376e-09	0.01
0.39109375		4.11315252376e-09	0.01
0.39140625		4.11315252376e-09	0.01
0.39171875		4.11315252376e-09	0.01
0.39203125		4.11315252376e-09	0.01
0.39234375		4.11315252376e-09	0.01
0.39265625		4.11315252376e-09	0.01
0.39296875		4.11315252376e-09	0.01
0.39328125		4.11315252376e-09	0.01
0.39359375		4.11315252376e-09	0.01
0.39390625		4.11315252376e-09	0.01
0.39421875		4.11315252376e-09	0.01
0.39453125		4.11315252376e-09	0.01
0.39484375		4.11315252376e-09	0.01
0.39515625		4.11315252376e-09	0.01
0.39546875		4.11315252376e-09	0.01
0.39578125		4.11315252376e-09	0.01
0.39609375		4.11315252376e-09	0.01
0.39640625		4.11315252376e-09	0.01
0.39671875		4.11315252376e-09	0.01
0.39703125		4.11315252376e-09	0.01
0.39734375		4.11315252376e-09	0.01
0.39765625		4.11315252376e-09	0.01
0.39796875		4.11315252376e-09	0.01
0.39828125		4.11315252376e-09	0.01
0.39859375		4.11315252376e-09	0.01
0.39890625		4.11315252376e-09	0.01
0.39921875		4.11315252376e-09	0.01
0.39953125		4.11315252376e-09	0.01
0.39984375		4.11315252376e-09	0.01
0.40015625		4.11315252376e-09	0.01
0.40046875		4.11315252376e-09	0.01
0.40078125		4.11315252376e-09	0.01
0.40109375		4.11315252376e-09	0.01
0.40140625		4.11315252376e-09	0.01
0.40171875		4.11315252376e-09	0.01
0.40203125		4.11315252376e-09	0.01
0.40234375		4.11315252376e-09	0.01
0.40265625		4.11315252376e-09	0.01
0.40296875		4.11315252376e-09	0.01
0.40328125		4.11315252376e-09	0.01
0.40359375		4.11315252376e-09	0.01
0.40390625		4.11315252376e-09	0.01
0.40421875		4.11315252376e-09	0.01
0.40453125		4.11315252376e-09	0.01
0.40484375		4.11315252376e-09	0.01
0.40515625		4.11315252376e-09	0.01
0.40546875		4.11315252376e-09	0.01
0.40578125		4.11315252376e-09	0.01
0.40609375		4.11315252376e-09	0.01
0.40640625		4.11315252376e-09	0.01
0.40671875		4.11315252376e-09	0.01
0.40703125		4.11315252376e-09	0.01
0.40734375		4.11315252376e-09	0.01
0.40765625		4.11315252376e-09	0.01
0.40796875		4.11315252376e-09	0.01
0.40828125		4.11315252376e-09	0.01
0.40859375		4.11315252376e-09	0.01
0.40890625		4.11315252376e-09	0.01
0.40921875		4.11315252376e-09	0.01
0.40953125		4.11315252376e-09	0.01
0.40984375		4.11315252376e-09	0.01
0.41015625		4.11315252376e-09	0.01
0.41046875		4.11315252376e-09	0.01
0.41078125		4.11315252376e-09	0.01
0.41109375		4.11315252376e-09	0.01
0.41140625		4.11315252376e-09	0.01
0.41171875		4.11315252376e-09	0.01
0.41203125		4.11315252376e-09	0.01
0.41234375		4.11315252376e-09	0.01
0.41265625		4.11315252376e-09	0.01
0.41296875		4.11315252376e-09	0.01
0.41328125		4.11315252376e-09	0.01
0.41359375		4.11315252376e-09	0.01
0.41390625		4.11315252376e-09	0.01
0.41421875		4.11315252376e-09	0.01
0.41453125		4.11315252376e-09	0.01
0.41484375		4.11315252376e-09	0.01
0.41515625		4.11315252376e-09	0.01
0.41546875		4.11315252376e-09	0.01
0.41578125		4.11315252376e-09	0.01
0.41609375		4.11315252376e-09	0.01
0.41640625		4.11315252376e-09	0.01
0.41671875		4.11315252376e-09	0.01
0.41703125		4.11315252376e-09	0.01
0.41734375		4.11315252376e-09	0.01
0.41765625		4.11315252376e-09	0.01
0.41796875		4.11315252376e-09	0.01
0.41828125		4.11315252376e-09	0.01
0.41859375		4.11315252376e-09	0.01
0.41890625		4.11315252376e-09	0.01
0.41921875		4.11315252376e-09	0.01
0.41953125		4.11315252376e-09	0.01
0.41984375		4.11315252376e-09	0.01
0.42015625		4.11315252376e-09	0.01
0.42046875		4.11315252376e-09	0.01
0.42078125		4.11315252376e-09	0.01
0.42109375		4.11315252376e-09	0.01
0.42140625		4.11315252376e-09	0.01
0.42171875		4.11315252376e-09	0.01
0.42203125		4.11315252376e-09	0.01
0.42234375		4.11315252376e-09	0.01
0.42265625		4.11315252376e-09	0.01
0.42296875		4.11315252376e-09	0.01
0.42328125		4.11315252376e-09	0.01
0.42359375		4.11315252376e-09	0.01
0.42390625		4.11315252376e-09	0.01
0.42421875		4.11315252376e-09	0.01
0.42453125		4.11315252376e-09	0.01
0.42484375		4.11315252376e-09	0.01
0.42515625		4.11315252376e-09	0.01
0.42546875		4.11315252376e-09	0.01
0.42578125		4.11315252376e-09	0.01
0.42609375		4.11315252376e-09	0.01
0.42640625		4.11315252376e-09	0.01
0.42671875		4.11315252376e-09	0.01
0.42703125		4.11315252376e-09	0.01
0.42734375		4.11315252376e-09	0.01
0.42765625		4.11315252376e-09	0.01
0.42796875		4.11315252376e-09	0.01
0.42828125		4.11315252376e-09	0.01
0.42859375		4.11315252376e-09	0.01
0.42890625		4.11315252376e-09	0.01
0.42921875		4.11315252376e-09	0.01
0.42953125		4.11315252376e-09	0.01
0.42984375		4.11315252376e-09	0.01
0.43015625		4.11315252376e-09	0.01
0.43046875		4.11315252376e-09	0.01
0.43078125		4.11315252376e-09	0.01
0.43109375		4.11315252376e-09	0.01
0.43140625		4.11315252376e-09	0.01
0.43171875		4.11315252376e-09	0.01
0.43203125		4.11315252376e-09	0.01
0.43234375		4.11315252376e-09	0.01
0.43265625		4.11315252376e-09	0.01
0.43296875		4.11315252376e-09	0.01
0.43328125		4.11315252376e-09	0.01
0.43359375		4.11315252376e-09	0.01
0.43390625		4.11315252376e-09	0.01
0.43421875		4.11315252376e-09	0.01
0.43453125		4.11315252376e-09	0.01
0.43484375		4.11315252376e-09	0.01
0.43515625		4.11315252376e-09	0.01
0.43546875		4.11315252376e-09	0.01
0.43578125		4.11315252376e-09	0.01
0.43609375		4.11315252376e-09	0.01
0.43640625		4.11315252376e-09	0.01
0.43671875		4.11315252376e-09	0.01
0.43703125		4.11315252376e-09	0.01
0.43734375		4.11315252376e-09	0.01
0.43765625		4.11315252376e-09	0.01
0.43796875		4.11315252376e-09	0.01
0.43828125		4.11315252376e-09	0.01
0.43859375		4.11315252376e-09	0.01
0.43890625		4.11315252376e-09	0.01
0.43921875		4.11315252376e-09	0.01
0.43953125		4.11315252376e-09	0.01
0.43984375		4.11315252376e-09	0.01
0.44015625		4.11315252376e-09	0.01
0.44046875		4.11315252376e-09	0.01
0.44078125		4.11315252376e-09	0.01
0.44109375		4.11315252376e-09	0.01
0.44140625		4.11315252376e-09	0.01
0.44171875		4.11315252376e-09	0.01
0.44203125		4.11315252376e-09	0.01
0.44234375		4.11315252376e-09	0.01
0.44265625		4.11315252376e-09	0.01
0.44296875		4.11315252376e-09	0.01
0.44328125		4.11315252376e-09	0.01
0.44359375		4.11315252376e-09	0.01
0.44390625		4.11315252376e-09	0.01
0.44421875		4.11315252376e-09	0.01
0.44453125		4.11315252376e-09	0.01
0.44484375		4.11315252376e-09	0.01
0.44515625		4.11315252376e-09	0.01
0.44546875		4.11315252376e-09	0.01
0.44578125		4.11315252376e-09	0.01
0.44609375		4.11315252376e-09	0.01
0.44640625		4.11315252376e-09	0.01
0.44671875		4.11315252376e-09	0.01
0.44703125		4.11315252376e-09	0.01
0.44734375		4.11315252376e-09	0.01
0.44765625		4.11315252376e-09	0.01
0.44796875		4.11315252376e-09	0.01
0.44828125		4.11315252376e-09	0.01
0.44859375		4.11315252376e-09	0.01
0.44890625		4.11315252376e-09	0.01
0.44921875		4.11315252376e-09	0.01
0.44953125		4.11315252376e-09	0.01
0.44984375		4.11315252376e-09	0.01
0.45015625		4.11315252376e-09	0.01
0.45046875		4.11315252376e-09	0.01
0.45078125		4.11315252376e-09	0.01
0.45109375		4.11315252376e-09	0.01
0.45140625		4.11315252376e-09	0.01
0.45171875		4.11315252376e-09	0.01
0.45203125		4.11315252376e-09	0.01
0.45234375		4.11315252376e-09	0.01
0.45265625		4.11315252376e-09	0.01
0.45296875		4.11315252376e-09	0.01
0.45328125		4.11315252376e-09	0.01
0.45359375		4.11315252376e-09	0.01
0.45390625		4.11315252376e-09	0.01
0.45421875		4.11315252376e-09	0.01
0.45453125		4.11315252376e-09	0.01
0.45484375		4.11315252376e-09	0.01
0.45515625		4.11315252376e-09	0.01
0.45546875		4.11315252376e-09	0.01
0.45578125		4.11315252376e-09	0.01
0.45609375		4.11315252376e-09	0.01
0.45640625		4.11315252376e-09	0.01
0.45671875		4.11315252376e-09	0.01
0.45703125		4.11315252376e-09	0.01
0.45734375		4.11315252376e-09	0.01
0.45765625		4.11315252376e-09	0.01
0.45796875		4.11315252376e-09	0.01
0.45828125		4.11315252376e-09	0.01
0.45859375		4.11315252376e-09	0.01
0.45890625		4.11315252376e-09	0.01
0.45921875		4.11315252376e-09	0.01
0.45953125		4.11315252376e-09	0.01
0.45984375		4.11315252376e-09	0.01
0.46015625		4.11315252376e-09	0.01
0.46046875		4.11315252376e-09	0.01
0.46078125		4.11315252376e-09	0.01
0.46109375		4.11315252376e-09	0.01
0.46140625		4.11315252376e-09	0.01
0.46171875		4.11315252376e-09	0.01
0.46203125		4.11315252376e-09	0.01
0.46234375		4.11315252376e-09	0.01
0.46265625		4.11315252376e-09	0.01
0.46296875		4.11315252376e-09	0.01
0.46328125		4.11315252376e-09	0.01
0.46359375		4.11315252376e-09	0.01
0.46390625		4.11315252376e-09	0.01
0.46421875		4.11315252376e-09	0.01
0.46453125		4.11315252376e-09	0.01
0.46484375		4.11315252376e-09	0.01
0.46515625		4.11315252376e-09	0.01
0.46546875		4.11315252376e-09	0.01
0.46578125		4.11315252376e-09	0.01
0.46609375		4.11315252376e-09	0.01
0.46640625		4.11315252376e-09	0.01
0.46671875		4.11315252376e-09	0.01
0.46703125		4.11315252376e-09	0.01
0.46734375		4.11315252376e-09	0.01
0.46765625		4.11315252376e-09	0.01
0.46796875		4.11315252376e-09	0.01
0.46828125		4.11315252376e-09	0.01
0.46859375		4.11315252376e-09	0.01
0.46890625		4.11315252376e-09	0.01
0.46921875		4.11315252376e-09	0.01
0.46953125		4.11315252376e-09	0.01
0.46984375		4.11315252376e-09	0.01
0.47015625		4.11315252376e-09	0.01
0.47046875		4.11315252376e-09	0.01
0.47078125		4.11315252376e-09	0.01
0.47109375		4.11315252376e-09	0.01
0.47140625		4.11315252376e-09	0.01
0.47171875		4.11315252376e-09	0.01
0.47203125		4.11315252376e-09	0.01
0.47234375		4.11315252376e-09	0.01
0.47265625		4.11315252376e-09	0.01
0.47296875		4.11315252376e-09	0.01
0.47328125		4.11315252376e-09	0.01
0.47359375		4.11315252376e-09	0.01
0.47390625		4.11315252376e-09	0.01
0.47421875		4.11315252376e-09	0.01
0.47453125		4.11315252376e-09	0.01
0.47484375		4.11315252376e-09	0.01
0.47515625		4.11315252376e-09	0.01
0.47546875		4.11315252376e-09	0.01
0.47578125		4.11315252376e-09	0.01
0.47609375		4.11315252376e-09	0.01
0.47640625		4.11315252376e-09	0.01
0.47671875		4.11315252376e-09	0.01
0.47703125		4.11315252376e-09	0.01
0.47734375		4.11315252376e-09	0.01
0.47765625		4.11315252376e-09	0.01
0.47796875		4.11315252376e-09	0.01
0.47828125		4.11315252376e-09	0.01
0.47859375		4.11315252376e-09	0.01
0.47890625		4.11315252376e-09	0.01
0.47921875		4.11315252376e-09	0.01
0.47953125		4.11315252376e-09	0.01
0.47984375		4.11315252376e-09	0.01
0.48015625		4.11315252376e-09	0.01
0.48046875		4.11315252376e-09	0.01
0.48078125		4.11315252376e-09	0.01
0.48109375		4.11315252376e-09	0.01
0.48140625		4.11315252376e-09	0.01
0.48171875		4.11315252376e-09	0.01
0.48203125		4.11315252376e-09	0.01
0.48234375		4.11315252376e-09	0.01
0.48265625		4.11315252376e-09	0.01
0.48296875		4.11315252376e-09	0.01
0.48328125		4.11315252376e-09	0.01
0.48359375		4.11315252376e-09	0.01
0.48390625		4.11315252376e-09	0.01
0.48421875		4.11315252376e-09	0.01
0.48453125		4.11315252376e-09	0.01
0.48484375		4.11315252376e-09	0.01
0.48515625		4.11315252376e-09	0.01
0.48546875		4.11315252376e-09	0.01
0.48578125		4.11315252376e-09	0.01
0.48609375		4.11315252376e-09	0.01
0.48640625		4.11315252376e-09	0.01
0.48671875		4.11315252376e-09	0.01
0.48703125		4.11315252376e-09	0.01
0.48734375		4.11315252376e-09	0.01
0.48765625		4.11315252376e-09	0.01
0.48796875		4.11315252376e-09	0.01
0.48828125		4.11315252376e-09	0.01
0.48859375		4.11315252376e-09	0.01
0.48890625		4.11315252376e-09	0.01
0.48921875		4.11315252376e-09	0.01
0.48953125		4.11315252376e-09	0.01
0.48984375		4.11315252376e-09	0.01
0.49015625		4.11315252376e-09	0.01
0.49046875		4.11315252376e-09	0.01
0.49078125		4.11315252376e-09	0.01
0.49109375		4.11315252376e-09	0.01
0.49140625		4.11315252376e-09	0.01
0.49171875		4.11315252376e-09	0.01
0.49203125		4.11315252376e-09	0.01
0.49234375		4.11315252376e-09	0.01
0.49265625		4.11315252376e-09	0.01
0.49296875		4.11315252376e-09	0.01
0.49328125		4.11315252376e-09	0.01
0.49359375		4.11315252376e-09	0.01
0.49390625		4.11315252376e-09	0.01
0.49421875		4.11315252376e-09	0.01
0.49453125		4.11315252376e-09	0.01
0.49484375		4.11315252376e-09	0.01
0.49515625		4.11315252376e-09	0.01
0.49546875		4.11315252376e-09	0.01
0.49578125		4.11315252376e-09	0.01
0.49609375		4.11315252376e-09	0.01
0.49640625		4.11315252376e-09	0.01
0.49671875		4.11315252376e-09	0.01
0.49703125		4.11315252376e-09	0.01
0.49734375		4.11315252376e-09	0.01
0.49765625		4.11315252376e-09	0.01
0.49796875		4.11315252376e-09	0.01
0.49828125		4.11315252376e-09	0.01
0.49859375		4.11315252376e-09	0.01
0.49890625		4.11315252376e-09	0.01
0.49921875		4.11315252376e-09	0.01
0.49953125		4.11315252376e-09	0.01
0.49984375		4.11315252376e-09	0.01
