0.00015625		0.410040064946	0.999224044646
0.00046875		0.409851544578	0.999108875556
0.00078125		0.409595133638	0.998952748336
0.00109375		0.409332875154	0.998792878902
0.00140625		0.409088121721	0.998643562885
0.00171875		0.408854161217	0.998500753107
0.00203125		0.40862688351	0.998361961755
0.00234375		0.408404095715	0.998225854994
0.00265625		0.408184514708	0.998091652207
0.00296875		0.407967300746	0.997958842756
0.00328125		0.407751805088	0.997827031498
0.00359375		0.407537540075	0.997695921072
0.00390625		0.407324177466	0.997565311318
0.00421875		0.407111505013	0.997435072899
0.00453125		0.406899373583	0.997305114916
0.00484375		0.40668766793	0.997175367099
0.00515625		0.406476291128	0.997045770289
0.00546875		0.406265162488	0.996916275155
0.00578125		0.406054222692	0.996786845411
0.00609375		0.405843430277	0.9966574557
0.00640625		0.405632752656	0.996528086078
0.00671875		0.40542216113	0.996398718951
0.00703125		0.405211629989	0.996269338534
0.00734375		0.405001136225	0.996139930681
0.00765625		0.404790661057	0.996010483809
0.00796875		0.404580192923	0.995880990785
0.00828125		0.404369722339	0.995751445717
0.00859375		0.404159238182	0.995621841687
0.00890625		0.403948729977	0.995492172205
0.00921875		0.40373819001	0.995362432458
0.00953125		0.403527611523	0.995232618209
0.00984375		0.403316988338	0.995102725571
0.01015625		0.403106315076	0.994972751147
0.01046875		0.40289558729	0.994842692108
0.01078125		0.40268480134	0.99471254612
0.01109375		0.40247395418	0.994582311214
0.01140625		0.402263043189	0.994451985677
0.01171875		0.40205206607	0.994321567995
0.01203125		0.401841020821	0.994191056835
0.01234375		0.401629905672	0.994060451004
0.01265625		0.401418719043	0.993929749427
0.01296875		0.401207459529	0.993798951133
0.01328125		0.400996125911	0.993668055266
0.01359375		0.400784717174	0.993537061094
0.01390625		0.400573232457	0.993405967982
0.01421875		0.400361670964	0.993274775331
0.01453125		0.400150031944	0.99314348257
0.01484375		0.39993831472	0.993012089175
0.01515625		0.399726518706	0.992880594675
0.01546875		0.399514643392	0.992748998646
0.01578125		0.399302688326	0.992617300701
0.01609375		0.399090653103	0.992485500479
0.01640625		0.398878537355	0.992353597644
0.01671875		0.398666340744	0.992221591876
0.01703125		0.398454062964	0.992089482876
0.01734375		0.398241703737	0.99195727036
0.01765625		0.398029262811	0.991824954062
0.01796875		0.397816739958	0.991692533729
0.01828125		0.397604134965	0.991560009117
0.01859375		0.397391447631	0.991427379989
0.01890625		0.397178677766	0.991294646116
0.01921875		0.396965825196	0.991161807276
0.01953125		0.396752889755	0.991028863255
0.01984375		0.396539871292	0.990895813844
0.02015625		0.396326769662	0.99076265884
0.02046875		0.396113584728	0.990629398044
0.02078125		0.395900316356	0.990496031258
0.02109375		0.39568696442	0.990362558291
0.02140625		0.395473528799	0.99022897895
0.02171875		0.395260009376	0.99009529305
0.02203125		0.395046406041	0.989961500405
0.02234375		0.394832718683	0.989827600832
0.02265625		0.394618947195	0.989693594148
0.02296875		0.394405091476	0.989559480171
0.02328125		0.394191151422	0.989425258724
0.02359375		0.393977126934	0.989290929625
0.02390625		0.393763017916	0.989156492699
0.02421875		0.393548824271	0.989021947766
0.02453125		0.393334545903	0.988887294651
0.02484375		0.39312018272	0.988752533176
0.02515625		0.392905734629	0.988617663166
0.02546875		0.392691201539	0.988482684444
0.02578125		0.392476583358	0.988347596835
0.02609375		0.392261879997	0.988212400164
0.02640625		0.392047091366	0.988077094255
0.02671875		0.391832217377	0.987941678931
0.02703125		0.391617257939	0.987806154018
0.02734375		0.391402212966	0.98767051934
0.02765625		0.391187082369	0.987534774721
0.02796875		0.390971866061	0.987398919984
0.02828125		0.390756563954	0.987262954954
0.02859375		0.390541175961	0.987126879455
0.02890625		0.390325701994	0.986990693308
0.02921875		0.390110141967	0.986854396338
0.02953125		0.389894495792	0.986717988367
0.02984375		0.389678763382	0.986581469217
0.03015625		0.389462944651	0.986444838711
0.03046875		0.389247039512	0.98630809667
0.03078125		0.389031047876	0.986171242915
0.03109375		0.388814969658	0.986034277268
0.03140625		0.388598804771	0.98589719955
0.03171875		0.388382553126	0.98576000958
0.03203125		0.388166214636	0.985622707178
0.03234375		0.387949789216	0.985485292164
0.03265625		0.387733276776	0.985347764357
0.03296875		0.387516677229	0.985210123576
0.03328125		0.387299990488	0.985072369638
0.03359375		0.387083216465	0.984934502362
0.03390625		0.386866355071	0.984796521565
0.03421875		0.386649406219	0.984658427064
0.03453125		0.386432369821	0.984520218675
0.03484375		0.386215245788	0.984381896215
0.03515625		0.385998034032	0.9842434595
0.03546875		0.385780734464	0.984104908343
0.03578125		0.385563346995	0.983966242561
0.03609375		0.385345871536	0.983827461967
0.03640625		0.385128307998	0.983688566375
0.03671875		0.384910656291	0.983549555598
0.03703125		0.384692916328	0.98341042945
0.03734375		0.384475088016	0.983271187743
0.03765625		0.384257171268	0.983131830289
0.03796875		0.384039165992	0.982992356898
0.03828125		0.383821072099	0.982852767383
0.03859375		0.383602889498	0.982713061554
0.03890625		0.383384618099	0.982573239221
0.03921875		0.383166257811	0.982433300192
0.03953125		0.382947808543	0.982293244279
0.03984375		0.382729270204	0.982153071288
0.04015625		0.382510642703	0.982012781029
0.04046875		0.382291925949	0.981872373308
0.04078125		0.38207311985	0.981731847933
0.04109375		0.381854224313	0.981591204711
0.04140625		0.381635239248	0.981450443447
0.04171875		0.381416164561	0.981309563948
0.04203125		0.381197000162	0.981168566018
0.04234375		0.380977745956	0.981027449463
0.04265625		0.380758401851	0.980886214085
0.04296875		0.380538967754	0.980744859689
0.04328125		0.380319443573	0.980603386078
0.04359375		0.380099829214	0.980461793055
0.04390625		0.379880124583	0.980320080422
0.04421875		0.379660329586	0.98017824798
0.04453125		0.379440444131	0.98003629553
0.04484375		0.379220468122	0.979894222873
0.04515625		0.379000401465	0.979752029809
0.04546875		0.378780244066	0.979609716137
0.04578125		0.37855999583	0.979467281657
0.04609375		0.378339656663	0.979324726167
0.04640625		0.378119226469	0.979182049465
0.04671875		0.377898705152	0.979039251348
0.04703125		0.377678092618	0.978896331613
0.04734375		0.377457388771	0.978753290057
0.04765625		0.377236593515	0.978610126475
0.04796875		0.377015706753	0.978466840663
0.04828125		0.37679472839	0.978323432415
0.04859375		0.376573658329	0.978179901526
0.04890625		0.376352496473	0.978036247789
0.04921875		0.376131242725	0.977892470998
0.04953125		0.375909896989	0.977748570944
0.04984375		0.375688459166	0.977604547421
0.05015625		0.37546692916	0.977460400219
0.05046875		0.375245306872	0.97731612913
0.05078125		0.375023592205	0.977171733943
0.05109375		0.374801785061	0.977027214449
0.05140625		0.374579885341	0.976882570437
0.05171875		0.374357892946	0.976737801695
0.05203125		0.374135807779	0.976592908012
0.05234375		0.373913629739	0.976447889176
0.05265625		0.373691358727	0.976302744973
0.05296875		0.373468994645	0.97615747519
0.05328125		0.373246537392	0.976012079612
0.05359375		0.373023986869	0.975866558026
0.05390625		0.372801342976	0.975720910215
0.05421875		0.372578605612	0.975575135964
0.05453125		0.372355774677	0.975429235056
0.05484375		0.37213285007	0.975283207275
0.05515625		0.37190983169	0.975137052403
0.05546875		0.371686719436	0.974990770222
0.05578125		0.371463513207	0.974844360512
0.05609375		0.371240212901	0.974697823056
0.05640625		0.371016818416	0.974551157632
0.05671875		0.37079332965	0.97440436402
0.05703125		0.370569746501	0.974257441999
0.05734375		0.370346068867	0.974110391347
0.05765625		0.370122296645	0.973963211843
0.05796875		0.369898429732	0.973815903262
0.05828125		0.369674468024	0.973668465382
0.05859375		0.369450411418	0.973520897979
0.05890625		0.369226259812	0.973373200827
0.05921875		0.3690020131	0.973225373702
0.05953125		0.368777671179	0.973077416377
0.05984375		0.368553233945	0.972929328626
0.06015625		0.368328701292	0.972781110222
0.06046875		0.368104073117	0.972632760937
0.06078125		0.367879349315	0.972484280542
0.06109375		0.367654529779	0.972335668808
0.06140625		0.367429614405	0.972186925506
0.06171875		0.367204603087	0.972038050405
0.06203125		0.366979495719	0.971889043275
0.06234375		0.366754292196	0.971739903884
0.06265625		0.366528992409	0.971590631999
0.06296875		0.366303596254	0.971441227389
0.06328125		0.366078103623	0.971291689818
0.06359375		0.365852514409	0.971142019054
0.06390625		0.365626828505	0.970992214861
0.06421875		0.365401045802	0.970842277004
0.06453125		0.365175166195	0.970692205247
0.06484375		0.364949189573	0.970541999353
0.06515625		0.36472311583	0.970391659085
0.06546875		0.364496944856	0.970241184205
0.06578125		0.364270676542	0.970090574474
0.06609375		0.364044310781	0.969939829652
0.06640625		0.363817847462	0.9697889495
0.06671875		0.363591286475	0.969637933777
0.06703125		0.363364627712	0.969486782242
0.06734375		0.363137871063	0.969335494653
0.06765625		0.362911016416	0.969184070766
0.06796875		0.362684063662	0.969032510338
0.06828125		0.362457012689	0.968880813127
0.06859375		0.362229863387	0.968728978885
0.06890625		0.362002615645	0.968577007369
0.06921875		0.36177526935	0.968424898332
0.06953125		0.361547824392	0.968272651528
0.06984375		0.361320280658	0.968120266708
0.07015625		0.361092638037	0.967967743625
0.07046875		0.360864896414	0.967815082029
0.07078125		0.360637055679	0.967662281672
0.07109375		0.360409115717	0.967509342302
0.07140625		0.360181076415	0.967356263669
0.07171875		0.359952937661	0.967203045521
0.07203125		0.359724699339	0.967049687605
0.07234375		0.359496361337	0.966896189669
0.07265625		0.359267923539	0.966742551459
0.07296875		0.359039385831	0.966588772719
0.07328125		0.358810748099	0.966434853195
0.07359375		0.358582010226	0.966280792631
0.07390625		0.358353172099	0.96612659077
0.07421875		0.358124233601	0.965972247354
0.07453125		0.357895194616	0.965817762125
0.07484375		0.357666055028	0.965663134824
0.07515625		0.35743681472	0.965508365192
0.07546875		0.357207473577	0.965353452968
0.07578125		0.356978031481	0.96519839789
0.07609375		0.356748488314	0.965043199698
0.07640625		0.35651884396	0.964887858128
0.07671875		0.356289098299	0.964732372916
0.07703125		0.356059251216	0.964576743799
0.07734375		0.35582930259	0.964420970511
0.07765625		0.355599252303	0.964265052788
0.07796875		0.355369100237	0.964108990361
0.07828125		0.355138846273	0.963952782965
0.07859375		0.35490849029	0.963796430331
0.07890625		0.354678032169	0.96363993219
0.07921875		0.35444747179	0.963483288272
0.07953125		0.354216809034	0.963326498308
0.07984375		0.353986043778	0.963169562026
0.08015625		0.353755175903	0.963012479154
0.08046875		0.353524205287	0.96285524942
0.08078125		0.353293131809	0.962697872549
0.08109375		0.353061955347	0.962540348268
0.08140625		0.352830675779	0.962382676301
0.08171875		0.352599292983	0.962224856373
0.08203125		0.352367806836	0.962066888207
0.08234375		0.352136217216	0.961908771525
0.08265625		0.351904523998	0.961750506048
0.08296875		0.351672727061	0.961592091499
0.08328125		0.35144082628	0.961433527596
0.08359375		0.35120882153	0.961274814059
0.08390625		0.350976712689	0.961115950606
0.08421875		0.35074449963	0.960956936955
0.08453125		0.35051218223	0.960797772822
0.08484375		0.350279760362	0.960638457924
0.08515625		0.350047233902	0.960478991975
0.08546875		0.349814602724	0.96031937469
0.08578125		0.3495818667	0.960159605782
0.08609375		0.349349025706	0.959999684963
0.08640625		0.349116079615	0.959839611945
0.08671875		0.348883028298	0.959679386439
0.08703125		0.34864987163	0.959519008154
0.08734375		0.348416609482	0.9593584768
0.08765625		0.348183241726	0.959197792085
0.08796875		0.347949768234	0.959036953717
0.08828125		0.347716188878	0.958875961401
0.08859375		0.347482503529	0.958714814843
0.08890625		0.347248712057	0.958553513748
0.08921875		0.347014814333	0.958392057821
0.08953125		0.346780810227	0.958230446762
0.08984375		0.346546699609	0.958068680276
0.09015625		0.346312482349	0.957906758062
0.09046875		0.346078158315	0.957744679821
0.09078125		0.345843727378	0.957582445253
0.09109375		0.345609189404	0.957420054056
0.09140625		0.345374544264	0.957257505927
0.09171875		0.345139791823	0.957094800562
0.09203125		0.344904931951	0.956931937659
0.09234375		0.344669964515	0.956768916911
0.09265625		0.344434889381	0.956605738012
0.09296875		0.344199706416	0.956442400655
0.09328125		0.343964415487	0.956278904532
0.09359375		0.343729016459	0.956115249334
0.09390625		0.343493509198	0.955951434752
0.09421875		0.34325789357	0.955787460474
0.09453125		0.343022169439	0.955623326189
0.09484375		0.34278633667	0.955459031583
0.09515625		0.342550395128	0.955294576344
0.09546875		0.342314344677	0.955129960156
0.09578125		0.342078185179	0.954965182704
0.09609375		0.341841916499	0.954800243671
0.09640625		0.3416055385	0.95463514274
0.09671875		0.341369051044	0.954469879592
0.09703125		0.341132453993	0.954304453908
0.09734375		0.340895747209	0.954138865367
0.09765625		0.340658930555	0.953973113648
0.09796875		0.340422003891	0.953807198428
0.09828125		0.340184967078	0.953641119384
0.09859375		0.339947819977	0.953474876191
0.09890625		0.339710562448	0.953308468524
0.09921875		0.339473194351	0.953141896056
0.09953125		0.339235715545	0.95297515846
0.09984375		0.33899812589	0.952808255407
0.10015625		0.338760425244	0.952641186568
0.10046875		0.338522613466	0.952473951612
0.10078125		0.338284690414	0.952306550208
0.10109375		0.338046655946	0.952138982023
0.10140625		0.337808509919	0.951971246722
0.10171875		0.337570252191	0.951803343973
0.10203125		0.337331882617	0.951635273438
0.10234375		0.337093401054	0.951467034781
0.10265625		0.336854807358	0.951298627665
0.10296875		0.336616101385	0.951130051749
0.10328125		0.336377282989	0.950961306695
0.10359375		0.336138352026	0.950792392161
0.10390625		0.335899308351	0.950623307804
0.10421875		0.335660151816	0.950454053283
0.10453125		0.335420882276	0.950284628252
0.10484375		0.335181499585	0.950115032366
0.10515625		0.334942003595	0.949945265278
0.10546875		0.334702394159	0.949775326642
0.10578125		0.334462671128	0.949605216108
0.10609375		0.334222834356	0.949434933326
0.10640625		0.333982883692	0.949264477946
0.10671875		0.333742818989	0.949093849615
0.10703125		0.333502640098	0.948923047981
0.10734375		0.333262346867	0.948752072689
0.10765625		0.333021939148	0.948580923384
0.10796875		0.332781416789	0.948409599708
0.10828125		0.33254077964	0.948238101306
0.10859375		0.33230002755	0.948066427817
0.10890625		0.332059160367	0.947894578882
0.10921875		0.331818177938	0.947722554139
0.10953125		0.331577080112	0.947550353226
0.10984375		0.331335866736	0.94737797578
0.11015625		0.331094537656	0.947205421437
0.11046875		0.330853092719	0.94703268983
0.11078125		0.33061153177	0.946859780592
0.11109375		0.330369854655	0.946686693355
0.11140625		0.33012806122	0.94651342775
0.11171875		0.329886151309	0.946339983406
0.11203125		0.329644124766	0.946166359951
0.11234375		0.329401981436	0.945992557013
0.11265625		0.329159721161	0.945818574217
0.11296875		0.328917343785	0.945644411188
0.11328125		0.328674849151	0.945470067549
0.11359375		0.328432237101	0.945295542923
0.11390625		0.328189507476	0.94512083693
0.11421875		0.327946660119	0.944945949189
0.11453125		0.327703694869	0.94477087932
0.11484375		0.327460611568	0.944595626939
0.11515625		0.327217410056	0.944420191662
0.11546875		0.326974090173	0.944244573105
0.11578125		0.326730651757	0.944068770879
0.11609375		0.326487094649	0.943892784598
0.11640625		0.326243418685	0.943716613872
0.11671875		0.325999623704	0.943540258311
0.11703125		0.325755709545	0.943363717523
0.11734375		0.325511676043	0.943186991115
0.11765625		0.325267523036	0.943010078693
0.11796875		0.325023250359	0.94283297986
0.11828125		0.324778857849	0.94265569422
0.11859375		0.324534345342	0.942478221375
0.11890625		0.324289712671	0.942300560925
0.11921875		0.324044959672	0.942122712468
0.11953125		0.323800086178	0.941944675604
0.11984375		0.323555092024	0.941766449927
0.12015625		0.323309977041	0.941588035033
0.12046875		0.323064741064	0.941409430516
0.12078125		0.322819383923	0.941230635969
0.12109375		0.322573905452	0.94105165098
0.12140625		0.322328305481	0.940872475142
0.12171875		0.322082583841	0.94069310804
0.12203125		0.321836740362	0.940513549264
0.12234375		0.321590774875	0.940333798396
0.12265625		0.321344687209	0.940153855023
0.12296875		0.321098477192	0.939973718725
0.12328125		0.320852144654	0.939793389085
0.12359375		0.320605689422	0.939612865682
0.12390625		0.320359111324	0.939432148095
0.12421875		0.320112410188	0.9392512359
0.12453125		0.319865585839	0.939070128672
0.12484375		0.319618638104	0.938888825986
0.12515625		0.319371566808	0.938707327415
0.12546875		0.319124371778	0.938525632528
0.12578125		0.318877052836	0.938343740897
0.12609375		0.318629609809	0.938161652088
0.12640625		0.318382042518	0.937979365669
0.12671875		0.318134350788	0.937796881205
0.12703125		0.317886534442	0.93761419826
0.12734375		0.317638593301	0.937431316395
0.12765625		0.317390527187	0.937248235171
0.12796875		0.317142335922	0.937064954148
0.12828125		0.316894019327	0.936881472883
0.12859375		0.31664557722	0.936697790932
0.12890625		0.316397009423	0.93651390785
0.12921875		0.316148315755	0.93632982319
0.12953125		0.315899496034	0.936145536502
0.12984375		0.315650550078	0.935961047338
0.13015625		0.315401477705	0.935776355245
0.13046875		0.315152278733	0.935591459771
0.13078125		0.314902952978	0.93540636046
0.13109375		0.314653500256	0.935221056856
0.13140625		0.314403920382	0.9350355485
0.13171875		0.314154213173	0.934849834935
0.13203125		0.313904378441	0.934663915697
0.13234375		0.313654416003	0.934477790325
0.13265625		0.31340432567	0.934291458353
0.13296875		0.313154107257	0.934104919317
0.13328125		0.312903760574	0.933918172747
0.13359375		0.312653285436	0.933731218175
0.13390625		0.312402681652	0.93354405513
0.13421875		0.312151949033	0.933356683138
0.13453125		0.31190108739	0.933169101726
0.13484375		0.311650096533	0.932981310418
0.13515625		0.311398976271	0.932793308735
0.13546875		0.311147726412	0.932605096198
0.13578125		0.310896346765	0.932416672327
0.13609375		0.310644837136	0.932228036638
0.13640625		0.310393197334	0.932039188647
0.13671875		0.310141427164	0.931850127867
0.13703125		0.309889526433	0.93166085381
0.13734375		0.309637494945	0.931471365986
0.13765625		0.309385332506	0.931281663905
0.13796875		0.309133038919	0.931091747072
0.13828125		0.308880613988	0.930901614993
0.13859375		0.308628057516	0.93071126717
0.13890625		0.308375369306	0.930520703105
0.13921875		0.308122549159	0.930329922298
0.13953125		0.307869596877	0.930138924246
0.13984375		0.30761651226	0.929947708445
0.14015625		0.307363295109	0.929756274389
0.14046875		0.307109945222	0.929564621571
0.14078125		0.3068564624	0.92937274948
0.14109375		0.30660284644	0.929180657606
0.14140625		0.30634909714	0.928988345435
0.14171875		0.306095214297	0.928795812451
0.14203125		0.305841197707	0.928603058139
0.14234375		0.305587047168	0.928410081978
0.14265625		0.305332762473	0.928216883448
0.14296875		0.305078343418	0.928023462027
0.14328125		0.304823789796	0.927829817189
0.14359375		0.304569101402	0.927635948408
0.14390625		0.304314278028	0.927441855156
0.14421875		0.304059319466	0.927247536901
0.14453125		0.303804225509	0.927052993112
0.14484375		0.303548995946	0.926858223254
0.14515625		0.303293630569	0.92666322679
0.14546875		0.303038129167	0.926468003183
0.14578125		0.302782491529	0.926272551892
0.14609375		0.302526717444	0.926076872374
0.14640625		0.302270806699	0.925880964086
0.14671875		0.302014759083	0.92568482648
0.14703125		0.30175857438	0.925488459008
0.14734375		0.301502252378	0.925291861121
0.14765625		0.301245792862	0.925095032264
0.14796875		0.300989195615	0.924897971884
0.14828125		0.300732460423	0.924700679424
0.14859375		0.300475587067	0.924503154325
0.14890625		0.300218575332	0.924305396026
0.14921875		0.299961424999	0.924107403964
0.14953125		0.299704135849	0.923909177574
0.14984375		0.299446707663	0.923710716289
0.15015625		0.299189140221	0.92351201954
0.15046875		0.298931433302	0.923313086754
0.15078125		0.298673586684	0.923113917358
0.15109375		0.298415600147	0.922914510777
0.15140625		0.298157473466	0.922714866432
0.15171875		0.297899206418	0.922514983742
0.15203125		0.29764079878	0.922314862126
0.15234375		0.297382250326	0.922114500999
0.15265625		0.297123560831	0.921913899773
0.15296875		0.296864730069	0.92171305786
0.15328125		0.296605757812	0.921511974668
0.15359375		0.296346643833	0.921310649603
0.15390625		0.296087387904	0.92110908207
0.15421875		0.295827989796	0.92090727147
0.15453125		0.295568449278	0.920705217202
0.15484375		0.29530876612	0.920502918665
0.15515625		0.295048940092	0.920300375251
0.15546875		0.294788970961	0.920097586354
0.15578125		0.294528858494	0.919894551364
0.15609375		0.294268602458	0.919691269669
0.15640625		0.294008202618	0.919487740654
0.15671875		0.293747658741	0.919283963702
0.15703125		0.29348697059	0.919079938193
0.15734375		0.293226137929	0.918875663506
0.15765625		0.29296516052	0.918671139017
0.15796875		0.292704038126	0.918466364098
0.15828125		0.292442770509	0.91826133812
0.15859375		0.292181357428	0.918056060453
0.15890625		0.291919798644	0.917850530461
0.15921875		0.291658093915	0.917644747508
0.15953125		0.291396243	0.917438710955
0.15984375		0.291134245657	0.91723242016
0.16015625		0.290872101641	0.91702587448
0.16046875		0.29060981071	0.916819073267
0.16078125		0.290347372618	0.916612015872
0.16109375		0.29008478712	0.916404701643
0.16140625		0.289822053969	0.916197129927
0.16171875		0.289559172918	0.915989300065
0.16203125		0.289296143719	0.915781211398
0.16234375		0.289032966123	0.915572863264
0.16265625		0.28876963988	0.915364254999
0.16296875		0.288506164741	0.915155385933
0.16328125		0.288242540454	0.914946255398
0.16359375		0.287978766766	0.91473686272
0.16390625		0.287714843425	0.914527207224
0.16421875		0.287450770178	0.91431728823
0.16453125		0.287186546769	0.914107105059
0.16484375		0.286922172943	0.913896657027
0.16515625		0.286657648444	0.913685943446
0.16546875		0.286392973015	0.913474963627
0.16578125		0.286128146398	0.913263716878
0.16609375		0.285863168335	0.913052202505
0.16640625		0.285598038565	0.912840419809
0.16671875		0.285332756828	0.91262836809
0.16703125		0.285067322863	0.912416046644
0.16734375		0.284801736408	0.912203454766
0.16765625		0.284535997199	0.911990591745
0.16796875		0.284270104973	0.911777456869
0.16828125		0.284004059464	0.911564049424
0.16859375		0.283737860408	0.911350368692
0.16890625		0.283471507537	0.911136413952
0.16921875		0.283205000584	0.910922184479
0.16953125		0.28293833928	0.910707679547
0.16984375		0.282671523357	0.910492898426
0.17015625		0.282404552544	0.910277840384
0.17046875		0.28213742657	0.910062504683
0.17078125		0.281870145162	0.909846890586
0.17109375		0.281602708049	0.90963099735
0.17140625		0.281335114955	0.909414824231
0.17171875		0.281067365607	0.909198370479
0.17203125		0.280799459729	0.908981635343
0.17234375		0.280531397043	0.90876461807
0.17265625		0.280263177273	0.908547317901
0.17296875		0.27999480014	0.908329734076
0.17328125		0.279726265364	0.90811186583
0.17359375		0.279457572664	0.907893712397
0.17390625		0.27918872176	0.907675273006
0.17421875		0.278919712369	0.907456546883
0.17453125		0.278650544208	0.907237533251
0.17484375		0.278381216992	0.907018231331
0.17515625		0.278111730437	0.906798640339
0.17546875		0.277842084254	0.906578759487
0.17578125		0.277572278159	0.906358587986
0.17609375		0.277302311862	0.906138125042
0.17640625		0.277032185073	0.905917369858
0.17671875		0.276761897504	0.905696321634
0.17703125		0.276491448862	0.905474979567
0.17734375		0.276220838855	0.905253342848
0.17765625		0.275950067189	0.905031410668
0.17796875		0.275679133571	0.904809182212
0.17828125		0.275408037706	0.904586656663
0.17859375		0.275136779296	0.904363833199
0.17890625		0.274865358044	0.904140710996
0.17921875		0.274593773652	0.903917289226
0.17953125		0.274322025821	0.903693567058
0.17984375		0.274050114249	0.903469543654
0.18015625		0.273778038635	0.903245218178
0.18046875		0.273505798677	0.903020589785
0.18078125		0.27323339407	0.90279565763
0.18109375		0.272960824509	0.902570420862
0.18140625		0.27268808969	0.902344878629
0.18171875		0.272415189304	0.902119030072
0.18203125		0.272142123043	0.90189287433
0.18234375		0.271868890599	0.901666410539
0.18265625		0.271595491661	0.90143963783
0.18296875		0.271321925918	0.901212555329
0.18328125		0.271048193056	0.900985162161
0.18359375		0.270774292763	0.900757457446
0.18390625		0.270500224723	0.900529440298
0.18421875		0.270225988621	0.900301109831
0.18453125		0.269951584139	0.900072465152
0.18484375		0.26967701096	0.899843505365
0.18515625		0.269402268763	0.899614229571
0.18546875		0.269127357229	0.899384636864
0.18578125		0.268852276035	0.899154726338
0.18609375		0.268577024859	0.898924497081
0.18640625		0.268301603377	0.898693948175
0.18671875		0.268026011263	0.898463078701
0.18703125		0.267750248191	0.898231887735
0.18734375		0.267474313834	0.898000374348
0.18765625		0.267198207862	0.897768537607
0.18796875		0.266921929946	0.897536376576
0.18828125		0.266645479754	0.897303890313
0.18859375		0.266368856954	0.897071077873
0.18890625		0.266092061213	0.896837938307
0.18921875		0.265815092194	0.89660447066
0.18953125		0.265537949563	0.896370673974
0.18984375		0.265260632981	0.896136547286
0.19015625		0.264983142111	0.89590208963
0.19046875		0.264705476611	0.895667300034
0.19078125		0.264427636142	0.895432177522
0.19109375		0.26414962036	0.895196721114
0.19140625		0.263871428922	0.894960929824
0.19171875		0.263593061483	0.894724802664
0.19203125		0.263314517696	0.894488338639
0.19234375		0.263035797214	0.894251536752
0.19265625		0.262756899688	0.894014395997
0.19296875		0.262477824767	0.893776915369
0.19328125		0.262198572101	0.893539093855
0.19359375		0.261919141336	0.893300930437
0.19390625		0.261639532117	0.893062424093
0.19421875		0.26135974409	0.892823573797
0.19453125		0.261079776898	0.892584378517
0.19484375		0.260799630182	0.892344837218
0.19515625		0.260519303582	0.892104948857
0.19546875		0.260238796738	0.89186471239
0.19578125		0.259958109287	0.891624126765
0.19609375		0.259677240865	0.891383190926
0.19640625		0.259396191107	0.891141903812
0.19671875		0.259114959647	0.890900264358
0.19703125		0.258833546116	0.890658271493
0.19734375		0.258551950146	0.890415924141
0.19765625		0.258270171364	0.890173221221
0.19796875		0.2579882094	0.889930161646
0.19828125		0.257706063879	0.889686744326
0.19859375		0.257423734425	0.889442968164
0.19890625		0.257141220663	0.889198832057
0.19921875		0.256858522215	0.8889543349
0.19953125		0.2565756387	0.888709475579
0.19984375		0.256292569737	0.888464252977
0.20015625		0.256009314945	0.888218665972
0.20046875		0.255725873938	0.887972713433
0.20078125		0.255442246332	0.887726394228
0.20109375		0.255158431738	0.887479707218
0.20140625		0.25487442977	0.887232651256
0.20171875		0.254590240036	0.886985225194
0.20203125		0.254305862144	0.886737427874
0.20234375		0.254021295702	0.886489258135
0.20265625		0.253736540315	0.88624071481
0.20296875		0.253451595586	0.885991796726
0.20328125		0.253166461117	0.885742502703
0.20359375		0.252881136509	0.885492831558
0.20390625		0.25259562136	0.8852427821
0.20421875		0.252309915268	0.884992353133
0.20453125		0.252024017828	0.884741543455
0.20484375		0.251737928635	0.884490351858
0.20515625		0.25145164728	0.884238777127
0.20546875		0.251165173355	0.883986818043
0.20578125		0.250878506448	0.883734473379
0.20609375		0.250591646146	0.883481741904
0.20640625		0.250304592036	0.883228622379
0.20671875		0.250017343702	0.88297511356
0.20703125		0.249729900726	0.882721214197
0.20734375		0.249442262687	0.882466923031
0.20765625		0.249154429167	0.8822122388
0.20796875		0.24886639974	0.881957160235
0.20828125		0.248578173984	0.881701686059
0.20859375		0.248289751471	0.88144581499
0.20890625		0.248001131774	0.881189545739
0.20921875		0.247712314463	0.88093287701
0.20953125		0.247423299106	0.880675807503
0.20984375		0.24713408527	0.880418335908
0.21015625		0.246844672519	0.88016046091
0.21046875		0.246555060417	0.879902181187
0.21078125		0.246265248525	0.879643495411
0.21109375		0.245975236402	0.879384402245
0.21140625		0.245685023606	0.879124900349
0.21171875		0.245394609693	0.878864988372
0.21203125		0.245103994215	0.878604664958
0.21234375		0.244813176726	0.878343928745
0.21265625		0.244522156775	0.878082778362
0.21296875		0.24423093391	0.877821212432
0.21328125		0.243939507678	0.877559229571
0.21359375		0.243647877623	0.877296828387
0.21390625		0.243356043287	0.877034007482
0.21421875		0.243064004211	0.876770765448
0.21453125		0.242771759933	0.876507100875
0.21484375		0.24247930999	0.876243012339
0.21515625		0.242186653917	0.875978498413
0.21546875		0.241893791245	0.875713557662
0.21578125		0.241600721506	0.875448188643
0.21609375		0.241307444228	0.875182389903
0.21640625		0.241013958937	0.874916159986
0.21671875		0.240720265158	0.874649497424
0.21703125		0.240426362414	0.874382400744
0.21734375		0.240132250224	0.874114868464
0.21765625		0.239837928108	0.873846899094
0.21796875		0.23954339558	0.873578491138
0.21828125		0.239248652156	0.873309643088
0.21859375		0.238953697347	0.873040353432
0.21890625		0.238658530663	0.872770620648
0.21921875		0.238363151611	0.872500443206
0.21953125		0.238067559698	0.872229819569
0.21984375		0.237771754427	0.871958748188
0.22015625		0.237475735298	0.871687227511
0.22046875		0.23717950181	0.871415255973
0.22078125		0.236883053461	0.871142832004
0.22109375		0.236586389745	0.870869954022
0.22140625		0.236289510154	0.87059662044
0.22171875		0.235992414178	0.870322829659
0.22203125		0.235695101304	0.870048580075
0.22234375		0.235397571019	0.869773870071
0.22265625		0.235099822806	0.869498698025
0.22296875		0.234801856145	0.869223062303
0.22328125		0.234503670515	0.868946961264
0.22359375		0.234205265391	0.868670393258
0.22390625		0.233906640248	0.868393356624
0.22421875		0.233607794558	0.868115849693
0.22453125		0.233308727788	0.867837870788
0.22484375		0.233009439407	0.867559418221
0.22515625		0.232709928877	0.867280490295
0.22546875		0.232410195661	0.867001085303
0.22578125		0.232110239218	0.866721201529
0.22609375		0.231810059005	0.866440837249
0.22640625		0.231509654476	0.866159990726
0.22671875		0.231209025084	0.865878660216
0.22703125		0.230908170276	0.865596843964
0.22734375		0.230607089501	0.865314540206
0.22765625		0.230305782202	0.865031747165
0.22796875		0.230004247821	0.864748463059
0.22828125		0.229702485798	0.864464686092
0.22859375		0.229400495567	0.864180414459
0.22890625		0.229098276565	0.863895646344
0.22921875		0.22879582822	0.863610379922
0.22953125		0.228493149963	0.863324613356
0.22984375		0.228190241219	0.863038344801
0.23015625		0.227887101412	0.862751572397
0.23046875		0.22758372996	0.862464294279
0.23078125		0.227280126284	0.862176508565
0.23109375		0.226976289796	0.861888213368
0.23140625		0.22667221991	0.861599406786
0.23171875		0.226367916036	0.861310086908
0.23203125		0.226063377578	0.861020251811
0.23234375		0.225758603943	0.86072989956
0.23265625		0.225453594529	0.860439028211
0.23296875		0.225148348736	0.860147635807
0.23328125		0.224842865959	0.859855720379
0.23359375		0.22453714559	0.859563279949
0.23390625		0.224231187018	0.859270312524
0.23421875		0.22392498963	0.858976816101
0.23453125		0.223618552809	0.858682788666
0.23484375		0.223311875936	0.858388228191
0.23515625		0.223004958388	0.858093132638
0.23546875		0.22269779954	0.857797499955
0.23578125		0.222390398763	0.857501328079
0.23609375		0.222082755426	0.857204614934
0.23640625		0.221774868893	0.856907358432
0.23671875		0.221466738527	0.856609556472
0.23703125		0.221158363687	0.856311206942
0.23734375		0.220849743729	0.856012307714
0.23765625		0.220540878005	0.855712856651
0.23796875		0.220231765865	0.8554128516
0.23828125		0.219922406655	0.855112290397
0.23859375		0.219612799718	0.854811170862
0.23890625		0.219302944393	0.854509490806
0.23921875		0.218992840019	0.854207248023
0.23953125		0.218682485926	0.853904440294
0.23984375		0.218371881445	0.853601065389
0.24015625		0.218061025904	0.853297121062
0.24046875		0.217749918623	0.852992605052
0.24078125		0.217438558924	0.852687515088
0.24109375		0.217126946122	0.85238184888
0.24140625		0.21681507953	0.852075604129
0.24171875		0.216502958458	0.851768778517
0.24203125		0.21619058221	0.851461369715
0.24234375		0.21587795009	0.851153375378
0.24265625		0.215565061395	0.850844793146
0.24296875		0.215251915421	0.850535620645
0.24328125		0.214938511458	0.850225855485
0.24359375		0.214624848796	0.849915495262
0.24390625		0.214310926718	0.849604537557
0.24421875		0.213996744504	0.849292979936
0.24453125		0.21368230143	0.848980819947
0.24484375		0.213367596771	0.848668055124
0.24515625		0.213052629794	0.848354682988
0.24546875		0.212737399765	0.848040701039
0.24578125		0.212421905946	0.847726106765
0.24609375		0.212106147594	0.847410897636
0.24640625		0.211790123963	0.847095071107
0.24671875		0.211473834302	0.846778624616
0.24703125		0.211157277858	0.846461555583
0.24734375		0.210840453872	0.846143861414
0.24765625		0.210523361582	0.845825539496
0.24796875		0.210206000221	0.8455065872
0.24828125		0.20988836902	0.84518700188
0.24859375		0.209570467203	0.844866780873
0.24890625		0.209252293993	0.844545921497
0.24921875		0.208933848606	0.844224421053
0.24953125		0.208615130256	0.843902276826
0.24984375		0.208296138151	0.843579486082
0.25015625		0.207976871495	0.843256046067
0.25046875		0.20765732949	0.842931954011
0.25078125		0.207337511331	0.842607207126
0.25109375		0.207017416208	0.842281802604
0.25140625		0.206697043311	0.841955737618
0.25171875		0.20637639182	0.841629009324
0.25203125		0.206055460914	0.841301614857
0.25234375		0.205734249767	0.840973551334
0.25265625		0.205412757549	0.840644815852
0.25296875		0.205090983422	0.840315405489
0.25328125		0.204768926548	0.839985317303
0.25359375		0.204446586082	0.83965454833
0.25390625		0.204123961174	0.83932309559
0.25421875		0.20380105097	0.838990956079
0.25453125		0.203477854611	0.838658126774
0.25484375		0.203154371233	0.838324604631
0.25515625		0.202830599968	0.837990386587
0.25546875		0.202506539942	0.837655469554
0.25578125		0.202182190277	0.837319850426
0.25609375		0.20185755009	0.836983526074
0.25640625		0.201532618491	0.836646493347
0.25671875		0.201207394588	0.836308749075
0.25703125		0.200881877482	0.835970290062
0.25734375		0.20055606627	0.835631113091
0.25765625		0.200229960042	0.835291214925
0.25796875		0.199903557885	0.8349505923
0.25828125		0.199576858879	0.834609241933
0.25859375		0.1992498621	0.834267160515
0.25890625		0.198922566618	0.833924344715
0.25921875		0.198594971498	0.833580791177
0.25953125		0.198267075798	0.833236496524
0.25984375		0.197938878572	0.832891457352
0.26015625		0.19761037887	0.832545670234
0.26046875		0.197281575733	0.832199131719
0.26078125		0.196952468198	0.83185183833
0.26109375		0.196623055297	0.831503786565
0.26140625		0.196293336056	0.831154972898
0.26171875		0.195963309495	0.830805393776
0.26203125		0.195632974627	0.830455045622
0.26234375		0.195302330461	0.830103924831
0.26265625		0.194971375999	0.829752027774
0.26296875		0.194640110238	0.829399350792
0.26328125		0.194308532168	0.829045890203
0.26359375		0.193976640773	0.828691642296
0.26390625		0.193644435032	0.828336603333
0.26421875		0.193311913916	0.827980769548
0.26453125		0.192979076391	0.827624137148
0.26484375		0.192645921417	0.82726670231
0.26515625		0.192312447947	0.826908461186
0.26546875		0.191978654928	0.826549409896
0.26578125		0.1916445413	0.826189544531
0.26609375		0.191310105997	0.825828861156
0.26640625		0.190975347946	0.825467355803
0.26671875		0.190640266068	0.825105024475
0.26703125		0.190304859277	0.824741863145
0.26734375		0.18996912648	0.824377867757
0.26765625		0.189633066578	0.824013034221
0.26796875		0.189296678464	0.823647358418
0.26828125		0.188959961025	0.823280836197
0.26859375		0.188622913141	0.822913463376
0.26890625		0.188285533684	0.822545235738
0.26921875		0.187947821521	0.822176149038
0.26953125		0.187609775509	0.821806198994
0.26984375		0.187271394499	0.821435381293
0.27015625		0.186932677336	0.821063691588
0.27046875		0.186593622856	0.820691125499
0.27078125		0.186254229888	0.820317678609
0.27109375		0.185914497254	0.81994334647
0.27140625		0.185574423767	0.819568124597
0.27171875		0.185234008235	0.81919200847
0.27203125		0.184893249455	0.818814993534
0.27234375		0.184552146219	0.818437075195
0.27265625		0.184210697309	0.818058248828
0.27296875		0.183868901501	0.817678509765
0.27328125		0.183526757562	0.817297853305
0.27359375		0.18318426425	0.816916274708
0.27390625		0.182841420317	0.816533769195
0.27421875		0.182498224505	0.81615033195
0.27453125		0.182154675549	0.815765958118
0.27484375		0.181810772174	0.815380642803
0.27515625		0.181466513097	0.81499438107
0.27546875		0.181121897029	0.814607167946
0.27578125		0.180776922668	0.814218998413
0.27609375		0.180431588707	0.813829867416
0.27640625		0.180085893828	0.813439769855
0.27671875		0.179739836705	0.813048700592
0.27703125		0.179393416003	0.812656654442
0.27734375		0.179046630378	0.81226362618
0.27765625		0.178699478477	0.811869610536
0.27796875		0.178351958936	0.811474602198
0.27828125		0.178004070384	0.811078595807
0.27859375		0.17765581144	0.810681585961
0.27890625		0.177307180713	0.810283567212
0.27921875		0.176958176802	0.809884534065
0.27953125		0.176608798298	0.809484480979
0.27984375		0.17625904378	0.809083402367
0.28015625		0.175908911818	0.808681292593
0.28046875		0.175558400974	0.808278145974
0.28078125		0.175207509796	0.807873956778
0.28109375		0.174856236825	0.807468719222
0.28140625		0.17450458059	0.807062427476
0.28171875		0.174152539611	0.806655075657
0.28203125		0.173800112396	0.806246657833
0.28234375		0.173447297443	0.805837168019
0.28265625		0.17309409324	0.805426600178
0.28296875		0.172740498263	0.805014948221
0.28328125		0.172386510977	0.804602206004
0.28359375		0.172032129838	0.80418836733
0.28390625		0.171677353288	0.803773425947
0.28421875		0.17132217976	0.803357375548
0.28453125		0.170966607673	0.802940209769
0.28484375		0.170610635438	0.802521922189
0.28515625		0.170254261451	0.802102506331
0.28546875		0.169897484099	0.801681955659
0.28578125		0.169540301754	0.801260263577
0.28609375		0.169182712779	0.800837423432
0.28640625		0.168824715523	0.800413428508
0.28671875		0.168466308324	0.79998827203
0.28703125		0.168107489506	0.799561947159
0.28734375		0.167748257382	0.799134446996
0.28765625		0.167388610251	0.798705764576
0.28796875		0.167028546401	0.798275892872
0.28828125		0.166668064105	0.797844824792
0.28859375		0.166307161623	0.797412553176
0.28890625		0.165945837204	0.796979070798
0.28921875		0.165584089082	0.796544370368
0.28953125		0.165221915477	0.796108444523
0.28984375		0.164859314596	0.795671285834
0.29015625		0.164496284632	0.795232886799
0.29046875		0.164132823765	0.794793239849
0.29078125		0.163768930159	0.79435233734
0.29109375		0.163404601965	0.793910171556
0.29140625		0.16303983732	0.793466734708
0.29171875		0.162674634344	0.793022018931
0.29203125		0.162308991145	0.792576016286
0.29234375		0.161942905815	0.792128718756
0.29265625		0.16157637643	0.791680118247
0.29296875		0.161209401051	0.791230206586
0.29328125		0.160841977725	0.790778975521
0.29359375		0.160474104482	0.790326416717
0.29390625		0.160105779337	0.78987252176
0.29421875		0.159737000287	0.789417282152
0.29453125		0.159367765316	0.78896068931
0.29484375		0.158998072388	0.788502734568
0.29515625		0.158627919454	0.78804340917
0.29546875		0.158257304446	0.787582704277
0.29578125		0.157886225279	0.787120610959
0.29609375		0.157514679852	0.786657120195
0.29640625		0.157142666046	0.786192222874
0.29671875		0.156770181724	0.785725909795
0.29703125		0.156397224732	0.785258171658
0.29734375		0.156023792898	0.784788999074
0.29765625		0.155649884031	0.784318382553
0.29796875		0.155275495921	0.78384631251
0.29828125		0.154900626342	0.783372779261
0.29859375		0.154525273046	0.78289777302
0.29890625		0.154149433769	0.782421283901
0.29921875		0.153773106224	0.781943301913
0.29953125		0.153396288108	0.781463816963
0.29984375		0.153018977096	0.780982818849
0.30015625		0.152641170843	0.780500297264
0.30046875		0.152262866985	0.780016241789
0.30078125		0.151884063136	0.779530641896
0.30109375		0.151504756889	0.779043486945
0.30140625		0.151124945818	0.778554766181
0.30171875		0.150744627473	0.778064468733
0.30203125		0.150363799385	0.777572583614
0.30234375		0.149982459061	0.777079099716
0.30265625		0.149600603986	0.776584005813
0.30296875		0.149218231624	0.776087290554
0.30328125		0.148835339414	0.775588942464
0.30359375		0.148451924775	0.775088949942
0.30390625		0.1480679851	0.774587301259
0.30421875		0.147683517759	0.774083984556
0.30453125		0.147298520098	0.773578987841
0.30484375		0.14691298944	0.77307229899
0.30515625		0.146526923081	0.77256390574
0.30546875		0.146140318295	0.772053795692
0.30578125		0.145753172328	0.771541956306
0.30609375		0.145365482401	0.771028374899
0.30640625		0.144977245712	0.770513038645
0.30671875		0.144588459429	0.76999593457
0.30703125		0.144199120694	0.76947704955
0.30734375		0.143809226624	0.768956370311
0.30765625		0.143418774307	0.768433883425
0.30796875		0.143027760804	0.767909575306
0.30828125		0.142636183146	0.767383432212
0.30859375		0.142244038339	0.766855440237
0.30890625		0.141851323357	0.766325585313
0.30921875		0.141458035147	0.765793853205
0.30953125		0.141064170623	0.765260229507
0.30984375		0.140669726673	0.764724699645
0.31015625		0.140274700152	0.764187248867
0.31046875		0.139879087884	0.763647862244
0.31078125		0.139482886662	0.763106524668
0.31109375		0.139086093248	0.762563220847
0.31140625		0.13868870437	0.762017935301
0.31171875		0.138290716725	0.761470652362
0.31203125		0.137892126976	0.76092135617
0.31234375		0.137492931751	0.760370030668
0.31265625		0.137093127646	0.7598166596
0.31296875		0.136692711221	0.759261226506
0.31328125		0.136291679	0.758703714724
0.31359375		0.135890027474	0.758144107378
0.31390625		0.135487753095	0.757582387382
0.31421875		0.135084852278	0.757018537433
0.31453125		0.134681321404	0.756452540005
0.31484375		0.134277156813	0.755884377351
0.31515625		0.133872354806	0.755314031494
0.31546875		0.133466911649	0.754741484225
0.31578125		0.133060823563	0.7541667171
0.31609375		0.132654086732	0.753589711433
0.31640625		0.1322466973	0.753010448294
0.31671875		0.131838651366	0.752428908505
0.31703125		0.131429944989	0.751845072632
0.31734375		0.131020574186	0.751258920986
0.31765625		0.130610534929	0.750670433614
0.31796875		0.130199823146	0.750079590294
0.31828125		0.12978843472	0.749486370535
0.31859375		0.129376365489	0.748890753565
0.31890625		0.128963611244	0.748292718334
0.31921875		0.128550167731	0.7476922435
0.31953125		0.128136030646	0.74708930743
0.31984375		0.127721195636	0.746483888194
0.32015625		0.1273056583	0.745875963556
0.32046875		0.126889414188	0.74526551097
0.32078125		0.126472458795	0.744652507576
0.32109375		0.126054787569	0.744036930191
0.32140625		0.125636395901	0.743418755305
0.32171875		0.125217279132	0.742797959075
0.32203125		0.124797432546	0.742174517314
0.32234375		0.124376851373	0.741548405492
0.32265625		0.123955530786	0.740919598722
0.32296875		0.123533465901	0.740288071758
0.32328125		0.123110651776	0.739653798985
0.32359375		0.122687083409	0.739016754413
0.32390625		0.122262755738	0.738376911669
0.32421875		0.12183766364	0.737734243991
0.32453125		0.12141180193	0.737088724216
0.32484375		0.120985165359	0.736440324777
0.32515625		0.120557748613	0.735789017692
0.32546875		0.120129546312	0.735134774555
0.32578125		0.119700553011	0.734477566529
0.32609375		0.119270763196	0.733817364336
0.32640625		0.118840171281	0.733154138247
0.32671875		0.118408771614	0.732487858077
0.32703125		0.117976558469	0.731818493169
0.32734375		0.117543526045	0.731146012387
0.32765625		0.117109668469	0.730470384108
0.32796875		0.116674979791	0.729791576209
0.32828125		0.116239453984	0.729109556055
0.32859375		0.115803084943	0.728424290493
0.32890625		0.115365866482	0.727735745833
0.32921875		0.114927792332	0.727043887845
0.32953125		0.114488856143	0.726348681741
0.32984375		0.114049051478	0.725650092164
0.33015625		0.113608371815	0.724948083178
0.33046875		0.113166810544	0.724242618249
0.33078125		0.112724360963	0.723533660241
0.33109375		0.112281016281	0.722821171391
0.33140625		0.111836769611	0.722105113305
0.33171875		0.111391613972	0.721385446937
0.33203125		0.110945542286	0.720662132578
0.33234375		0.110498547376	0.719935129835
0.33265625		0.110050621962	0.719204397623
0.33296875		0.109601758662	0.718469894142
0.33328125		0.10915194999	0.717731576864
0.33359375		0.10870118835	0.716989402513
0.33390625		0.108249466037	0.71624332705
0.33421875		0.107796775236	0.715493305652
0.33453125		0.107343108014	0.714739292695
0.33484375		0.106888456325	0.713981241734
0.33515625		0.106432812001	0.713219105481
0.33546875		0.105976166754	0.712452835788
0.33578125		0.105518512171	0.71168238362
0.33609375		0.105059839711	0.710907699041
0.33640625		0.104600140704	0.710128731183
0.33671875		0.104139406347	0.709345428227
0.33703125		0.103677627704	0.708557737378
0.33734375		0.103214795695	0.707765604839
0.33765625		0.102750901103	0.706968975787
0.33796875		0.102285934565	0.706167794345
0.33828125		0.101819886568	0.705362003554
0.33859375		0.10135274745	0.704551545345
0.33890625		0.100884507392	0.70373636051
0.33921875		0.100415156418	0.702916388671
0.33953125		0.099944684388	0.702091568249
0.33984375		0.0994730809976	0.70126183643
0.34015625		0.0990003357717	0.700427129135
0.34046875		0.098526438061	0.699587380979
0.34078125		0.0980513770383	0.698742525241
0.34109375		0.0975751416938	0.697892493824
0.34140625		0.0970977208308	0.697037217217
0.34171875		0.0966191030612	0.696176624451
0.34203125		0.0961392768007	0.695310643066
0.34234375		0.0956582302639	0.69443919906
0.34265625		0.0951759514594	0.693562216848
0.34296875		0.0946924281844	0.692679619215
0.34328125		0.0942076480197	0.691791327271
0.34359375		0.0937215983237	0.690897260395
0.34390625		0.0932342662272	0.689997336189
0.34421875		0.0927456386269	0.689091470424
0.34453125		0.0922557021798	0.688179576982
0.34484375		0.0917644432966	0.687261567799
0.34515625		0.0912718481351	0.686337352806
0.34546875		0.0907779025939	0.685406839866
0.34578125		0.0902825923046	0.684469934711
0.34609375		0.0897859026252	0.683526540873
0.34640625		0.0892878186324	0.682576559612
0.34671875		0.0887883251137	0.681619889848
0.34703125		0.0882874065595	0.680656428083
0.34734375		0.0877850471545	0.67968606832
0.34765625		0.0872812307691	0.678708701984
0.34796875		0.0867759409509	0.677724217833
0.34828125		0.0862691609145	0.676732501874
0.34859375		0.0857608735324	0.675733437264
0.34890625		0.0852510613249	0.674726904218
0.34921875		0.0847397064494	0.673712779903
0.34953125		0.08422679069	0.672690938337
0.34984375		0.0837122954455	0.671661250275
0.35015625		0.0831962017186	0.670623583097
0.35046875		0.0826784901028	0.669577800684
0.35078125		0.0821591407706	0.668523763296
0.35109375		0.0816381334595	0.667461327436
0.35140625		0.0811154474588	0.666390345718
0.35171875		0.0805910615952	0.665310666717
0.35203125		0.0800649542178	0.664222134822
0.35234375		0.0795371031824	0.663124590074
0.35265625		0.0790074858358	0.662017868008
0.35296875		0.0784760789985	0.660901799469
0.35328125		0.0779428589472	0.659776210437
0.35359375		0.0774078013964	0.658640921834
0.35390625		0.0768708814792	0.657495749322
0.35421875		0.0763320737273	0.656340503094
0.35453125		0.0757913520498	0.655174987648
0.35484375		0.0752486897115	0.65399900156
0.35515625		0.0747040593096	0.652812337233
0.35546875		0.0741574327503	0.651614780643
0.35578125		0.0736087812229	0.650406111062
0.35609375		0.0730580751737	0.649186100777
0.35640625		0.0725052842787	0.647954514783
0.35671875		0.0719503774141	0.646711110465
0.35703125		0.0713933226262	0.645455637263
0.35734375		0.0708340870991	0.644187836313
0.35765625		0.0702726371216	0.642907440073
0.35796875		0.0697089380516	0.641614171925
0.35828125		0.0691429542791	0.640307745752
0.35859375		0.0685746491871	0.638987865494
0.35890625		0.0680039851106	0.637654224673
0.35921875		0.0674309232929	0.636306505893
0.35953125		0.0668554238406	0.634944380306
0.35984375		0.0662774456748	0.633567507049
0.36015625		0.0656969464805	0.632175532639
0.36046875		0.0651138826527	0.630768090338
0.36078125		0.0645282092398	0.629344799468
0.36109375		0.0639398798833	0.627905264689
0.36140625		0.0633488467544	0.626449075221
0.36171875		0.0627550604862	0.624975804021
0.36203125		0.0621584701025	0.623485006902
0.36234375		0.0615590229419	0.621976221584
0.36265625		0.0609566645774	0.620448966691
0.36296875		0.0603513387302	0.618902740664
0.36328125		0.0597429871792	0.6173370206
0.36359375		0.0591315496638	0.615751261012
0.36390625		0.0585169637806	0.614144892487
0.36421875		0.0578991648727	0.612517320244
0.36453125		0.0572780859125	0.610867922586
0.36484375		0.0566536573757	0.609196049228
0.36515625		0.0560258071064	0.607501019491
0.36546875		0.055394460173	0.605782120352
0.36578125		0.0547595387138	0.604038604329
0.36609375		0.0541209617705	0.602269687197
0.36640625		0.0534786451101	0.600474545508
0.36671875		0.052832501033	0.598652313884
0.36703125		0.0521824381659	0.596802082094
0.36734375		0.051528361239	0.594922891846
0.36765625		0.0508701708446	0.5930137333
0.36796875		0.050207763177	0.591073541252
0.36828125		0.0495410297497	0.589101190953
0.36859375		0.0488698570893	0.587095493529
0.36890625		0.0481941264029	0.585055190939
0.36921875		0.0475137132158	0.582978950432
0.36953125		0.0468284869769	0.580865358434
0.36984375		0.0461383106282	0.578712913782
0.37015625		0.0454430401329	0.576520020239
0.37046875		0.0447425239597	0.574284978186
0.37078125		0.0440366025152	0.572005975372
0.37109375		0.0433251075209	0.569681076605
0.37140625		0.0426078613251	0.567308212226
0.37171875		0.0418846761435	0.564885165189
0.37203125		0.0411553532184	0.562409556543
0.37234375		0.0404196818846	0.55987882906
0.37265625		0.0396774385308	0.557290228741
0.37296875		0.0389283854404	0.554640783829
0.37328125		0.0381722694951	0.551927280937
0.37359375		0.0374088207199	0.549146237786
0.37390625		0.0366377506457	0.546293871969
0.37421875		0.035858750461	0.543366065003
0.37453125		0.0350714889177	0.540358320813
0.37484375		0.0342756099505	0.537265717547
0.37515625		0.03347072996	0.534082851415
0.37546875		0.0326564346993	0.530803770893
0.37578125		0.031832275692	0.527421899235
0.37609375		0.0309977660914	0.523929942704
0.37640625		0.0301523758698	0.52031978122
0.37671875		0.0292955262029	0.516582337235
0.37703125		0.0284265828747	0.512707417361
0.37734375		0.0275448484883	0.50868351968
0.37765625		0.0266495532056	0.50449759736
0.37796875		0.0257398436611	0.500134766082
0.37828125		0.024814769589	0.495577938426
0.37859375		0.0238732675588	0.490807362092
0.37890625		0.0229141410158	0.485800029841
0.37921875		0.0219360355433	0.480528915759
0.37953125		0.0209374078686	0.474961972468
0.37984375		0.0199164865619	0.469060793235
0.38015625		0.0188712215297	0.462778794596
0.38046875		0.0177992181314	0.456058696729
0.38078125		0.0166976497797	0.448828947676
0.38109375		0.0155631397622	0.440998509893
0.38140625		0.0143915979134	0.432449015187
0.38171875		0.0131779890901	0.423022508839
0.38203125		0.0119159949699	0.412501415509
0.38234375		0.0105975014169	0.400573901114
0.38265625		0.00921178172552	0.386769523042
0.38296875		0.0077440814568	0.370327440136
0.38328125		0.00617259632696	0.349883130903
0.38359375		0.00451743615366	0.323577312181
0.38390625		0.00292302925117	0.290161058278
0.38421875		0.00157007614219	0.248323791707
0.38453125		0.000614117039776	0.196229363945
0.38484375		0.000115116975698	0.128715117593
0.38515625		5.99446412449e-08	0.0192876643804
0.38546875		4.11708769718e-09	0.0100022670729
0.38578125		4.11315281055e-09	0.0100000001656
0.38609375		4.11315252376e-09	0.01
0.38640625		4.11315252376e-09	0.01
0.38671875		4.11315252376e-09	0.01
0.38703125		4.11315252376e-09	0.01
0.38734375		4.11315252376e-09	0.01
0.38765625		4.11315252376e-09	0.01
0.38796875		4.11315252376e-09	0.01
0.38828125		4.11315252376e-09	0.01
0.38859375		4.11315252376e-09	0.01
0.38890625		4.11315252376e-09	0.01
0.38921875		4.11315252376e-09	0.01
0.38953125		4.11315252376e-09	0.01
0.38984375		4.11315252376e-09	0.01
0.39015625		4.11315252376e-09	0.01
0.39046875		4.11315252376e-09	0.01
0.39078125		4.11315252376e-09	0.01
0.39109375		4.11315252376e-09	0.01
0.39140625		4.11315252376e-09	0.01
0.39171875		4.11315252376e-09	0.01
0.39203125		4.11315252376e-09	0.01
0.39234375		4.11315252376e-09	0.01
0.39265625		4.11315252376e-09	0.01
0.39296875		4.11315252376e-09	0.01
0.39328125		4.11315252376e-09	0.01
0.39359375		4.11315252376e-09	0.01
0.39390625		4.11315252376e-09	0.01
0.39421875		4.11315252376e-09	0.01
0.39453125		4.11315252376e-09	0.01
0.39484375		4.11315252376e-09	0.01
0.39515625		4.11315252376e-09	0.01
0.39546875		4.11315252376e-09	0.01
0.39578125		4.11315252376e-09	0.01
0.39609375		4.11315252376e-09	0.01
0.39640625		4.11315252376e-09	0.01
0.39671875		4.11315252376e-09	0.01
0.39703125		4.11315252376e-09	0.01
0.39734375		4.11315252376e-09	0.01
0.39765625		4.11315252376e-09	0.01
0.39796875		4.11315252376e-09	0.01
0.39828125		4.11315252376e-09	0.01
0.39859375		4.11315252376e-09	0.01
0.39890625		4.11315252376e-09	0.01
0.39921875		4.11315252376e-09	0.01
0.39953125		4.11315252376e-09	0.01
0.39984375		4.11315252376e-09	0.01
0.40015625		4.11315252376e-09	0.01
0.40046875		4.11315252376e-09	0.01
0.40078125		4.11315252376e-09	0.01
0.40109375		4.11315252376e-09	0.01
0.40140625		4.11315252376e-09	0.01
0.40171875		4.11315252376e-09	0.01
0.40203125		4.11315252376e-09	0.01
0.40234375		4.11315252376e-09	0.01
0.40265625		4.11315252376e-09	0.01
0.40296875		4.11315252376e-09	0.01
0.40328125		4.11315252376e-09	0.01
0.40359375		4.11315252376e-09	0.01
0.40390625		4.11315252376e-09	0.01
0.40421875		4.11315252376e-09	0.01
0.40453125		4.11315252376e-09	0.01
0.40484375		4.11315252376e-09	0.01
0.40515625		4.11315252376e-09	0.01
0.40546875		4.11315252376e-09	0.01
0.40578125		4.11315252376e-09	0.01
0.40609375		4.11315252376e-09	0.01
0.40640625		4.11315252376e-09	0.01
0.40671875		4.11315252376e-09	0.01
0.40703125		4.11315252376e-09	0.01
0.40734375		4.11315252376e-09	0.01
0.40765625		4.11315252376e-09	0.01
0.40796875		4.11315252376e-09	0.01
0.40828125		4.11315252376e-09	0.01
0.40859375		4.11315252376e-09	0.01
0.40890625		4.11315252376e-09	0.01
0.40921875		4.11315252376e-09	0.01
0.40953125		4.11315252376e-09	0.01
0.40984375		4.11315252376e-09	0.01
0.41015625		4.11315252376e-09	0.01
0.41046875		4.11315252376e-09	0.01
0.41078125		4.11315252376e-09	0.01
0.41109375		4.11315252376e-09	0.01
0.41140625		4.11315252376e-09	0.01
0.41171875		4.11315252376e-09	0.01
0.41203125		4.11315252376e-09	0.01
0.41234375		4.11315252376e-09	0.01
0.41265625		4.11315252376e-09	0.01
0.41296875		4.11315252376e-09	0.01
0.41328125		4.11315252376e-09	0.01
0.41359375		4.11315252376e-09	0.01
0.41390625		4.11315252376e-09	0.01
0.41421875		4.11315252376e-09	0.01
0.41453125		4.11315252376e-09	0.01
0.41484375		4.11315252376e-09	0.01
0.41515625		4.11315252376e-09	0.01
0.41546875		4.11315252376e-09	0.01
0.41578125		4.11315252376e-09	0.01
0.41609375		4.11315252376e-09	0.01
0.41640625		4.11315252376e-09	0.01
0.41671875		4.11315252376e-09	0.01
0.41703125		4.11315252376e-09	0.01
0.41734375		4.11315252376e-09	0.01
0.41765625		4.11315252376e-09	0.01
0.41796875		4.11315252376e-09	0.01
0.41828125		4.11315252376e-09	0.01
0.41859375		4.11315252376e-09	0.01
0.41890625		4.11315252376e-09	0.01
0.41921875		4.11315252376e-09	0.01
0.41953125		4.11315252376e-09	0.01
0.41984375		4.11315252376e-09	0.01
0.42015625		4.11315252376e-09	0.01
0.42046875		4.11315252376e-09	0.01
0.42078125		4.11315252376e-09	0.01
0.42109375		4.11315252376e-09	0.01
0.42140625		4.11315252376e-09	0.01
0.42171875		4.11315252376e-09	0.01
0.42203125		4.11315252376e-09	0.01
0.42234375		4.11315252376e-09	0.01
0.42265625		4.11315252376e-09	0.01
0.42296875		4.11315252376e-09	0.01
0.42328125		4.11315252376e-09	0.01
0.42359375		4.11315252376e-09	0.01
0.42390625		4.11315252376e-09	0.01
0.42421875		4.11315252376e-09	0.01
0.42453125		4.11315252376e-09	0.01
0.42484375		4.11315252376e-09	0.01
0.42515625		4.11315252376e-09	0.01
0.42546875		4.11315252376e-09	0.01
0.42578125		4.11315252376e-09	0.01
0.42609375		4.11315252376e-09	0.01
0.42640625		4.11315252376e-09	0.01
0.42671875		4.11315252376e-09	0.01
0.42703125		4.11315252376e-09	0.01
0.42734375		4.11315252376e-09	0.01
0.42765625		4.11315252376e-09	0.01
0.42796875		4.11315252376e-09	0.01
0.42828125		4.11315252376e-09	0.01
0.42859375		4.11315252376e-09	0.01
0.42890625		4.11315252376e-09	0.01
0.42921875		4.11315252376e-09	0.01
0.42953125		4.11315252376e-09	0.01
0.42984375		4.11315252376e-09	0.01
0.43015625		4.11315252376e-09	0.01
0.43046875		4.11315252376e-09	0.01
0.43078125		4.11315252376e-09	0.01
0.43109375		4.11315252376e-09	0.01
0.43140625		4.11315252376e-09	0.01
0.43171875		4.11315252376e-09	0.01
0.43203125		4.11315252376e-09	0.01
0.43234375		4.11315252376e-09	0.01
0.43265625		4.11315252376e-09	0.01
0.43296875		4.11315252376e-09	0.01
0.43328125		4.11315252376e-09	0.01
0.43359375		4.11315252376e-09	0.01
0.43390625		4.11315252376e-09	0.01
0.43421875		4.11315252376e-09	0.01
0.43453125		4.11315252376e-09	0.01
0.43484375		4.11315252376e-09	0.01
0.43515625		4.11315252376e-09	0.01
0.43546875		4.11315252376e-09	0.01
0.43578125		4.11315252376e-09	0.01
0.43609375		4.11315252376e-09	0.01
0.43640625		4.11315252376e-09	0.01
0.43671875		4.11315252376e-09	0.01
0.43703125		4.11315252376e-09	0.01
0.43734375		4.11315252376e-09	0.01
0.43765625		4.11315252376e-09	0.01
0.43796875		4.11315252376e-09	0.01
0.43828125		4.11315252376e-09	0.01
0.43859375		4.11315252376e-09	0.01
0.43890625		4.11315252376e-09	0.01
0.43921875		4.11315252376e-09	0.01
0.43953125		4.11315252376e-09	0.01
0.43984375		4.11315252376e-09	0.01
0.44015625		4.11315252376e-09	0.01
0.44046875		4.11315252376e-09	0.01
0.44078125		4.11315252376e-09	0.01
0.44109375		4.11315252376e-09	0.01
0.44140625		4.11315252376e-09	0.01
0.44171875		4.11315252376e-09	0.01
0.44203125		4.11315252376e-09	0.01
0.44234375		4.11315252376e-09	0.01
0.44265625		4.11315252376e-09	0.01
0.44296875		4.11315252376e-09	0.01
0.44328125		4.11315252376e-09	0.01
0.44359375		4.11315252376e-09	0.01
0.44390625		4.11315252376e-09	0.01
0.44421875		4.11315252376e-09	0.01
0.44453125		4.11315252376e-09	0.01
0.44484375		4.11315252376e-09	0.01
0.44515625		4.11315252376e-09	0.01
0.44546875		4.11315252376e-09	0.01
0.44578125		4.11315252376e-09	0.01
0.44609375		4.11315252376e-09	0.01
0.44640625		4.11315252376e-09	0.01
0.44671875		4.11315252376e-09	0.01
0.44703125		4.11315252376e-09	0.01
0.44734375		4.11315252376e-09	0.01
0.44765625		4.11315252376e-09	0.01
0.44796875		4.11315252376e-09	0.01
0.44828125		4.11315252376e-09	0.01
0.44859375		4.11315252376e-09	0.01
0.44890625		4.11315252376e-09	0.01
0.44921875		4.11315252376e-09	0.01
0.44953125		4.11315252376e-09	0.01
0.44984375		4.11315252376e-09	0.01
0.45015625		4.11315252376e-09	0.01
0.45046875		4.11315252376e-09	0.01
0.45078125		4.11315252376e-09	0.01
0.45109375		4.11315252376e-09	0.01
0.45140625		4.11315252376e-09	0.01
0.45171875		4.11315252376e-09	0.01
0.45203125		4.11315252376e-09	0.01
0.45234375		4.11315252376e-09	0.01
0.45265625		4.11315252376e-09	0.01
0.45296875		4.11315252376e-09	0.01
0.45328125		4.11315252376e-09	0.01
0.45359375		4.11315252376e-09	0.01
0.45390625		4.11315252376e-09	0.01
0.45421875		4.11315252376e-09	0.01
0.45453125		4.11315252376e-09	0.01
0.45484375		4.11315252376e-09	0.01
0.45515625		4.11315252376e-09	0.01
0.45546875		4.11315252376e-09	0.01
0.45578125		4.11315252376e-09	0.01
0.45609375		4.11315252376e-09	0.01
0.45640625		4.11315252376e-09	0.01
0.45671875		4.11315252376e-09	0.01
0.45703125		4.11315252376e-09	0.01
0.45734375		4.11315252376e-09	0.01
0.45765625		4.11315252376e-09	0.01
0.45796875		4.11315252376e-09	0.01
0.45828125		4.11315252376e-09	0.01
0.45859375		4.11315252376e-09	0.01
0.45890625		4.11315252376e-09	0.01
0.45921875		4.11315252376e-09	0.01
0.45953125		4.11315252376e-09	0.01
0.45984375		4.11315252376e-09	0.01
0.46015625		4.11315252376e-09	0.01
0.46046875		4.11315252376e-09	0.01
0.46078125		4.11315252376e-09	0.01
0.46109375		4.11315252376e-09	0.01
0.46140625		4.11315252376e-09	0.01
0.46171875		4.11315252376e-09	0.01
0.46203125		4.11315252376e-09	0.01
0.46234375		4.11315252376e-09	0.01
0.46265625		4.11315252376e-09	0.01
0.46296875		4.11315252376e-09	0.01
0.46328125		4.11315252376e-09	0.01
0.46359375		4.11315252376e-09	0.01
0.46390625		4.11315252376e-09	0.01
0.46421875		4.11315252376e-09	0.01
0.46453125		4.11315252376e-09	0.01
0.46484375		4.11315252376e-09	0.01
0.46515625		4.11315252376e-09	0.01
0.46546875		4.11315252376e-09	0.01
0.46578125		4.11315252376e-09	0.01
0.46609375		4.11315252376e-09	0.01
0.46640625		4.11315252376e-09	0.01
0.46671875		4.11315252376e-09	0.01
0.46703125		4.11315252376e-09	0.01
0.46734375		4.11315252376e-09	0.01
0.46765625		4.11315252376e-09	0.01
0.46796875		4.11315252376e-09	0.01
0.46828125		4.11315252376e-09	0.01
0.46859375		4.11315252376e-09	0.01
0.46890625		4.11315252376e-09	0.01
0.46921875		4.11315252376e-09	0.01
0.46953125		4.11315252376e-09	0.01
0.46984375		4.11315252376e-09	0.01
0.47015625		4.11315252376e-09	0.01
0.47046875		4.11315252376e-09	0.01
0.47078125		4.11315252376e-09	0.01
0.47109375		4.11315252376e-09	0.01
0.47140625		4.11315252376e-09	0.01
0.47171875		4.11315252376e-09	0.01
0.47203125		4.11315252376e-09	0.01
0.47234375		4.11315252376e-09	0.01
0.47265625		4.11315252376e-09	0.01
0.47296875		4.11315252376e-09	0.01
0.47328125		4.11315252376e-09	0.01
0.47359375		4.11315252376e-09	0.01
0.47390625		4.11315252376e-09	0.01
0.47421875		4.11315252376e-09	0.01
0.47453125		4.11315252376e-09	0.01
0.47484375		4.11315252376e-09	0.01
0.47515625		4.11315252376e-09	0.01
0.47546875		4.11315252376e-09	0.01
0.47578125		4.11315252376e-09	0.01
0.47609375		4.11315252376e-09	0.01
0.47640625		4.11315252376e-09	0.01
0.47671875		4.11315252376e-09	0.01
0.47703125		4.11315252376e-09	0.01
0.47734375		4.11315252376e-09	0.01
0.47765625		4.11315252376e-09	0.01
0.47796875		4.11315252376e-09	0.01
0.47828125		4.11315252376e-09	0.01
0.47859375		4.11315252376e-09	0.01
0.47890625		4.11315252376e-09	0.01
0.47921875		4.11315252376e-09	0.01
0.47953125		4.11315252376e-09	0.01
0.47984375		4.11315252376e-09	0.01
0.48015625		4.11315252376e-09	0.01
0.48046875		4.11315252376e-09	0.01
0.48078125		4.11315252376e-09	0.01
0.48109375		4.11315252376e-09	0.01
0.48140625		4.11315252376e-09	0.01
0.48171875		4.11315252376e-09	0.01
0.48203125		4.11315252376e-09	0.01
0.48234375		4.11315252376e-09	0.01
0.48265625		4.11315252376e-09	0.01
0.48296875		4.11315252376e-09	0.01
0.48328125		4.11315252376e-09	0.01
0.48359375		4.11315252376e-09	0.01
0.48390625		4.11315252376e-09	0.01
0.48421875		4.11315252376e-09	0.01
0.48453125		4.11315252376e-09	0.01
0.48484375		4.11315252376e-09	0.01
0.48515625		4.11315252376e-09	0.01
0.48546875		4.11315252376e-09	0.01
0.48578125		4.11315252376e-09	0.01
0.48609375		4.11315252376e-09	0.01
0.48640625		4.11315252376e-09	0.01
0.48671875		4.11315252376e-09	0.01
0.48703125		4.11315252376e-09	0.01
0.48734375		4.11315252376e-09	0.01
0.48765625		4.11315252376e-09	0.01
0.48796875		4.11315252376e-09	0.01
0.48828125		4.11315252376e-09	0.01
0.48859375		4.11315252376e-09	0.01
0.48890625		4.11315252376e-09	0.01
0.48921875		4.11315252376e-09	0.01
0.48953125		4.11315252376e-09	0.01
0.48984375		4.11315252376e-09	0.01
0.49015625		4.11315252376e-09	0.01
0.49046875		4.11315252376e-09	0.01
0.49078125		4.11315252376e-09	0.01
0.49109375		4.11315252376e-09	0.01
0.49140625		4.11315252376e-09	0.01
0.49171875		4.11315252376e-09	0.01
0.49203125		4.11315252376e-09	0.01
0.49234375		4.11315252376e-09	0.01
0.49265625		4.11315252376e-09	0.01
0.49296875		4.11315252376e-09	0.01
0.49328125		4.11315252376e-09	0.01
0.49359375		4.11315252376e-09	0.01
0.49390625		4.11315252376e-09	0.01
0.49421875		4.11315252376e-09	0.01
0.49453125		4.11315252376e-09	0.01
0.49484375		4.11315252376e-09	0.01
0.49515625		4.11315252376e-09	0.01
0.49546875		4.11315252376e-09	0.01
0.49578125		4.11315252376e-09	0.01
0.49609375		4.11315252376e-09	0.01
0.49640625		4.11315252376e-09	0.01
0.49671875		4.11315252376e-09	0.01
0.49703125		4.11315252376e-09	0.01
0.49734375		4.11315252376e-09	0.01
0.49765625		4.11315252376e-09	0.01
0.49796875		4.11315252376e-09	0.01
0.49828125		4.11315252376e-09	0.01
0.49859375		4.11315252376e-09	0.01
0.49890625		4.11315252376e-09	0.01
0.49921875		4.11315252376e-09	0.01
0.49953125		4.11315252376e-09	0.01
0.49984375		4.11315252376e-09	0.01
