0.00015625		0.408818098317	0.998478755512
0.00046875		0.408448173982	0.998252217717
0.00078125		0.40794495199	0.997944944742
0.00109375		0.40743002684	0.997630023666
0.00140625		0.406949139246	0.997335554911
0.00171875		0.406489273951	0.997053684157
0.00203125		0.406042348482	0.996779511397
0.00234375		0.405604065826	0.99651041868
0.00265625		0.405171914525	0.996244875591
0.00296875		0.404744243955	0.995981876432
0.00328125		0.404319778707	0.995720642237
0.00359375		0.403897562541	0.995460587875
0.00390625		0.403476954179	0.995201320732
0.00421875		0.403057539523	0.994942587327
0.00453125		0.402639027204	0.99468420913
0.00484375		0.402221190437	0.994426046977
0.00515625		0.401803835619	0.994167981751
0.00546875		0.401386801922	0.99390991418
0.00578125		0.400969972839	0.993651772135
0.00609375		0.400553270832	0.993393507532
0.00640625		0.400136633441	0.99313508146
0.00671875		0.39972001411	0.992876464732
0.00703125		0.399303373159	0.992617632287
0.00734375		0.398886662754	0.992358553928
0.00765625		0.398469840814	0.992099203058
0.00796875		0.398052874778	0.991839558874
0.00828125		0.397635737633	0.991579603944
0.00859375		0.397218407098	0.991319323738
0.00890625		0.396800865266	0.991058706416
0.00921875		0.396383097115	0.990797741897
0.00953125		0.395965089594	0.990536421308
0.00984375		0.395546830249	0.99027473611
0.01015625		0.39512830793	0.990012678561
0.01046875		0.394709513627	0.989750242237
0.01078125		0.394290440157	0.989487421838
0.01109375		0.393871081418	0.989224212724
0.01140625		0.393451431934	0.988960610635
0.01171875		0.393031486769	0.988696611633
0.01203125		0.392611241518	0.988432212105
0.01234375		0.392190692246	0.98816740872
0.01265625		0.391769835405	0.987902198381
0.01296875		0.391348667816	0.987636578212
0.01328125		0.390927186715	0.98737054559
0.01359375		0.390505389711	0.98710409812
0.01390625		0.390083274631	0.986837233534
0.01421875		0.389660839404	0.986569949623
0.01453125		0.389238082085	0.986302244248
0.01484375		0.388815000896	0.986034115371
0.01515625		0.388391594238	0.985765561056
0.01546875		0.387967860643	0.985496579449
0.01578125		0.387543798748	0.985227168753
0.01609375		0.387119407272	0.984957327215
0.01640625		0.386694685005	0.984687053125
0.01671875		0.386269630793	0.9844163448
0.01703125		0.385844243542	0.984145200587
0.01734375		0.385418522214	0.983873618868
0.01765625		0.384992465822	0.983601598048
0.01796875		0.384566073413	0.983329136548
0.01828125		0.384139344053	0.983056232797
0.01859375		0.383712276837	0.982782885233
0.01890625		0.383284870879	0.982509092306
0.01921875		0.382857125322	0.982234852474
0.01953125		0.382429039328	0.981960164204
0.01984375		0.382000612075	0.981685025967
0.02015625		0.381571842753	0.981409436234
0.02046875		0.38114273056	0.981133393479
0.02078125		0.380713274705	0.980856896174
0.02109375		0.380283474408	0.980579942794
0.02140625		0.379853328894	0.980302531812
0.02171875		0.379422837396	0.980024661698
0.02203125		0.37899199915	0.979746330919
0.02234375		0.378560813396	0.979467537941
0.02265625		0.378129279376	0.979188281222
0.02296875		0.377697396336	0.978908559218
0.02328125		0.377265163521	0.97862837038
0.02359375		0.376832580179	0.978347713153
0.02390625		0.376399645559	0.978066585977
0.02421875		0.37596635891	0.977784987285
0.02453125		0.375532719478	0.977502915505
0.02484375		0.375098726513	0.977220369058
0.02515625		0.374664379262	0.976937346359
0.02546875		0.374229676969	0.976653845814
0.02578125		0.37379461888	0.976369865824
0.02609375		0.373359204237	0.976085404782
0.02640625		0.372923432281	0.975800461074
0.02671875		0.372487302252	0.975515033076
0.02703125		0.372050813387	0.97522911916
0.02734375		0.371613964921	0.974942717687
0.02765625		0.371176756085	0.974655827012
0.02796875		0.370739186111	0.974368445479
0.02828125		0.370301254225	0.974080571427
0.02859375		0.369862959653	0.973792203185
0.02890625		0.369424301616	0.973503339074
0.02921875		0.368985279333	0.973213977404
0.02953125		0.368545892021	0.972924116481
0.02984375		0.368106138893	0.972633754598
0.03015625		0.367666019159	0.972342890041
0.03046875		0.367225532026	0.972051521087
0.03078125		0.366784676698	0.971759646002
0.03109375		0.366343452376	0.971467263046
0.03140625		0.365901858256	0.971174370468
0.03171875		0.365459893534	0.970880966507
0.03203125		0.365017557399	0.970587049394
0.03234375		0.364574849041	0.97029261735
0.03265625		0.364131767642	0.969997668586
0.03296875		0.363688312383	0.969702201305
0.03328125		0.363244482442	0.969406213697
0.03359375		0.362800276991	0.969109703946
0.03390625		0.362355695201	0.968812670224
0.03421875		0.361910736237	0.968515110692
0.03453125		0.361465399263	0.968217023503
0.03484375		0.361019683437	0.967918406799
0.03515625		0.360573587915	0.967619258712
0.03546875		0.360127111849	0.967319577364
0.03578125		0.359680254386	0.967019360866
0.03609375		0.35923301467	0.966718607319
0.03640625		0.358785391842	0.966417314813
0.03671875		0.358337385039	0.966115481428
0.03703125		0.357888993392	0.965813105233
0.03734375		0.357440216031	0.965510184286
0.03765625		0.35699105208	0.965206716635
0.03796875		0.356541500661	0.964902700315
0.03828125		0.356091560889	0.964598133352
0.03859375		0.355641231878	0.96429301376
0.03890625		0.355190512737	0.963987339543
0.03921875		0.35473940257	0.963681108692
0.03953125		0.354287900478	0.963374319188
0.03984375		0.353836005558	0.963066968999
0.04015625		0.353383716902	0.962759056083
0.04046875		0.352931033598	0.962450578385
0.04078125		0.352477954731	0.96214153384
0.04109375		0.35202447938	0.96183192037
0.04140625		0.35157060662	0.961521735884
0.04171875		0.351116335524	0.961210978281
0.04203125		0.350661665157	0.960899645448
0.04234375		0.350206594583	0.960587735258
0.04265625		0.349751122859	0.960275245572
0.04296875		0.349295249039	0.95996217424
0.04328125		0.348838972174	0.959648519099
0.04359375		0.348382291307	0.959334277972
0.04390625		0.347925205478	0.959019448672
0.04421875		0.347467713725	0.958704028996
0.04453125		0.347009815078	0.958388016731
0.04484375		0.346551508563	0.958071409649
0.04515625		0.346092793203	0.95775420551
0.04546875		0.345633668015	0.95743640206
0.04578125		0.345174132012	0.957117997032
0.04609375		0.344714184201	0.956798988146
0.04640625		0.344253823587	0.956479373109
0.04671875		0.343793049167	0.956159149612
0.04703125		0.343331859935	0.955838315335
0.04734375		0.342870254879	0.955516867943
0.04765625		0.342408232984	0.955194805086
0.04796875		0.341945793229	0.954872124401
0.04828125		0.341482934586	0.954548823511
0.04859375		0.341019656026	0.954224900025
0.04890625		0.340555956512	0.953900351536
0.04921875		0.340091835003	0.953575175623
0.04953125		0.339627290453	0.953249369852
0.04984375		0.33916232181	0.952922931772
0.05015625		0.338696928018	0.952595858919
0.05046875		0.338231108015	0.952268148812
0.05078125		0.337764860734	0.951939798956
0.05109375		0.337298185102	0.951610806841
0.05140625		0.336831080042	0.95128116994
0.05171875		0.336363544471	0.950950885713
0.05203125		0.3358955773	0.950619951602
0.05234375		0.335427177435	0.950288365034
0.05265625		0.334958343778	0.949956123421
0.05296875		0.334489075223	0.949623224158
0.05328125		0.33401937066	0.949289664623
0.05359375		0.333549228972	0.948955442179
0.05390625		0.333078649038	0.948620554172
0.05421875		0.332607629731	0.948284997932
0.05453125		0.332136169917	0.947948770772
0.05484375		0.331664268458	0.947611869986
0.05515625		0.331191924208	0.947274292854
0.05546875		0.330719136018	0.946936036638
0.05578125		0.33024590273	0.946597098581
0.05609375		0.329772223182	0.94625747591
0.05640625		0.329298096207	0.945917165835
0.05671875		0.328823520628	0.945576165546
0.05703125		0.328348495267	0.945234472217
0.05734375		0.327873018936	0.944892083004
0.05765625		0.327397090442	0.944548995042
0.05796875		0.326920708586	0.944205205451
0.05828125		0.326443872164	0.943860711331
0.05859375		0.325966579963	0.943515509762
0.05890625		0.325488830765	0.943169597808
0.05921875		0.325010623347	0.942822972511
0.05953125		0.324531956476	0.942475630895
0.05984375		0.324052828916	0.942127569965
0.06015625		0.323573239424	0.941778786706
0.06046875		0.323093186747	0.941429278083
0.06078125		0.32261266963	0.941079041041
0.06109375		0.322131686808	0.940728072506
0.06140625		0.321650237011	0.940376369382
0.06171875		0.321168318961	0.940023928554
0.06203125		0.320685931374	0.939670746886
0.06234375		0.320203072958	0.93931682122
0.06265625		0.319719742416	0.938962148378
0.06296875		0.319235938442	0.93860672516
0.06328125		0.318751659724	0.938250548347
0.06359375		0.318266904942	0.937893614696
0.06390625		0.31778167277	0.937535920942
0.06421875		0.317295961873	0.937177463799
0.06453125		0.316809770911	0.93681823996
0.06484375		0.316323098535	0.936458246092
0.06515625		0.315835943388	0.936097478842
0.06546875		0.315348304108	0.935735934835
0.06578125		0.314860179323	0.93537361067
0.06609375		0.314371567655	0.935010502926
0.06640625		0.313882467716	0.934646608156
0.06671875		0.313392878114	0.934281922891
0.06703125		0.312902797447	0.933916443636
0.06734375		0.312412224303	0.933550166875
0.06765625		0.311921157267	0.933183089064
0.06796875		0.311429594912	0.932815206637
0.06828125		0.310937535804	0.932446516003
0.06859375		0.310444978502	0.932077013545
0.06890625		0.309951921556	0.931706695622
0.06921875		0.309458363508	0.931335558564
0.06953125		0.308964302891	0.93096359868
0.06984375		0.30846973823	0.930590812251
0.07015625		0.307974668042	0.93021719553
0.07046875		0.307479090834	0.929842744745
0.07078125		0.306983005107	0.929467456099
0.07109375		0.306486409351	0.929091325764
0.07140625		0.305989302048	0.928714349888
0.07171875		0.305491681672	0.92833652459
0.07203125		0.304993546687	0.927957845962
0.07234375		0.304494895549	0.927578310067
0.07265625		0.303995726703	0.92719791294
0.07296875		0.303496038587	0.926816650587
0.07328125		0.302995829629	0.926434518986
0.07359375		0.302495098249	0.926051514084
0.07390625		0.301993842855	0.925667631801
0.07421875		0.301492061847	0.925282868025
0.07453125		0.300989753616	0.924897218616
0.07484375		0.300486916543	0.924510679401
0.07515625		0.299983549	0.924123246178
0.07546875		0.299479649347	0.923734914714
0.07578125		0.298975215936	0.923345680744
0.07609375		0.29847024711	0.922955539972
0.07640625		0.297964741199	0.92256448807
0.07671875		0.297458696526	0.922172520677
0.07703125		0.296952111401	0.9217796334
0.07734375		0.296444984127	0.921385821813
0.07765625		0.295937312993	0.920991081457
0.07796875		0.29542909628	0.920595407838
0.07828125		0.294920332258	0.920198796431
0.07859375		0.294411019186	0.919801242674
0.07890625		0.293901155312	0.91940274197
0.07921875		0.293390738874	0.91900328969
0.07953125		0.292879768098	0.918602881168
0.07984375		0.2923682412	0.9182015117
0.08015625		0.291856156384	0.917799176549
0.08046875		0.291343511844	0.917395870942
0.08078125		0.29083030576	0.916991590065
0.08109375		0.290316536305	0.916586329071
0.08140625		0.289802201635	0.916180083074
0.08171875		0.2892872999	0.915772847149
0.08203125		0.288771829233	0.915364616333
0.08234375		0.288255787759	0.914955385624
0.08265625		0.287739173589	0.914545149983
0.08296875		0.287221984823	0.914133904328
0.08328125		0.286704219549	0.913721643538
0.08359375		0.28618587584	0.913308362453
0.08390625		0.28566695176	0.91289405587
0.08421875		0.285147445358	0.912478718546
0.08453125		0.284627354673	0.912062345195
0.08484375		0.284106677728	0.911644930489
0.08515625		0.283585412536	0.911226469058
0.08546875		0.283063557094	0.910806955487
0.08578125		0.28254110939	0.91038638432
0.08609375		0.282018067394	0.909964750055
0.08640625		0.281494429066	0.909542047145
0.08671875		0.280970192352	0.909118269998
0.08703125		0.280445355182	0.908693412978
0.08734375		0.279919915475	0.908267470401
0.08765625		0.279393871135	0.907840436536
0.08796875		0.278867220052	0.907412305606
0.08828125		0.278339960102	0.906983071787
0.08859375		0.277812089146	0.906552729204
0.08890625		0.277283605031	0.906121271936
0.08921875		0.27675450559	0.90568869401
0.08953125		0.27622478864	0.905254989406
0.08984375		0.275694451984	0.90482015205
0.09015625		0.27516349341	0.904384175821
0.09046875		0.27463191069	0.903947054543
0.09078125		0.274099701582	0.903508781988
0.09109375		0.273566863827	0.903069351878
0.09140625		0.273033395152	0.902628757878
0.09171875		0.272499293266	0.902186993601
0.09203125		0.271964555864	0.901744052605
0.09234375		0.271429180624	0.901299928392
0.09265625		0.270893165209	0.900854614409
0.09296875		0.270356507263	0.900408104044
0.09328125		0.269819204415	0.899960390632
0.09359375		0.269281254278	0.899511467446
0.09390625		0.268742654446	0.899061327702
0.09421875		0.268203402498	0.898609964556
0.09453125		0.267663495994	0.898157371104
0.09484375		0.267122932478	0.897703540383
0.09515625		0.266581709475	0.897248465365
0.09546875		0.266039824492	0.896792138964
0.09578125		0.26549727502	0.896334554026
0.09609375		0.264954058529	0.895875703338
0.09640625		0.264410172473	0.895415579619
0.09671875		0.263865614286	0.894954175525
0.09703125		0.263320381383	0.894491483644
0.09734375		0.262774471162	0.894027496499
0.09765625		0.262227880999	0.893562206543
0.09796875		0.261680608253	0.893095606162
0.09828125		0.261132650262	0.892627687673
0.09859375		0.260584004344	0.89215844332
0.09890625		0.260034667798	0.89168786528
0.09921875		0.259484637902	0.891215945653
0.09953125		0.258933911914	0.89074267647
0.09984375		0.25838248707	0.890268049687
0.10015625		0.257830360588	0.889792057185
0.10046875		0.257277529661	0.889314690768
0.10078125		0.256723991464	0.888835942165
0.10109375		0.256169743147	0.888355803027
0.10140625		0.255614781843	0.887874264925
0.10171875		0.255059104657	0.887391319353
0.10203125		0.254502708677	0.886906957721
0.10234375		0.253945590964	0.88642117136
0.10265625		0.253387748559	0.885933951517
0.10296875		0.25282917848	0.885445289354
0.10328125		0.252269877719	0.884955175951
0.10359375		0.251709843248	0.884463602298
0.10390625		0.251149072011	0.883970559301
0.10421875		0.250587560931	0.883476037776
0.10453125		0.250025306906	0.882980028451
0.10484375		0.249462306808	0.882482521961
0.10515625		0.248898557485	0.88198350885
0.10546875		0.248334055759	0.88148297957
0.10578125		0.247768798428	0.880980924477
0.10609375		0.247202782262	0.880477333832
0.10640625		0.246636004006	0.879972197799
0.10671875		0.246068460378	0.879465506445
0.10703125		0.245500148071	0.878957249735
0.10734375		0.244931063747	0.878447417534
0.10765625		0.244361204044	0.877935999605
0.10796875		0.243790565571	0.877422985607
0.10828125		0.243219144909	0.876908365094
0.10859375		0.242646938611	0.876392127513
0.10890625		0.242073943199	0.875874262204
0.10921875		0.24150015517	0.875354758395
0.10953125		0.240925570987	0.874833605205
0.10984375		0.240350187087	0.87431079164
0.11015625		0.239773999873	0.87378630659
0.11046875		0.239197005722	0.873260138832
0.11078125		0.238619200975	0.872732277023
0.11109375		0.238040581946	0.872202709701
0.11140625		0.237461144914	0.871671425284
0.11171875		0.236880886129	0.871138412068
0.11203125		0.236299801805	0.870603658222
0.11234375		0.235717888126	0.870067151791
0.11265625		0.235135141242	0.869528880691
0.11296875		0.234551557267	0.868988832708
0.11328125		0.233967132284	0.868446995496
0.11359375		0.23338186234	0.867903356577
0.11390625		0.232795743446	0.867357903335
0.11421875		0.23220877158	0.866810623017
0.11453125		0.23162094268	0.86626150273
0.11484375		0.231032252653	0.865710529441
0.11515625		0.230442697363	0.86515768997
0.11546875		0.229852272642	0.864602970993
0.11578125		0.229260974281	0.864046359037
0.11609375		0.228668798033	0.863487840477
0.11640625		0.228075739614	0.862927401539
0.11671875		0.227481794698	0.862365028288
0.11703125		0.226886958921	0.861800706637
0.11734375		0.226291227878	0.861234422336
0.11765625		0.225694597122	0.860666160973
0.11796875		0.225097062166	0.86009590797
0.11828125		0.224498618481	0.859523648584
0.11859375		0.223899261493	0.858949367899
0.11890625		0.223298986588	0.858373050829
0.11921875		0.222697789106	0.857794682108
0.11953125		0.222095664343	0.857214246297
0.11984375		0.22149260755	0.856631727771
0.12015625		0.220888613933	0.856047110724
0.12046875		0.220283678651	0.855460379162
0.12078125		0.219677796816	0.854871516901
0.12109375		0.219070963493	0.854280507563
0.12140625		0.218463173698	0.853687334575
0.12171875		0.217854422399	0.853091981164
0.12203125		0.217244704513	0.852494430353
0.12234375		0.216634014908	0.851894664962
0.12265625		0.216022348401	0.851292667598
0.12296875		0.215409699756	0.850688420658
0.12328125		0.214796063685	0.85008190632
0.12359375		0.214181434847	0.849473106544
0.12390625		0.213565807846	0.848862003065
0.12421875		0.212949177233	0.84824857739
0.12453125		0.212331537502	0.847632810796
0.12484375		0.211712883091	0.847014684324
0.12515625		0.211093208379	0.846394178774
0.12546875		0.210472507689	0.845771274706
0.12578125		0.209850775285	0.845145952429
0.12609375		0.209228005369	0.844518192001
0.12640625		0.208604192084	0.843887973224
0.12671875		0.207979329511	0.843255275639
0.12703125		0.207353411667	0.842620078521
0.12734375		0.206726432507	0.841982360876
0.12765625		0.206098385921	0.841342101434
0.12796875		0.205469265732	0.840699278645
0.12828125		0.204839065699	0.840053870675
0.12859375		0.20420777951	0.8394058554
0.12890625		0.203575400788	0.838755210399
0.12921875		0.202941923082	0.838101912954
0.12953125		0.202307339875	0.837445940038
0.12984375		0.201671644573	0.836787268313
0.13015625		0.201034830512	0.836125874123
0.13046875		0.200396890953	0.835461733491
0.13078125		0.199757819081	0.834794822109
0.13109375		0.199117608004	0.834125115333
0.13140625		0.198476250753	0.833452588178
0.13171875		0.197833740279	0.832777215312
0.13203125		0.197190069452	0.832098971047
0.13234375		0.196545231062	0.831417829334
0.13265625		0.195899217813	0.830733763753
0.13296875		0.195252022326	0.830046747513
0.13328125		0.194603637136	0.829356753438
0.13359375		0.19395405469	0.82866375396
0.13390625		0.193303267345	0.827967721115
0.13421875		0.19265126737	0.827268626535
0.13453125		0.19199804694	0.826566441434
0.13484375		0.191343598136	0.825861136608
0.13515625		0.190687912946	0.825152682421
0.13546875		0.190030983259	0.824441048797
0.13578125		0.189372800865	0.823726205215
0.13609375		0.188713357457	0.823008120696
0.13640625		0.188052644621	0.822286763793
0.13671875		0.187390653844	0.821562102585
0.13703125		0.186727376504	0.820834104666
0.13734375		0.186062803871	0.820102737134
0.13765625		0.185396927109	0.819367966579
0.13796875		0.184729737267	0.818629759078
0.13828125		0.184061225281	0.817888080179
0.13859375		0.183391381973	0.817142894891
0.13890625		0.182720198045	0.816394167675
0.13921875		0.182047664081	0.815641862427
0.13953125		0.181373770541	0.814885942473
0.13984375		0.180698507761	0.81412637055
0.14015625		0.180021865951	0.813363108797
0.14046875		0.179343835192	0.812596118742
0.14078125		0.178664405431	0.811825361286
0.14109375		0.177983566483	0.811050796692
0.14140625		0.177301308025	0.810272384567
0.14171875		0.176617619595	0.809490083853
0.14203125		0.175932490589	0.808703852807
0.14234375		0.175245910258	0.807913648987
0.14265625		0.174557867704	0.807119429236
0.14296875		0.17386835188	0.806321149668
0.14328125		0.173177351583	0.805518765647
0.14359375		0.172484855457	0.804712231773
0.14390625		0.171790851981	0.803901501861
0.14421875		0.171095329475	0.803086528928
0.14453125		0.170398276089	0.802267265166
0.14484375		0.169699679806	0.801443661931
0.14515625		0.168999528433	0.800615669716
0.14546875		0.168297809602	0.799783238135
0.14578125		0.167594510762	0.798946315899
0.14609375		0.166889619178	0.798104850795
0.14640625		0.166183121927	0.797258789664
0.14671875		0.165475005894	0.796408078376
0.14703125		0.164765257764	0.795552661806
0.14734375		0.164053864026	0.79469248381
0.14765625		0.163340810958	0.793827487201
0.14796875		0.162626084633	0.792957613719
0.14828125		0.161909670906	0.792082804004
0.14859375		0.161191555414	0.791202997573
0.14890625		0.16047172357	0.790318132782
0.14921875		0.159750160558	0.789428146805
0.14953125		0.159026851326	0.788532975596
0.14984375		0.158301780584	0.787632553861
0.15015625		0.157574932795	0.786726815022
0.15046875		0.156846292173	0.785815691186
0.15078125		0.156115842673	0.784899113106
0.15109375		0.155383567989	0.783977010146
0.15140625		0.154649451544	0.783049310242
0.15171875		0.153913476488	0.782115939866
0.15203125		0.153175625686	0.78117682398
0.15234375		0.152435881715	0.780231885998
0.15265625		0.151694226859	0.779281047742
0.15296875		0.150950643095	0.778324229394
0.15328125		0.15020511209	0.777361349453
0.15359375		0.149457615195	0.776392324683
0.15390625		0.148708133431	0.775417070065
0.15421875		0.147956647488	0.774435498745
0.15453125		0.147203137712	0.77344752198
0.15484375		0.146447584094	0.772453049078
0.15515625		0.145689966268	0.771451987346
0.15546875		0.144930263495	0.770444242025
0.15578125		0.144168454657	0.76942971623
0.15609375		0.143404518247	0.768408310884
0.15640625		0.142638432355	0.767379924649
0.15671875		0.141870174661	0.766344453857
0.15703125		0.141099722422	0.765301792438
0.15734375		0.140327052462	0.764251831841
0.15765625		0.139552141158	0.763194460958
0.15796875		0.138774964429	0.762129566041
0.15828125		0.137995497722	0.761057030613
0.15859375		0.137213716003	0.759976735386
0.15890625		0.136429593734	0.758888558159
0.15921875		0.13564310487	0.75779237373
0.15953125		0.134854222835	0.75668805379
0.15984375		0.134062920511	0.755575466818
0.16015625		0.133269170222	0.754454477973
0.16046875		0.132472943716	0.75332494898
0.16078125		0.131674212148	0.752186738008
0.16109375		0.130872946063	0.751039699549
0.16140625		0.130069115375	0.749883684281
0.16171875		0.129262689351	0.748718538942
0.16203125		0.12845363659	0.747544106178
0.16234375		0.127641924997	0.746360224398
0.16265625		0.126827521768	0.745166727621
0.16296875		0.126010393366	0.743963445307
0.16328125		0.125190505491	0.742750202191
0.16359375		0.124367823063	0.741526818102
0.16390625		0.123542310193	0.740293107776
0.16421875		0.122713930154	0.739048880657
0.16453125		0.121882645358	0.737793940695
0.16484375		0.121048417319	0.736528086125
0.16515625		0.120211206632	0.735251109243
0.16546875		0.119370972931	0.733962796165
0.16578125		0.118527674865	0.732662926574
0.16609375		0.117681270054	0.731351273461
0.16640625		0.116831715058	0.73002760284
0.16671875		0.115978965339	0.728691673461
0.16703125		0.115122975217	0.727343236498
0.16734375		0.114263697828	0.725982035225
0.16765625		0.113401085085	0.724607804672
0.16796875		0.112535087626	0.723220271263
0.16828125		0.111665654768	0.721819152436
0.16859375		0.110792734455	0.720404156236
0.16890625		0.109916273203	0.718974980889
0.16921875		0.109036216047	0.717531314348
0.16953125		0.108152506479	0.716072833821
0.16984375		0.107265086385	0.714599205255
0.17015625		0.10637389598	0.713110082805
0.17046875		0.105478873738	0.711605108263
0.17078125		0.10457995632	0.71008391045
0.17109375		0.103677078496	0.708546104575
0.17140625		0.102770173061	0.70699129155
0.17171875		0.101859170752	0.705419057263
0.17203125		0.100944000155	0.703828971804
0.17234375		0.100024587607	0.702220588636
0.17265625		0.0991008570986	0.700593443717
0.17296875		0.0981727301584	0.698947054555
0.17328125		0.0972401257433	0.697280919206
0.17359375		0.0963029601141	0.695594515197
0.17390625		0.0953611467058	0.693887298376
0.17421875		0.0944145959897	0.692158701672
0.17453125		0.0934632153263	0.690408133778
0.17484375		0.0925069088085	0.688634977724
0.17515625		0.0915455770949	0.686838589352
0.17546875		0.0905791172311	0.685018295666
0.17578125		0.0896074224595	0.683173393063
0.17609375		0.0886303820153	0.681303145419
0.17640625		0.0876478809087	0.679406782025
0.17671875		0.0866597996907	0.67748349535
0.17703125		0.0856660142024	0.675532438629
0.17734375		0.0846663953052	0.673552723235
0.17765625		0.0836608085915	0.671543415837
0.17796875		0.0826491140716	0.669503535305
0.17828125		0.0816311658378	0.667432049338
0.17859375		0.0806068117006	0.665327870796
0.17890625		0.0795758927957	0.663189853681
0.17921875		0.0785382431585	0.661016788752
0.17953125		0.0774936892631	0.658807398717
0.17984375		0.0764420495206	0.656560332948
0.18015625		0.0753831337348	0.654274161683
0.18046875		0.0743167425083	0.651947369622
0.18078125		0.0732426665944	0.649578348869
0.18109375		0.0721606861893	0.647165391123
0.18140625		0.0710705701557	0.644706679012
0.18171875		0.0699720751722	0.642200276476
0.18203125		0.0688649447967	0.63964411805
0.18234375		0.0677489084354	0.637035996904
0.18265625		0.0666236802037	0.634373551451
0.18296875		0.0654889576659	0.631654250324
0.18328125		0.0643444204369	0.628875375474
0.18359375		0.0631897286266	0.626034003081
0.18390625		0.0620245211064	0.623126981956
0.18421875		0.06084841357	0.620150909004
0.18453125		0.0596609963591	0.617102101263
0.18484375		0.0584618320179	0.613976563921
0.18515625		0.0572504525343	0.6107699536
0.18546875		0.0560263562157	0.607477536028
0.18578125		0.0547890041398	0.604094137045
0.18609375		0.0535378161069	0.60061408562
0.18640625		0.0522721660051	0.597031147282
0.18671875		0.0509913764805	0.593338445922
0.18703125		0.0496947127807	0.589528371463
0.18734375		0.0483813756089	0.585592470177
0.18765625		0.0470504927858	0.581521313595
0.18796875		0.0457011094671	0.577304340747
0.18828125		0.0443321765971	0.57292966693
0.18859375		0.0429425371925	0.568383850083
0.18890625		0.0415309099328	0.56365160289
0.18921875		0.0400958693812	0.558715434722
0.18953125		0.0386358219442	0.553555201735
0.18984375		0.037148976386	0.54814753522
0.19015625		0.0356333073036	0.542465106248
0.19046875		0.0340865093798	0.536475666685
0.19078125		0.0325059393864	0.530140779336
0.19109375		0.0308885416466	0.523414107386
0.19140625		0.0292307507697	0.516239065098
0.19171875		0.0275283625192	0.508545519159
0.19203125		0.0257763589763	0.500245037726
0.19234375		0.0239686664155	0.491223842101
0.19265625		0.0220978110651	0.481331978371
0.19296875		0.0201544142238	0.470365970126
0.19328125		0.0181264232956	0.458039565639
0.19359375		0.0159978834718	0.443931122603
0.19390625		0.0137468438967	0.427380645842
0.19421875		0.0113414031237	0.407263259887
0.19453125		0.00873051956027	0.381391553747
0.19484375		0.00595700306593	0.34651560679
0.19515625		0.00333108853766	0.299474030476
0.19546875		0.00128487988317	0.235661534808
0.19578125		0.000182811389588	0.143461375895
0.19609375		3.2998799728e-08	0.0164340840298
0.19640625		4.11422516299e-09	0.0100005872366
0.19671875		4.11315256452e-09	0.0100000000224
0.19703125		4.11315252376e-09	0.01
0.19734375		4.11315252376e-09	0.01
0.19765625		4.11315252376e-09	0.01
0.19796875		4.11315252376e-09	0.01
0.19828125		4.11315252376e-09	0.01
0.19859375		4.11315252376e-09	0.01
0.19890625		4.11315252376e-09	0.01
0.19921875		4.11315252376e-09	0.01
0.19953125		4.11315252376e-09	0.01
0.19984375		4.11315252376e-09	0.01
0.20015625		4.11315252376e-09	0.01
0.20046875		4.11315252376e-09	0.01
0.20078125		4.11315252376e-09	0.01
0.20109375		4.11315252376e-09	0.01
0.20140625		4.11315252376e-09	0.01
0.20171875		4.11315252376e-09	0.01
0.20203125		4.11315252376e-09	0.01
0.20234375		4.11315252376e-09	0.01
0.20265625		4.11315252376e-09	0.01
0.20296875		4.11315252376e-09	0.01
0.20328125		4.11315252376e-09	0.01
0.20359375		4.11315252376e-09	0.01
0.20390625		4.11315252376e-09	0.01
0.20421875		4.11315252376e-09	0.01
0.20453125		4.11315252376e-09	0.01
0.20484375		4.11315252376e-09	0.01
0.20515625		4.11315252376e-09	0.01
0.20546875		4.11315252376e-09	0.01
0.20578125		4.11315252376e-09	0.01
0.20609375		4.11315252376e-09	0.01
0.20640625		4.11315252376e-09	0.01
0.20671875		4.11315252376e-09	0.01
0.20703125		4.11315252376e-09	0.01
0.20734375		4.11315252376e-09	0.01
0.20765625		4.11315252376e-09	0.01
0.20796875		4.11315252376e-09	0.01
0.20828125		4.11315252376e-09	0.01
0.20859375		4.11315252376e-09	0.01
0.20890625		4.11315252376e-09	0.01
0.20921875		4.11315252376e-09	0.01
0.20953125		4.11315252376e-09	0.01
0.20984375		4.11315252376e-09	0.01
0.21015625		4.11315252376e-09	0.01
0.21046875		4.11315252376e-09	0.01
0.21078125		4.11315252376e-09	0.01
0.21109375		4.11315252376e-09	0.01
0.21140625		4.11315252376e-09	0.01
0.21171875		4.11315252376e-09	0.01
0.21203125		4.11315252376e-09	0.01
0.21234375		4.11315252376e-09	0.01
0.21265625		4.11315252376e-09	0.01
0.21296875		4.11315252376e-09	0.01
0.21328125		4.11315252376e-09	0.01
0.21359375		4.11315252376e-09	0.01
0.21390625		4.11315252376e-09	0.01
0.21421875		4.11315252376e-09	0.01
0.21453125		4.11315252376e-09	0.01
0.21484375		4.11315252376e-09	0.01
0.21515625		4.11315252376e-09	0.01
0.21546875		4.11315252376e-09	0.01
0.21578125		4.11315252376e-09	0.01
0.21609375		4.11315252376e-09	0.01
0.21640625		4.11315252376e-09	0.01
0.21671875		4.11315252376e-09	0.01
0.21703125		4.11315252376e-09	0.01
0.21734375		4.11315252376e-09	0.01
0.21765625		4.11315252376e-09	0.01
0.21796875		4.11315252376e-09	0.01
0.21828125		4.11315252376e-09	0.01
0.21859375		4.11315252376e-09	0.01
0.21890625		4.11315252376e-09	0.01
0.21921875		4.11315252376e-09	0.01
0.21953125		4.11315252376e-09	0.01
0.21984375		4.11315252376e-09	0.01
0.22015625		4.11315252376e-09	0.01
0.22046875		4.11315252376e-09	0.01
0.22078125		4.11315252376e-09	0.01
0.22109375		4.11315252376e-09	0.01
0.22140625		4.11315252376e-09	0.01
0.22171875		4.11315252376e-09	0.01
0.22203125		4.11315252376e-09	0.01
0.22234375		4.11315252376e-09	0.01
0.22265625		4.11315252376e-09	0.01
0.22296875		4.11315252376e-09	0.01
0.22328125		4.11315252376e-09	0.01
0.22359375		4.11315252376e-09	0.01
0.22390625		4.11315252376e-09	0.01
0.22421875		4.11315252376e-09	0.01
0.22453125		4.11315252376e-09	0.01
0.22484375		4.11315252376e-09	0.01
0.22515625		4.11315252376e-09	0.01
0.22546875		4.11315252376e-09	0.01
0.22578125		4.11315252376e-09	0.01
0.22609375		4.11315252376e-09	0.01
0.22640625		4.11315252376e-09	0.01
0.22671875		4.11315252376e-09	0.01
0.22703125		4.11315252376e-09	0.01
0.22734375		4.11315252376e-09	0.01
0.22765625		4.11315252376e-09	0.01
0.22796875		4.11315252376e-09	0.01
0.22828125		4.11315252376e-09	0.01
0.22859375		4.11315252376e-09	0.01
0.22890625		4.11315252376e-09	0.01
0.22921875		4.11315252376e-09	0.01
0.22953125		4.11315252376e-09	0.01
0.22984375		4.11315252376e-09	0.01
0.23015625		4.11315252376e-09	0.01
0.23046875		4.11315252376e-09	0.01
0.23078125		4.11315252376e-09	0.01
0.23109375		4.11315252376e-09	0.01
0.23140625		4.11315252376e-09	0.01
0.23171875		4.11315252376e-09	0.01
0.23203125		4.11315252376e-09	0.01
0.23234375		4.11315252376e-09	0.01
0.23265625		4.11315252376e-09	0.01
0.23296875		4.11315252376e-09	0.01
0.23328125		4.11315252376e-09	0.01
0.23359375		4.11315252376e-09	0.01
0.23390625		4.11315252376e-09	0.01
0.23421875		4.11315252376e-09	0.01
0.23453125		4.11315252376e-09	0.01
0.23484375		4.11315252376e-09	0.01
0.23515625		4.11315252376e-09	0.01
0.23546875		4.11315252376e-09	0.01
0.23578125		4.11315252376e-09	0.01
0.23609375		4.11315252376e-09	0.01
0.23640625		4.11315252376e-09	0.01
0.23671875		4.11315252376e-09	0.01
0.23703125		4.11315252376e-09	0.01
0.23734375		4.11315252376e-09	0.01
0.23765625		4.11315252376e-09	0.01
0.23796875		4.11315252376e-09	0.01
0.23828125		4.11315252376e-09	0.01
0.23859375		4.11315252376e-09	0.01
0.23890625		4.11315252376e-09	0.01
0.23921875		4.11315252376e-09	0.01
0.23953125		4.11315252376e-09	0.01
0.23984375		4.11315252376e-09	0.01
0.24015625		4.11315252376e-09	0.01
0.24046875		4.11315252376e-09	0.01
0.24078125		4.11315252376e-09	0.01
0.24109375		4.11315252376e-09	0.01
0.24140625		4.11315252376e-09	0.01
0.24171875		4.11315252376e-09	0.01
0.24203125		4.11315252376e-09	0.01
0.24234375		4.11315252376e-09	0.01
0.24265625		4.11315252376e-09	0.01
0.24296875		4.11315252376e-09	0.01
0.24328125		4.11315252376e-09	0.01
0.24359375		4.11315252376e-09	0.01
0.24390625		4.11315252376e-09	0.01
0.24421875		4.11315252376e-09	0.01
0.24453125		4.11315252376e-09	0.01
0.24484375		4.11315252376e-09	0.01
0.24515625		4.11315252376e-09	0.01
0.24546875		4.11315252376e-09	0.01
0.24578125		4.11315252376e-09	0.01
0.24609375		4.11315252376e-09	0.01
0.24640625		4.11315252376e-09	0.01
0.24671875		4.11315252376e-09	0.01
0.24703125		4.11315252376e-09	0.01
0.24734375		4.11315252376e-09	0.01
0.24765625		4.11315252376e-09	0.01
0.24796875		4.11315252376e-09	0.01
0.24828125		4.11315252376e-09	0.01
0.24859375		4.11315252376e-09	0.01
0.24890625		4.11315252376e-09	0.01
0.24921875		4.11315252376e-09	0.01
0.24953125		4.11315252376e-09	0.01
0.24984375		4.11315252376e-09	0.01
0.25015625		4.11315252376e-09	0.01
0.25046875		4.11315252376e-09	0.01
0.25078125		4.11315252376e-09	0.01
0.25109375		4.11315252376e-09	0.01
0.25140625		4.11315252376e-09	0.01
0.25171875		4.11315252376e-09	0.01
0.25203125		4.11315252376e-09	0.01
0.25234375		4.11315252376e-09	0.01
0.25265625		4.11315252376e-09	0.01
0.25296875		4.11315252376e-09	0.01
0.25328125		4.11315252376e-09	0.01
0.25359375		4.11315252376e-09	0.01
0.25390625		4.11315252376e-09	0.01
0.25421875		4.11315252376e-09	0.01
0.25453125		4.11315252376e-09	0.01
0.25484375		4.11315252376e-09	0.01
0.25515625		4.11315252376e-09	0.01
0.25546875		4.11315252376e-09	0.01
0.25578125		4.11315252376e-09	0.01
0.25609375		4.11315252376e-09	0.01
0.25640625		4.11315252376e-09	0.01
0.25671875		4.11315252376e-09	0.01
0.25703125		4.11315252376e-09	0.01
0.25734375		4.11315252376e-09	0.01
0.25765625		4.11315252376e-09	0.01
0.25796875		4.11315252376e-09	0.01
0.25828125		4.11315252376e-09	0.01
0.25859375		4.11315252376e-09	0.01
0.25890625		4.11315252376e-09	0.01
0.25921875		4.11315252376e-09	0.01
0.25953125		4.11315252376e-09	0.01
0.25984375		4.11315252376e-09	0.01
0.26015625		4.11315252376e-09	0.01
0.26046875		4.11315252376e-09	0.01
0.26078125		4.11315252376e-09	0.01
0.26109375		4.11315252376e-09	0.01
0.26140625		4.11315252376e-09	0.01
0.26171875		4.11315252376e-09	0.01
0.26203125		4.11315252376e-09	0.01
0.26234375		4.11315252376e-09	0.01
0.26265625		4.11315252376e-09	0.01
0.26296875		4.11315252376e-09	0.01
0.26328125		4.11315252376e-09	0.01
0.26359375		4.11315252376e-09	0.01
0.26390625		4.11315252376e-09	0.01
0.26421875		4.11315252376e-09	0.01
0.26453125		4.11315252376e-09	0.01
0.26484375		4.11315252376e-09	0.01
0.26515625		4.11315252376e-09	0.01
0.26546875		4.11315252376e-09	0.01
0.26578125		4.11315252376e-09	0.01
0.26609375		4.11315252376e-09	0.01
0.26640625		4.11315252376e-09	0.01
0.26671875		4.11315252376e-09	0.01
0.26703125		4.11315252376e-09	0.01
0.26734375		4.11315252376e-09	0.01
0.26765625		4.11315252376e-09	0.01
0.26796875		4.11315252376e-09	0.01
0.26828125		4.11315252376e-09	0.01
0.26859375		4.11315252376e-09	0.01
0.26890625		4.11315252376e-09	0.01
0.26921875		4.11315252376e-09	0.01
0.26953125		4.11315252376e-09	0.01
0.26984375		4.11315252376e-09	0.01
0.27015625		4.11315252376e-09	0.01
0.27046875		4.11315252376e-09	0.01
0.27078125		4.11315252376e-09	0.01
0.27109375		4.11315252376e-09	0.01
0.27140625		4.11315252376e-09	0.01
0.27171875		4.11315252376e-09	0.01
0.27203125		4.11315252376e-09	0.01
0.27234375		4.11315252376e-09	0.01
0.27265625		4.11315252376e-09	0.01
0.27296875		4.11315252376e-09	0.01
0.27328125		4.11315252376e-09	0.01
0.27359375		4.11315252376e-09	0.01
0.27390625		4.11315252376e-09	0.01
0.27421875		4.11315252376e-09	0.01
0.27453125		4.11315252376e-09	0.01
0.27484375		4.11315252376e-09	0.01
0.27515625		4.11315252376e-09	0.01
0.27546875		4.11315252376e-09	0.01
0.27578125		4.11315252376e-09	0.01
0.27609375		4.11315252376e-09	0.01
0.27640625		4.11315252376e-09	0.01
0.27671875		4.11315252376e-09	0.01
0.27703125		4.11315252376e-09	0.01
0.27734375		4.11315252376e-09	0.01
0.27765625		4.11315252376e-09	0.01
0.27796875		4.11315252376e-09	0.01
0.27828125		4.11315252376e-09	0.01
0.27859375		4.11315252376e-09	0.01
0.27890625		4.11315252376e-09	0.01
0.27921875		4.11315252376e-09	0.01
0.27953125		4.11315252376e-09	0.01
0.27984375		4.11315252376e-09	0.01
0.28015625		4.11315252376e-09	0.01
0.28046875		4.11315252376e-09	0.01
0.28078125		4.11315252376e-09	0.01
0.28109375		4.11315252376e-09	0.01
0.28140625		4.11315252376e-09	0.01
0.28171875		4.11315252376e-09	0.01
0.28203125		4.11315252376e-09	0.01
0.28234375		4.11315252376e-09	0.01
0.28265625		4.11315252376e-09	0.01
0.28296875		4.11315252376e-09	0.01
0.28328125		4.11315252376e-09	0.01
0.28359375		4.11315252376e-09	0.01
0.28390625		4.11315252376e-09	0.01
0.28421875		4.11315252376e-09	0.01
0.28453125		4.11315252376e-09	0.01
0.28484375		4.11315252376e-09	0.01
0.28515625		4.11315252376e-09	0.01
0.28546875		4.11315252376e-09	0.01
0.28578125		4.11315252376e-09	0.01
0.28609375		4.11315252376e-09	0.01
0.28640625		4.11315252376e-09	0.01
0.28671875		4.11315252376e-09	0.01
0.28703125		4.11315252376e-09	0.01
0.28734375		4.11315252376e-09	0.01
0.28765625		4.11315252376e-09	0.01
0.28796875		4.11315252376e-09	0.01
0.28828125		4.11315252376e-09	0.01
0.28859375		4.11315252376e-09	0.01
0.28890625		4.11315252376e-09	0.01
0.28921875		4.11315252376e-09	0.01
0.28953125		4.11315252376e-09	0.01
0.28984375		4.11315252376e-09	0.01
0.29015625		4.11315252376e-09	0.01
0.29046875		4.11315252376e-09	0.01
0.29078125		4.11315252376e-09	0.01
0.29109375		4.11315252376e-09	0.01
0.29140625		4.11315252376e-09	0.01
0.29171875		4.11315252376e-09	0.01
0.29203125		4.11315252376e-09	0.01
0.29234375		4.11315252376e-09	0.01
0.29265625		4.11315252376e-09	0.01
0.29296875		4.11315252376e-09	0.01
0.29328125		4.11315252376e-09	0.01
0.29359375		4.11315252376e-09	0.01
0.29390625		4.11315252376e-09	0.01
0.29421875		4.11315252376e-09	0.01
0.29453125		4.11315252376e-09	0.01
0.29484375		4.11315252376e-09	0.01
0.29515625		4.11315252376e-09	0.01
0.29546875		4.11315252376e-09	0.01
0.29578125		4.11315252376e-09	0.01
0.29609375		4.11315252376e-09	0.01
0.29640625		4.11315252376e-09	0.01
0.29671875		4.11315252376e-09	0.01
0.29703125		4.11315252376e-09	0.01
0.29734375		4.11315252376e-09	0.01
0.29765625		4.11315252376e-09	0.01
0.29796875		4.11315252376e-09	0.01
0.29828125		4.11315252376e-09	0.01
0.29859375		4.11315252376e-09	0.01
0.29890625		4.11315252376e-09	0.01
0.29921875		4.11315252376e-09	0.01
0.29953125		4.11315252376e-09	0.01
0.29984375		4.11315252376e-09	0.01
0.30015625		4.11315252376e-09	0.01
0.30046875		4.11315252376e-09	0.01
0.30078125		4.11315252376e-09	0.01
0.30109375		4.11315252376e-09	0.01
0.30140625		4.11315252376e-09	0.01
0.30171875		4.11315252376e-09	0.01
0.30203125		4.11315252376e-09	0.01
0.30234375		4.11315252376e-09	0.01
0.30265625		4.11315252376e-09	0.01
0.30296875		4.11315252376e-09	0.01
0.30328125		4.11315252376e-09	0.01
0.30359375		4.11315252376e-09	0.01
0.30390625		4.11315252376e-09	0.01
0.30421875		4.11315252376e-09	0.01
0.30453125		4.11315252376e-09	0.01
0.30484375		4.11315252376e-09	0.01
0.30515625		4.11315252376e-09	0.01
0.30546875		4.11315252376e-09	0.01
0.30578125		4.11315252376e-09	0.01
0.30609375		4.11315252376e-09	0.01
0.30640625		4.11315252376e-09	0.01
0.30671875		4.11315252376e-09	0.01
0.30703125		4.11315252376e-09	0.01
0.30734375		4.11315252376e-09	0.01
0.30765625		4.11315252376e-09	0.01
0.30796875		4.11315252376e-09	0.01
0.30828125		4.11315252376e-09	0.01
0.30859375		4.11315252376e-09	0.01
0.30890625		4.11315252376e-09	0.01
0.30921875		4.11315252376e-09	0.01
0.30953125		4.11315252376e-09	0.01
0.30984375		4.11315252376e-09	0.01
0.31015625		4.11315252376e-09	0.01
0.31046875		4.11315252376e-09	0.01
0.31078125		4.11315252376e-09	0.01
0.31109375		4.11315252376e-09	0.01
0.31140625		4.11315252376e-09	0.01
0.31171875		4.11315252376e-09	0.01
0.31203125		4.11315252376e-09	0.01
0.31234375		4.11315252376e-09	0.01
0.31265625		4.11315252376e-09	0.01
0.31296875		4.11315252376e-09	0.01
0.31328125		4.11315252376e-09	0.01
0.31359375		4.11315252376e-09	0.01
0.31390625		4.11315252376e-09	0.01
0.31421875		4.11315252376e-09	0.01
0.31453125		4.11315252376e-09	0.01
0.31484375		4.11315252376e-09	0.01
0.31515625		4.11315252376e-09	0.01
0.31546875		4.11315252376e-09	0.01
0.31578125		4.11315252376e-09	0.01
0.31609375		4.11315252376e-09	0.01
0.31640625		4.11315252376e-09	0.01
0.31671875		4.11315252376e-09	0.01
0.31703125		4.11315252376e-09	0.01
0.31734375		4.11315252376e-09	0.01
0.31765625		4.11315252376e-09	0.01
0.31796875		4.11315252376e-09	0.01
0.31828125		4.11315252376e-09	0.01
0.31859375		4.11315252376e-09	0.01
0.31890625		4.11315252376e-09	0.01
0.31921875		4.11315252376e-09	0.01
0.31953125		4.11315252376e-09	0.01
0.31984375		4.11315252376e-09	0.01
0.32015625		4.11315252376e-09	0.01
0.32046875		4.11315252376e-09	0.01
0.32078125		4.11315252376e-09	0.01
0.32109375		4.11315252376e-09	0.01
0.32140625		4.11315252376e-09	0.01
0.32171875		4.11315252376e-09	0.01
0.32203125		4.11315252376e-09	0.01
0.32234375		4.11315252376e-09	0.01
0.32265625		4.11315252376e-09	0.01
0.32296875		4.11315252376e-09	0.01
0.32328125		4.11315252376e-09	0.01
0.32359375		4.11315252376e-09	0.01
0.32390625		4.11315252376e-09	0.01
0.32421875		4.11315252376e-09	0.01
0.32453125		4.11315252376e-09	0.01
0.32484375		4.11315252376e-09	0.01
0.32515625		4.11315252376e-09	0.01
0.32546875		4.11315252376e-09	0.01
0.32578125		4.11315252376e-09	0.01
0.32609375		4.11315252376e-09	0.01
0.32640625		4.11315252376e-09	0.01
0.32671875		4.11315252376e-09	0.01
0.32703125		4.11315252376e-09	0.01
0.32734375		4.11315252376e-09	0.01
0.32765625		4.11315252376e-09	0.01
0.32796875		4.11315252376e-09	0.01
0.32828125		4.11315252376e-09	0.01
0.32859375		4.11315252376e-09	0.01
0.32890625		4.11315252376e-09	0.01
0.32921875		4.11315252376e-09	0.01
0.32953125		4.11315252376e-09	0.01
0.32984375		4.11315252376e-09	0.01
0.33015625		4.11315252376e-09	0.01
0.33046875		4.11315252376e-09	0.01
0.33078125		4.11315252376e-09	0.01
0.33109375		4.11315252376e-09	0.01
0.33140625		4.11315252376e-09	0.01
0.33171875		4.11315252376e-09	0.01
0.33203125		4.11315252376e-09	0.01
0.33234375		4.11315252376e-09	0.01
0.33265625		4.11315252376e-09	0.01
0.33296875		4.11315252376e-09	0.01
0.33328125		4.11315252376e-09	0.01
0.33359375		4.11315252376e-09	0.01
0.33390625		4.11315252376e-09	0.01
0.33421875		4.11315252376e-09	0.01
0.33453125		4.11315252376e-09	0.01
0.33484375		4.11315252376e-09	0.01
0.33515625		4.11315252376e-09	0.01
0.33546875		4.11315252376e-09	0.01
0.33578125		4.11315252376e-09	0.01
0.33609375		4.11315252376e-09	0.01
0.33640625		4.11315252376e-09	0.01
0.33671875		4.11315252376e-09	0.01
0.33703125		4.11315252376e-09	0.01
0.33734375		4.11315252376e-09	0.01
0.33765625		4.11315252376e-09	0.01
0.33796875		4.11315252376e-09	0.01
0.33828125		4.11315252376e-09	0.01
0.33859375		4.11315252376e-09	0.01
0.33890625		4.11315252376e-09	0.01
0.33921875		4.11315252376e-09	0.01
0.33953125		4.11315252376e-09	0.01
0.33984375		4.11315252376e-09	0.01
0.34015625		4.11315252376e-09	0.01
0.34046875		4.11315252376e-09	0.01
0.34078125		4.11315252376e-09	0.01
0.34109375		4.11315252376e-09	0.01
0.34140625		4.11315252376e-09	0.01
0.34171875		4.11315252376e-09	0.01
0.34203125		4.11315252376e-09	0.01
0.34234375		4.11315252376e-09	0.01
0.34265625		4.11315252376e-09	0.01
0.34296875		4.11315252376e-09	0.01
0.34328125		4.11315252376e-09	0.01
0.34359375		4.11315252376e-09	0.01
0.34390625		4.11315252376e-09	0.01
0.34421875		4.11315252376e-09	0.01
0.34453125		4.11315252376e-09	0.01
0.34484375		4.11315252376e-09	0.01
0.34515625		4.11315252376e-09	0.01
0.34546875		4.11315252376e-09	0.01
0.34578125		4.11315252376e-09	0.01
0.34609375		4.11315252376e-09	0.01
0.34640625		4.11315252376e-09	0.01
0.34671875		4.11315252376e-09	0.01
0.34703125		4.11315252376e-09	0.01
0.34734375		4.11315252376e-09	0.01
0.34765625		4.11315252376e-09	0.01
0.34796875		4.11315252376e-09	0.01
0.34828125		4.11315252376e-09	0.01
0.34859375		4.11315252376e-09	0.01
0.34890625		4.11315252376e-09	0.01
0.34921875		4.11315252376e-09	0.01
0.34953125		4.11315252376e-09	0.01
0.34984375		4.11315252376e-09	0.01
0.35015625		4.11315252376e-09	0.01
0.35046875		4.11315252376e-09	0.01
0.35078125		4.11315252376e-09	0.01
0.35109375		4.11315252376e-09	0.01
0.35140625		4.11315252376e-09	0.01
0.35171875		4.11315252376e-09	0.01
0.35203125		4.11315252376e-09	0.01
0.35234375		4.11315252376e-09	0.01
0.35265625		4.11315252376e-09	0.01
0.35296875		4.11315252376e-09	0.01
0.35328125		4.11315252376e-09	0.01
0.35359375		4.11315252376e-09	0.01
0.35390625		4.11315252376e-09	0.01
0.35421875		4.11315252376e-09	0.01
0.35453125		4.11315252376e-09	0.01
0.35484375		4.11315252376e-09	0.01
0.35515625		4.11315252376e-09	0.01
0.35546875		4.11315252376e-09	0.01
0.35578125		4.11315252376e-09	0.01
0.35609375		4.11315252376e-09	0.01
0.35640625		4.11315252376e-09	0.01
0.35671875		4.11315252376e-09	0.01
0.35703125		4.11315252376e-09	0.01
0.35734375		4.11315252376e-09	0.01
0.35765625		4.11315252376e-09	0.01
0.35796875		4.11315252376e-09	0.01
0.35828125		4.11315252376e-09	0.01
0.35859375		4.11315252376e-09	0.01
0.35890625		4.11315252376e-09	0.01
0.35921875		4.11315252376e-09	0.01
0.35953125		4.11315252376e-09	0.01
0.35984375		4.11315252376e-09	0.01
0.36015625		4.11315252376e-09	0.01
0.36046875		4.11315252376e-09	0.01
0.36078125		4.11315252376e-09	0.01
0.36109375		4.11315252376e-09	0.01
0.36140625		4.11315252376e-09	0.01
0.36171875		4.11315252376e-09	0.01
0.36203125		4.11315252376e-09	0.01
0.36234375		4.11315252376e-09	0.01
0.36265625		4.11315252376e-09	0.01
0.36296875		4.11315252376e-09	0.01
0.36328125		4.11315252376e-09	0.01
0.36359375		4.11315252376e-09	0.01
0.36390625		4.11315252376e-09	0.01
0.36421875		4.11315252376e-09	0.01
0.36453125		4.11315252376e-09	0.01
0.36484375		4.11315252376e-09	0.01
0.36515625		4.11315252376e-09	0.01
0.36546875		4.11315252376e-09	0.01
0.36578125		4.11315252376e-09	0.01
0.36609375		4.11315252376e-09	0.01
0.36640625		4.11315252376e-09	0.01
0.36671875		4.11315252376e-09	0.01
0.36703125		4.11315252376e-09	0.01
0.36734375		4.11315252376e-09	0.01
0.36765625		4.11315252376e-09	0.01
0.36796875		4.11315252376e-09	0.01
0.36828125		4.11315252376e-09	0.01
0.36859375		4.11315252376e-09	0.01
0.36890625		4.11315252376e-09	0.01
0.36921875		4.11315252376e-09	0.01
0.36953125		4.11315252376e-09	0.01
0.36984375		4.11315252376e-09	0.01
0.37015625		4.11315252376e-09	0.01
0.37046875		4.11315252376e-09	0.01
0.37078125		4.11315252376e-09	0.01
0.37109375		4.11315252376e-09	0.01
0.37140625		4.11315252376e-09	0.01
0.37171875		4.11315252376e-09	0.01
0.37203125		4.11315252376e-09	0.01
0.37234375		4.11315252376e-09	0.01
0.37265625		4.11315252376e-09	0.01
0.37296875		4.11315252376e-09	0.01
0.37328125		4.11315252376e-09	0.01
0.37359375		4.11315252376e-09	0.01
0.37390625		4.11315252376e-09	0.01
0.37421875		4.11315252376e-09	0.01
0.37453125		4.11315252376e-09	0.01
0.37484375		4.11315252376e-09	0.01
0.37515625		4.11315252376e-09	0.01
0.37546875		4.11315252376e-09	0.01
0.37578125		4.11315252376e-09	0.01
0.37609375		4.11315252376e-09	0.01
0.37640625		4.11315252376e-09	0.01
0.37671875		4.11315252376e-09	0.01
0.37703125		4.11315252376e-09	0.01
0.37734375		4.11315252376e-09	0.01
0.37765625		4.11315252376e-09	0.01
0.37796875		4.11315252376e-09	0.01
0.37828125		4.11315252376e-09	0.01
0.37859375		4.11315252376e-09	0.01
0.37890625		4.11315252376e-09	0.01
0.37921875		4.11315252376e-09	0.01
0.37953125		4.11315252376e-09	0.01
0.37984375		4.11315252376e-09	0.01
0.38015625		4.11315252376e-09	0.01
0.38046875		4.11315252376e-09	0.01
0.38078125		4.11315252376e-09	0.01
0.38109375		4.11315252376e-09	0.01
0.38140625		4.11315252376e-09	0.01
0.38171875		4.11315252376e-09	0.01
0.38203125		4.11315252376e-09	0.01
0.38234375		4.11315252376e-09	0.01
0.38265625		4.11315252376e-09	0.01
0.38296875		4.11315252376e-09	0.01
0.38328125		4.11315252376e-09	0.01
0.38359375		4.11315252376e-09	0.01
0.38390625		4.11315252376e-09	0.01
0.38421875		4.11315252376e-09	0.01
0.38453125		4.11315252376e-09	0.01
0.38484375		4.11315252376e-09	0.01
0.38515625		4.11315252376e-09	0.01
0.38546875		4.11315252376e-09	0.01
0.38578125		4.11315252376e-09	0.01
0.38609375		4.11315252376e-09	0.01
0.38640625		4.11315252376e-09	0.01
0.38671875		4.11315252376e-09	0.01
0.38703125		4.11315252376e-09	0.01
0.38734375		4.11315252376e-09	0.01
0.38765625		4.11315252376e-09	0.01
0.38796875		4.11315252376e-09	0.01
0.38828125		4.11315252376e-09	0.01
0.38859375		4.11315252376e-09	0.01
0.38890625		4.11315252376e-09	0.01
0.38921875		4.11315252376e-09	0.01
0.38953125		4.11315252376e-09	0.01
0.38984375		4.11315252376e-09	0.01
0.39015625		4.11315252376e-09	0.01
0.39046875		4.11315252376e-09	0.01
0.39078125		4.11315252376e-09	0.01
0.39109375		4.11315252376e-09	0.01
0.39140625		4.11315252376e-09	0.01
0.39171875		4.11315252376e-09	0.01
0.39203125		4.11315252376e-09	0.01
0.39234375		4.11315252376e-09	0.01
0.39265625		4.11315252376e-09	0.01
0.39296875		4.11315252376e-09	0.01
0.39328125		4.11315252376e-09	0.01
0.39359375		4.11315252376e-09	0.01
0.39390625		4.11315252376e-09	0.01
0.39421875		4.11315252376e-09	0.01
0.39453125		4.11315252376e-09	0.01
0.39484375		4.11315252376e-09	0.01
0.39515625		4.11315252376e-09	0.01
0.39546875		4.11315252376e-09	0.01
0.39578125		4.11315252376e-09	0.01
0.39609375		4.11315252376e-09	0.01
0.39640625		4.11315252376e-09	0.01
0.39671875		4.11315252376e-09	0.01
0.39703125		4.11315252376e-09	0.01
0.39734375		4.11315252376e-09	0.01
0.39765625		4.11315252376e-09	0.01
0.39796875		4.11315252376e-09	0.01
0.39828125		4.11315252376e-09	0.01
0.39859375		4.11315252376e-09	0.01
0.39890625		4.11315252376e-09	0.01
0.39921875		4.11315252376e-09	0.01
0.39953125		4.11315252376e-09	0.01
0.39984375		4.11315252376e-09	0.01
0.40015625		4.11315252376e-09	0.01
0.40046875		4.11315252376e-09	0.01
0.40078125		4.11315252376e-09	0.01
0.40109375		4.11315252376e-09	0.01
0.40140625		4.11315252376e-09	0.01
0.40171875		4.11315252376e-09	0.01
0.40203125		4.11315252376e-09	0.01
0.40234375		4.11315252376e-09	0.01
0.40265625		4.11315252376e-09	0.01
0.40296875		4.11315252376e-09	0.01
0.40328125		4.11315252376e-09	0.01
0.40359375		4.11315252376e-09	0.01
0.40390625		4.11315252376e-09	0.01
0.40421875		4.11315252376e-09	0.01
0.40453125		4.11315252376e-09	0.01
0.40484375		4.11315252376e-09	0.01
0.40515625		4.11315252376e-09	0.01
0.40546875		4.11315252376e-09	0.01
0.40578125		4.11315252376e-09	0.01
0.40609375		4.11315252376e-09	0.01
0.40640625		4.11315252376e-09	0.01
0.40671875		4.11315252376e-09	0.01
0.40703125		4.11315252376e-09	0.01
0.40734375		4.11315252376e-09	0.01
0.40765625		4.11315252376e-09	0.01
0.40796875		4.11315252376e-09	0.01
0.40828125		4.11315252376e-09	0.01
0.40859375		4.11315252376e-09	0.01
0.40890625		4.11315252376e-09	0.01
0.40921875		4.11315252376e-09	0.01
0.40953125		4.11315252376e-09	0.01
0.40984375		4.11315252376e-09	0.01
0.41015625		4.11315252376e-09	0.01
0.41046875		4.11315252376e-09	0.01
0.41078125		4.11315252376e-09	0.01
0.41109375		4.11315252376e-09	0.01
0.41140625		4.11315252376e-09	0.01
0.41171875		4.11315252376e-09	0.01
0.41203125		4.11315252376e-09	0.01
0.41234375		4.11315252376e-09	0.01
0.41265625		4.11315252376e-09	0.01
0.41296875		4.11315252376e-09	0.01
0.41328125		4.11315252376e-09	0.01
0.41359375		4.11315252376e-09	0.01
0.41390625		4.11315252376e-09	0.01
0.41421875		4.11315252376e-09	0.01
0.41453125		4.11315252376e-09	0.01
0.41484375		4.11315252376e-09	0.01
0.41515625		4.11315252376e-09	0.01
0.41546875		4.11315252376e-09	0.01
0.41578125		4.11315252376e-09	0.01
0.41609375		4.11315252376e-09	0.01
0.41640625		4.11315252376e-09	0.01
0.41671875		4.11315252376e-09	0.01
0.41703125		4.11315252376e-09	0.01
0.41734375		4.11315252376e-09	0.01
0.41765625		4.11315252376e-09	0.01
0.41796875		4.11315252376e-09	0.01
0.41828125		4.11315252376e-09	0.01
0.41859375		4.11315252376e-09	0.01
0.41890625		4.11315252376e-09	0.01
0.41921875		4.11315252376e-09	0.01
0.41953125		4.11315252376e-09	0.01
0.41984375		4.11315252376e-09	0.01
0.42015625		4.11315252376e-09	0.01
0.42046875		4.11315252376e-09	0.01
0.42078125		4.11315252376e-09	0.01
0.42109375		4.11315252376e-09	0.01
0.42140625		4.11315252376e-09	0.01
0.42171875		4.11315252376e-09	0.01
0.42203125		4.11315252376e-09	0.01
0.42234375		4.11315252376e-09	0.01
0.42265625		4.11315252376e-09	0.01
0.42296875		4.11315252376e-09	0.01
0.42328125		4.11315252376e-09	0.01
0.42359375		4.11315252376e-09	0.01
0.42390625		4.11315252376e-09	0.01
0.42421875		4.11315252376e-09	0.01
0.42453125		4.11315252376e-09	0.01
0.42484375		4.11315252376e-09	0.01
0.42515625		4.11315252376e-09	0.01
0.42546875		4.11315252376e-09	0.01
0.42578125		4.11315252376e-09	0.01
0.42609375		4.11315252376e-09	0.01
0.42640625		4.11315252376e-09	0.01
0.42671875		4.11315252376e-09	0.01
0.42703125		4.11315252376e-09	0.01
0.42734375		4.11315252376e-09	0.01
0.42765625		4.11315252376e-09	0.01
0.42796875		4.11315252376e-09	0.01
0.42828125		4.11315252376e-09	0.01
0.42859375		4.11315252376e-09	0.01
0.42890625		4.11315252376e-09	0.01
0.42921875		4.11315252376e-09	0.01
0.42953125		4.11315252376e-09	0.01
0.42984375		4.11315252376e-09	0.01
0.43015625		4.11315252376e-09	0.01
0.43046875		4.11315252376e-09	0.01
0.43078125		4.11315252376e-09	0.01
0.43109375		4.11315252376e-09	0.01
0.43140625		4.11315252376e-09	0.01
0.43171875		4.11315252376e-09	0.01
0.43203125		4.11315252376e-09	0.01
0.43234375		4.11315252376e-09	0.01
0.43265625		4.11315252376e-09	0.01
0.43296875		4.11315252376e-09	0.01
0.43328125		4.11315252376e-09	0.01
0.43359375		4.11315252376e-09	0.01
0.43390625		4.11315252376e-09	0.01
0.43421875		4.11315252376e-09	0.01
0.43453125		4.11315252376e-09	0.01
0.43484375		4.11315252376e-09	0.01
0.43515625		4.11315252376e-09	0.01
0.43546875		4.11315252376e-09	0.01
0.43578125		4.11315252376e-09	0.01
0.43609375		4.11315252376e-09	0.01
0.43640625		4.11315252376e-09	0.01
0.43671875		4.11315252376e-09	0.01
0.43703125		4.11315252376e-09	0.01
0.43734375		4.11315252376e-09	0.01
0.43765625		4.11315252376e-09	0.01
0.43796875		4.11315252376e-09	0.01
0.43828125		4.11315252376e-09	0.01
0.43859375		4.11315252376e-09	0.01
0.43890625		4.11315252376e-09	0.01
0.43921875		4.11315252376e-09	0.01
0.43953125		4.11315252376e-09	0.01
0.43984375		4.11315252376e-09	0.01
0.44015625		4.11315252376e-09	0.01
0.44046875		4.11315252376e-09	0.01
0.44078125		4.11315252376e-09	0.01
0.44109375		4.11315252376e-09	0.01
0.44140625		4.11315252376e-09	0.01
0.44171875		4.11315252376e-09	0.01
0.44203125		4.11315252376e-09	0.01
0.44234375		4.11315252376e-09	0.01
0.44265625		4.11315252376e-09	0.01
0.44296875		4.11315252376e-09	0.01
0.44328125		4.11315252376e-09	0.01
0.44359375		4.11315252376e-09	0.01
0.44390625		4.11315252376e-09	0.01
0.44421875		4.11315252376e-09	0.01
0.44453125		4.11315252376e-09	0.01
0.44484375		4.11315252376e-09	0.01
0.44515625		4.11315252376e-09	0.01
0.44546875		4.11315252376e-09	0.01
0.44578125		4.11315252376e-09	0.01
0.44609375		4.11315252376e-09	0.01
0.44640625		4.11315252376e-09	0.01
0.44671875		4.11315252376e-09	0.01
0.44703125		4.11315252376e-09	0.01
0.44734375		4.11315252376e-09	0.01
0.44765625		4.11315252376e-09	0.01
0.44796875		4.11315252376e-09	0.01
0.44828125		4.11315252376e-09	0.01
0.44859375		4.11315252376e-09	0.01
0.44890625		4.11315252376e-09	0.01
0.44921875		4.11315252376e-09	0.01
0.44953125		4.11315252376e-09	0.01
0.44984375		4.11315252376e-09	0.01
0.45015625		4.11315252376e-09	0.01
0.45046875		4.11315252376e-09	0.01
0.45078125		4.11315252376e-09	0.01
0.45109375		4.11315252376e-09	0.01
0.45140625		4.11315252376e-09	0.01
0.45171875		4.11315252376e-09	0.01
0.45203125		4.11315252376e-09	0.01
0.45234375		4.11315252376e-09	0.01
0.45265625		4.11315252376e-09	0.01
0.45296875		4.11315252376e-09	0.01
0.45328125		4.11315252376e-09	0.01
0.45359375		4.11315252376e-09	0.01
0.45390625		4.11315252376e-09	0.01
0.45421875		4.11315252376e-09	0.01
0.45453125		4.11315252376e-09	0.01
0.45484375		4.11315252376e-09	0.01
0.45515625		4.11315252376e-09	0.01
0.45546875		4.11315252376e-09	0.01
0.45578125		4.11315252376e-09	0.01
0.45609375		4.11315252376e-09	0.01
0.45640625		4.11315252376e-09	0.01
0.45671875		4.11315252376e-09	0.01
0.45703125		4.11315252376e-09	0.01
0.45734375		4.11315252376e-09	0.01
0.45765625		4.11315252376e-09	0.01
0.45796875		4.11315252376e-09	0.01
0.45828125		4.11315252376e-09	0.01
0.45859375		4.11315252376e-09	0.01
0.45890625		4.11315252376e-09	0.01
0.45921875		4.11315252376e-09	0.01
0.45953125		4.11315252376e-09	0.01
0.45984375		4.11315252376e-09	0.01
0.46015625		4.11315252376e-09	0.01
0.46046875		4.11315252376e-09	0.01
0.46078125		4.11315252376e-09	0.01
0.46109375		4.11315252376e-09	0.01
0.46140625		4.11315252376e-09	0.01
0.46171875		4.11315252376e-09	0.01
0.46203125		4.11315252376e-09	0.01
0.46234375		4.11315252376e-09	0.01
0.46265625		4.11315252376e-09	0.01
0.46296875		4.11315252376e-09	0.01
0.46328125		4.11315252376e-09	0.01
0.46359375		4.11315252376e-09	0.01
0.46390625		4.11315252376e-09	0.01
0.46421875		4.11315252376e-09	0.01
0.46453125		4.11315252376e-09	0.01
0.46484375		4.11315252376e-09	0.01
0.46515625		4.11315252376e-09	0.01
0.46546875		4.11315252376e-09	0.01
0.46578125		4.11315252376e-09	0.01
0.46609375		4.11315252376e-09	0.01
0.46640625		4.11315252376e-09	0.01
0.46671875		4.11315252376e-09	0.01
0.46703125		4.11315252376e-09	0.01
0.46734375		4.11315252376e-09	0.01
0.46765625		4.11315252376e-09	0.01
0.46796875		4.11315252376e-09	0.01
0.46828125		4.11315252376e-09	0.01
0.46859375		4.11315252376e-09	0.01
0.46890625		4.11315252376e-09	0.01
0.46921875		4.11315252376e-09	0.01
0.46953125		4.11315252376e-09	0.01
0.46984375		4.11315252376e-09	0.01
0.47015625		4.11315252376e-09	0.01
0.47046875		4.11315252376e-09	0.01
0.47078125		4.11315252376e-09	0.01
0.47109375		4.11315252376e-09	0.01
0.47140625		4.11315252376e-09	0.01
0.47171875		4.11315252376e-09	0.01
0.47203125		4.11315252376e-09	0.01
0.47234375		4.11315252376e-09	0.01
0.47265625		4.11315252376e-09	0.01
0.47296875		4.11315252376e-09	0.01
0.47328125		4.11315252376e-09	0.01
0.47359375		4.11315252376e-09	0.01
0.47390625		4.11315252376e-09	0.01
0.47421875		4.11315252376e-09	0.01
0.47453125		4.11315252376e-09	0.01
0.47484375		4.11315252376e-09	0.01
0.47515625		4.11315252376e-09	0.01
0.47546875		4.11315252376e-09	0.01
0.47578125		4.11315252376e-09	0.01
0.47609375		4.11315252376e-09	0.01
0.47640625		4.11315252376e-09	0.01
0.47671875		4.11315252376e-09	0.01
0.47703125		4.11315252376e-09	0.01
0.47734375		4.11315252376e-09	0.01
0.47765625		4.11315252376e-09	0.01
0.47796875		4.11315252376e-09	0.01
0.47828125		4.11315252376e-09	0.01
0.47859375		4.11315252376e-09	0.01
0.47890625		4.11315252376e-09	0.01
0.47921875		4.11315252376e-09	0.01
0.47953125		4.11315252376e-09	0.01
0.47984375		4.11315252376e-09	0.01
0.48015625		4.11315252376e-09	0.01
0.48046875		4.11315252376e-09	0.01
0.48078125		4.11315252376e-09	0.01
0.48109375		4.11315252376e-09	0.01
0.48140625		4.11315252376e-09	0.01
0.48171875		4.11315252376e-09	0.01
0.48203125		4.11315252376e-09	0.01
0.48234375		4.11315252376e-09	0.01
0.48265625		4.11315252376e-09	0.01
0.48296875		4.11315252376e-09	0.01
0.48328125		4.11315252376e-09	0.01
0.48359375		4.11315252376e-09	0.01
0.48390625		4.11315252376e-09	0.01
0.48421875		4.11315252376e-09	0.01
0.48453125		4.11315252376e-09	0.01
0.48484375		4.11315252376e-09	0.01
0.48515625		4.11315252376e-09	0.01
0.48546875		4.11315252376e-09	0.01
0.48578125		4.11315252376e-09	0.01
0.48609375		4.11315252376e-09	0.01
0.48640625		4.11315252376e-09	0.01
0.48671875		4.11315252376e-09	0.01
0.48703125		4.11315252376e-09	0.01
0.48734375		4.11315252376e-09	0.01
0.48765625		4.11315252376e-09	0.01
0.48796875		4.11315252376e-09	0.01
0.48828125		4.11315252376e-09	0.01
0.48859375		4.11315252376e-09	0.01
0.48890625		4.11315252376e-09	0.01
0.48921875		4.11315252376e-09	0.01
0.48953125		4.11315252376e-09	0.01
0.48984375		4.11315252376e-09	0.01
0.49015625		4.11315252376e-09	0.01
0.49046875		4.11315252376e-09	0.01
0.49078125		4.11315252376e-09	0.01
0.49109375		4.11315252376e-09	0.01
0.49140625		4.11315252376e-09	0.01
0.49171875		4.11315252376e-09	0.01
0.49203125		4.11315252376e-09	0.01
0.49234375		4.11315252376e-09	0.01
0.49265625		4.11315252376e-09	0.01
0.49296875		4.11315252376e-09	0.01
0.49328125		4.11315252376e-09	0.01
0.49359375		4.11315252376e-09	0.01
0.49390625		4.11315252376e-09	0.01
0.49421875		4.11315252376e-09	0.01
0.49453125		4.11315252376e-09	0.01
0.49484375		4.11315252376e-09	0.01
0.49515625		4.11315252376e-09	0.01
0.49546875		4.11315252376e-09	0.01
0.49578125		4.11315252376e-09	0.01
0.49609375		4.11315252376e-09	0.01
0.49640625		4.11315252376e-09	0.01
0.49671875		4.11315252376e-09	0.01
0.49703125		4.11315252376e-09	0.01
0.49734375		4.11315252376e-09	0.01
0.49765625		4.11315252376e-09	0.01
0.49796875		4.11315252376e-09	0.01
0.49828125		4.11315252376e-09	0.01
0.49859375		4.11315252376e-09	0.01
0.49890625		4.11315252376e-09	0.01
0.49921875		4.11315252376e-09	0.01
0.49953125		4.11315252376e-09	0.01
0.49984375		4.11315252376e-09	0.01
