0.00015625		0.408256663144	0.998135759305
0.00046875		0.407803144492	0.997857718959
0.00078125		0.407186160328	0.997480491217
0.00109375		0.406554698156	0.997093712879
0.00140625		0.405964788094	0.996731861825
0.00171875		0.405400562064	0.996385358485
0.00203125		0.404852101137	0.996048184897
0.00234375		0.404314140475	0.995717130893
0.00265625		0.403783604492	0.995390320715
0.00296875		0.403258467774	0.995066519022
0.00328125		0.402737165212	0.994744768522
0.00359375		0.402218524928	0.994424350805
0.00390625		0.401701762417	0.994104784503
0.00421875		0.401186370879	0.993785758569
0.00453125		0.40067199265	0.993467053136
0.00484375		0.400158347643	0.993148495644
0.00515625		0.399645193424	0.992829936198
0.00546875		0.399132332974	0.992511252333
0.00578125		0.398619640596	0.992192365813
0.00609375		0.398107014781	0.991873213003
0.00640625		0.397594396614	0.991553756595
0.00671875		0.397081726552	0.991233958643
0.00703125		0.396568929905	0.990913771688
0.00734375		0.396055948482	0.990593158515
0.00765625		0.395542735164	0.990272088587
0.00796875		0.395029250096	0.989950535797
0.00828125		0.394515459795	0.989628477934
0.00859375		0.394001336687	0.989305896413
0.00890625		0.393486858369	0.988982775825
0.00921875		0.392972006754	0.988659103418
0.00953125		0.392456765523	0.988334867495
0.00984375		0.391941118834	0.988010056609
0.01015625		0.391425052649	0.987684660412
0.01046875		0.390908555683	0.987358670257
0.01078125		0.390391618848	0.987032078845
0.01109375		0.389874234297	0.986704879633
0.01140625		0.389356394913	0.986377066513
0.01171875		0.388838094246	0.986048633772
0.01203125		0.388319326501	0.985719576093
0.01234375		0.38780008645	0.985389888495
0.01265625		0.38728036933	0.985059566271
0.01296875		0.386760170836	0.984728604986
0.01328125		0.386239487198	0.984397000527
0.01359375		0.385718315092	0.984064749046
0.01390625		0.385196651411	0.983731846821
0.01421875		0.384674493164	0.983398290181
0.01453125		0.384151837522	0.983064075548
0.01484375		0.383628681884	0.982729199472
0.01515625		0.383105023855	0.98239365862
0.01546875		0.382580861198	0.982057449745
0.01578125		0.382056191794	0.981720569661
0.01609375		0.381531013617	0.981383015228
0.01640625		0.381005324721	0.981044783343
0.01671875		0.380479123234	0.980705870935
0.01703125		0.379952407353	0.980366274965
0.01734375		0.379425175344	0.980025992424
0.01765625		0.378897425522	0.979685020322
0.01796875		0.378369156239	0.979343355676
0.01828125		0.377840365869	0.979000995505
0.01859375		0.377311052818	0.978657936836
0.01890625		0.376781215515	0.978314176694
0.01921875		0.37625085242	0.977969712113
0.01953125		0.375719962012	0.977624540124
0.01984375		0.375188542784	0.977278657752
0.02015625		0.374656593239	0.976932062016
0.02046875		0.37412411189	0.976584749926
0.02078125		0.373591097258	0.976236718485
0.02109375		0.373057547873	0.975887964684
0.02140625		0.372523462269	0.975538485505
0.02171875		0.371988838984	0.975188277917
0.02203125		0.371453676557	0.974837338875
0.02234375		0.370917973527	0.974485665319
0.02265625		0.370381728433	0.974133254175
0.02296875		0.369844939812	0.973780102352
0.02328125		0.369307606202	0.973426206744
0.02359375		0.368769726136	0.973071564226
0.02390625		0.368231298143	0.972716171658
0.02421875		0.367692320751	0.97236002588
0.02453125		0.367152792481	0.972003123715
0.02484375		0.366612711852	0.971645461967
0.02515625		0.366072077376	0.971287037419
0.02546875		0.36553088756	0.970927846837
0.02578125		0.364989140905	0.970567886964
0.02609375		0.364446835907	0.970207154526
0.02640625		0.363903971053	0.969845646225
0.02671875		0.363360544827	0.969483358744
0.02703125		0.362816555704	0.969120288744
0.02734375		0.362272002152	0.968756432866
0.02765625		0.361726882631	0.968391787726
0.02796875		0.361181195596	0.968026349921
0.02828125		0.360634939493	0.967660116023
0.02859375		0.360088112759	0.967293082582
0.02890625		0.359540713825	0.966925246128
0.02921875		0.358992741114	0.966556603162
0.02953125		0.358444193038	0.966187150167
0.02984375		0.357895068004	0.965816883599
0.03015625		0.357345364411	0.965445799891
0.03046875		0.356795080647	0.965073895453
0.03078125		0.356244215093	0.964701166669
0.03109375		0.35569276612	0.964327609899
0.03140625		0.35514073209	0.963953221476
0.03171875		0.354588111358	0.96357799771
0.03203125		0.354034902268	0.963201934885
0.03234375		0.353481103155	0.962825029258
0.03265625		0.352926712346	0.962447277061
0.03296875		0.352371728158	0.962068674501
0.03328125		0.351816148898	0.961689217755
0.03359375		0.351259972864	0.961308902977
0.03390625		0.350703198346	0.960927726292
0.03421875		0.350145823622	0.960545683797
0.03453125		0.34958784696	0.960162771563
0.03484375		0.349029266621	0.959778985632
0.03515625		0.348470080853	0.959394322019
0.03546875		0.347910287897	0.959008776709
0.03578125		0.34734988598	0.95862234566
0.03609375		0.34678887332	0.958235024798
0.03640625		0.346227248126	0.957846810022
0.03671875		0.345665008596	0.957457697203
0.03703125		0.345102152918	0.957067682179
0.03734375		0.34453867927	0.95667676076
0.03765625		0.343974585817	0.956284928724
0.03796875		0.343409870715	0.95589218182
0.03828125		0.342844532107	0.955498515764
0.03859375		0.342278568129	0.955103926242
0.03890625		0.341711976901	0.954708408907
0.03921875		0.341144756536	0.954311959381
0.03953125		0.340576905133	0.953914573254
0.03984375		0.340008420782	0.953516246082
0.04015625		0.339439301558	0.953116973389
0.04046875		0.338869545528	0.952716750666
0.04078125		0.338299150746	0.95231557337
0.04109375		0.337728115254	0.951913436923
0.04140625		0.337156437082	0.951510336713
0.04171875		0.336584114248	0.951106268094
0.04203125		0.336011144759	0.950701226386
0.04234375		0.335437526608	0.950295206871
0.04265625		0.334863257777	0.949888204797
0.04296875		0.334288336235	0.949480215375
0.04328125		0.33371275994	0.949071233779
0.04359375		0.333136526834	0.948661255149
0.04390625		0.33255963485	0.948250274584
0.04421875		0.331982081905	0.947838287147
0.04453125		0.331403865905	0.947425287864
0.04484375		0.330824984743	0.94701127172
0.04515625		0.330245436297	0.946596233663
0.04546875		0.329665218433	0.946180168601
0.04578125		0.329084329004	0.945763071403
0.04609375		0.328502765847	0.945344936898
0.04640625		0.327920526788	0.944925759873
0.04671875		0.327337609638	0.944505535075
0.04703125		0.326754012194	0.944084257209
0.04734375		0.326169732239	0.94366192094
0.04765625		0.325584767542	0.943238520887
0.04796875		0.324999115857	0.942814051631
0.04828125		0.324412774923	0.942388507707
0.04859375		0.323825742467	0.941961883605
0.04890625		0.323238016198	0.941534173773
0.04921875		0.322649593813	0.941105372615
0.04953125		0.32206047299	0.940675474488
0.04984375		0.321470651397	0.940244473703
0.05015625		0.320880126682	0.939812364527
0.05046875		0.32028889648	0.939379141179
0.05078125		0.31969695841	0.938944797831
0.05109375		0.319104310075	0.938509328608
0.05140625		0.318510949062	0.938072727585
0.05171875		0.317916872941	0.93763498879
0.05203125		0.317322079268	0.937196106201
0.05234375		0.316726565581	0.936756073747
0.05265625		0.316130329401	0.936314885305
0.05296875		0.315533368234	0.935872534702
0.05328125		0.314935679567	0.935429015714
0.05359375		0.314337260871	0.934984322064
0.05390625		0.313738109601	0.934538447421
0.05421875		0.313138223193	0.934091385404
0.05453125		0.312537599065	0.933643129575
0.05484375		0.311936234618	0.933193673444
0.05515625		0.311334127236	0.932743010462
0.05546875		0.310731274284	0.932291134029
0.05578125		0.310127673108	0.931838037485
0.05609375		0.309523321037	0.931383714114
0.05640625		0.308918215381	0.930928157142
0.05671875		0.308312353429	0.930471359737
0.05703125		0.307705732455	0.930013315007
0.05734375		0.307098349709	0.929554016001
0.05765625		0.306490202427	0.929093455707
0.05796875		0.30588128782	0.928631627052
0.05828125		0.305271603083	0.9281685229
0.05859375		0.304661145389	0.927704136054
0.05890625		0.304049911891	0.927238459252
0.05921875		0.303437899724	0.926771485168
0.05953125		0.302825105998	0.926303206411
0.05984375		0.302211527805	0.925833615525
0.06015625		0.301597162215	0.925362704986
0.06046875		0.300982006278	0.924890467205
0.06078125		0.300366057021	0.92441689452
0.06109375		0.29974931145	0.923941979206
0.06140625		0.299131766548	0.923465713464
0.06171875		0.298513419276	0.922988089424
0.06203125		0.297894266574	0.922509099147
0.06234375		0.297274305358	0.92202873462
0.06265625		0.296653532521	0.921546987756
0.06296875		0.296031944934	0.921063850394
0.06328125		0.295409539443	0.920579314298
0.06359375		0.29478631287	0.920093371156
0.06390625		0.294162262016	0.919606012579
0.06421875		0.293537383654	0.919117230097
0.06453125		0.292911674534	0.918627015166
0.06484375		0.292285131384	0.918135359157
0.06515625		0.291657750902	0.917642253362
0.06546875		0.291029529764	0.917147688991
0.06578125		0.29040046462	0.91665165717
0.06609375		0.289770552092	0.916154148941
0.06640625		0.28913978878	0.91565515526
0.06671875		0.288508171253	0.915154666996
0.06703125		0.287875696057	0.914652674933
0.06734375		0.287242359707	0.914149169763
0.06765625		0.286608158695	0.913644142089
0.06796875		0.285973089482	0.913137582424
0.06828125		0.285337148502	0.912629481187
0.06859375		0.284700332162	0.912119828704
0.06890625		0.284062636838	0.911608615208
0.06921875		0.283424058879	0.911095830832
0.06953125		0.282784594603	0.910581465614
0.06984375		0.282144240301	0.910065509495
0.07015625		0.281502992231	0.909547952311
0.07046875		0.280860846622	0.909028783802
0.07078125		0.280217799673	0.908507993602
0.07109375		0.27957384755	0.907985571242
0.07140625		0.27892898639	0.907461506146
0.07171875		0.278283212296	0.906935787633
0.07203125		0.277636521341	0.906408404913
0.07234375		0.276988909562	0.905879347085
0.07265625		0.276340372968	0.905348603136
0.07296875		0.27569090753	0.904816161942
0.07328125		0.275040509188	0.904282012264
0.07359375		0.274389173847	0.903746142744
0.07390625		0.273736897377	0.90320854191
0.07421875		0.273083675613	0.902669198168
0.07453125		0.272429504357	0.902128099802
0.07484375		0.27177437937	0.901585234976
0.07515625		0.271118296383	0.901040591727
0.07546875		0.270461251085	0.900494157966
0.07578125		0.26980323913	0.899945921476
0.07609375		0.269144256135	0.899395869908
0.07640625		0.268484297678	0.898843990785
0.07671875		0.267823359298	0.898290271491
0.07703125		0.267161436495	0.897734699277
0.07734375		0.26649852473	0.897177261256
0.07765625		0.265834619423	0.896617944401
0.07796875		0.265169715954	0.896056735541
0.07828125		0.264503809663	0.895493621364
0.07859375		0.263836895845	0.894928588408
0.07890625		0.263168969757	0.894361623066
0.07921875		0.262500026609	0.893792711578
0.07953125		0.261830061571	0.893221840033
0.07984375		0.261159069767	0.892648994362
0.08015625		0.260487046278	0.89207416034
0.08046875		0.25981398614	0.891497323582
0.08078125		0.259139884341	0.890918469541
0.08109375		0.258464735825	0.890337583504
0.08140625		0.257788535488	0.88975465059
0.08171875		0.257111278181	0.889169655749
0.08203125		0.256432958702	0.888582583757
0.08234375		0.255753571805	0.887993419217
0.08265625		0.255073112192	0.887402146551
0.08296875		0.254391574516	0.886808750001
0.08328125		0.253708953378	0.886213213624
0.08359375		0.253025243328	0.885615521294
0.08390625		0.252340438864	0.88501565669
0.08421875		0.251654534431	0.884413603302
0.08453125		0.250967524421	0.883809344422
0.08484375		0.25027940317	0.883202863144
0.08515625		0.249590164959	0.882594142359
0.08546875		0.248899804015	0.881983164752
0.08578125		0.248208314507	0.881369912801
0.08609375		0.247515690545	0.88075436877
0.08640625		0.246821926183	0.880136514707
0.08671875		0.246127015414	0.87951633244
0.08703125		0.245430952172	0.878893803576
0.08734375		0.24473373033	0.878268909493
0.08765625		0.244035343698	0.87764163134
0.08796875		0.243335786025	0.87701195003
0.08828125		0.242635050994	0.876379846238
0.08859375		0.241933132226	0.875745300397
0.08890625		0.241230023276	0.875108292693
0.08921875		0.24052571763	0.87446880306
0.08953125		0.23982020871	0.873826811177
0.08984375		0.239113489866	0.873182296466
0.09015625		0.238405554382	0.87253523808
0.09046875		0.237696395468	0.871885614908
0.09078125		0.236986006265	0.871233405562
0.09109375		0.23627437984	0.870578588378
0.09140625		0.235561509186	0.869921141406
0.09171875		0.234847387222	0.869261042411
0.09203125		0.234132006789	0.868598268862
0.09234375		0.233415360652	0.86793279793
0.09265625		0.232697441498	0.867264606481
0.09296875		0.231978241932	0.866593671074
0.09328125		0.231257754481	0.86591996795
0.09359375		0.230535971587	0.86524347303
0.09390625		0.229812885609	0.864564161907
0.09421875		0.229088488822	0.863882009844
0.09453125		0.228362773413	0.863196991761
0.09484375		0.227635731484	0.862509082234
0.09515625		0.226907355045	0.861818255489
0.09546875		0.226177636017	0.86112448539
0.09578125		0.225446566227	0.860427745437
0.09609375		0.224714137411	0.859728008759
0.09640625		0.223980341209	0.859025248103
0.09671875		0.223245169162	0.858319435832
0.09703125		0.222508612716	0.857610543912
0.09734375		0.221770663216	0.856898543909
0.09765625		0.221031311902	0.856183406978
0.09796875		0.220290549916	0.855465103858
0.09828125		0.219548368292	0.854743604859
0.09859375		0.218804757955	0.85401887986
0.09890625		0.218059709725	0.853290898295
0.09921875		0.217313214309	0.852559629145
0.09953125		0.216565262302	0.851825040933
0.09984375		0.215815844185	0.851087101708
0.10015625		0.21506495032	0.850345779042
0.10046875		0.214312570954	0.849601040016
0.10078125		0.213558696209	0.848852851211
0.10109375		0.212803316087	0.848101178698
0.10140625		0.212046420465	0.847345988027
0.10171875		0.21128799909	0.846587244216
0.10203125		0.210528041582	0.845824911742
0.10234375		0.209766537426	0.845058954526
0.10265625		0.209003475976	0.844289335922
0.10296875		0.208238846445	0.843516018709
0.10328125		0.207472637911	0.842738965072
0.10359375		0.206704839304	0.841958136596
0.10390625		0.205935439415	0.841173494246
0.10421875		0.205164426884	0.840384998359
0.10453125		0.204391790201	0.839592608629
0.10484375		0.203617517703	0.83879628409
0.10515625		0.202841597572	0.837995983106
0.10546875		0.202064017827	0.83719166335
0.10578125		0.20128476633	0.836383281795
0.10609375		0.200503830773	0.835570794693
0.10640625		0.199721198682	0.834754157561
0.10671875		0.198936857408	0.833933325165
0.10703125		0.19815079413	0.8331082515
0.10734375		0.197362995846	0.832278889774
0.10765625		0.19657344937	0.83144519239
0.10796875		0.195782141333	0.830607110925
0.10828125		0.194989058173	0.829764596113
0.10859375		0.194194186134	0.828917597825
0.10890625		0.193397511264	0.828066065043
0.10921875		0.192599019407	0.827209945849
0.10953125		0.191798696201	0.826349187392
0.10984375		0.190996527073	0.825483735872
0.11015625		0.190192497236	0.824613536517
0.11046875		0.189386591681	0.823738533555
0.11078125		0.188578795177	0.822858670192
0.11109375		0.18776909226	0.821973888587
0.11140625		0.186957467236	0.821084129821
0.11171875		0.186143904168	0.820189333878
0.11203125		0.185328386876	0.81928943961
0.11234375		0.184510898928	0.818384384708
0.11265625		0.183691423639	0.817474105679
0.11296875		0.182869944061	0.816558537807
0.11328125		0.182046442977	0.815637615125
0.11359375		0.181220902898	0.814711270383
0.11390625		0.180393306055	0.813779435011
0.11421875		0.179563634394	0.812842039086
0.11453125		0.178731869565	0.811899011293
0.11484375		0.17789799292	0.810950278893
0.11515625		0.177061985505	0.809995767676
0.11546875		0.176223828049	0.809035401927
0.11578125		0.175383500963	0.808069104382
0.11609375		0.174540984324	0.807096796184
0.11640625		0.173696257877	0.80611839684
0.11671875		0.172849301016	0.805133824172
0.11703125		0.172000092784	0.804142994275
0.11734375		0.17114861186	0.803145821459
0.11765625		0.170294836551	0.802142218203
0.11796875		0.169438744783	0.8011320951
0.11828125		0.168580314089	0.800115360803
0.11859375		0.167719521603	0.799091921965
0.11890625		0.166856344046	0.79806168318
0.11921875		0.165990757719	0.797024546923
0.11953125		0.165122738486	0.795980413485
0.11984375		0.16425226177	0.794929180903
0.12015625		0.163379302535	0.793870744897
0.12046875		0.162503835278	0.792804998791
0.12078125		0.161625834014	0.791731833443
0.12109375		0.160745272262	0.790651137166
0.12140625		0.159862123034	0.789562795645
0.12171875		0.158976358821	0.788466691855
0.12203125		0.158087951574	0.787362705974
0.12234375		0.157196872696	0.786250715287
0.12265625		0.156303093019	0.785130594097
0.12296875		0.155406582793	0.784002213621
0.12328125		0.154507311666	0.782865441891
0.12359375		0.153605248668	0.781720143642
0.12390625		0.152700362194	0.780566180202
0.12421875		0.151792619982	0.779403409375
0.12453125		0.150881989094	0.778231685318
0.12484375		0.149968435898	0.777050858415
0.12515625		0.149051926047	0.775860775139
0.12546875		0.148132424451	0.77466127792
0.12578125		0.147209895262	0.773452204991
0.12609375		0.146284301845	0.772233390242
0.12640625		0.145355606755	0.771004663058
0.12671875		0.14442377171	0.769765848153
0.12703125		0.143488757564	0.768516765392
0.12734375		0.142550524282	0.767257229614
0.12765625		0.141609030907	0.765987050433
0.12796875		0.140664235529	0.764706032045
0.12828125		0.139716095256	0.76341397301
0.12859375		0.13876456618	0.762110666031
0.12890625		0.137809603341	0.760795897726
0.12921875		0.13685116069	0.759469448382
0.12953125		0.135889191053	0.758131091693
0.12984375		0.13492364609	0.756780594498
0.13015625		0.133954476253	0.755417716489
0.13046875		0.132981630744	0.754042209919
0.13078125		0.132005057468	0.75265381928
0.13109375		0.131024702985	0.751252280976
0.13140625		0.13004051246	0.749837322968
0.13171875		0.129052429611	0.748408664409
0.13203125		0.128060396652	0.74696601525
0.13234375		0.127064354239	0.74550907583
0.13265625		0.126064241405	0.744037536435
0.13296875		0.125059995495	0.742551076845
0.13328125		0.124051552103	0.741049365838
0.13359375		0.123038845	0.739532060678
0.13390625		0.122021806054	0.737998806562
0.13421875		0.121000365158	0.736449236042
0.13453125		0.119974450143	0.734882968408
0.13484375		0.118943986692	0.73329960903
0.13515625		0.117908898246	0.73169874866
0.13546875		0.116869105907	0.730079962694
0.13578125		0.115824528335	0.728442810378
0.13609375		0.114775081636	0.726786833969
0.13640625		0.113720679249	0.725111557837
0.13671875		0.112661231823	0.723416487503
0.13703125		0.111596647084	0.721701108621
0.13734375		0.110526829697	0.719964885877
0.13765625		0.109451681122	0.71820726182
0.13796875		0.108371099455	0.716427655603
0.13828125		0.107284979262	0.71462546164
0.13859375		0.106193211402	0.712800048156
0.13890625		0.105095682838	0.71095075563
0.13921875		0.103992276436	0.709076895128
0.13953125		0.102882870747	0.707177746496
0.13984375		0.101767339779	0.705252556417
0.14015625		0.10064555275	0.703300536316
0.14046875		0.0995173738231	0.701320860087
0.14078125		0.098382661823	0.699312661639
0.14109375		0.0972412699311	0.697275032235
0.14140625		0.0960930453582	0.695207017602
0.14171875		0.094937828992	0.693107614794
0.14203125		0.0937754550161	0.690975768772
0.14234375		0.0926057505002	0.68881036868
0.14265625		0.0914285349562	0.686610243777
0.14296875		0.0902436198576	0.68437415899
0.14328125		0.0890508081189	0.682100810045
0.14359375		0.0878498935303	0.679788818116
0.14390625		0.086640660143	0.677436723952
0.14421875		0.0854228815991	0.675042981403
0.14453125		0.0841963204014	0.67260595028
0.14484375		0.0829607271145	0.670123888455
0.14515625		0.0817158394903	0.66759494311
0.14546875		0.0804613815087	0.665017141019
0.14578125		0.0791970623224	0.662388377726
0.14609375		0.0779225750957	0.659706405479
0.14640625		0.0766375957207	0.656968819718
0.14671875		0.0753417813987	0.654173043932
0.14703125		0.074034769065	0.651316312624
0.14734375		0.0727161736387	0.648395652089
0.14765625		0.0713855860705	0.645407858675
0.14796875		0.0700425711608	0.6423494741
0.14828125		0.0686866651137	0.639216757345
0.14859375		0.0673173727856	0.636005652516
0.14890625		0.0659341645824	0.632711751992
0.14921875		0.0645364729458	0.629330253954
0.14953125		0.0631236883637	0.625855913267
0.14984375		0.0616951548193	0.622282984408
0.15015625		0.0602501645823	0.618605154832
0.15046875		0.0587879522204	0.61481546678
0.15078125		0.057307687683	0.610906225037
0.15109375		0.0558084682756	0.606868887466
0.15140625		0.0542893092987	0.602693934315
0.15171875		0.0527491330686	0.598370711118
0.15203125		0.0511867559642	0.593887238507
0.15234375		0.049600873046	0.589229980164
0.15265625		0.0479900396678	0.584383557302
0.15296875		0.0463526493252	0.579330394125
0.15328125		0.0446869067544	0.574050273144
0.15359375		0.0429907949677	0.56851977125
0.15390625		0.0412620344629	0.562711535875
0.15421875		0.0394980321972	0.556593343288
0.15453125		0.0376958169848	0.550126855002
0.15484375		0.0358519566015	0.543265947679
0.15515625		0.0339624497973	0.53595442729
0.15546875		0.0320225831974	0.528122832161
0.15578125		0.0300267379404	0.519683849215
0.15609375		0.0279681224576	0.510525549175
0.15640625		0.0258383933722	0.500501057426
0.15671875		0.0236271007183	0.489412127271
0.15703125		0.0213208450348	0.47698168609
0.15734375		0.0189019354209	0.46280501137
0.15765625		0.0163461174108	0.446255624324
0.15796875		0.0136183688796	0.426282874361
0.15828125		0.0106638260507	0.400899507305
0.15859375		0.00743952554996	0.36624662225
0.15890625		0.00427389782422	0.318634021176
0.15921875		0.00169468672335	0.252387962527
0.15953125		0.000255787257478	0.155686902489
0.15984375		4.40691313949e-08	0.017541526266
0.16015625		4.11435822249e-09	0.0100006429005
0.16046875		4.11315256119e-09	0.01000000002
0.16078125		4.11315252376e-09	0.01
0.16109375		4.11315252376e-09	0.01
0.16140625		4.11315252376e-09	0.01
0.16171875		4.11315252376e-09	0.01
0.16203125		4.11315252376e-09	0.01
0.16234375		4.11315252376e-09	0.01
0.16265625		4.11315252376e-09	0.01
0.16296875		4.11315252376e-09	0.01
0.16328125		4.11315252376e-09	0.01
0.16359375		4.11315252376e-09	0.01
0.16390625		4.11315252376e-09	0.01
0.16421875		4.11315252376e-09	0.01
0.16453125		4.11315252376e-09	0.01
0.16484375		4.11315252376e-09	0.01
0.16515625		4.11315252376e-09	0.01
0.16546875		4.11315252376e-09	0.01
0.16578125		4.11315252376e-09	0.01
0.16609375		4.11315252376e-09	0.01
0.16640625		4.11315252376e-09	0.01
0.16671875		4.11315252376e-09	0.01
0.16703125		4.11315252376e-09	0.01
0.16734375		4.11315252376e-09	0.01
0.16765625		4.11315252376e-09	0.01
0.16796875		4.11315252376e-09	0.01
0.16828125		4.11315252376e-09	0.01
0.16859375		4.11315252376e-09	0.01
0.16890625		4.11315252376e-09	0.01
0.16921875		4.11315252376e-09	0.01
0.16953125		4.11315252376e-09	0.01
0.16984375		4.11315252376e-09	0.01
0.17015625		4.11315252376e-09	0.01
0.17046875		4.11315252376e-09	0.01
0.17078125		4.11315252376e-09	0.01
0.17109375		4.11315252376e-09	0.01
0.17140625		4.11315252376e-09	0.01
0.17171875		4.11315252376e-09	0.01
0.17203125		4.11315252376e-09	0.01
0.17234375		4.11315252376e-09	0.01
0.17265625		4.11315252376e-09	0.01
0.17296875		4.11315252376e-09	0.01
0.17328125		4.11315252376e-09	0.01
0.17359375		4.11315252376e-09	0.01
0.17390625		4.11315252376e-09	0.01
0.17421875		4.11315252376e-09	0.01
0.17453125		4.11315252376e-09	0.01
0.17484375		4.11315252376e-09	0.01
0.17515625		4.11315252376e-09	0.01
0.17546875		4.11315252376e-09	0.01
0.17578125		4.11315252376e-09	0.01
0.17609375		4.11315252376e-09	0.01
0.17640625		4.11315252376e-09	0.01
0.17671875		4.11315252376e-09	0.01
0.17703125		4.11315252376e-09	0.01
0.17734375		4.11315252376e-09	0.01
0.17765625		4.11315252376e-09	0.01
0.17796875		4.11315252376e-09	0.01
0.17828125		4.11315252376e-09	0.01
0.17859375		4.11315252376e-09	0.01
0.17890625		4.11315252376e-09	0.01
0.17921875		4.11315252376e-09	0.01
0.17953125		4.11315252376e-09	0.01
0.17984375		4.11315252376e-09	0.01
0.18015625		4.11315252376e-09	0.01
0.18046875		4.11315252376e-09	0.01
0.18078125		4.11315252376e-09	0.01
0.18109375		4.11315252376e-09	0.01
0.18140625		4.11315252376e-09	0.01
0.18171875		4.11315252376e-09	0.01
0.18203125		4.11315252376e-09	0.01
0.18234375		4.11315252376e-09	0.01
0.18265625		4.11315252376e-09	0.01
0.18296875		4.11315252376e-09	0.01
0.18328125		4.11315252376e-09	0.01
0.18359375		4.11315252376e-09	0.01
0.18390625		4.11315252376e-09	0.01
0.18421875		4.11315252376e-09	0.01
0.18453125		4.11315252376e-09	0.01
0.18484375		4.11315252376e-09	0.01
0.18515625		4.11315252376e-09	0.01
0.18546875		4.11315252376e-09	0.01
0.18578125		4.11315252376e-09	0.01
0.18609375		4.11315252376e-09	0.01
0.18640625		4.11315252376e-09	0.01
0.18671875		4.11315252376e-09	0.01
0.18703125		4.11315252376e-09	0.01
0.18734375		4.11315252376e-09	0.01
0.18765625		4.11315252376e-09	0.01
0.18796875		4.11315252376e-09	0.01
0.18828125		4.11315252376e-09	0.01
0.18859375		4.11315252376e-09	0.01
0.18890625		4.11315252376e-09	0.01
0.18921875		4.11315252376e-09	0.01
0.18953125		4.11315252376e-09	0.01
0.18984375		4.11315252376e-09	0.01
0.19015625		4.11315252376e-09	0.01
0.19046875		4.11315252376e-09	0.01
0.19078125		4.11315252376e-09	0.01
0.19109375		4.11315252376e-09	0.01
0.19140625		4.11315252376e-09	0.01
0.19171875		4.11315252376e-09	0.01
0.19203125		4.11315252376e-09	0.01
0.19234375		4.11315252376e-09	0.01
0.19265625		4.11315252376e-09	0.01
0.19296875		4.11315252376e-09	0.01
0.19328125		4.11315252376e-09	0.01
0.19359375		4.11315252376e-09	0.01
0.19390625		4.11315252376e-09	0.01
0.19421875		4.11315252376e-09	0.01
0.19453125		4.11315252376e-09	0.01
0.19484375		4.11315252376e-09	0.01
0.19515625		4.11315252376e-09	0.01
0.19546875		4.11315252376e-09	0.01
0.19578125		4.11315252376e-09	0.01
0.19609375		4.11315252376e-09	0.01
0.19640625		4.11315252376e-09	0.01
0.19671875		4.11315252376e-09	0.01
0.19703125		4.11315252376e-09	0.01
0.19734375		4.11315252376e-09	0.01
0.19765625		4.11315252376e-09	0.01
0.19796875		4.11315252376e-09	0.01
0.19828125		4.11315252376e-09	0.01
0.19859375		4.11315252376e-09	0.01
0.19890625		4.11315252376e-09	0.01
0.19921875		4.11315252376e-09	0.01
0.19953125		4.11315252376e-09	0.01
0.19984375		4.11315252376e-09	0.01
0.20015625		4.11315252376e-09	0.01
0.20046875		4.11315252376e-09	0.01
0.20078125		4.11315252376e-09	0.01
0.20109375		4.11315252376e-09	0.01
0.20140625		4.11315252376e-09	0.01
0.20171875		4.11315252376e-09	0.01
0.20203125		4.11315252376e-09	0.01
0.20234375		4.11315252376e-09	0.01
0.20265625		4.11315252376e-09	0.01
0.20296875		4.11315252376e-09	0.01
0.20328125		4.11315252376e-09	0.01
0.20359375		4.11315252376e-09	0.01
0.20390625		4.11315252376e-09	0.01
0.20421875		4.11315252376e-09	0.01
0.20453125		4.11315252376e-09	0.01
0.20484375		4.11315252376e-09	0.01
0.20515625		4.11315252376e-09	0.01
0.20546875		4.11315252376e-09	0.01
0.20578125		4.11315252376e-09	0.01
0.20609375		4.11315252376e-09	0.01
0.20640625		4.11315252376e-09	0.01
0.20671875		4.11315252376e-09	0.01
0.20703125		4.11315252376e-09	0.01
0.20734375		4.11315252376e-09	0.01
0.20765625		4.11315252376e-09	0.01
0.20796875		4.11315252376e-09	0.01
0.20828125		4.11315252376e-09	0.01
0.20859375		4.11315252376e-09	0.01
0.20890625		4.11315252376e-09	0.01
0.20921875		4.11315252376e-09	0.01
0.20953125		4.11315252376e-09	0.01
0.20984375		4.11315252376e-09	0.01
0.21015625		4.11315252376e-09	0.01
0.21046875		4.11315252376e-09	0.01
0.21078125		4.11315252376e-09	0.01
0.21109375		4.11315252376e-09	0.01
0.21140625		4.11315252376e-09	0.01
0.21171875		4.11315252376e-09	0.01
0.21203125		4.11315252376e-09	0.01
0.21234375		4.11315252376e-09	0.01
0.21265625		4.11315252376e-09	0.01
0.21296875		4.11315252376e-09	0.01
0.21328125		4.11315252376e-09	0.01
0.21359375		4.11315252376e-09	0.01
0.21390625		4.11315252376e-09	0.01
0.21421875		4.11315252376e-09	0.01
0.21453125		4.11315252376e-09	0.01
0.21484375		4.11315252376e-09	0.01
0.21515625		4.11315252376e-09	0.01
0.21546875		4.11315252376e-09	0.01
0.21578125		4.11315252376e-09	0.01
0.21609375		4.11315252376e-09	0.01
0.21640625		4.11315252376e-09	0.01
0.21671875		4.11315252376e-09	0.01
0.21703125		4.11315252376e-09	0.01
0.21734375		4.11315252376e-09	0.01
0.21765625		4.11315252376e-09	0.01
0.21796875		4.11315252376e-09	0.01
0.21828125		4.11315252376e-09	0.01
0.21859375		4.11315252376e-09	0.01
0.21890625		4.11315252376e-09	0.01
0.21921875		4.11315252376e-09	0.01
0.21953125		4.11315252376e-09	0.01
0.21984375		4.11315252376e-09	0.01
0.22015625		4.11315252376e-09	0.01
0.22046875		4.11315252376e-09	0.01
0.22078125		4.11315252376e-09	0.01
0.22109375		4.11315252376e-09	0.01
0.22140625		4.11315252376e-09	0.01
0.22171875		4.11315252376e-09	0.01
0.22203125		4.11315252376e-09	0.01
0.22234375		4.11315252376e-09	0.01
0.22265625		4.11315252376e-09	0.01
0.22296875		4.11315252376e-09	0.01
0.22328125		4.11315252376e-09	0.01
0.22359375		4.11315252376e-09	0.01
0.22390625		4.11315252376e-09	0.01
0.22421875		4.11315252376e-09	0.01
0.22453125		4.11315252376e-09	0.01
0.22484375		4.11315252376e-09	0.01
0.22515625		4.11315252376e-09	0.01
0.22546875		4.11315252376e-09	0.01
0.22578125		4.11315252376e-09	0.01
0.22609375		4.11315252376e-09	0.01
0.22640625		4.11315252376e-09	0.01
0.22671875		4.11315252376e-09	0.01
0.22703125		4.11315252376e-09	0.01
0.22734375		4.11315252376e-09	0.01
0.22765625		4.11315252376e-09	0.01
0.22796875		4.11315252376e-09	0.01
0.22828125		4.11315252376e-09	0.01
0.22859375		4.11315252376e-09	0.01
0.22890625		4.11315252376e-09	0.01
0.22921875		4.11315252376e-09	0.01
0.22953125		4.11315252376e-09	0.01
0.22984375		4.11315252376e-09	0.01
0.23015625		4.11315252376e-09	0.01
0.23046875		4.11315252376e-09	0.01
0.23078125		4.11315252376e-09	0.01
0.23109375		4.11315252376e-09	0.01
0.23140625		4.11315252376e-09	0.01
0.23171875		4.11315252376e-09	0.01
0.23203125		4.11315252376e-09	0.01
0.23234375		4.11315252376e-09	0.01
0.23265625		4.11315252376e-09	0.01
0.23296875		4.11315252376e-09	0.01
0.23328125		4.11315252376e-09	0.01
0.23359375		4.11315252376e-09	0.01
0.23390625		4.11315252376e-09	0.01
0.23421875		4.11315252376e-09	0.01
0.23453125		4.11315252376e-09	0.01
0.23484375		4.11315252376e-09	0.01
0.23515625		4.11315252376e-09	0.01
0.23546875		4.11315252376e-09	0.01
0.23578125		4.11315252376e-09	0.01
0.23609375		4.11315252376e-09	0.01
0.23640625		4.11315252376e-09	0.01
0.23671875		4.11315252376e-09	0.01
0.23703125		4.11315252376e-09	0.01
0.23734375		4.11315252376e-09	0.01
0.23765625		4.11315252376e-09	0.01
0.23796875		4.11315252376e-09	0.01
0.23828125		4.11315252376e-09	0.01
0.23859375		4.11315252376e-09	0.01
0.23890625		4.11315252376e-09	0.01
0.23921875		4.11315252376e-09	0.01
0.23953125		4.11315252376e-09	0.01
0.23984375		4.11315252376e-09	0.01
0.24015625		4.11315252376e-09	0.01
0.24046875		4.11315252376e-09	0.01
0.24078125		4.11315252376e-09	0.01
0.24109375		4.11315252376e-09	0.01
0.24140625		4.11315252376e-09	0.01
0.24171875		4.11315252376e-09	0.01
0.24203125		4.11315252376e-09	0.01
0.24234375		4.11315252376e-09	0.01
0.24265625		4.11315252376e-09	0.01
0.24296875		4.11315252376e-09	0.01
0.24328125		4.11315252376e-09	0.01
0.24359375		4.11315252376e-09	0.01
0.24390625		4.11315252376e-09	0.01
0.24421875		4.11315252376e-09	0.01
0.24453125		4.11315252376e-09	0.01
0.24484375		4.11315252376e-09	0.01
0.24515625		4.11315252376e-09	0.01
0.24546875		4.11315252376e-09	0.01
0.24578125		4.11315252376e-09	0.01
0.24609375		4.11315252376e-09	0.01
0.24640625		4.11315252376e-09	0.01
0.24671875		4.11315252376e-09	0.01
0.24703125		4.11315252376e-09	0.01
0.24734375		4.11315252376e-09	0.01
0.24765625		4.11315252376e-09	0.01
0.24796875		4.11315252376e-09	0.01
0.24828125		4.11315252376e-09	0.01
0.24859375		4.11315252376e-09	0.01
0.24890625		4.11315252376e-09	0.01
0.24921875		4.11315252376e-09	0.01
0.24953125		4.11315252376e-09	0.01
0.24984375		4.11315252376e-09	0.01
0.25015625		4.11315252376e-09	0.01
0.25046875		4.11315252376e-09	0.01
0.25078125		4.11315252376e-09	0.01
0.25109375		4.11315252376e-09	0.01
0.25140625		4.11315252376e-09	0.01
0.25171875		4.11315252376e-09	0.01
0.25203125		4.11315252376e-09	0.01
0.25234375		4.11315252376e-09	0.01
0.25265625		4.11315252376e-09	0.01
0.25296875		4.11315252376e-09	0.01
0.25328125		4.11315252376e-09	0.01
0.25359375		4.11315252376e-09	0.01
0.25390625		4.11315252376e-09	0.01
0.25421875		4.11315252376e-09	0.01
0.25453125		4.11315252376e-09	0.01
0.25484375		4.11315252376e-09	0.01
0.25515625		4.11315252376e-09	0.01
0.25546875		4.11315252376e-09	0.01
0.25578125		4.11315252376e-09	0.01
0.25609375		4.11315252376e-09	0.01
0.25640625		4.11315252376e-09	0.01
0.25671875		4.11315252376e-09	0.01
0.25703125		4.11315252376e-09	0.01
0.25734375		4.11315252376e-09	0.01
0.25765625		4.11315252376e-09	0.01
0.25796875		4.11315252376e-09	0.01
0.25828125		4.11315252376e-09	0.01
0.25859375		4.11315252376e-09	0.01
0.25890625		4.11315252376e-09	0.01
0.25921875		4.11315252376e-09	0.01
0.25953125		4.11315252376e-09	0.01
0.25984375		4.11315252376e-09	0.01
0.26015625		4.11315252376e-09	0.01
0.26046875		4.11315252376e-09	0.01
0.26078125		4.11315252376e-09	0.01
0.26109375		4.11315252376e-09	0.01
0.26140625		4.11315252376e-09	0.01
0.26171875		4.11315252376e-09	0.01
0.26203125		4.11315252376e-09	0.01
0.26234375		4.11315252376e-09	0.01
0.26265625		4.11315252376e-09	0.01
0.26296875		4.11315252376e-09	0.01
0.26328125		4.11315252376e-09	0.01
0.26359375		4.11315252376e-09	0.01
0.26390625		4.11315252376e-09	0.01
0.26421875		4.11315252376e-09	0.01
0.26453125		4.11315252376e-09	0.01
0.26484375		4.11315252376e-09	0.01
0.26515625		4.11315252376e-09	0.01
0.26546875		4.11315252376e-09	0.01
0.26578125		4.11315252376e-09	0.01
0.26609375		4.11315252376e-09	0.01
0.26640625		4.11315252376e-09	0.01
0.26671875		4.11315252376e-09	0.01
0.26703125		4.11315252376e-09	0.01
0.26734375		4.11315252376e-09	0.01
0.26765625		4.11315252376e-09	0.01
0.26796875		4.11315252376e-09	0.01
0.26828125		4.11315252376e-09	0.01
0.26859375		4.11315252376e-09	0.01
0.26890625		4.11315252376e-09	0.01
0.26921875		4.11315252376e-09	0.01
0.26953125		4.11315252376e-09	0.01
0.26984375		4.11315252376e-09	0.01
0.27015625		4.11315252376e-09	0.01
0.27046875		4.11315252376e-09	0.01
0.27078125		4.11315252376e-09	0.01
0.27109375		4.11315252376e-09	0.01
0.27140625		4.11315252376e-09	0.01
0.27171875		4.11315252376e-09	0.01
0.27203125		4.11315252376e-09	0.01
0.27234375		4.11315252376e-09	0.01
0.27265625		4.11315252376e-09	0.01
0.27296875		4.11315252376e-09	0.01
0.27328125		4.11315252376e-09	0.01
0.27359375		4.11315252376e-09	0.01
0.27390625		4.11315252376e-09	0.01
0.27421875		4.11315252376e-09	0.01
0.27453125		4.11315252376e-09	0.01
0.27484375		4.11315252376e-09	0.01
0.27515625		4.11315252376e-09	0.01
0.27546875		4.11315252376e-09	0.01
0.27578125		4.11315252376e-09	0.01
0.27609375		4.11315252376e-09	0.01
0.27640625		4.11315252376e-09	0.01
0.27671875		4.11315252376e-09	0.01
0.27703125		4.11315252376e-09	0.01
0.27734375		4.11315252376e-09	0.01
0.27765625		4.11315252376e-09	0.01
0.27796875		4.11315252376e-09	0.01
0.27828125		4.11315252376e-09	0.01
0.27859375		4.11315252376e-09	0.01
0.27890625		4.11315252376e-09	0.01
0.27921875		4.11315252376e-09	0.01
0.27953125		4.11315252376e-09	0.01
0.27984375		4.11315252376e-09	0.01
0.28015625		4.11315252376e-09	0.01
0.28046875		4.11315252376e-09	0.01
0.28078125		4.11315252376e-09	0.01
0.28109375		4.11315252376e-09	0.01
0.28140625		4.11315252376e-09	0.01
0.28171875		4.11315252376e-09	0.01
0.28203125		4.11315252376e-09	0.01
0.28234375		4.11315252376e-09	0.01
0.28265625		4.11315252376e-09	0.01
0.28296875		4.11315252376e-09	0.01
0.28328125		4.11315252376e-09	0.01
0.28359375		4.11315252376e-09	0.01
0.28390625		4.11315252376e-09	0.01
0.28421875		4.11315252376e-09	0.01
0.28453125		4.11315252376e-09	0.01
0.28484375		4.11315252376e-09	0.01
0.28515625		4.11315252376e-09	0.01
0.28546875		4.11315252376e-09	0.01
0.28578125		4.11315252376e-09	0.01
0.28609375		4.11315252376e-09	0.01
0.28640625		4.11315252376e-09	0.01
0.28671875		4.11315252376e-09	0.01
0.28703125		4.11315252376e-09	0.01
0.28734375		4.11315252376e-09	0.01
0.28765625		4.11315252376e-09	0.01
0.28796875		4.11315252376e-09	0.01
0.28828125		4.11315252376e-09	0.01
0.28859375		4.11315252376e-09	0.01
0.28890625		4.11315252376e-09	0.01
0.28921875		4.11315252376e-09	0.01
0.28953125		4.11315252376e-09	0.01
0.28984375		4.11315252376e-09	0.01
0.29015625		4.11315252376e-09	0.01
0.29046875		4.11315252376e-09	0.01
0.29078125		4.11315252376e-09	0.01
0.29109375		4.11315252376e-09	0.01
0.29140625		4.11315252376e-09	0.01
0.29171875		4.11315252376e-09	0.01
0.29203125		4.11315252376e-09	0.01
0.29234375		4.11315252376e-09	0.01
0.29265625		4.11315252376e-09	0.01
0.29296875		4.11315252376e-09	0.01
0.29328125		4.11315252376e-09	0.01
0.29359375		4.11315252376e-09	0.01
0.29390625		4.11315252376e-09	0.01
0.29421875		4.11315252376e-09	0.01
0.29453125		4.11315252376e-09	0.01
0.29484375		4.11315252376e-09	0.01
0.29515625		4.11315252376e-09	0.01
0.29546875		4.11315252376e-09	0.01
0.29578125		4.11315252376e-09	0.01
0.29609375		4.11315252376e-09	0.01
0.29640625		4.11315252376e-09	0.01
0.29671875		4.11315252376e-09	0.01
0.29703125		4.11315252376e-09	0.01
0.29734375		4.11315252376e-09	0.01
0.29765625		4.11315252376e-09	0.01
0.29796875		4.11315252376e-09	0.01
0.29828125		4.11315252376e-09	0.01
0.29859375		4.11315252376e-09	0.01
0.29890625		4.11315252376e-09	0.01
0.29921875		4.11315252376e-09	0.01
0.29953125		4.11315252376e-09	0.01
0.29984375		4.11315252376e-09	0.01
0.30015625		4.11315252376e-09	0.01
0.30046875		4.11315252376e-09	0.01
0.30078125		4.11315252376e-09	0.01
0.30109375		4.11315252376e-09	0.01
0.30140625		4.11315252376e-09	0.01
0.30171875		4.11315252376e-09	0.01
0.30203125		4.11315252376e-09	0.01
0.30234375		4.11315252376e-09	0.01
0.30265625		4.11315252376e-09	0.01
0.30296875		4.11315252376e-09	0.01
0.30328125		4.11315252376e-09	0.01
0.30359375		4.11315252376e-09	0.01
0.30390625		4.11315252376e-09	0.01
0.30421875		4.11315252376e-09	0.01
0.30453125		4.11315252376e-09	0.01
0.30484375		4.11315252376e-09	0.01
0.30515625		4.11315252376e-09	0.01
0.30546875		4.11315252376e-09	0.01
0.30578125		4.11315252376e-09	0.01
0.30609375		4.11315252376e-09	0.01
0.30640625		4.11315252376e-09	0.01
0.30671875		4.11315252376e-09	0.01
0.30703125		4.11315252376e-09	0.01
0.30734375		4.11315252376e-09	0.01
0.30765625		4.11315252376e-09	0.01
0.30796875		4.11315252376e-09	0.01
0.30828125		4.11315252376e-09	0.01
0.30859375		4.11315252376e-09	0.01
0.30890625		4.11315252376e-09	0.01
0.30921875		4.11315252376e-09	0.01
0.30953125		4.11315252376e-09	0.01
0.30984375		4.11315252376e-09	0.01
0.31015625		4.11315252376e-09	0.01
0.31046875		4.11315252376e-09	0.01
0.31078125		4.11315252376e-09	0.01
0.31109375		4.11315252376e-09	0.01
0.31140625		4.11315252376e-09	0.01
0.31171875		4.11315252376e-09	0.01
0.31203125		4.11315252376e-09	0.01
0.31234375		4.11315252376e-09	0.01
0.31265625		4.11315252376e-09	0.01
0.31296875		4.11315252376e-09	0.01
0.31328125		4.11315252376e-09	0.01
0.31359375		4.11315252376e-09	0.01
0.31390625		4.11315252376e-09	0.01
0.31421875		4.11315252376e-09	0.01
0.31453125		4.11315252376e-09	0.01
0.31484375		4.11315252376e-09	0.01
0.31515625		4.11315252376e-09	0.01
0.31546875		4.11315252376e-09	0.01
0.31578125		4.11315252376e-09	0.01
0.31609375		4.11315252376e-09	0.01
0.31640625		4.11315252376e-09	0.01
0.31671875		4.11315252376e-09	0.01
0.31703125		4.11315252376e-09	0.01
0.31734375		4.11315252376e-09	0.01
0.31765625		4.11315252376e-09	0.01
0.31796875		4.11315252376e-09	0.01
0.31828125		4.11315252376e-09	0.01
0.31859375		4.11315252376e-09	0.01
0.31890625		4.11315252376e-09	0.01
0.31921875		4.11315252376e-09	0.01
0.31953125		4.11315252376e-09	0.01
0.31984375		4.11315252376e-09	0.01
0.32015625		4.11315252376e-09	0.01
0.32046875		4.11315252376e-09	0.01
0.32078125		4.11315252376e-09	0.01
0.32109375		4.11315252376e-09	0.01
0.32140625		4.11315252376e-09	0.01
0.32171875		4.11315252376e-09	0.01
0.32203125		4.11315252376e-09	0.01
0.32234375		4.11315252376e-09	0.01
0.32265625		4.11315252376e-09	0.01
0.32296875		4.11315252376e-09	0.01
0.32328125		4.11315252376e-09	0.01
0.32359375		4.11315252376e-09	0.01
0.32390625		4.11315252376e-09	0.01
0.32421875		4.11315252376e-09	0.01
0.32453125		4.11315252376e-09	0.01
0.32484375		4.11315252376e-09	0.01
0.32515625		4.11315252376e-09	0.01
0.32546875		4.11315252376e-09	0.01
0.32578125		4.11315252376e-09	0.01
0.32609375		4.11315252376e-09	0.01
0.32640625		4.11315252376e-09	0.01
0.32671875		4.11315252376e-09	0.01
0.32703125		4.11315252376e-09	0.01
0.32734375		4.11315252376e-09	0.01
0.32765625		4.11315252376e-09	0.01
0.32796875		4.11315252376e-09	0.01
0.32828125		4.11315252376e-09	0.01
0.32859375		4.11315252376e-09	0.01
0.32890625		4.11315252376e-09	0.01
0.32921875		4.11315252376e-09	0.01
0.32953125		4.11315252376e-09	0.01
0.32984375		4.11315252376e-09	0.01
0.33015625		4.11315252376e-09	0.01
0.33046875		4.11315252376e-09	0.01
0.33078125		4.11315252376e-09	0.01
0.33109375		4.11315252376e-09	0.01
0.33140625		4.11315252376e-09	0.01
0.33171875		4.11315252376e-09	0.01
0.33203125		4.11315252376e-09	0.01
0.33234375		4.11315252376e-09	0.01
0.33265625		4.11315252376e-09	0.01
0.33296875		4.11315252376e-09	0.01
0.33328125		4.11315252376e-09	0.01
0.33359375		4.11315252376e-09	0.01
0.33390625		4.11315252376e-09	0.01
0.33421875		4.11315252376e-09	0.01
0.33453125		4.11315252376e-09	0.01
0.33484375		4.11315252376e-09	0.01
0.33515625		4.11315252376e-09	0.01
0.33546875		4.11315252376e-09	0.01
0.33578125		4.11315252376e-09	0.01
0.33609375		4.11315252376e-09	0.01
0.33640625		4.11315252376e-09	0.01
0.33671875		4.11315252376e-09	0.01
0.33703125		4.11315252376e-09	0.01
0.33734375		4.11315252376e-09	0.01
0.33765625		4.11315252376e-09	0.01
0.33796875		4.11315252376e-09	0.01
0.33828125		4.11315252376e-09	0.01
0.33859375		4.11315252376e-09	0.01
0.33890625		4.11315252376e-09	0.01
0.33921875		4.11315252376e-09	0.01
0.33953125		4.11315252376e-09	0.01
0.33984375		4.11315252376e-09	0.01
0.34015625		4.11315252376e-09	0.01
0.34046875		4.11315252376e-09	0.01
0.34078125		4.11315252376e-09	0.01
0.34109375		4.11315252376e-09	0.01
0.34140625		4.11315252376e-09	0.01
0.34171875		4.11315252376e-09	0.01
0.34203125		4.11315252376e-09	0.01
0.34234375		4.11315252376e-09	0.01
0.34265625		4.11315252376e-09	0.01
0.34296875		4.11315252376e-09	0.01
0.34328125		4.11315252376e-09	0.01
0.34359375		4.11315252376e-09	0.01
0.34390625		4.11315252376e-09	0.01
0.34421875		4.11315252376e-09	0.01
0.34453125		4.11315252376e-09	0.01
0.34484375		4.11315252376e-09	0.01
0.34515625		4.11315252376e-09	0.01
0.34546875		4.11315252376e-09	0.01
0.34578125		4.11315252376e-09	0.01
0.34609375		4.11315252376e-09	0.01
0.34640625		4.11315252376e-09	0.01
0.34671875		4.11315252376e-09	0.01
0.34703125		4.11315252376e-09	0.01
0.34734375		4.11315252376e-09	0.01
0.34765625		4.11315252376e-09	0.01
0.34796875		4.11315252376e-09	0.01
0.34828125		4.11315252376e-09	0.01
0.34859375		4.11315252376e-09	0.01
0.34890625		4.11315252376e-09	0.01
0.34921875		4.11315252376e-09	0.01
0.34953125		4.11315252376e-09	0.01
0.34984375		4.11315252376e-09	0.01
0.35015625		4.11315252376e-09	0.01
0.35046875		4.11315252376e-09	0.01
0.35078125		4.11315252376e-09	0.01
0.35109375		4.11315252376e-09	0.01
0.35140625		4.11315252376e-09	0.01
0.35171875		4.11315252376e-09	0.01
0.35203125		4.11315252376e-09	0.01
0.35234375		4.11315252376e-09	0.01
0.35265625		4.11315252376e-09	0.01
0.35296875		4.11315252376e-09	0.01
0.35328125		4.11315252376e-09	0.01
0.35359375		4.11315252376e-09	0.01
0.35390625		4.11315252376e-09	0.01
0.35421875		4.11315252376e-09	0.01
0.35453125		4.11315252376e-09	0.01
0.35484375		4.11315252376e-09	0.01
0.35515625		4.11315252376e-09	0.01
0.35546875		4.11315252376e-09	0.01
0.35578125		4.11315252376e-09	0.01
0.35609375		4.11315252376e-09	0.01
0.35640625		4.11315252376e-09	0.01
0.35671875		4.11315252376e-09	0.01
0.35703125		4.11315252376e-09	0.01
0.35734375		4.11315252376e-09	0.01
0.35765625		4.11315252376e-09	0.01
0.35796875		4.11315252376e-09	0.01
0.35828125		4.11315252376e-09	0.01
0.35859375		4.11315252376e-09	0.01
0.35890625		4.11315252376e-09	0.01
0.35921875		4.11315252376e-09	0.01
0.35953125		4.11315252376e-09	0.01
0.35984375		4.11315252376e-09	0.01
0.36015625		4.11315252376e-09	0.01
0.36046875		4.11315252376e-09	0.01
0.36078125		4.11315252376e-09	0.01
0.36109375		4.11315252376e-09	0.01
0.36140625		4.11315252376e-09	0.01
0.36171875		4.11315252376e-09	0.01
0.36203125		4.11315252376e-09	0.01
0.36234375		4.11315252376e-09	0.01
0.36265625		4.11315252376e-09	0.01
0.36296875		4.11315252376e-09	0.01
0.36328125		4.11315252376e-09	0.01
0.36359375		4.11315252376e-09	0.01
0.36390625		4.11315252376e-09	0.01
0.36421875		4.11315252376e-09	0.01
0.36453125		4.11315252376e-09	0.01
0.36484375		4.11315252376e-09	0.01
0.36515625		4.11315252376e-09	0.01
0.36546875		4.11315252376e-09	0.01
0.36578125		4.11315252376e-09	0.01
0.36609375		4.11315252376e-09	0.01
0.36640625		4.11315252376e-09	0.01
0.36671875		4.11315252376e-09	0.01
0.36703125		4.11315252376e-09	0.01
0.36734375		4.11315252376e-09	0.01
0.36765625		4.11315252376e-09	0.01
0.36796875		4.11315252376e-09	0.01
0.36828125		4.11315252376e-09	0.01
0.36859375		4.11315252376e-09	0.01
0.36890625		4.11315252376e-09	0.01
0.36921875		4.11315252376e-09	0.01
0.36953125		4.11315252376e-09	0.01
0.36984375		4.11315252376e-09	0.01
0.37015625		4.11315252376e-09	0.01
0.37046875		4.11315252376e-09	0.01
0.37078125		4.11315252376e-09	0.01
0.37109375		4.11315252376e-09	0.01
0.37140625		4.11315252376e-09	0.01
0.37171875		4.11315252376e-09	0.01
0.37203125		4.11315252376e-09	0.01
0.37234375		4.11315252376e-09	0.01
0.37265625		4.11315252376e-09	0.01
0.37296875		4.11315252376e-09	0.01
0.37328125		4.11315252376e-09	0.01
0.37359375		4.11315252376e-09	0.01
0.37390625		4.11315252376e-09	0.01
0.37421875		4.11315252376e-09	0.01
0.37453125		4.11315252376e-09	0.01
0.37484375		4.11315252376e-09	0.01
0.37515625		4.11315252376e-09	0.01
0.37546875		4.11315252376e-09	0.01
0.37578125		4.11315252376e-09	0.01
0.37609375		4.11315252376e-09	0.01
0.37640625		4.11315252376e-09	0.01
0.37671875		4.11315252376e-09	0.01
0.37703125		4.11315252376e-09	0.01
0.37734375		4.11315252376e-09	0.01
0.37765625		4.11315252376e-09	0.01
0.37796875		4.11315252376e-09	0.01
0.37828125		4.11315252376e-09	0.01
0.37859375		4.11315252376e-09	0.01
0.37890625		4.11315252376e-09	0.01
0.37921875		4.11315252376e-09	0.01
0.37953125		4.11315252376e-09	0.01
0.37984375		4.11315252376e-09	0.01
0.38015625		4.11315252376e-09	0.01
0.38046875		4.11315252376e-09	0.01
0.38078125		4.11315252376e-09	0.01
0.38109375		4.11315252376e-09	0.01
0.38140625		4.11315252376e-09	0.01
0.38171875		4.11315252376e-09	0.01
0.38203125		4.11315252376e-09	0.01
0.38234375		4.11315252376e-09	0.01
0.38265625		4.11315252376e-09	0.01
0.38296875		4.11315252376e-09	0.01
0.38328125		4.11315252376e-09	0.01
0.38359375		4.11315252376e-09	0.01
0.38390625		4.11315252376e-09	0.01
0.38421875		4.11315252376e-09	0.01
0.38453125		4.11315252376e-09	0.01
0.38484375		4.11315252376e-09	0.01
0.38515625		4.11315252376e-09	0.01
0.38546875		4.11315252376e-09	0.01
0.38578125		4.11315252376e-09	0.01
0.38609375		4.11315252376e-09	0.01
0.38640625		4.11315252376e-09	0.01
0.38671875		4.11315252376e-09	0.01
0.38703125		4.11315252376e-09	0.01
0.38734375		4.11315252376e-09	0.01
0.38765625		4.11315252376e-09	0.01
0.38796875		4.11315252376e-09	0.01
0.38828125		4.11315252376e-09	0.01
0.38859375		4.11315252376e-09	0.01
0.38890625		4.11315252376e-09	0.01
0.38921875		4.11315252376e-09	0.01
0.38953125		4.11315252376e-09	0.01
0.38984375		4.11315252376e-09	0.01
0.39015625		4.11315252376e-09	0.01
0.39046875		4.11315252376e-09	0.01
0.39078125		4.11315252376e-09	0.01
0.39109375		4.11315252376e-09	0.01
0.39140625		4.11315252376e-09	0.01
0.39171875		4.11315252376e-09	0.01
0.39203125		4.11315252376e-09	0.01
0.39234375		4.11315252376e-09	0.01
0.39265625		4.11315252376e-09	0.01
0.39296875		4.11315252376e-09	0.01
0.39328125		4.11315252376e-09	0.01
0.39359375		4.11315252376e-09	0.01
0.39390625		4.11315252376e-09	0.01
0.39421875		4.11315252376e-09	0.01
0.39453125		4.11315252376e-09	0.01
0.39484375		4.11315252376e-09	0.01
0.39515625		4.11315252376e-09	0.01
0.39546875		4.11315252376e-09	0.01
0.39578125		4.11315252376e-09	0.01
0.39609375		4.11315252376e-09	0.01
0.39640625		4.11315252376e-09	0.01
0.39671875		4.11315252376e-09	0.01
0.39703125		4.11315252376e-09	0.01
0.39734375		4.11315252376e-09	0.01
0.39765625		4.11315252376e-09	0.01
0.39796875		4.11315252376e-09	0.01
0.39828125		4.11315252376e-09	0.01
0.39859375		4.11315252376e-09	0.01
0.39890625		4.11315252376e-09	0.01
0.39921875		4.11315252376e-09	0.01
0.39953125		4.11315252376e-09	0.01
0.39984375		4.11315252376e-09	0.01
0.40015625		4.11315252376e-09	0.01
0.40046875		4.11315252376e-09	0.01
0.40078125		4.11315252376e-09	0.01
0.40109375		4.11315252376e-09	0.01
0.40140625		4.11315252376e-09	0.01
0.40171875		4.11315252376e-09	0.01
0.40203125		4.11315252376e-09	0.01
0.40234375		4.11315252376e-09	0.01
0.40265625		4.11315252376e-09	0.01
0.40296875		4.11315252376e-09	0.01
0.40328125		4.11315252376e-09	0.01
0.40359375		4.11315252376e-09	0.01
0.40390625		4.11315252376e-09	0.01
0.40421875		4.11315252376e-09	0.01
0.40453125		4.11315252376e-09	0.01
0.40484375		4.11315252376e-09	0.01
0.40515625		4.11315252376e-09	0.01
0.40546875		4.11315252376e-09	0.01
0.40578125		4.11315252376e-09	0.01
0.40609375		4.11315252376e-09	0.01
0.40640625		4.11315252376e-09	0.01
0.40671875		4.11315252376e-09	0.01
0.40703125		4.11315252376e-09	0.01
0.40734375		4.11315252376e-09	0.01
0.40765625		4.11315252376e-09	0.01
0.40796875		4.11315252376e-09	0.01
0.40828125		4.11315252376e-09	0.01
0.40859375		4.11315252376e-09	0.01
0.40890625		4.11315252376e-09	0.01
0.40921875		4.11315252376e-09	0.01
0.40953125		4.11315252376e-09	0.01
0.40984375		4.11315252376e-09	0.01
0.41015625		4.11315252376e-09	0.01
0.41046875		4.11315252376e-09	0.01
0.41078125		4.11315252376e-09	0.01
0.41109375		4.11315252376e-09	0.01
0.41140625		4.11315252376e-09	0.01
0.41171875		4.11315252376e-09	0.01
0.41203125		4.11315252376e-09	0.01
0.41234375		4.11315252376e-09	0.01
0.41265625		4.11315252376e-09	0.01
0.41296875		4.11315252376e-09	0.01
0.41328125		4.11315252376e-09	0.01
0.41359375		4.11315252376e-09	0.01
0.41390625		4.11315252376e-09	0.01
0.41421875		4.11315252376e-09	0.01
0.41453125		4.11315252376e-09	0.01
0.41484375		4.11315252376e-09	0.01
0.41515625		4.11315252376e-09	0.01
0.41546875		4.11315252376e-09	0.01
0.41578125		4.11315252376e-09	0.01
0.41609375		4.11315252376e-09	0.01
0.41640625		4.11315252376e-09	0.01
0.41671875		4.11315252376e-09	0.01
0.41703125		4.11315252376e-09	0.01
0.41734375		4.11315252376e-09	0.01
0.41765625		4.11315252376e-09	0.01
0.41796875		4.11315252376e-09	0.01
0.41828125		4.11315252376e-09	0.01
0.41859375		4.11315252376e-09	0.01
0.41890625		4.11315252376e-09	0.01
0.41921875		4.11315252376e-09	0.01
0.41953125		4.11315252376e-09	0.01
0.41984375		4.11315252376e-09	0.01
0.42015625		4.11315252376e-09	0.01
0.42046875		4.11315252376e-09	0.01
0.42078125		4.11315252376e-09	0.01
0.42109375		4.11315252376e-09	0.01
0.42140625		4.11315252376e-09	0.01
0.42171875		4.11315252376e-09	0.01
0.42203125		4.11315252376e-09	0.01
0.42234375		4.11315252376e-09	0.01
0.42265625		4.11315252376e-09	0.01
0.42296875		4.11315252376e-09	0.01
0.42328125		4.11315252376e-09	0.01
0.42359375		4.11315252376e-09	0.01
0.42390625		4.11315252376e-09	0.01
0.42421875		4.11315252376e-09	0.01
0.42453125		4.11315252376e-09	0.01
0.42484375		4.11315252376e-09	0.01
0.42515625		4.11315252376e-09	0.01
0.42546875		4.11315252376e-09	0.01
0.42578125		4.11315252376e-09	0.01
0.42609375		4.11315252376e-09	0.01
0.42640625		4.11315252376e-09	0.01
0.42671875		4.11315252376e-09	0.01
0.42703125		4.11315252376e-09	0.01
0.42734375		4.11315252376e-09	0.01
0.42765625		4.11315252376e-09	0.01
0.42796875		4.11315252376e-09	0.01
0.42828125		4.11315252376e-09	0.01
0.42859375		4.11315252376e-09	0.01
0.42890625		4.11315252376e-09	0.01
0.42921875		4.11315252376e-09	0.01
0.42953125		4.11315252376e-09	0.01
0.42984375		4.11315252376e-09	0.01
0.43015625		4.11315252376e-09	0.01
0.43046875		4.11315252376e-09	0.01
0.43078125		4.11315252376e-09	0.01
0.43109375		4.11315252376e-09	0.01
0.43140625		4.11315252376e-09	0.01
0.43171875		4.11315252376e-09	0.01
0.43203125		4.11315252376e-09	0.01
0.43234375		4.11315252376e-09	0.01
0.43265625		4.11315252376e-09	0.01
0.43296875		4.11315252376e-09	0.01
0.43328125		4.11315252376e-09	0.01
0.43359375		4.11315252376e-09	0.01
0.43390625		4.11315252376e-09	0.01
0.43421875		4.11315252376e-09	0.01
0.43453125		4.11315252376e-09	0.01
0.43484375		4.11315252376e-09	0.01
0.43515625		4.11315252376e-09	0.01
0.43546875		4.11315252376e-09	0.01
0.43578125		4.11315252376e-09	0.01
0.43609375		4.11315252376e-09	0.01
0.43640625		4.11315252376e-09	0.01
0.43671875		4.11315252376e-09	0.01
0.43703125		4.11315252376e-09	0.01
0.43734375		4.11315252376e-09	0.01
0.43765625		4.11315252376e-09	0.01
0.43796875		4.11315252376e-09	0.01
0.43828125		4.11315252376e-09	0.01
0.43859375		4.11315252376e-09	0.01
0.43890625		4.11315252376e-09	0.01
0.43921875		4.11315252376e-09	0.01
0.43953125		4.11315252376e-09	0.01
0.43984375		4.11315252376e-09	0.01
0.44015625		4.11315252376e-09	0.01
0.44046875		4.11315252376e-09	0.01
0.44078125		4.11315252376e-09	0.01
0.44109375		4.11315252376e-09	0.01
0.44140625		4.11315252376e-09	0.01
0.44171875		4.11315252376e-09	0.01
0.44203125		4.11315252376e-09	0.01
0.44234375		4.11315252376e-09	0.01
0.44265625		4.11315252376e-09	0.01
0.44296875		4.11315252376e-09	0.01
0.44328125		4.11315252376e-09	0.01
0.44359375		4.11315252376e-09	0.01
0.44390625		4.11315252376e-09	0.01
0.44421875		4.11315252376e-09	0.01
0.44453125		4.11315252376e-09	0.01
0.44484375		4.11315252376e-09	0.01
0.44515625		4.11315252376e-09	0.01
0.44546875		4.11315252376e-09	0.01
0.44578125		4.11315252376e-09	0.01
0.44609375		4.11315252376e-09	0.01
0.44640625		4.11315252376e-09	0.01
0.44671875		4.11315252376e-09	0.01
0.44703125		4.11315252376e-09	0.01
0.44734375		4.11315252376e-09	0.01
0.44765625		4.11315252376e-09	0.01
0.44796875		4.11315252376e-09	0.01
0.44828125		4.11315252376e-09	0.01
0.44859375		4.11315252376e-09	0.01
0.44890625		4.11315252376e-09	0.01
0.44921875		4.11315252376e-09	0.01
0.44953125		4.11315252376e-09	0.01
0.44984375		4.11315252376e-09	0.01
0.45015625		4.11315252376e-09	0.01
0.45046875		4.11315252376e-09	0.01
0.45078125		4.11315252376e-09	0.01
0.45109375		4.11315252376e-09	0.01
0.45140625		4.11315252376e-09	0.01
0.45171875		4.11315252376e-09	0.01
0.45203125		4.11315252376e-09	0.01
0.45234375		4.11315252376e-09	0.01
0.45265625		4.11315252376e-09	0.01
0.45296875		4.11315252376e-09	0.01
0.45328125		4.11315252376e-09	0.01
0.45359375		4.11315252376e-09	0.01
0.45390625		4.11315252376e-09	0.01
0.45421875		4.11315252376e-09	0.01
0.45453125		4.11315252376e-09	0.01
0.45484375		4.11315252376e-09	0.01
0.45515625		4.11315252376e-09	0.01
0.45546875		4.11315252376e-09	0.01
0.45578125		4.11315252376e-09	0.01
0.45609375		4.11315252376e-09	0.01
0.45640625		4.11315252376e-09	0.01
0.45671875		4.11315252376e-09	0.01
0.45703125		4.11315252376e-09	0.01
0.45734375		4.11315252376e-09	0.01
0.45765625		4.11315252376e-09	0.01
0.45796875		4.11315252376e-09	0.01
0.45828125		4.11315252376e-09	0.01
0.45859375		4.11315252376e-09	0.01
0.45890625		4.11315252376e-09	0.01
0.45921875		4.11315252376e-09	0.01
0.45953125		4.11315252376e-09	0.01
0.45984375		4.11315252376e-09	0.01
0.46015625		4.11315252376e-09	0.01
0.46046875		4.11315252376e-09	0.01
0.46078125		4.11315252376e-09	0.01
0.46109375		4.11315252376e-09	0.01
0.46140625		4.11315252376e-09	0.01
0.46171875		4.11315252376e-09	0.01
0.46203125		4.11315252376e-09	0.01
0.46234375		4.11315252376e-09	0.01
0.46265625		4.11315252376e-09	0.01
0.46296875		4.11315252376e-09	0.01
0.46328125		4.11315252376e-09	0.01
0.46359375		4.11315252376e-09	0.01
0.46390625		4.11315252376e-09	0.01
0.46421875		4.11315252376e-09	0.01
0.46453125		4.11315252376e-09	0.01
0.46484375		4.11315252376e-09	0.01
0.46515625		4.11315252376e-09	0.01
0.46546875		4.11315252376e-09	0.01
0.46578125		4.11315252376e-09	0.01
0.46609375		4.11315252376e-09	0.01
0.46640625		4.11315252376e-09	0.01
0.46671875		4.11315252376e-09	0.01
0.46703125		4.11315252376e-09	0.01
0.46734375		4.11315252376e-09	0.01
0.46765625		4.11315252376e-09	0.01
0.46796875		4.11315252376e-09	0.01
0.46828125		4.11315252376e-09	0.01
0.46859375		4.11315252376e-09	0.01
0.46890625		4.11315252376e-09	0.01
0.46921875		4.11315252376e-09	0.01
0.46953125		4.11315252376e-09	0.01
0.46984375		4.11315252376e-09	0.01
0.47015625		4.11315252376e-09	0.01
0.47046875		4.11315252376e-09	0.01
0.47078125		4.11315252376e-09	0.01
0.47109375		4.11315252376e-09	0.01
0.47140625		4.11315252376e-09	0.01
0.47171875		4.11315252376e-09	0.01
0.47203125		4.11315252376e-09	0.01
0.47234375		4.11315252376e-09	0.01
0.47265625		4.11315252376e-09	0.01
0.47296875		4.11315252376e-09	0.01
0.47328125		4.11315252376e-09	0.01
0.47359375		4.11315252376e-09	0.01
0.47390625		4.11315252376e-09	0.01
0.47421875		4.11315252376e-09	0.01
0.47453125		4.11315252376e-09	0.01
0.47484375		4.11315252376e-09	0.01
0.47515625		4.11315252376e-09	0.01
0.47546875		4.11315252376e-09	0.01
0.47578125		4.11315252376e-09	0.01
0.47609375		4.11315252376e-09	0.01
0.47640625		4.11315252376e-09	0.01
0.47671875		4.11315252376e-09	0.01
0.47703125		4.11315252376e-09	0.01
0.47734375		4.11315252376e-09	0.01
0.47765625		4.11315252376e-09	0.01
0.47796875		4.11315252376e-09	0.01
0.47828125		4.11315252376e-09	0.01
0.47859375		4.11315252376e-09	0.01
0.47890625		4.11315252376e-09	0.01
0.47921875		4.11315252376e-09	0.01
0.47953125		4.11315252376e-09	0.01
0.47984375		4.11315252376e-09	0.01
0.48015625		4.11315252376e-09	0.01
0.48046875		4.11315252376e-09	0.01
0.48078125		4.11315252376e-09	0.01
0.48109375		4.11315252376e-09	0.01
0.48140625		4.11315252376e-09	0.01
0.48171875		4.11315252376e-09	0.01
0.48203125		4.11315252376e-09	0.01
0.48234375		4.11315252376e-09	0.01
0.48265625		4.11315252376e-09	0.01
0.48296875		4.11315252376e-09	0.01
0.48328125		4.11315252376e-09	0.01
0.48359375		4.11315252376e-09	0.01
0.48390625		4.11315252376e-09	0.01
0.48421875		4.11315252376e-09	0.01
0.48453125		4.11315252376e-09	0.01
0.48484375		4.11315252376e-09	0.01
0.48515625		4.11315252376e-09	0.01
0.48546875		4.11315252376e-09	0.01
0.48578125		4.11315252376e-09	0.01
0.48609375		4.11315252376e-09	0.01
0.48640625		4.11315252376e-09	0.01
0.48671875		4.11315252376e-09	0.01
0.48703125		4.11315252376e-09	0.01
0.48734375		4.11315252376e-09	0.01
0.48765625		4.11315252376e-09	0.01
0.48796875		4.11315252376e-09	0.01
0.48828125		4.11315252376e-09	0.01
0.48859375		4.11315252376e-09	0.01
0.48890625		4.11315252376e-09	0.01
0.48921875		4.11315252376e-09	0.01
0.48953125		4.11315252376e-09	0.01
0.48984375		4.11315252376e-09	0.01
0.49015625		4.11315252376e-09	0.01
0.49046875		4.11315252376e-09	0.01
0.49078125		4.11315252376e-09	0.01
0.49109375		4.11315252376e-09	0.01
0.49140625		4.11315252376e-09	0.01
0.49171875		4.11315252376e-09	0.01
0.49203125		4.11315252376e-09	0.01
0.49234375		4.11315252376e-09	0.01
0.49265625		4.11315252376e-09	0.01
0.49296875		4.11315252376e-09	0.01
0.49328125		4.11315252376e-09	0.01
0.49359375		4.11315252376e-09	0.01
0.49390625		4.11315252376e-09	0.01
0.49421875		4.11315252376e-09	0.01
0.49453125		4.11315252376e-09	0.01
0.49484375		4.11315252376e-09	0.01
0.49515625		4.11315252376e-09	0.01
0.49546875		4.11315252376e-09	0.01
0.49578125		4.11315252376e-09	0.01
0.49609375		4.11315252376e-09	0.01
0.49640625		4.11315252376e-09	0.01
0.49671875		4.11315252376e-09	0.01
0.49703125		4.11315252376e-09	0.01
0.49734375		4.11315252376e-09	0.01
0.49765625		4.11315252376e-09	0.01
0.49796875		4.11315252376e-09	0.01
0.49828125		4.11315252376e-09	0.01
0.49859375		4.11315252376e-09	0.01
0.49890625		4.11315252376e-09	0.01
0.49921875		4.11315252376e-09	0.01
0.49953125		4.11315252376e-09	0.01
0.49984375		4.11315252376e-09	0.01
