0.00015625		0.409817187836	0.999088236011
0.00046875		0.409595635794	0.998952827984
0.00078125		0.409294289152	0.998769245706
0.00109375		0.408986045536	0.998581232473
0.00140625		0.408698340236	0.998405594067
0.00171875		0.40842330199	0.998237583663
0.00203125		0.408156098634	0.998074275584
0.00234375		0.407894153722	0.997914102242
0.00265625		0.407635960017	0.997756146418
0.00296875		0.407380530352	0.997599807631
0.00328125		0.407127102077	0.997444621144
0.00359375		0.406875102172	0.997290237343
0.00390625		0.406624145184	0.997136421027
0.00421875		0.406373981927	0.996983020241
0.00453125		0.406124437305	0.99682992818
0.00484375		0.405875375904	0.996677062198
0.00515625		0.405626683563	0.996524352535
0.00546875		0.405378265364	0.996371741078
0.00578125		0.405130051777	0.996219185222
0.00609375		0.404881994128	0.996066655142
0.00640625		0.404634053935	0.995914127227
0.00671875		0.404386196851	0.995761580369
0.00703125		0.404138391653	0.995608995331
0.00734375		0.403890613032	0.99545635648
0.00765625		0.403642844034	0.995303653327
0.00796875		0.403395070927	0.995150877318
0.00828125		0.403147277801	0.994998018531
0.00859375		0.402899449572	0.994845067585
0.00890625		0.40265157534	0.994692017654
0.00921875		0.402403646259	0.994538863155
0.00953125		0.402155654379	0.994385599047
0.00984375		0.401907592417	0.994232220696
0.01015625		0.401659454057	0.994078724057
0.01046875		0.401411234083	0.99392510576
0.01078125		0.401162928213	0.993771363004
0.01109375		0.400914532839	0.993617493404
0.01140625		0.400666044869	0.993463494888
0.01171875		0.400417461614	0.99330936563
0.01203125		0.400168780687	0.993155103989
0.01234375		0.399919999966	0.993000708484
0.01265625		0.399671117553	0.992846177773
0.01296875		0.399422131768	0.992691510643
0.01328125		0.399173041155	0.992536706021
0.01359375		0.398923844496	0.99238176298
0.01390625		0.398674540743	0.992226680694
0.01421875		0.39842512892	0.992071458383
0.01453125		0.39817560811	0.991916095303
0.01484375		0.397925977486	0.99176059076
0.01515625		0.397676236326	0.991604944129
0.01546875		0.397426383998	0.991449154838
0.01578125		0.397176419936	0.991293222355
0.01609375		0.396926343627	0.99113714618
0.01640625		0.396676154603	0.99098092584
0.01671875		0.396425852433	0.990824560883
0.01703125		0.396175436718	0.99066805088
0.01734375		0.395924907097	0.990511395421
0.01765625		0.395674263239	0.990354594114
0.01796875		0.395423504837	0.990197646585
0.01828125		0.395172631604	0.990040552467
0.01859375		0.394921643265	0.989883311404
0.01890625		0.39467053956	0.989725923045
0.01921875		0.394419320247	0.989568387051
0.01953125		0.394167985094	0.989410703089
0.01984375		0.393916533885	0.989252870836
0.02015625		0.393664966411	0.989094889971
0.02046875		0.393413282472	0.988936760179
0.02078125		0.393161481872	0.988778481147
0.02109375		0.392909564425	0.988620052566
0.02140625		0.39265752995	0.988461474131
0.02171875		0.39240537827	0.988302745539
0.02203125		0.392153109215	0.98814386649
0.02234375		0.391900722617	0.987984836686
0.02265625		0.391648218312	0.987825655827
0.02296875		0.391395596136	0.987666323619
0.02328125		0.391142855933	0.987506839766
0.02359375		0.390889997544	0.987347203972
0.02390625		0.390637020814	0.987187415944
0.02421875		0.390383925591	0.987027475389
0.02453125		0.390130711723	0.986867382012
0.02484375		0.389877379058	0.986707135521
0.02515625		0.389623927448	0.986546735622
0.02546875		0.389370356744	0.986386182022
0.02578125		0.389116666798	0.986225474428
0.02609375		0.388862857463	0.986064612545
0.02640625		0.388608928592	0.985903596081
0.02671875		0.388354880039	0.985742424741
0.02703125		0.388100711659	0.985581098229
0.02734375		0.387846423306	0.985419616251
0.02765625		0.387592014834	0.985257978511
0.02796875		0.387337486098	0.985096184713
0.02828125		0.387082836953	0.984934234559
0.02859375		0.386828067255	0.984772127752
0.02890625		0.386573176857	0.984609863995
0.02921875		0.386318165616	0.984447442987
0.02953125		0.386063033386	0.984284864429
0.02984375		0.385807780021	0.984122128022
0.03015625		0.385552405376	0.983959233463
0.03046875		0.385296909306	0.983796180451
0.03078125		0.385041291666	0.983632968684
0.03109375		0.384785552308	0.983469597857
0.03140625		0.384529691087	0.983306067667
0.03171875		0.384273707857	0.983142377808
0.03203125		0.384017602471	0.982978527975
0.03234375		0.383761374782	0.98281451786
0.03265625		0.383505024643	0.982650347155
0.03296875		0.383248551907	0.982486015553
0.03328125		0.382991956425	0.982321522744
0.03359375		0.382735238051	0.982156868417
0.03390625		0.382478396636	0.981992052261
0.03421875		0.382221432031	0.981827073965
0.03453125		0.381964344087	0.981661933214
0.03484375		0.381707132655	0.981496629695
0.03515625		0.381449797585	0.981331163093
0.03546875		0.381192338729	0.981165533092
0.03578125		0.380934755934	0.980999739375
0.03609375		0.380677049052	0.980833781625
0.03640625		0.38041921793	0.980667659523
0.03671875		0.380161262418	0.980501372749
0.03703125		0.379903182364	0.980334920983
0.03734375		0.379644977616	0.980168303903
0.03765625		0.379386648022	0.980001521186
0.03796875		0.379128193428	0.979834572509
0.03828125		0.378869613683	0.979667457548
0.03859375		0.378610908632	0.979500175977
0.03890625		0.378352078123	0.979332727468
0.03921875		0.378093121999	0.979165111696
0.03953125		0.377834040108	0.978997328332
0.03984375		0.377574832294	0.978829377045
0.04015625		0.377315498401	0.978661257506
0.04046875		0.377056038275	0.978492969382
0.04078125		0.376796451759	0.978324512342
0.04109375		0.376536738696	0.978155886052
0.04140625		0.376276898931	0.977987090177
0.04171875		0.376016932305	0.977818124382
0.04203125		0.37575683866	0.977648988329
0.04234375		0.37549661784	0.977479681682
0.04265625		0.375236269686	0.977310204101
0.04296875		0.374975794038	0.977140555246
0.04328125		0.374715190738	0.976970734778
0.04359375		0.374454459626	0.976800742353
0.04390625		0.374193600541	0.976630577629
0.04421875		0.373932613325	0.976460240262
0.04453125		0.373671497815	0.976289729906
0.04484375		0.373410253851	0.976119046216
0.04515625		0.373148881271	0.975948188843
0.04546875		0.372887379914	0.975777157441
0.04578125		0.372625749615	0.975605951658
0.04609375		0.372363990214	0.975434571146
0.04640625		0.372102101546	0.975263015551
0.04671875		0.371840083449	0.975091284521
0.04703125		0.371577935757	0.974919377702
0.04734375		0.371315658306	0.97474729474
0.04765625		0.371053250932	0.974575035277
0.04796875		0.370790713469	0.974402598957
0.04828125		0.370528045752	0.974229985422
0.04859375		0.370265247613	0.974057194311
0.04890625		0.370002318887	0.973884225265
0.04921875		0.369739259407	0.97371107792
0.04953125		0.369476069005	0.973537751915
0.04984375		0.369212747514	0.973364246885
0.05015625		0.368949294764	0.973190562465
0.05046875		0.368685710587	0.973016698288
0.05078125		0.368421994814	0.972842653986
0.05109375		0.368158147276	0.972668429192
0.05140625		0.367894167802	0.972494023534
0.05171875		0.367630056222	0.972319436642
0.05203125		0.367365812364	0.972144668144
0.05234375		0.367101436058	0.971969717664
0.05265625		0.366836927132	0.97179458483
0.05296875		0.366572285413	0.971619269265
0.05328125		0.366307510729	0.971443770591
0.05359375		0.366042602906	0.971268088431
0.05390625		0.365777561771	0.971092222404
0.05421875		0.36551238715	0.970916172129
0.05453125		0.365247078867	0.970739937226
0.05484375		0.364981636749	0.970563517309
0.05515625		0.36471606062	0.970386911996
0.05546875		0.364450350303	0.970210120899
0.05578125		0.364184505623	0.970033143631
0.05609375		0.363918526403	0.969855979805
0.05640625		0.363652412464	0.969678629031
0.05671875		0.363386163631	0.969501090917
0.05703125		0.363119779723	0.969323365072
0.05734375		0.362853260563	0.969145451101
0.05765625		0.362586605971	0.968967348611
0.05796875		0.362319815768	0.968789057205
0.05828125		0.362052889773	0.968610576486
0.05859375		0.361785827806	0.968431906056
0.05890625		0.361518629686	0.968253045513
0.05921875		0.361251295231	0.968073994457
0.05953125		0.36098382426	0.967894752485
0.05984375		0.360716216588	0.967715319194
0.06015625		0.360448472035	0.967535694177
0.06046875		0.360180590415	0.967355877029
0.06078125		0.359912571545	0.967175867341
0.06109375		0.35964441524	0.966995664704
0.06140625		0.359376121316	0.966815268707
0.06171875		0.359107689587	0.966634678938
0.06203125		0.358839119866	0.966453894984
0.06234375		0.358570411968	0.966272916429
0.06265625		0.358301565705	0.966091742858
0.06296875		0.35803258089	0.965910373853
0.06328125		0.357763457334	0.965728808995
0.06359375		0.35749419485	0.965547047863
0.06390625		0.357224793248	0.965365090036
0.06421875		0.356955252338	0.965182935091
0.06453125		0.356685571931	0.965000582602
0.06484375		0.356415751836	0.964818032143
0.06515625		0.356145791861	0.964635283288
0.06546875		0.355875691815	0.964452335607
0.06578125		0.355605451507	0.964269188669
0.06609375		0.355335070742	0.964085842043
0.06640625		0.355064549329	0.963902295295
0.06671875		0.354793887072	0.963718547991
0.06703125		0.354523083779	0.963534599694
0.06734375		0.354252139254	0.963350449966
0.06765625		0.353981053301	0.963166098368
0.06796875		0.353709825726	0.962981544459
0.06828125		0.353438456331	0.962796787797
0.06859375		0.353166944919	0.962611827939
0.06890625		0.352895291293	0.962426664438
0.06921875		0.352623495255	0.962241296848
0.06953125		0.352351556606	0.96205572472
0.06984375		0.352079475147	0.961869947605
0.07015625		0.351807250679	0.961683965051
0.07046875		0.351534883	0.961497776606
0.07078125		0.351262371911	0.961311381813
0.07109375		0.350989717209	0.961124780218
0.07140625		0.350716918694	0.960937971362
0.07171875		0.350443976161	0.960750954787
0.07203125		0.350170889409	0.960563730031
0.07234375		0.349897658233	0.960376296631
0.07265625		0.34962428243	0.960188654124
0.07296875		0.349350761793	0.960000802044
0.07328125		0.349077096119	0.959812739923
0.07359375		0.348803285201	0.959624467292
0.07390625		0.348529328833	0.959435983682
0.07421875		0.348255226806	0.959247288619
0.07453125		0.347980978915	0.959058381629
0.07484375		0.34770658495	0.958869262238
0.07515625		0.347432044702	0.958679929967
0.07546875		0.347157357962	0.958490384337
0.07578125		0.34688252452	0.958300624869
0.07609375		0.346607544165	0.95811065108
0.07640625		0.346332416685	0.957920462485
0.07671875		0.34605714187	0.9577300586
0.07703125		0.345781719506	0.957539438936
0.07734375		0.34550614938	0.957348603004
0.07765625		0.345230431279	0.957157550314
0.07796875		0.344954564988	0.956966280372
0.07828125		0.344678550293	0.956774792685
0.07859375		0.344402386977	0.956583086756
0.07890625		0.344126074824	0.956391162087
0.07921875		0.343849613619	0.956199018179
0.07953125		0.343573003142	0.95600665453
0.07984375		0.343296243177	0.955814070636
0.08015625		0.343019333503	0.955621265993
0.08046875		0.342742273903	0.955428240094
0.08078125		0.342465064157	0.95523499243
0.08109375		0.342187704042	0.955041522491
0.08140625		0.341910193339	0.954847829763
0.08171875		0.341632531825	0.954653913733
0.08203125		0.341354719278	0.954459773885
0.08234375		0.341076755474	0.954265409701
0.08265625		0.34079864019	0.954070820661
0.08296875		0.340520373201	0.953876006243
0.08328125		0.340241954282	0.953680965923
0.08359375		0.339963383208	0.953485699176
0.08390625		0.33968465975	0.953290205476
0.08421875		0.339405783684	0.953094484291
0.08453125		0.339126754779	0.952898535091
0.08484375		0.338847572809	0.952702357344
0.08515625		0.338568237544	0.952505950513
0.08546875		0.338288748754	0.952309314061
0.08578125		0.338009106208	0.95211244745
0.08609375		0.337729309676	0.951915350138
0.08640625		0.337449358925	0.951718021583
0.08671875		0.337169253722	0.951520461238
0.08703125		0.336888993835	0.951322668558
0.08734375		0.336608579029	0.951124642993
0.08765625		0.33632800907	0.950926383992
0.08796875		0.336047283722	0.950727891002
0.08828125		0.335766402749	0.950529163467
0.08859375		0.335485365914	0.950330200831
0.08890625		0.33520417298	0.950131002534
0.08921875		0.334922823708	0.949931568014
0.08953125		0.33464131786	0.949731896708
0.08984375		0.334359655196	0.949531988051
0.09015625		0.334077835475	0.949331841475
0.09046875		0.333795858457	0.94913145641
0.09078125		0.333513723899	0.948930832284
0.09109375		0.333231431558	0.948729968522
0.09140625		0.332948981192	0.94852886455
0.09171875		0.332666372556	0.948327519787
0.09203125		0.332383605406	0.948125933654
0.09234375		0.332100679495	0.947924105568
0.09265625		0.331817594578	0.947722034944
0.09296875		0.331534350407	0.947519721194
0.09328125		0.331250946735	0.947317163729
0.09359375		0.330967383313	0.947114361958
0.09390625		0.330683659892	0.946911315286
0.09421875		0.330399776221	0.946708023118
0.09453125		0.330115732049	0.946504484855
0.09484375		0.329831527125	0.946300699896
0.09515625		0.329547161197	0.946096667638
0.09546875		0.329262634011	0.945892387477
0.09578125		0.328977945313	0.945687858803
0.09609375		0.328693094849	0.945483081009
0.09640625		0.328408082362	0.94527805348
0.09671875		0.328122907596	0.945072775603
0.09703125		0.327837570294	0.94486724676
0.09734375		0.327552070199	0.944661466332
0.09765625		0.327266407051	0.944455433698
0.09796875		0.32698058059	0.944249148232
0.09828125		0.326694590557	0.94404260931
0.09859375		0.326408436689	0.943835816301
0.09890625		0.326122118725	0.943628768574
0.09921875		0.325835636403	0.943421465495
0.09953125		0.325548989457	0.943213906429
0.09984375		0.325262177625	0.943006090735
0.10015625		0.324975200639	0.942798017773
0.10046875		0.324688058235	0.942589686899
0.10078125		0.324400750144	0.942381097466
0.10109375		0.3241132761	0.942172248826
0.10140625		0.323825635833	0.941963140327
0.10171875		0.323537829073	0.941753771316
0.10203125		0.32324985555	0.941544141135
0.10234375		0.322961714994	0.941334249126
0.10265625		0.32267340713	0.941124094626
0.10296875		0.322384931688	0.940913676972
0.10328125		0.322096288391	0.940702995497
0.10359375		0.321807476966	0.94049204953
0.10390625		0.321518497137	0.9402808384
0.10421875		0.321229348628	0.940069361431
0.10453125		0.32094003116	0.939857617947
0.10484375		0.320650544455	0.939645607266
0.10515625		0.320360888234	0.939433328706
0.10546875		0.320071062217	0.93922078158
0.10578125		0.319781066123	0.939007965201
0.10609375		0.319490899669	0.938794878878
0.10640625		0.319200562573	0.938581521915
0.10671875		0.31891005455	0.938367893616
0.10703125		0.318619375317	0.938153993283
0.10734375		0.318328524586	0.937939820211
0.10765625		0.318037502073	0.937725373696
0.10796875		0.317746307488	0.93751065303
0.10828125		0.317454940543	0.937295657502
0.10859375		0.31716340095	0.937080386398
0.10890625		0.316871688417	0.936864839001
0.10921875		0.316579802652	0.936649014591
0.10953125		0.316287743365	0.936432912447
0.10984375		0.315995510261	0.936216531842
0.11015625		0.315703103045	0.935999872047
0.11046875		0.315410521424	0.935782932332
0.11078125		0.315117765099	0.935565711962
0.11109375		0.314824833775	0.935348210199
0.11140625		0.314531727153	0.935130426303
0.11171875		0.314238444934	0.934912359531
0.11203125		0.313944986817	0.934694009135
0.11234375		0.313651352501	0.934475374366
0.11265625		0.313357541684	0.934256454472
0.11296875		0.313063554063	0.934037248696
0.11328125		0.312769389333	0.933817756279
0.11359375		0.31247504719	0.933597976459
0.11390625		0.312180527326	0.933377908471
0.11421875		0.311885829434	0.933157551547
0.11453125		0.311590953207	0.932936904914
0.11484375		0.311295898334	0.932715967798
0.11515625		0.311000664505	0.93249473942
0.11546875		0.310705251409	0.932273218999
0.11578125		0.310409658732	0.93205140575
0.11609375		0.310113886162	0.931829298886
0.11640625		0.309817933383	0.931606897615
0.11671875		0.30952180008	0.931384201142
0.11703125		0.309225485936	0.93116120867
0.11734375		0.308928990632	0.930937919397
0.11765625		0.30863231385	0.930714332518
0.11796875		0.308335455269	0.930490447225
0.11828125		0.308038414569	0.930266262707
0.11859375		0.307741191426	0.930041778148
0.11890625		0.307443785518	0.929816992731
0.11921875		0.307146196519	0.929591905632
0.11953125		0.306848424104	0.929366516028
0.11984375		0.306550467947	0.929140823088
0.12015625		0.306252327718	0.92891482598
0.12046875		0.305954003089	0.928688523868
0.12078125		0.30565549373	0.928461915912
0.12109375		0.305356799309	0.928235001269
0.12140625		0.305057919494	0.928007779093
0.12171875		0.304758853951	0.927780248532
0.12203125		0.304459602344	0.927552408732
0.12234375		0.304160164338	0.927324258835
0.12265625		0.303860539595	0.92709579798
0.12296875		0.303560727778	0.926867025301
0.12328125		0.303260728545	0.926637939929
0.12359375		0.302960541557	0.926408540991
0.12390625		0.302660166471	0.92617882761
0.12421875		0.302359602945	0.925948798907
0.12453125		0.302058850632	0.925718453995
0.12484375		0.301757909189	0.925487791987
0.12515625		0.301456778267	0.925256811991
0.12546875		0.301155457518	0.925025513111
0.12578125		0.300853946594	0.924793894446
0.12609375		0.300552245143	0.924561955093
0.12640625		0.300250352813	0.924329694144
0.12671875		0.299948269251	0.924097110686
0.12703125		0.299645994103	0.923864203803
0.12734375		0.299343527013	0.923630972576
0.12765625		0.299040867624	0.923397416081
0.12796875		0.298738015577	0.923163533388
0.12828125		0.298434970513	0.922929323565
0.12859375		0.298131732071	0.922694785676
0.12890625		0.297828299888	0.92245991878
0.12921875		0.297524673601	0.922224721933
0.12953125		0.297220852845	0.921989194184
0.12984375		0.296916837254	0.92175333458
0.13015625		0.296612626461	0.921517142164
0.13046875		0.296308220096	0.921280615973
0.13078125		0.296003617788	0.921043755041
0.13109375		0.295698819167	0.920806558398
0.13140625		0.29539382386	0.920569025067
0.13171875		0.295088631492	0.92033115407
0.13203125		0.294783241687	0.920092944421
0.13234375		0.294477654068	0.919854395134
0.13265625		0.294171868257	0.919615505214
0.13296875		0.293865883873	0.919376273665
0.13328125		0.293559700536	0.919136699483
0.13359375		0.293253317862	0.918896781663
0.13390625		0.292946735468	0.918656519192
0.13421875		0.292639952967	0.918415911056
0.13453125		0.292332969973	0.918174956232
0.13484375		0.292025786097	0.917933653697
0.13515625		0.291718400949	0.917692002419
0.13546875		0.291410814138	0.917450001365
0.13578125		0.29110302527	0.917207649494
0.13609375		0.290795033952	0.916964945761
0.13640625		0.290486839788	0.916721889119
0.13671875		0.290178442379	0.916478478512
0.13703125		0.289869841328	0.916234712881
0.13734375		0.289561036233	0.915990591162
0.13765625		0.289252026693	0.915746112286
0.13796875		0.288942812304	0.91550127518
0.13828125		0.288633392662	0.915256078764
0.13859375		0.28832376736	0.915010521954
0.13890625		0.288013935989	0.914764603661
0.13921875		0.28770389814	0.91451832279
0.13953125		0.287393653402	0.914271678242
0.13984375		0.287083201362	0.914024668912
0.14015625		0.286772541606	0.91377729369
0.14046875		0.286461673717	0.913529551461
0.14078125		0.286150597277	0.913281441104
0.14109375		0.285839311869	0.913032961494
0.14140625		0.28552781707	0.912784111499
0.14171875		0.285216112459	0.912534889983
0.14203125		0.28490419761	0.912285295803
0.14234375		0.284592072099	0.912035327812
0.14265625		0.284279735498	0.911784984856
0.14296875		0.283967187377	0.911534265778
0.14328125		0.283654427307	0.911283169412
0.14359375		0.283341454853	0.91103169459
0.14390625		0.283028269583	0.910779840135
0.14421875		0.28271487106	0.910527604867
0.14453125		0.282401258846	0.910274987598
0.14484375		0.282087432503	0.910021987135
0.14515625		0.281773391588	0.909768602281
0.14546875		0.28145913566	0.909514831831
0.14578125		0.281144664274	0.909260674574
0.14609375		0.280829976982	0.909006129295
0.14640625		0.280515073337	0.908751194771
0.14671875		0.28019995289	0.908495869775
0.14703125		0.279884615187	0.908240153071
0.14734375		0.279569059776	0.90798404342
0.14765625		0.279253286201	0.907727539576
0.14796875		0.278937294006	0.907470640286
0.14828125		0.27862108273	0.907213344291
0.14859375		0.278304651913	0.906955650325
0.14890625		0.277988001092	0.906697557119
0.14921875		0.277671129802	0.906439063394
0.14953125		0.277354037577	0.906180167867
0.14984375		0.277036723949	0.905920869246
0.15015625		0.276719188446	0.905661166235
0.15046875		0.276401430597	0.905401057531
0.15078125		0.276083449928	0.905140541823
0.15109375		0.275765245962	0.904879617796
0.15140625		0.275446818221	0.904618284126
0.15171875		0.275128166225	0.904356539482
0.15203125		0.274809289492	0.90409438253
0.15234375		0.274490187538	0.903831811924
0.15265625		0.274170859876	0.903568826316
0.15296875		0.27385130602	0.903305424347
0.15328125		0.273531525478	0.903041604655
0.15359375		0.273211517758	0.902777365867
0.15390625		0.272891282367	0.902512706607
0.15421875		0.272570818808	0.902247625489
0.15453125		0.272250126582	0.90198212112
0.15484375		0.27192920519	0.901716192103
0.15515625		0.271608054129	0.901449837029
0.15546875		0.271286672893	0.901183054486
0.15578125		0.270965060977	0.900915843053
0.15609375		0.270643217872	0.9006482013
0.15640625		0.270321143066	0.900380127792
0.15671875		0.269998836046	0.900111621086
0.15703125		0.269676296297	0.899842679731
0.15734375		0.269353523301	0.899573302268
0.15765625		0.269030516539	0.899303487232
0.15796875		0.268707275488	0.899033233148
0.15828125		0.268383799624	0.898762538535
0.15859375		0.268060088421	0.898491401904
0.15890625		0.26773614135	0.898219821758
0.15921875		0.26741195788	0.897947796592
0.15953125		0.267087537478	0.897675324893
0.15984375		0.266762879608	0.897402405139
0.16015625		0.266437983731	0.897129035802
0.16046875		0.266112849309	0.896855215345
0.16078125		0.265787475798	0.896580942221
0.16109375		0.265461862654	0.896306214878
0.16140625		0.265136009328	0.896031031754
0.16171875		0.264809915272	0.895755391277
0.16203125		0.264483579933	0.895479291871
0.16234375		0.264157002756	0.895202731946
0.16265625		0.263830183185	0.894925709907
0.16296875		0.263503120661	0.894648224151
0.16328125		0.263175814621	0.894370273063
0.16359375		0.2628482645	0.894091855022
0.16390625		0.262520469733	0.893812968397
0.16421875		0.262192429749	0.893533611549
0.16453125		0.261864143978	0.893253782829
0.16484375		0.261535611843	0.89297348058
0.16515625		0.261206832769	0.892692703134
0.16546875		0.260877806175	0.892411448818
0.16578125		0.26054853148	0.892129715944
0.16609375		0.260219008099	0.89184750282
0.16640625		0.259889235443	0.891564807742
0.16671875		0.259559212924	0.891281628996
0.16703125		0.259228939948	0.890997964861
0.16734375		0.258898415921	0.890713813604
0.16765625		0.258567640243	0.890429173484
0.16796875		0.258236612314	0.890144042749
0.16828125		0.25790533153	0.889858419638
0.16859375		0.257573797285	0.88957230238
0.16890625		0.257242008971	0.889285689195
0.16921875		0.256909965974	0.888998578291
0.16953125		0.256577667681	0.888710967868
0.16984375		0.256245113474	0.888422856114
0.17015625		0.255912302732	0.888134241208
0.17046875		0.255579234832	0.887845121318
0.17078125		0.255245909149	0.887555494603
0.17109375		0.254912325053	0.887265359209
0.17140625		0.254578481912	0.886974713273
0.17171875		0.254244379092	0.886683554923
0.17203125		0.253910015954	0.886391882273
0.17234375		0.253575391857	0.886099693428
0.17265625		0.253240506159	0.885806986482
0.17296875		0.252905358212	0.885513759519
0.17328125		0.252569947366	0.885220010609
0.17359375		0.252234272969	0.884925737814
0.17390625		0.251898334364	0.884630939183
0.17421875		0.251562130892	0.884335612754
0.17453125		0.251225661891	0.884039756555
0.17484375		0.250888926696	0.8837433686
0.17515625		0.250551924638	0.883446446893
0.17546875		0.250214655045	0.883148989426
0.17578125		0.249877117243	0.882850994179
0.17609375		0.249539310553	0.882552459122
0.17640625		0.249201234294	0.882253382209
0.17671875		0.248862887781	0.881953761387
0.17703125		0.248524270327	0.881653594586
0.17734375		0.248185381239	0.881352879727
0.17765625		0.247846219823	0.881051614718
0.17796875		0.247506785382	0.880749797453
0.17828125		0.247167077213	0.880447425816
0.17859375		0.246827094612	0.880144497677
0.17890625		0.246486836871	0.879841010892
0.17921875		0.246146303277	0.879536963307
0.17953125		0.245805493117	0.879232352752
0.17984375		0.24546440567	0.878927177046
0.18015625		0.245123040214	0.878621433994
0.18046875		0.244781396025	0.878315121389
0.18078125		0.244439472371	0.878008237008
0.18109375		0.244097268521	0.877700778617
0.18140625		0.243754783738	0.877392743968
0.18171875		0.24341201728	0.877084130798
0.18203125		0.243068968405	0.876774936831
0.18234375		0.242725636364	0.876465159777
0.18265625		0.242382020406	0.876154797331
0.18296875		0.242038119776	0.875843847177
0.18328125		0.241693933714	0.87553230698
0.18359375		0.241349461458	0.875220174394
0.18390625		0.24100470224	0.874907447058
0.18421875		0.240659655291	0.874594122596
0.18453125		0.240314319835	0.874280198615
0.18484375		0.239968695094	0.873965672711
0.18515625		0.239622780285	0.873650542463
0.18546875		0.239276574623	0.873334805434
0.18578125		0.238930077317	0.873018459173
0.18609375		0.238583287571	0.872701501213
0.18640625		0.238236204588	0.872383929071
0.18671875		0.237888827564	0.872065740251
0.18703125		0.237541155693	0.871746932238
0.18734375		0.237193188164	0.871427502501
0.18765625		0.236844924161	0.871107448496
0.18796875		0.236496362865	0.870786767659
0.18828125		0.236147503451	0.870465457413
0.18859375		0.235798345093	0.870143515162
0.18890625		0.235448886956	0.869820938294
0.18921875		0.235099128206	0.869497724182
0.18953125		0.234749067999	0.869173870179
0.18984375		0.234398705491	0.868849373623
0.19015625		0.234048039831	0.868524231834
0.19046875		0.233697070165	0.868198442114
0.19078125		0.233345795634	0.86787200175
0.19109375		0.232994215374	0.867544908008
0.19140625		0.232642328515	0.867217158138
0.19171875		0.232290134187	0.866888749371
0.19203125		0.231937631509	0.866559678922
0.19234375		0.231584819602	0.866229943984
0.19265625		0.231231697576	0.865899541735
0.19296875		0.23087826454	0.865568469332
0.19328125		0.230524519597	0.865236723915
0.19359375		0.230170461846	0.864904302603
0.19390625		0.22981609038	0.864571202496
0.19421875		0.229461404288	0.864237420677
0.19453125		0.229106402653	0.863902954208
0.19484375		0.228751084553	0.86356780013
0.19515625		0.228395449062	0.863231955466
0.19546875		0.228039495248	0.862895417217
0.19578125		0.227683222175	0.862558182366
0.19609375		0.2273266289	0.862220247875
0.19640625		0.226969714477	0.861881610684
0.19671875		0.226612477952	0.861542267712
0.19703125		0.226254918369	0.86120221586
0.19734375		0.225897034763	0.860861452005
0.19765625		0.225538826167	0.860519973003
0.19796875		0.225180291606	0.860177775688
0.19828125		0.224821430101	0.859834856875
0.19859375		0.224462240666	0.859491213354
0.19890625		0.224102722313	0.859146841893
0.19921875		0.223742874044	0.858801739238
0.19953125		0.223382694857	0.858455902115
0.19984375		0.223022183745	0.858109327222
0.20015625		0.222661339695	0.857762011238
0.20046875		0.222300161687	0.857413950818
0.20078125		0.221938648698	0.857065142592
0.20109375		0.221576799695	0.856715583167
0.20140625		0.221214613643	0.856365269126
0.20171875		0.220852089498	0.85601419703
0.20203125		0.220489226211	0.855662363411
0.20234375		0.220126022729	0.85530976478
0.20265625		0.219762477989	0.854956397623
0.20296875		0.219398590925	0.854602258398
0.20328125		0.219034360463	0.85424734354
0.20359375		0.218669785523	0.853891649459
0.20390625		0.218304865019	0.853535172537
0.20421875		0.217939597859	0.853177909131
0.20453125		0.217573982943	0.852819855572
0.20484375		0.217208019167	0.852461008163
0.20515625		0.216841705418	0.852101363181
0.20546875		0.216475040576	0.851740916875
0.20578125		0.216108023518	0.851379665469
0.20609375		0.215740653111	0.851017605156
0.20640625		0.215372928215	0.850654732104
0.20671875		0.215004847685	0.850291042449
0.20703125		0.214636410368	0.849926532303
0.20734375		0.214267615104	0.849561197746
0.20765625		0.213898460728	0.849195034829
0.20796875		0.213528946064	0.848828039574
0.20828125		0.213159069931	0.848460207975
0.20859375		0.212788831142	0.848091535994
0.20890625		0.212418228501	0.847722019563
0.20921875		0.212047260805	0.847351654583
0.20953125		0.211675926844	0.846980436925
0.20984375		0.211304225399	0.846608362428
0.21015625		0.210932155246	0.8462354269
0.21046875		0.210559715151	0.845861626117
0.21078125		0.210186903874	0.845486955822
0.21109375		0.209813720166	0.845111411726
0.21140625		0.209440162771	0.844734989507
0.21171875		0.209066230425	0.844357684809
0.21203125		0.208691921855	0.843979493244
0.21234375		0.208317235781	0.843600410389
0.21265625		0.207942170916	0.843220431786
0.21296875		0.207566725962	0.842839552944
0.21328125		0.207190899614	0.842457769336
0.21359375		0.206814690561	0.842075076398
0.21390625		0.206438097479	0.841691469534
0.21421875		0.206061119039	0.841306944108
0.21453125		0.205683753902	0.84092149545
0.21484375		0.205306000721	0.840535118851
0.21515625		0.204927858141	0.840147809567
0.21546875		0.204549324795	0.839759562813
0.21578125		0.204170399311	0.83937037377
0.21609375		0.203791080306	0.838980237576
0.21640625		0.203411366387	0.838589149334
0.21671875		0.203031256155	0.838197104105
0.21703125		0.202650748198	0.83780409691
0.21734375		0.202269841097	0.837410122732
0.21765625		0.201888533424	0.837015176511
0.21796875		0.20150682374	0.836619253146
0.21828125		0.201124710596	0.836222347496
0.21859375		0.200742192536	0.835824454377
0.21890625		0.200359268091	0.835425568561
0.21921875		0.199975935784	0.835025684779
0.21953125		0.199592194128	0.834624797718
0.21984375		0.199208041626	0.834222902021
0.22015625		0.198823476769	0.833819992284
0.22046875		0.198438498041	0.833416063063
0.22078125		0.198053103911	0.833011108863
0.22109375		0.197667292843	0.832605124148
0.22140625		0.197281063287	0.83219810333
0.22171875		0.196894413682	0.83179004078
0.22203125		0.196507342458	0.831380930816
0.22234375		0.196119848033	0.830970767711
0.22265625		0.195731928815	0.830559545689
0.22296875		0.1953435832	0.830147258922
0.22328125		0.194954809573	0.829733901536
0.22359375		0.194565606307	0.829319467603
0.22390625		0.194175971765	0.828903951147
0.22421875		0.193785904298	0.828487346138
0.22453125		0.193395402244	0.828069646496
0.22484375		0.193004463931	0.827650846086
0.22515625		0.192613087674	0.827230938719
0.22546875		0.192221271775	0.826809918156
0.22578125		0.191829014527	0.826387778098
0.22609375		0.191436314208	0.825964512195
0.22640625		0.191043169084	0.825540114038
0.22671875		0.190649577409	0.825114577162
0.22703125		0.190255537424	0.824687895045
0.22734375		0.189861047357	0.824260061106
0.22765625		0.189466105424	0.823831068707
0.22796875		0.189070709827	0.823400911149
0.22828125		0.188674858755	0.822969581673
0.22859375		0.188278550384	0.822537073459
0.22890625		0.187881782875	0.822103379624
0.22921875		0.187484554377	0.821668493226
0.22953125		0.187086863026	0.821232407255
0.22984375		0.186688706941	0.820795114641
0.23015625		0.186290084229	0.820356608247
0.23046875		0.185890992984	0.819916880871
0.23078125		0.185491431282	0.819475925244
0.23109375		0.185091397187	0.81903373403
0.23140625		0.184690888748	0.818590299825
0.23171875		0.184289904	0.818145615156
0.23203125		0.18388844096	0.817699672479
0.23234375		0.183486497632	0.817252464182
0.23265625		0.183084072005	0.816803982577
0.23296875		0.182681162052	0.816354219908
0.23328125		0.182277765729	0.815903168341
0.23359375		0.181873880977	0.815450819972
0.23390625		0.181469505722	0.814997166817
0.23421875		0.181064637872	0.814542200819
0.23453125		0.18065927532	0.814085913843
0.23484375		0.180253415942	0.813628297674
0.23515625		0.179847057596	0.813169344018
0.23546875		0.179440198124	0.812709044503
0.23578125		0.179032835351	0.812247390671
0.23609375		0.178624967085	0.811784373985
0.23640625		0.178216591116	0.811319985823
0.23671875		0.177807705215	0.810854217478
0.23703125		0.177398307136	0.810387060157
0.23734375		0.176988394615	0.809918504979
0.23765625		0.176577965369	0.809448542978
0.23796875		0.176167017098	0.808977165094
0.23828125		0.175755547481	0.808504362179
0.23859375		0.175343554179	0.808030124992
0.23890625		0.174931034833	0.8075544442
0.23921875		0.174517987066	0.807077310374
0.23953125		0.17410440848	0.80659871399
0.23984375		0.173690296656	0.806118645428
0.24015625		0.173275649158	0.805637094966
0.24046875		0.172860463525	0.805154052785
0.24078125		0.17244473728	0.804669508965
0.24109375		0.172028467922	0.804183453482
0.24140625		0.17161165293	0.803695876209
0.24171875		0.17119428976	0.803206766912
0.24203125		0.170776375847	0.80271611525
0.24234375		0.170357908607	0.802223910777
0.24265625		0.169938885428	0.801730142931
0.24296875		0.16951930368	0.801234801043
0.24328125		0.169099160708	0.800737874329
0.24359375		0.168678453834	0.80023935189
0.24390625		0.168257180358	0.79973922271
0.24421875		0.167835337555	0.799237475656
0.24453125		0.167412922676	0.798734099473
0.24484375		0.166989932947	0.798229082785
0.24515625		0.166566365572	0.797722414095
0.24546875		0.166142217727	0.797214081776
0.24578125		0.165717486564	0.796704074077
0.24609375		0.16529216921	0.796192379118
0.24640625		0.164866262765	0.795678984885
0.24671875		0.164439764304	0.795163879233
0.24703125		0.164012670874	0.794647049882
0.24734375		0.163584979495	0.794128484415
0.24765625		0.163156687162	0.793608170276
0.24796875		0.162727790839	0.793086094765
0.24828125		0.162298287464	0.792562245042
0.24859375		0.161868173946	0.79203660812
0.24890625		0.161437447167	0.791509170864
0.24921875		0.161006103976	0.790979919989
0.24953125		0.160574141196	0.790448842057
0.24984375		0.160141555618	0.789915923476
0.25015625		0.159708344004	0.789381150495
0.25046875		0.159274503083	0.788844509205
0.25078125		0.158840029556	0.788305985534
0.25109375		0.15840492009	0.787765565245
0.25140625		0.15796917132	0.787223233933
0.25171875		0.157532779849	0.786678977024
0.25203125		0.157095742249	0.78613277977
0.25234375		0.156658055054	0.785584627248
0.25265625		0.156219714768	0.785034504355
0.25296875		0.155780717859	0.784482395809
0.25328125		0.155341060761	0.78392828614
0.25359375		0.154900739872	0.783372159694
0.25390625		0.154459751553	0.782814000625
0.25421875		0.154018092132	0.782253792893
0.25453125		0.153575757896	0.781691520261
0.25484375		0.153132745097	0.781127166292
0.25515625		0.152689049949	0.780560714346
0.25546875		0.152244668627	0.779992147575
0.25578125		0.151799597267	0.779421448922
0.25609375		0.151353831964	0.778848601113
0.25640625		0.150907368776	0.77827358666
0.25671875		0.150460203716	0.777696387851
0.25703125		0.150012332758	0.777116986749
0.25734375		0.149563751835	0.776535365189
0.25765625		0.149114456835	0.775951504771
0.25796875		0.148664443602	0.775365386859
0.25828125		0.14821370794	0.774776992576
0.25859375		0.147762245604	0.774186302798
0.25890625		0.147310052307	0.773593298152
0.25921875		0.146857123712	0.772997959011
0.25953125		0.146403455439	0.772400265487
0.25984375		0.145949043058	0.771800197431
0.26015625		0.145493882093	0.771197734424
0.26046875		0.145037968017	0.770592855774
0.26078125		0.144581296254	0.76998554051
0.26109375		0.144123862177	0.76937576738
0.26140625		0.143665661109	0.768763514842
0.26171875		0.143206688319	0.768148761059
0.26203125		0.142746939023	0.767531483897
0.26234375		0.142286408385	0.766911660917
0.26265625		0.141825091513	0.766289269367
0.26296875		0.141362983459	0.765664286181
0.26328125		0.140900079219	0.76503668797
0.26359375		0.140436373732	0.764406451016
0.26390625		0.139971861877	0.763773551267
0.26421875		0.139506538475	0.763137964329
0.26453125		0.139040398285	0.76249966546
0.26484375		0.138573436007	0.761858629565
0.26515625		0.138105646277	0.761214831186
0.26546875		0.137637023668	0.760568244497
0.26578125		0.137167562687	0.759918843297
0.26609375		0.136697257777	0.759266601
0.26640625		0.136226103313	0.758611490631
0.26671875		0.135754093603	0.757953484814
0.26703125		0.135281222886	0.75729255577
0.26734375		0.134807485329	0.756628675301
0.26765625		0.134332875028	0.755961814789
0.26796875		0.133857386008	0.755291945181
0.26828125		0.133381012217	0.754619036986
0.26859375		0.132903747529	0.753943060262
0.26890625		0.132425585741	0.753263984607
0.26921875		0.131946520571	0.752581779151
0.26953125		0.13146654566	0.751896412544
0.26984375		0.130985654563	0.75120785295
0.27015625		0.130503840758	0.75051606803
0.27046875		0.130021097634	0.749821024939
0.27078125		0.129537418497	0.749122690308
0.27109375		0.129052796565	0.748421030238
0.27140625		0.128567224968	0.747716010286
0.27171875		0.128080696743	0.747007595454
0.27203125		0.127593204838	0.746295750174
0.27234375		0.127104742103	0.745580438302
0.27265625		0.126615301296	0.744861623098
0.27296875		0.126124875074	0.744139267217
0.27328125		0.125633455996	0.743413332692
0.27359375		0.12514103652	0.742683780927
0.27390625		0.124647608999	0.741950572672
0.27421875		0.124153165681	0.741213668018
0.27453125		0.123657698705	0.740473026376
0.27484375		0.123161200103	0.739728606463
0.27515625		0.122663661792	0.738980366287
0.27546875		0.122165075577	0.738228263128
0.27578125		0.121665433143	0.737472253522
0.27609375		0.121164726059	0.736712293246
0.27640625		0.120662945771	0.735948337293
0.27671875		0.120160083602	0.73518033986
0.27703125		0.119656130747	0.734408254328
0.27734375		0.119151078272	0.733632033238
0.27765625		0.118644917111	0.732851628272
0.27796875		0.118137638064	0.732066990237
0.27828125		0.117629231792	0.731278069034
0.27859375		0.117119688816	0.730484813644
0.27890625		0.116608999512	0.729687172101
0.27921875		0.116097154111	0.728885091467
0.27953125		0.115584142693	0.728078517811
0.27984375		0.115069955183	0.727267396178
0.28015625		0.114554581351	0.726451670569
0.28046875		0.114038010807	0.725631283909
0.28078125		0.113520232994	0.724806178023
0.28109375		0.113001237191	0.723976293602
0.28140625		0.112481012502	0.723141570178
0.28171875		0.111959547858	0.72230194609
0.28203125		0.111436832009	0.721457358452
0.28234375		0.110912853521	0.720607743121
0.28265625		0.110387600773	0.719753034665
0.28296875		0.109861061949	0.718893166321
0.28328125		0.109333225039	0.718028069966
0.28359375		0.108804077829	0.717157676072
0.28390625		0.108273607898	0.716281913674
0.28421875		0.107741802615	0.715400710321
0.28453125		0.107208649129	0.714513992042
0.28484375		0.106674134368	0.713621683297
0.28515625		0.106138245033	0.712723706934
0.28546875		0.105600967589	0.71181998414
0.28578125		0.105062288264	0.710910434395
0.28609375		0.104522193037	0.70999497542
0.28640625		0.103980667638	0.709073523125
0.28671875		0.103437697536	0.708145991555
0.28703125		0.102893267936	0.707212292832
0.28734375		0.10234736377	0.706272337099
0.28765625		0.10179996969	0.705326032457
0.28796875		0.101251070061	0.704373284902
0.28828125		0.100700648955	0.70341399826
0.28859375		0.100148690139	0.70244807412
0.28890625		0.0995951770699	0.70147541176
0.28921875		0.0990400928838	0.700495908075
0.28953125		0.0984834203894	0.699509457498
0.28984375		0.0979251420568	0.698515951924
0.29015625		0.0973652400092	0.697515280623
0.29046875		0.0968036960119	0.696507330153
0.29078125		0.0962404914628	0.695491984273
0.29109375		0.0956756073817	0.694469123844
0.29140625		0.0951090243984	0.693438626736
0.29171875		0.0945407227423	0.692400367718
0.29203125		0.0939706822297	0.691354218358
0.29234375		0.0933988822514	0.690300046907
0.29265625		0.0928253017601	0.689237718184
0.29296875		0.0922499192568	0.688167093454
0.29328125		0.0916727127768	0.687088030297
0.29359375		0.0910936598751	0.686000382481
0.29390625		0.0905127376116	0.684903999814
0.29421875		0.0899299225347	0.683798728008
0.29453125		0.0893451906656	0.682684408515
0.29484375		0.0887585174807	0.681560878378
0.29515625		0.0881698778938	0.680427970054
0.29546875		0.0875792462377	0.679285511243
0.29578125		0.0869865962448	0.678133324702
0.29609375		0.0863919010263	0.676971228051
0.29640625		0.0857951330519	0.675799033571
0.29671875		0.085196264127	0.674616547987
0.29703125		0.0845952653697	0.673423572249
0.29734375		0.0839921071871	0.672219901292
0.29765625		0.0833867592493	0.671005323787
0.29796875		0.0827791904634	0.669779621882
0.29828125		0.082169368946	0.668542570927
0.29859375		0.0815572619933	0.667293939181
0.29890625		0.0809428360518	0.666033487509
0.29921875		0.0803260566854	0.664760969059
0.29953125		0.0797068885426	0.663476128918
0.29984375		0.079085295321	0.662178703757
0.30015625		0.0784612397304	0.660868421449
0.30046875		0.0778346834542	0.659545000664
0.30078125		0.0772055871083	0.658208150449
0.30109375		0.0765739101982	0.656857569771
0.30140625		0.0759396110743	0.655492947046
0.30171875		0.0753026468834	0.654113959626
0.30203125		0.0746629735191	0.652720273267
0.30234375		0.0740205455688	0.651311541554
0.30265625		0.0733753162574	0.649887405299
0.30296875		0.0727272373887	0.64844749189
0.30328125		0.0720762592827	0.646991414608
0.30359375		0.0714223307097	0.645518771897
0.30390625		0.0707653988201	0.644029146577
0.30421875		0.0701054090711	0.642522105021
0.30453125		0.0694423051472	0.640997196256
0.30484375		0.0687760288778	0.639453951019
0.30515625		0.0681065201482	0.637891880739
0.30546875		0.067433716806	0.636310476444
0.30578125		0.0667575545607	0.634709207597
0.30609375		0.0660779668779	0.633087520841
0.30640625		0.0653948848652	0.631444838651
0.30671875		0.0647082371519	0.629780557886
0.30703125		0.0640179497594	0.628094048233
0.30734375		0.0633239459635	0.62638465052
0.30765625		0.0626261461467	0.624651674907
0.30796875		0.0619244676401	0.622894398925
0.30828125		0.061218824554	0.621112065354
0.30859375		0.0605091275962	0.619303879926
0.30890625		0.0597952838762	0.617469008836
0.30921875		0.0590771966953	0.615606576036
0.30953125		0.0583547653202	0.613715660288
0.30984375		0.0576278847386	0.61179529196
0.31015625		0.0568964453956	0.609844449528
0.31046875		0.0561603329085	0.607862055753
0.31078125		0.0554194277582	0.605846973496
0.31109375		0.054673604954	0.603798001132
0.31140625		0.0539227336699	0.601713867509
0.31171875		0.0531666768489	0.599593226405
0.31203125		0.0524052907719	0.597434650415
0.31234375		0.0516384245868	0.595236624199
0.31265625		0.0508659197939	0.592997537003
0.31296875		0.0500876096821	0.590715674371
0.31328125		0.0493033187102	0.588389208922
0.31359375		0.048512861826	0.58601619007
0.31390625		0.0477160437167	0.58359453255
0.31421875		0.0469126579801	0.58112200355
0.31453125		0.0461024862082	0.57859620827
0.31484375		0.0452852969692	0.576014573649
0.31515625		0.0444608446762	0.573374329991
0.31546875		0.043628868325	0.570672490133
0.31578125		0.0427890900825	0.567905825768
0.31609375		0.0419412137041	0.565070840432
0.31640625		0.0410849227529	0.56216373857
0.31671875		0.0402198785909	0.559180389986
0.31703125		0.0393457181038	0.55611628881
0.31734375		0.0384620511164	0.55296650594
0.31765625		0.0375684574446	0.549725633663
0.31796875		0.0366644835203	0.546387720858
0.31828125		0.0357496385094	0.542946196786
0.31859375		0.0348233898296	0.539393780944
0.31890625		0.0338851579464	0.53572237583
0.31921875		0.0329343103043	0.531922938529
0.31953125		0.0319701542063	0.527985325908
0.31984375		0.0309919284131	0.523898106592
0.32015625		0.0299987931669	0.519648330768
0.32046875		0.028989818262	0.515221245895
0.32078125		0.0279639686733	0.510599942249
0.32109375		0.0269200870999	0.505764906413
0.32140625		0.0258568725724	0.500693452308
0.32171875		0.0247728539778	0.495358987036
0.32203125		0.0236663569367	0.489730050209
0.32234375		0.0225354618687	0.48376903712
0.32265625		0.0213779501854	0.477430471663
0.32296875		0.0201912342162	0.470658623358
0.32328125		0.0189722644044	0.463384143956
0.32359375		0.0177174040411	0.455519194409
0.32390625		0.0164222564684	0.446950165926
0.32421875		0.0150814206627	0.437526407792
0.32453125		0.013688135207	0.427041997309
0.32484375		0.0122337410843	0.415204643033
0.32515625		0.0107068343139	0.401578941401
0.32546875		0.00909184278536	0.385473197211
0.32578125		0.00736634072531	0.365683176561
0.32609375		0.00550161458176	0.339905336898
0.32640625		0.00364433263734	0.306587410731
0.32671875		0.00201963258412	0.264418665272
0.32703125		0.000829299680439	0.21147689998
0.32734375		0.000179435563812	0.14381797241
0.32765625		1.37688572065e-07	0.0236634826653
0.32796875		4.12086361176e-09	0.0100043865647
0.32828125		4.11315298452e-09	0.0100000002629
0.32859375		4.11315252376e-09	0.01
0.32890625		4.11315252376e-09	0.01
0.32921875		4.11315252376e-09	0.01
0.32953125		4.11315252376e-09	0.01
0.32984375		4.11315252376e-09	0.01
0.33015625		4.11315252376e-09	0.01
0.33046875		4.11315252376e-09	0.01
0.33078125		4.11315252376e-09	0.01
0.33109375		4.11315252376e-09	0.01
0.33140625		4.11315252376e-09	0.01
0.33171875		4.11315252376e-09	0.01
0.33203125		4.11315252376e-09	0.01
0.33234375		4.11315252376e-09	0.01
0.33265625		4.11315252376e-09	0.01
0.33296875		4.11315252376e-09	0.01
0.33328125		4.11315252376e-09	0.01
0.33359375		4.11315252376e-09	0.01
0.33390625		4.11315252376e-09	0.01
0.33421875		4.11315252376e-09	0.01
0.33453125		4.11315252376e-09	0.01
0.33484375		4.11315252376e-09	0.01
0.33515625		4.11315252376e-09	0.01
0.33546875		4.11315252376e-09	0.01
0.33578125		4.11315252376e-09	0.01
0.33609375		4.11315252376e-09	0.01
0.33640625		4.11315252376e-09	0.01
0.33671875		4.11315252376e-09	0.01
0.33703125		4.11315252376e-09	0.01
0.33734375		4.11315252376e-09	0.01
0.33765625		4.11315252376e-09	0.01
0.33796875		4.11315252376e-09	0.01
0.33828125		4.11315252376e-09	0.01
0.33859375		4.11315252376e-09	0.01
0.33890625		4.11315252376e-09	0.01
0.33921875		4.11315252376e-09	0.01
0.33953125		4.11315252376e-09	0.01
0.33984375		4.11315252376e-09	0.01
0.34015625		4.11315252376e-09	0.01
0.34046875		4.11315252376e-09	0.01
0.34078125		4.11315252376e-09	0.01
0.34109375		4.11315252376e-09	0.01
0.34140625		4.11315252376e-09	0.01
0.34171875		4.11315252376e-09	0.01
0.34203125		4.11315252376e-09	0.01
0.34234375		4.11315252376e-09	0.01
0.34265625		4.11315252376e-09	0.01
0.34296875		4.11315252376e-09	0.01
0.34328125		4.11315252376e-09	0.01
0.34359375		4.11315252376e-09	0.01
0.34390625		4.11315252376e-09	0.01
0.34421875		4.11315252376e-09	0.01
0.34453125		4.11315252376e-09	0.01
0.34484375		4.11315252376e-09	0.01
0.34515625		4.11315252376e-09	0.01
0.34546875		4.11315252376e-09	0.01
0.34578125		4.11315252376e-09	0.01
0.34609375		4.11315252376e-09	0.01
0.34640625		4.11315252376e-09	0.01
0.34671875		4.11315252376e-09	0.01
0.34703125		4.11315252376e-09	0.01
0.34734375		4.11315252376e-09	0.01
0.34765625		4.11315252376e-09	0.01
0.34796875		4.11315252376e-09	0.01
0.34828125		4.11315252376e-09	0.01
0.34859375		4.11315252376e-09	0.01
0.34890625		4.11315252376e-09	0.01
0.34921875		4.11315252376e-09	0.01
0.34953125		4.11315252376e-09	0.01
0.34984375		4.11315252376e-09	0.01
0.35015625		4.11315252376e-09	0.01
0.35046875		4.11315252376e-09	0.01
0.35078125		4.11315252376e-09	0.01
0.35109375		4.11315252376e-09	0.01
0.35140625		4.11315252376e-09	0.01
0.35171875		4.11315252376e-09	0.01
0.35203125		4.11315252376e-09	0.01
0.35234375		4.11315252376e-09	0.01
0.35265625		4.11315252376e-09	0.01
0.35296875		4.11315252376e-09	0.01
0.35328125		4.11315252376e-09	0.01
0.35359375		4.11315252376e-09	0.01
0.35390625		4.11315252376e-09	0.01
0.35421875		4.11315252376e-09	0.01
0.35453125		4.11315252376e-09	0.01
0.35484375		4.11315252376e-09	0.01
0.35515625		4.11315252376e-09	0.01
0.35546875		4.11315252376e-09	0.01
0.35578125		4.11315252376e-09	0.01
0.35609375		4.11315252376e-09	0.01
0.35640625		4.11315252376e-09	0.01
0.35671875		4.11315252376e-09	0.01
0.35703125		4.11315252376e-09	0.01
0.35734375		4.11315252376e-09	0.01
0.35765625		4.11315252376e-09	0.01
0.35796875		4.11315252376e-09	0.01
0.35828125		4.11315252376e-09	0.01
0.35859375		4.11315252376e-09	0.01
0.35890625		4.11315252376e-09	0.01
0.35921875		4.11315252376e-09	0.01
0.35953125		4.11315252376e-09	0.01
0.35984375		4.11315252376e-09	0.01
0.36015625		4.11315252376e-09	0.01
0.36046875		4.11315252376e-09	0.01
0.36078125		4.11315252376e-09	0.01
0.36109375		4.11315252376e-09	0.01
0.36140625		4.11315252376e-09	0.01
0.36171875		4.11315252376e-09	0.01
0.36203125		4.11315252376e-09	0.01
0.36234375		4.11315252376e-09	0.01
0.36265625		4.11315252376e-09	0.01
0.36296875		4.11315252376e-09	0.01
0.36328125		4.11315252376e-09	0.01
0.36359375		4.11315252376e-09	0.01
0.36390625		4.11315252376e-09	0.01
0.36421875		4.11315252376e-09	0.01
0.36453125		4.11315252376e-09	0.01
0.36484375		4.11315252376e-09	0.01
0.36515625		4.11315252376e-09	0.01
0.36546875		4.11315252376e-09	0.01
0.36578125		4.11315252376e-09	0.01
0.36609375		4.11315252376e-09	0.01
0.36640625		4.11315252376e-09	0.01
0.36671875		4.11315252376e-09	0.01
0.36703125		4.11315252376e-09	0.01
0.36734375		4.11315252376e-09	0.01
0.36765625		4.11315252376e-09	0.01
0.36796875		4.11315252376e-09	0.01
0.36828125		4.11315252376e-09	0.01
0.36859375		4.11315252376e-09	0.01
0.36890625		4.11315252376e-09	0.01
0.36921875		4.11315252376e-09	0.01
0.36953125		4.11315252376e-09	0.01
0.36984375		4.11315252376e-09	0.01
0.37015625		4.11315252376e-09	0.01
0.37046875		4.11315252376e-09	0.01
0.37078125		4.11315252376e-09	0.01
0.37109375		4.11315252376e-09	0.01
0.37140625		4.11315252376e-09	0.01
0.37171875		4.11315252376e-09	0.01
0.37203125		4.11315252376e-09	0.01
0.37234375		4.11315252376e-09	0.01
0.37265625		4.11315252376e-09	0.01
0.37296875		4.11315252376e-09	0.01
0.37328125		4.11315252376e-09	0.01
0.37359375		4.11315252376e-09	0.01
0.37390625		4.11315252376e-09	0.01
0.37421875		4.11315252376e-09	0.01
0.37453125		4.11315252376e-09	0.01
0.37484375		4.11315252376e-09	0.01
0.37515625		4.11315252376e-09	0.01
0.37546875		4.11315252376e-09	0.01
0.37578125		4.11315252376e-09	0.01
0.37609375		4.11315252376e-09	0.01
0.37640625		4.11315252376e-09	0.01
0.37671875		4.11315252376e-09	0.01
0.37703125		4.11315252376e-09	0.01
0.37734375		4.11315252376e-09	0.01
0.37765625		4.11315252376e-09	0.01
0.37796875		4.11315252376e-09	0.01
0.37828125		4.11315252376e-09	0.01
0.37859375		4.11315252376e-09	0.01
0.37890625		4.11315252376e-09	0.01
0.37921875		4.11315252376e-09	0.01
0.37953125		4.11315252376e-09	0.01
0.37984375		4.11315252376e-09	0.01
0.38015625		4.11315252376e-09	0.01
0.38046875		4.11315252376e-09	0.01
0.38078125		4.11315252376e-09	0.01
0.38109375		4.11315252376e-09	0.01
0.38140625		4.11315252376e-09	0.01
0.38171875		4.11315252376e-09	0.01
0.38203125		4.11315252376e-09	0.01
0.38234375		4.11315252376e-09	0.01
0.38265625		4.11315252376e-09	0.01
0.38296875		4.11315252376e-09	0.01
0.38328125		4.11315252376e-09	0.01
0.38359375		4.11315252376e-09	0.01
0.38390625		4.11315252376e-09	0.01
0.38421875		4.11315252376e-09	0.01
0.38453125		4.11315252376e-09	0.01
0.38484375		4.11315252376e-09	0.01
0.38515625		4.11315252376e-09	0.01
0.38546875		4.11315252376e-09	0.01
0.38578125		4.11315252376e-09	0.01
0.38609375		4.11315252376e-09	0.01
0.38640625		4.11315252376e-09	0.01
0.38671875		4.11315252376e-09	0.01
0.38703125		4.11315252376e-09	0.01
0.38734375		4.11315252376e-09	0.01
0.38765625		4.11315252376e-09	0.01
0.38796875		4.11315252376e-09	0.01
0.38828125		4.11315252376e-09	0.01
0.38859375		4.11315252376e-09	0.01
0.38890625		4.11315252376e-09	0.01
0.38921875		4.11315252376e-09	0.01
0.38953125		4.11315252376e-09	0.01
0.38984375		4.11315252376e-09	0.01
0.39015625		4.11315252376e-09	0.01
0.39046875		4.11315252376e-09	0.01
0.39078125		4.11315252376e-09	0.01
0.39109375		4.11315252376e-09	0.01
0.39140625		4.11315252376e-09	0.01
0.39171875		4.11315252376e-09	0.01
0.39203125		4.11315252376e-09	0.01
0.39234375		4.11315252376e-09	0.01
0.39265625		4.11315252376e-09	0.01
0.39296875		4.11315252376e-09	0.01
0.39328125		4.11315252376e-09	0.01
0.39359375		4.11315252376e-09	0.01
0.39390625		4.11315252376e-09	0.01
0.39421875		4.11315252376e-09	0.01
0.39453125		4.11315252376e-09	0.01
0.39484375		4.11315252376e-09	0.01
0.39515625		4.11315252376e-09	0.01
0.39546875		4.11315252376e-09	0.01
0.39578125		4.11315252376e-09	0.01
0.39609375		4.11315252376e-09	0.01
0.39640625		4.11315252376e-09	0.01
0.39671875		4.11315252376e-09	0.01
0.39703125		4.11315252376e-09	0.01
0.39734375		4.11315252376e-09	0.01
0.39765625		4.11315252376e-09	0.01
0.39796875		4.11315252376e-09	0.01
0.39828125		4.11315252376e-09	0.01
0.39859375		4.11315252376e-09	0.01
0.39890625		4.11315252376e-09	0.01
0.39921875		4.11315252376e-09	0.01
0.39953125		4.11315252376e-09	0.01
0.39984375		4.11315252376e-09	0.01
0.40015625		4.11315252376e-09	0.01
0.40046875		4.11315252376e-09	0.01
0.40078125		4.11315252376e-09	0.01
0.40109375		4.11315252376e-09	0.01
0.40140625		4.11315252376e-09	0.01
0.40171875		4.11315252376e-09	0.01
0.40203125		4.11315252376e-09	0.01
0.40234375		4.11315252376e-09	0.01
0.40265625		4.11315252376e-09	0.01
0.40296875		4.11315252376e-09	0.01
0.40328125		4.11315252376e-09	0.01
0.40359375		4.11315252376e-09	0.01
0.40390625		4.11315252376e-09	0.01
0.40421875		4.11315252376e-09	0.01
0.40453125		4.11315252376e-09	0.01
0.40484375		4.11315252376e-09	0.01
0.40515625		4.11315252376e-09	0.01
0.40546875		4.11315252376e-09	0.01
0.40578125		4.11315252376e-09	0.01
0.40609375		4.11315252376e-09	0.01
0.40640625		4.11315252376e-09	0.01
0.40671875		4.11315252376e-09	0.01
0.40703125		4.11315252376e-09	0.01
0.40734375		4.11315252376e-09	0.01
0.40765625		4.11315252376e-09	0.01
0.40796875		4.11315252376e-09	0.01
0.40828125		4.11315252376e-09	0.01
0.40859375		4.11315252376e-09	0.01
0.40890625		4.11315252376e-09	0.01
0.40921875		4.11315252376e-09	0.01
0.40953125		4.11315252376e-09	0.01
0.40984375		4.11315252376e-09	0.01
0.41015625		4.11315252376e-09	0.01
0.41046875		4.11315252376e-09	0.01
0.41078125		4.11315252376e-09	0.01
0.41109375		4.11315252376e-09	0.01
0.41140625		4.11315252376e-09	0.01
0.41171875		4.11315252376e-09	0.01
0.41203125		4.11315252376e-09	0.01
0.41234375		4.11315252376e-09	0.01
0.41265625		4.11315252376e-09	0.01
0.41296875		4.11315252376e-09	0.01
0.41328125		4.11315252376e-09	0.01
0.41359375		4.11315252376e-09	0.01
0.41390625		4.11315252376e-09	0.01
0.41421875		4.11315252376e-09	0.01
0.41453125		4.11315252376e-09	0.01
0.41484375		4.11315252376e-09	0.01
0.41515625		4.11315252376e-09	0.01
0.41546875		4.11315252376e-09	0.01
0.41578125		4.11315252376e-09	0.01
0.41609375		4.11315252376e-09	0.01
0.41640625		4.11315252376e-09	0.01
0.41671875		4.11315252376e-09	0.01
0.41703125		4.11315252376e-09	0.01
0.41734375		4.11315252376e-09	0.01
0.41765625		4.11315252376e-09	0.01
0.41796875		4.11315252376e-09	0.01
0.41828125		4.11315252376e-09	0.01
0.41859375		4.11315252376e-09	0.01
0.41890625		4.11315252376e-09	0.01
0.41921875		4.11315252376e-09	0.01
0.41953125		4.11315252376e-09	0.01
0.41984375		4.11315252376e-09	0.01
0.42015625		4.11315252376e-09	0.01
0.42046875		4.11315252376e-09	0.01
0.42078125		4.11315252376e-09	0.01
0.42109375		4.11315252376e-09	0.01
0.42140625		4.11315252376e-09	0.01
0.42171875		4.11315252376e-09	0.01
0.42203125		4.11315252376e-09	0.01
0.42234375		4.11315252376e-09	0.01
0.42265625		4.11315252376e-09	0.01
0.42296875		4.11315252376e-09	0.01
0.42328125		4.11315252376e-09	0.01
0.42359375		4.11315252376e-09	0.01
0.42390625		4.11315252376e-09	0.01
0.42421875		4.11315252376e-09	0.01
0.42453125		4.11315252376e-09	0.01
0.42484375		4.11315252376e-09	0.01
0.42515625		4.11315252376e-09	0.01
0.42546875		4.11315252376e-09	0.01
0.42578125		4.11315252376e-09	0.01
0.42609375		4.11315252376e-09	0.01
0.42640625		4.11315252376e-09	0.01
0.42671875		4.11315252376e-09	0.01
0.42703125		4.11315252376e-09	0.01
0.42734375		4.11315252376e-09	0.01
0.42765625		4.11315252376e-09	0.01
0.42796875		4.11315252376e-09	0.01
0.42828125		4.11315252376e-09	0.01
0.42859375		4.11315252376e-09	0.01
0.42890625		4.11315252376e-09	0.01
0.42921875		4.11315252376e-09	0.01
0.42953125		4.11315252376e-09	0.01
0.42984375		4.11315252376e-09	0.01
0.43015625		4.11315252376e-09	0.01
0.43046875		4.11315252376e-09	0.01
0.43078125		4.11315252376e-09	0.01
0.43109375		4.11315252376e-09	0.01
0.43140625		4.11315252376e-09	0.01
0.43171875		4.11315252376e-09	0.01
0.43203125		4.11315252376e-09	0.01
0.43234375		4.11315252376e-09	0.01
0.43265625		4.11315252376e-09	0.01
0.43296875		4.11315252376e-09	0.01
0.43328125		4.11315252376e-09	0.01
0.43359375		4.11315252376e-09	0.01
0.43390625		4.11315252376e-09	0.01
0.43421875		4.11315252376e-09	0.01
0.43453125		4.11315252376e-09	0.01
0.43484375		4.11315252376e-09	0.01
0.43515625		4.11315252376e-09	0.01
0.43546875		4.11315252376e-09	0.01
0.43578125		4.11315252376e-09	0.01
0.43609375		4.11315252376e-09	0.01
0.43640625		4.11315252376e-09	0.01
0.43671875		4.11315252376e-09	0.01
0.43703125		4.11315252376e-09	0.01
0.43734375		4.11315252376e-09	0.01
0.43765625		4.11315252376e-09	0.01
0.43796875		4.11315252376e-09	0.01
0.43828125		4.11315252376e-09	0.01
0.43859375		4.11315252376e-09	0.01
0.43890625		4.11315252376e-09	0.01
0.43921875		4.11315252376e-09	0.01
0.43953125		4.11315252376e-09	0.01
0.43984375		4.11315252376e-09	0.01
0.44015625		4.11315252376e-09	0.01
0.44046875		4.11315252376e-09	0.01
0.44078125		4.11315252376e-09	0.01
0.44109375		4.11315252376e-09	0.01
0.44140625		4.11315252376e-09	0.01
0.44171875		4.11315252376e-09	0.01
0.44203125		4.11315252376e-09	0.01
0.44234375		4.11315252376e-09	0.01
0.44265625		4.11315252376e-09	0.01
0.44296875		4.11315252376e-09	0.01
0.44328125		4.11315252376e-09	0.01
0.44359375		4.11315252376e-09	0.01
0.44390625		4.11315252376e-09	0.01
0.44421875		4.11315252376e-09	0.01
0.44453125		4.11315252376e-09	0.01
0.44484375		4.11315252376e-09	0.01
0.44515625		4.11315252376e-09	0.01
0.44546875		4.11315252376e-09	0.01
0.44578125		4.11315252376e-09	0.01
0.44609375		4.11315252376e-09	0.01
0.44640625		4.11315252376e-09	0.01
0.44671875		4.11315252376e-09	0.01
0.44703125		4.11315252376e-09	0.01
0.44734375		4.11315252376e-09	0.01
0.44765625		4.11315252376e-09	0.01
0.44796875		4.11315252376e-09	0.01
0.44828125		4.11315252376e-09	0.01
0.44859375		4.11315252376e-09	0.01
0.44890625		4.11315252376e-09	0.01
0.44921875		4.11315252376e-09	0.01
0.44953125		4.11315252376e-09	0.01
0.44984375		4.11315252376e-09	0.01
0.45015625		4.11315252376e-09	0.01
0.45046875		4.11315252376e-09	0.01
0.45078125		4.11315252376e-09	0.01
0.45109375		4.11315252376e-09	0.01
0.45140625		4.11315252376e-09	0.01
0.45171875		4.11315252376e-09	0.01
0.45203125		4.11315252376e-09	0.01
0.45234375		4.11315252376e-09	0.01
0.45265625		4.11315252376e-09	0.01
0.45296875		4.11315252376e-09	0.01
0.45328125		4.11315252376e-09	0.01
0.45359375		4.11315252376e-09	0.01
0.45390625		4.11315252376e-09	0.01
0.45421875		4.11315252376e-09	0.01
0.45453125		4.11315252376e-09	0.01
0.45484375		4.11315252376e-09	0.01
0.45515625		4.11315252376e-09	0.01
0.45546875		4.11315252376e-09	0.01
0.45578125		4.11315252376e-09	0.01
0.45609375		4.11315252376e-09	0.01
0.45640625		4.11315252376e-09	0.01
0.45671875		4.11315252376e-09	0.01
0.45703125		4.11315252376e-09	0.01
0.45734375		4.11315252376e-09	0.01
0.45765625		4.11315252376e-09	0.01
0.45796875		4.11315252376e-09	0.01
0.45828125		4.11315252376e-09	0.01
0.45859375		4.11315252376e-09	0.01
0.45890625		4.11315252376e-09	0.01
0.45921875		4.11315252376e-09	0.01
0.45953125		4.11315252376e-09	0.01
0.45984375		4.11315252376e-09	0.01
0.46015625		4.11315252376e-09	0.01
0.46046875		4.11315252376e-09	0.01
0.46078125		4.11315252376e-09	0.01
0.46109375		4.11315252376e-09	0.01
0.46140625		4.11315252376e-09	0.01
0.46171875		4.11315252376e-09	0.01
0.46203125		4.11315252376e-09	0.01
0.46234375		4.11315252376e-09	0.01
0.46265625		4.11315252376e-09	0.01
0.46296875		4.11315252376e-09	0.01
0.46328125		4.11315252376e-09	0.01
0.46359375		4.11315252376e-09	0.01
0.46390625		4.11315252376e-09	0.01
0.46421875		4.11315252376e-09	0.01
0.46453125		4.11315252376e-09	0.01
0.46484375		4.11315252376e-09	0.01
0.46515625		4.11315252376e-09	0.01
0.46546875		4.11315252376e-09	0.01
0.46578125		4.11315252376e-09	0.01
0.46609375		4.11315252376e-09	0.01
0.46640625		4.11315252376e-09	0.01
0.46671875		4.11315252376e-09	0.01
0.46703125		4.11315252376e-09	0.01
0.46734375		4.11315252376e-09	0.01
0.46765625		4.11315252376e-09	0.01
0.46796875		4.11315252376e-09	0.01
0.46828125		4.11315252376e-09	0.01
0.46859375		4.11315252376e-09	0.01
0.46890625		4.11315252376e-09	0.01
0.46921875		4.11315252376e-09	0.01
0.46953125		4.11315252376e-09	0.01
0.46984375		4.11315252376e-09	0.01
0.47015625		4.11315252376e-09	0.01
0.47046875		4.11315252376e-09	0.01
0.47078125		4.11315252376e-09	0.01
0.47109375		4.11315252376e-09	0.01
0.47140625		4.11315252376e-09	0.01
0.47171875		4.11315252376e-09	0.01
0.47203125		4.11315252376e-09	0.01
0.47234375		4.11315252376e-09	0.01
0.47265625		4.11315252376e-09	0.01
0.47296875		4.11315252376e-09	0.01
0.47328125		4.11315252376e-09	0.01
0.47359375		4.11315252376e-09	0.01
0.47390625		4.11315252376e-09	0.01
0.47421875		4.11315252376e-09	0.01
0.47453125		4.11315252376e-09	0.01
0.47484375		4.11315252376e-09	0.01
0.47515625		4.11315252376e-09	0.01
0.47546875		4.11315252376e-09	0.01
0.47578125		4.11315252376e-09	0.01
0.47609375		4.11315252376e-09	0.01
0.47640625		4.11315252376e-09	0.01
0.47671875		4.11315252376e-09	0.01
0.47703125		4.11315252376e-09	0.01
0.47734375		4.11315252376e-09	0.01
0.47765625		4.11315252376e-09	0.01
0.47796875		4.11315252376e-09	0.01
0.47828125		4.11315252376e-09	0.01
0.47859375		4.11315252376e-09	0.01
0.47890625		4.11315252376e-09	0.01
0.47921875		4.11315252376e-09	0.01
0.47953125		4.11315252376e-09	0.01
0.47984375		4.11315252376e-09	0.01
0.48015625		4.11315252376e-09	0.01
0.48046875		4.11315252376e-09	0.01
0.48078125		4.11315252376e-09	0.01
0.48109375		4.11315252376e-09	0.01
0.48140625		4.11315252376e-09	0.01
0.48171875		4.11315252376e-09	0.01
0.48203125		4.11315252376e-09	0.01
0.48234375		4.11315252376e-09	0.01
0.48265625		4.11315252376e-09	0.01
0.48296875		4.11315252376e-09	0.01
0.48328125		4.11315252376e-09	0.01
0.48359375		4.11315252376e-09	0.01
0.48390625		4.11315252376e-09	0.01
0.48421875		4.11315252376e-09	0.01
0.48453125		4.11315252376e-09	0.01
0.48484375		4.11315252376e-09	0.01
0.48515625		4.11315252376e-09	0.01
0.48546875		4.11315252376e-09	0.01
0.48578125		4.11315252376e-09	0.01
0.48609375		4.11315252376e-09	0.01
0.48640625		4.11315252376e-09	0.01
0.48671875		4.11315252376e-09	0.01
0.48703125		4.11315252376e-09	0.01
0.48734375		4.11315252376e-09	0.01
0.48765625		4.11315252376e-09	0.01
0.48796875		4.11315252376e-09	0.01
0.48828125		4.11315252376e-09	0.01
0.48859375		4.11315252376e-09	0.01
0.48890625		4.11315252376e-09	0.01
0.48921875		4.11315252376e-09	0.01
0.48953125		4.11315252376e-09	0.01
0.48984375		4.11315252376e-09	0.01
0.49015625		4.11315252376e-09	0.01
0.49046875		4.11315252376e-09	0.01
0.49078125		4.11315252376e-09	0.01
0.49109375		4.11315252376e-09	0.01
0.49140625		4.11315252376e-09	0.01
0.49171875		4.11315252376e-09	0.01
0.49203125		4.11315252376e-09	0.01
0.49234375		4.11315252376e-09	0.01
0.49265625		4.11315252376e-09	0.01
0.49296875		4.11315252376e-09	0.01
0.49328125		4.11315252376e-09	0.01
0.49359375		4.11315252376e-09	0.01
0.49390625		4.11315252376e-09	0.01
0.49421875		4.11315252376e-09	0.01
0.49453125		4.11315252376e-09	0.01
0.49484375		4.11315252376e-09	0.01
0.49515625		4.11315252376e-09	0.01
0.49546875		4.11315252376e-09	0.01
0.49578125		4.11315252376e-09	0.01
0.49609375		4.11315252376e-09	0.01
0.49640625		4.11315252376e-09	0.01
0.49671875		4.11315252376e-09	0.01
0.49703125		4.11315252376e-09	0.01
0.49734375		4.11315252376e-09	0.01
0.49765625		4.11315252376e-09	0.01
0.49796875		4.11315252376e-09	0.01
0.49828125		4.11315252376e-09	0.01
0.49859375		4.11315252376e-09	0.01
0.49890625		4.11315252376e-09	0.01
0.49921875		4.11315252376e-09	0.01
0.49953125		4.11315252376e-09	0.01
0.49984375		4.11315252376e-09	0.01
