0.00015625		0.410083908625	0.999250753898
0.00046875		0.409901883263	0.999139562287
0.00078125		0.409654307707	0.998988830052
0.00109375		0.409401090082	0.998834489862
0.00140625		0.409164779884	0.998690343964
0.00171875		0.408938893508	0.998552483086
0.00203125		0.40871946273	0.998418505442
0.00234375		0.408504370106	0.998287123157
0.00265625		0.408292376603	0.998157582478
0.00296875		0.408082671457	0.998029390418
0.00328125		0.407874628315	0.997902165507
0.00359375		0.407667776303	0.99777562065
0.00390625		0.40746179844	0.997649562579
0.00421875		0.407256489754	0.997523866403
0.00453125		0.407051706219	0.997398444353
0.00484375		0.406847336557	0.997273228587
0.00515625		0.406643287214	0.997148162019
0.00546875		0.406439480296	0.997023197038
0.00578125		0.406235858505	0.996898298604
0.00609375		0.406032381793	0.996773442235
0.00640625		0.405829018712	0.996648608693
0.00671875		0.405625741593	0.996523781022
0.00703125		0.405422525772	0.996398944088
0.00734375		0.405219349157	0.996274084321
0.00765625		0.405016192863	0.99614919008
0.00796875		0.404813044851	0.996024253949
0.00828125		0.404609896909	0.995899270832
0.00859375		0.404406739185	0.9957742346
0.00890625		0.404203561125	0.995649138716
0.00921875		0.404000355203	0.995523978503
0.00953125		0.403797114898	0.995398749876
0.00984375		0.403593834247	0.995273449094
0.01015625		0.403390508062	0.995148072886
0.01046875		0.403187132046	0.995022618528
0.01078125		0.402983702684	0.994897083773
0.01109375		0.402780217036	0.994771466729
0.01140625		0.402576672577	0.994645765752
0.01171875		0.402373067092	0.994519979392
0.01203125		0.402169398646	0.994394106365
0.01234375		0.401965665535	0.994268145533
0.01265625		0.40176186624	0.994142095867
0.01296875		0.401557999409	0.994015956441
0.01328125		0.401354063868	0.993889726439
0.01359375		0.401150058642	0.993763405164
0.01390625		0.400945982903	0.993636992012
0.01421875		0.400741835889	0.993510486418
0.01453125		0.40053761688	0.993383887842
0.01484375		0.400333325228	0.993257195785
0.01515625		0.400128960368	0.993130409805
0.01546875		0.399924521816	0.993003529504
0.01578125		0.399720009139	0.992876554519
0.01609375		0.399515421952	0.992749484511
0.01640625		0.399310759902	0.992622319166
0.01671875		0.399106022672	0.992495058189
0.01703125		0.398901209969	0.9923677013
0.01734375		0.39869632153	0.992240248236
0.01765625		0.398491357118	0.992112698752
0.01796875		0.398286316516	0.991985052614
0.01828125		0.398081199526	0.991857309599
0.01859375		0.397876005957	0.991729469488
0.01890625		0.397670735633	0.991601532072
0.01921875		0.39746538839	0.991473497148
0.01953125		0.397259964074	0.99134536452
0.01984375		0.397054462544	0.991217133998
0.02015625		0.396848883666	0.991088805398
0.02046875		0.396643227312	0.990960378539
0.02078125		0.39643749336	0.990831853242
0.02109375		0.396231681693	0.990703229332
0.02140625		0.396025792199	0.990574506637
0.02171875		0.395819824772	0.990445684989
0.02203125		0.395613779309	0.99031676422
0.02234375		0.395407655711	0.990187744164
0.02265625		0.39520145388	0.990058624658
0.02296875		0.394995173723	0.989929405538
0.02328125		0.394788815146	0.989800086643
0.02359375		0.394582378059	0.989670667813
0.02390625		0.394375862374	0.989541148886
0.02421875		0.394169268004	0.989411529705
0.02453125		0.393962594863	0.98928181011
0.02484375		0.393755842867	0.989151989942
0.02515625		0.393549011932	0.989022069045
0.02546875		0.393342101975	0.988892047261
0.02578125		0.393135112916	0.988761924431
0.02609375		0.392928044671	0.9886317004
0.02640625		0.392720897162	0.988501375009
0.02671875		0.392513670308	0.988370948101
0.02703125		0.392306364029	0.98824041952
0.02734375		0.392098978246	0.988109789108
0.02765625		0.39189151288	0.987979056708
0.02796875		0.391683967852	0.987848222162
0.02828125		0.391476343085	0.987717285314
0.02859375		0.391268638499	0.987586246004
0.02890625		0.391060854016	0.987455104076
0.02921875		0.390852989559	0.987323859371
0.02953125		0.390645045049	0.987192511731
0.02984375		0.390437020408	0.987061060997
0.03015625		0.390228915559	0.98692950701
0.03046875		0.390020730424	0.986797849611
0.03078125		0.389812464924	0.986666088641
0.03109375		0.389604118982	0.98653422394
0.03140625		0.38939569252	0.986402255347
0.03171875		0.38918718546	0.986270182703
0.03203125		0.388978597723	0.986138005847
0.03234375		0.388769929233	0.986005724617
0.03265625		0.388561179909	0.985873338852
0.03296875		0.388352349675	0.985740848391
0.03328125		0.388143438452	0.985608253071
0.03359375		0.387934446161	0.98547555273
0.03390625		0.387725372724	0.985342747205
0.03421875		0.387516218062	0.985209836333
0.03453125		0.387306982096	0.98507681995
0.03484375		0.387097664747	0.984943697892
0.03515625		0.386888265937	0.984810469995
0.03546875		0.386678785585	0.984677136095
0.03578125		0.386469223613	0.984543696026
0.03609375		0.386259579942	0.984410149622
0.03640625		0.386049854491	0.984276496718
0.03671875		0.385840047181	0.984142737148
0.03703125		0.385630157932	0.984008870744
0.03734375		0.385420186664	0.983874897341
0.03765625		0.385210133297	0.983740816769
0.03796875		0.38499999775	0.983606628862
0.03828125		0.384789779943	0.983472333451
0.03859375		0.384579479796	0.983337930368
0.03890625		0.384369097228	0.983203419443
0.03921875		0.384158632157	0.983068800506
0.03953125		0.383948084503	0.982934073389
0.03984375		0.383737454185	0.98279923792
0.04015625		0.38352674112	0.982664293929
0.04046875		0.383315945228	0.982529241245
0.04078125		0.383105066427	0.982394079695
0.04109375		0.382894104635	0.982258809109
0.04140625		0.38268305977	0.982123429314
0.04171875		0.38247193175	0.981987940136
0.04203125		0.382260720493	0.981852341402
0.04234375		0.382049425915	0.981716632939
0.04265625		0.381838047934	0.981580814573
0.04296875		0.381626586468	0.981444886129
0.04328125		0.381415041434	0.981308847431
0.04359375		0.381203412748	0.981172698306
0.04390625		0.380991700326	0.981036438575
0.04421875		0.380779904087	0.980900068064
0.04453125		0.380568023945	0.980763586596
0.04484375		0.380356059817	0.980626993993
0.04515625		0.380144011619	0.980490290078
0.04546875		0.379931879267	0.980353474672
0.04578125		0.379719662677	0.980216547597
0.04609375		0.379507361764	0.980079508674
0.04640625		0.379294976443	0.979942357724
0.04671875		0.37908250663	0.979805094567
0.04703125		0.378869952239	0.979667719022
0.04734375		0.378657313185	0.979530230909
0.04765625		0.378444589384	0.979392630046
0.04796875		0.378231780749	0.979254916251
0.04828125		0.378018887194	0.979117089343
0.04859375		0.377805908635	0.978979149139
0.04890625		0.377592844985	0.978841095456
0.04921875		0.377379696157	0.97870292811
0.04953125		0.377166462065	0.978564646918
0.04984375		0.376953142623	0.978426251693
0.05015625		0.376739737743	0.978287742253
0.05046875		0.37652624734	0.978149118411
0.05078125		0.376312671326	0.978010379982
0.05109375		0.376099009613	0.977871526779
0.05140625		0.375885262114	0.977732558615
0.05171875		0.375671428741	0.977593475303
0.05203125		0.375457509407	0.977454276655
0.05234375		0.375243504024	0.977314962484
0.05265625		0.375029412503	0.977175532599
0.05296875		0.374815234756	0.977035986813
0.05328125		0.374600970694	0.976896324934
0.05359375		0.374386620229	0.976756546774
0.05390625		0.374172183272	0.976616652141
0.05421875		0.373957659734	0.976476640844
0.05453125		0.373743049525	0.976336512692
0.05484375		0.373528352556	0.976196267492
0.05515625		0.373313568737	0.976055905051
0.05546875		0.373098697979	0.975915425177
0.05578125		0.372883740191	0.975774827676
0.05609375		0.372668695283	0.975634112354
0.05640625		0.372453563164	0.975493279016
0.05671875		0.372238343745	0.975352327467
0.05703125		0.372023036935	0.975211257511
0.05734375		0.371807642641	0.975070068951
0.05765625		0.371592160774	0.974928761593
0.05796875		0.371376591242	0.974787335237
0.05828125		0.371160933953	0.974645789687
0.05859375		0.370945188815	0.974504124744
0.05890625		0.370729355737	0.97436234021
0.05921875		0.370513434627	0.974220435885
0.05953125		0.370297425392	0.97407841157
0.05984375		0.370081327939	0.973936267064
0.06015625		0.369865142176	0.973794002166
0.06046875		0.369648868011	0.973651616675
0.06078125		0.369432505349	0.973509110389
0.06109375		0.369216054098	0.973366483107
0.06140625		0.368999514164	0.973223734624
0.06171875		0.368782885453	0.973080864737
0.06203125		0.368566167872	0.972937873243
0.06234375		0.368349361327	0.972794759937
0.06265625		0.368132465722	0.972651524613
0.06296875		0.367915480964	0.972508167067
0.06328125		0.367698406958	0.972364687092
0.06359375		0.367481243609	0.972221084481
0.06390625		0.367263990822	0.972077359027
0.06421875		0.367046648502	0.971933510523
0.06453125		0.366829216553	0.971789538759
0.06484375		0.366611694879	0.971645443528
0.06515625		0.366394083385	0.971501224619
0.06546875		0.366176381974	0.971356881823
0.06578125		0.36595859055	0.971212414929
0.06609375		0.365740709017	0.971067823725
0.06640625		0.365522737278	0.970923108001
0.06671875		0.365304675235	0.970778267544
0.06703125		0.365086522792	0.970633302142
0.06734375		0.364868279851	0.97048821158
0.06765625		0.364649946315	0.970342995645
0.06796875		0.364431522086	0.970197654122
0.06828125		0.364213007066	0.970052186796
0.06859375		0.363994401157	0.969906593452
0.06890625		0.36377570426	0.969760873874
0.06921875		0.363556916277	0.969615027843
0.06953125		0.363338037108	0.969469055144
0.06984375		0.363119066655	0.969322955558
0.07015625		0.362900004819	0.969176728866
0.07046875		0.362680851499	0.96903037485
0.07078125		0.362461606597	0.968883893289
0.07109375		0.362242270012	0.968737283963
0.07140625		0.362022841645	0.968590546651
0.07171875		0.361803321394	0.968443681132
0.07203125		0.361583709159	0.968296687183
0.07234375		0.36136400484	0.968149564582
0.07265625		0.361144208335	0.968002313106
0.07296875		0.360924319543	0.967854932529
0.07328125		0.360704338363	0.967707422629
0.07359375		0.360484264692	0.967559783179
0.07390625		0.36026409843	0.967412013954
0.07421875		0.360043839474	0.967264114727
0.07453125		0.359823487721	0.967116085271
0.07484375		0.359603043069	0.966967925359
0.07515625		0.359382505415	0.966819634763
0.07546875		0.359161874656	0.966671213252
0.07578125		0.358941150688	0.966522660599
0.07609375		0.358720333409	0.966373976573
0.07640625		0.358499422715	0.966225160942
0.07671875		0.358278418501	0.966076213476
0.07703125		0.358057320663	0.965927133943
0.07734375		0.357836129097	0.965777922109
0.07765625		0.357614843698	0.965628577741
0.07796875		0.357393464362	0.965479100606
0.07828125		0.357171990983	0.965329490469
0.07859375		0.356950423456	0.965179747094
0.07890625		0.356728761675	0.965029870246
0.07921875		0.356507005534	0.964879859687
0.07953125		0.356285154928	0.964729715182
0.07984375		0.356063209749	0.964579436491
0.08015625		0.355841169892	0.964429023376
0.08046875		0.35561903525	0.964278475598
0.08078125		0.355396805715	0.964127792918
0.08109375		0.355174481181	0.963976975094
0.08140625		0.354952061539	0.963826021885
0.08171875		0.354729546683	0.963674933049
0.08203125		0.354506936503	0.963523708345
0.08234375		0.354284230893	0.963372347527
0.08265625		0.354061429742	0.963220850354
0.08296875		0.353838532944	0.963069216579
0.08328125		0.353615540388	0.962917445958
0.08359375		0.353392451965	0.962765538245
0.08390625		0.353169267566	0.962613493192
0.08421875		0.352945987081	0.962461310553
0.08453125		0.352722610401	0.962308990079
0.08484375		0.352499137415	0.962156531522
0.08515625		0.352275568012	0.962003934633
0.08546875		0.352051902081	0.96185119916
0.08578125		0.351828139513	0.961698324853
0.08609375		0.351604280195	0.961545311461
0.08640625		0.351380324016	0.96139215873
0.08671875		0.351156270864	0.961238866409
0.08703125		0.350932120628	0.961085434243
0.08734375		0.350707873194	0.960931861978
0.08765625		0.350483528452	0.960778149359
0.08796875		0.350259086286	0.960624296129
0.08828125		0.350034546586	0.960470302032
0.08859375		0.349809909237	0.960316166811
0.08890625		0.349585174125	0.960161890207
0.08921875		0.349360341138	0.960007471962
0.08953125		0.34913541016	0.959852911816
0.08984375		0.348910381078	0.959698209509
0.09015625		0.348685253777	0.959543364779
0.09046875		0.348460028142	0.959388377365
0.09078125		0.348234704058	0.959233247003
0.09109375		0.348009281409	0.959077973432
0.09140625		0.34778376008	0.958922556386
0.09171875		0.347558139954	0.958766995601
0.09203125		0.347332420917	0.958611290811
0.09234375		0.34710660285	0.95845544175
0.09265625		0.346880685637	0.95829944815
0.09296875		0.346654669162	0.958143309743
0.09328125		0.346428553307	0.957987026261
0.09359375		0.346202337954	0.957830597435
0.09390625		0.345976022985	0.957674022993
0.09421875		0.345749608282	0.957517302666
0.09453125		0.345523093728	0.95736043618
0.09484375		0.345296479202	0.957203423264
0.09515625		0.345069764587	0.957046263644
0.09546875		0.344842949762	0.956888957045
0.09578125		0.344616034609	0.956731503192
0.09609375		0.344389019007	0.956573901811
0.09640625		0.344161902837	0.956416152623
0.09671875		0.343934685977	0.956258255352
0.09703125		0.343707368308	0.956100209719
0.09734375		0.343479949708	0.955942015446
0.09765625		0.343252430056	0.955783672251
0.09796875		0.34302480923	0.955625179855
0.09828125		0.342797087109	0.955466537976
0.09859375		0.342569263571	0.955307746331
0.09890625		0.342341338492	0.955148804637
0.09921875		0.342113311751	0.954989712611
0.09953125		0.341885183224	0.954830469966
0.09984375		0.341656952788	0.954671076418
0.10015625		0.341428620319	0.954511531679
0.10046875		0.341200185694	0.954351835463
0.10078125		0.340971648788	0.954191987481
0.10109375		0.340743009477	0.954031987443
0.10140625		0.340514267636	0.95387183506
0.10171875		0.340285423139	0.953711530041
0.10203125		0.340056475862	0.953551072094
0.10234375		0.339827425679	0.953390460926
0.10265625		0.339598272464	0.953229696244
0.10296875		0.33936901609	0.953068777753
0.10328125		0.33913965643	0.952907705159
0.10359375		0.338910193359	0.952746478164
0.10390625		0.338680626748	0.952585096472
0.10421875		0.33845095647	0.952423559785
0.10453125		0.338221182398	0.952261867805
0.10484375		0.337991304402	0.95210002023
0.10515625		0.337761322355	0.951938016761
0.10546875		0.337531236128	0.951775857096
0.10578125		0.337301045591	0.951613540933
0.10609375		0.337070750615	0.951451067968
0.10640625		0.336840351071	0.951288437897
0.10671875		0.336609846829	0.951125650414
0.10703125		0.336379237757	0.950962705214
0.10734375		0.336148523725	0.950799601989
0.10765625		0.335917704603	0.950636340432
0.10796875		0.335686780259	0.950472920233
0.10828125		0.33545575056	0.950309341082
0.10859375		0.335224615376	0.950145602669
0.10890625		0.334993374574	0.949981704682
0.10921875		0.334762028021	0.949817646807
0.10953125		0.334530575584	0.949653428732
0.10984375		0.334299017131	0.949489050142
0.11015625		0.334067352526	0.949324510721
0.11046875		0.333835581637	0.949159810152
0.11078125		0.333603704328	0.948994948118
0.11109375		0.333371720466	0.9488299243
0.11140625		0.333139629915	0.948664738378
0.11171875		0.33290743254	0.948499390033
0.11203125		0.332675128205	0.948333878942
0.11234375		0.332442716775	0.948168204784
0.11265625		0.332210198113	0.948002367234
0.11296875		0.331977572082	0.947836365968
0.11328125		0.331744838545	0.94767020066
0.11359375		0.331511997365	0.947503870985
0.11390625		0.331279048404	0.947337376613
0.11421875		0.331045991524	0.947170717218
0.11453125		0.330812826586	0.947003892469
0.11484375		0.330579553453	0.946836902035
0.11515625		0.330346171984	0.946669745586
0.11546875		0.330112682041	0.946502422787
0.11578125		0.329879083483	0.946334933306
0.11609375		0.32964537617	0.946167276808
0.11640625		0.329411559962	0.945999452956
0.11671875		0.329177634718	0.945831461415
0.11703125		0.328943600297	0.945663301845
0.11734375		0.328709456556	0.945494973909
0.11765625		0.328475203354	0.945326477265
0.11796875		0.328240840549	0.945157811574
0.11828125		0.328006367998	0.944988976491
0.11859375		0.327771785558	0.944819971675
0.11890625		0.327537093085	0.944650796781
0.11921875		0.327302290436	0.944481451463
0.11953125		0.327067377466	0.944311935374
0.11984375		0.326832354031	0.944142248168
0.12015625		0.326597219986	0.943972389494
0.12046875		0.326361975186	0.943802359005
0.12078125		0.326126619484	0.943632156347
0.12109375		0.325891152736	0.943461781169
0.12140625		0.325655574794	0.943291233119
0.12171875		0.325419885512	0.94312051184
0.12203125		0.325184084742	0.942949616979
0.12234375		0.324948172337	0.942778548178
0.12265625		0.32471214815	0.942607305079
0.12296875		0.324476012031	0.942435887324
0.12328125		0.324239763832	0.942264294552
0.12359375		0.324003403403	0.942092526402
0.12390625		0.323766930596	0.941920582511
0.12421875		0.323530345261	0.941748462517
0.12453125		0.323293647246	0.941576166053
0.12484375		0.323056836402	0.941403692755
0.12515625		0.322819912578	0.941231042255
0.12546875		0.322582875621	0.941058214185
0.12578125		0.32234572538	0.940885208174
0.12609375		0.322108461703	0.940712023853
0.12640625		0.321871084438	0.94053866085
0.12671875		0.32163359343	0.94036511879
0.12703125		0.321395988526	0.940191397301
0.12734375		0.321158269574	0.940017496006
0.12765625		0.320920436417	0.939843414528
0.12796875		0.320682488902	0.93966915249
0.12828125		0.320444426874	0.939494709511
0.12859375		0.320206250177	0.939320085212
0.12890625		0.319967958654	0.939145279211
0.12921875		0.31972955215	0.938970291125
0.12953125		0.319491030509	0.938795120569
0.12984375		0.319252393571	0.938619767157
0.13015625		0.319013641181	0.938444230504
0.13046875		0.31877477318	0.93826851022
0.13078125		0.318535789409	0.938092605917
0.13109375		0.31829668971	0.937916517203
0.13140625		0.318057473924	0.937740243687
0.13171875		0.31781814189	0.937563784975
0.13203125		0.317578693448	0.937387140673
0.13234375		0.317339128438	0.937210310385
0.13265625		0.317099446699	0.937033293713
0.13296875		0.316859648069	0.93685609026
0.13328125		0.316619732386	0.936678699624
0.13359375		0.316379699489	0.936501121405
0.13390625		0.316139549213	0.936323355201
0.13421875		0.315899281397	0.936145400607
0.13453125		0.315658895875	0.935967257218
0.13484375		0.315418392485	0.935788924627
0.13515625		0.315177771062	0.935610402427
0.13546875		0.314937031439	0.935431690208
0.13578125		0.314696173453	0.935252787559
0.13609375		0.314455196937	0.935073694069
0.13640625		0.314214101725	0.934894409323
0.13671875		0.313972887649	0.934714932906
0.13703125		0.313731554543	0.934535264403
0.13734375		0.313490102239	0.934355403395
0.13765625		0.313248530569	0.934175349464
0.13796875		0.313006839363	0.933995102189
0.13828125		0.312765028453	0.933814661147
0.13859375		0.312523097669	0.933634025916
0.13890625		0.312281046841	0.933453196069
0.13921875		0.312038875798	0.933272171182
0.13953125		0.31179658437	0.933090950826
0.13984375		0.311554172384	0.932909534572
0.14015625		0.31131163967	0.932727921989
0.14046875		0.311068986053	0.932546112645
0.14078125		0.310826211362	0.932364106106
0.14109375		0.310583315424	0.932181901937
0.14140625		0.310340298063	0.931999499701
0.14171875		0.310097159106	0.93181689896
0.14203125		0.309853898377	0.931634099274
0.14234375		0.309610515702	0.931451100203
0.14265625		0.309367010905	0.931267901302
0.14296875		0.309123383809	0.931084502128
0.14328125		0.308879634236	0.930900902236
0.14359375		0.308635762011	0.930717101177
0.14390625		0.308391766955	0.930533098502
0.14421875		0.308147648889	0.930348893762
0.14453125		0.307903407635	0.930164486504
0.14484375		0.307659043013	0.929979876274
0.14515625		0.307414554844	0.929795062617
0.14546875		0.307169942947	0.929610045076
0.14578125		0.306925207141	0.929424823193
0.14609375		0.306680347244	0.929239396507
0.14640625		0.306435363075	0.929053764558
0.14671875		0.306190254452	0.928867926881
0.14703125		0.30594502119	0.928681883012
0.14734375		0.305699663108	0.928495632484
0.14765625		0.30545418002	0.928309174829
0.14796875		0.305208571742	0.928122509577
0.14828125		0.304962838089	0.927935636256
0.14859375		0.304716978875	0.927748554393
0.14890625		0.304470993914	0.927561263514
0.14921875		0.30422488302	0.927373763142
0.14953125		0.303978646005	0.927186052798
0.14984375		0.303732282681	0.926998132002
0.15015625		0.303485792861	0.926810000273
0.15046875		0.303239176354	0.926621657128
0.15078125		0.302992432972	0.92643310208
0.15109375		0.302745562525	0.926244334644
0.15140625		0.302498564822	0.926055354331
0.15171875		0.302251439672	0.92586616065
0.15203125		0.302004186884	0.925676753108
0.15234375		0.301756806264	0.925487131213
0.15265625		0.301509297622	0.925297294469
0.15296875		0.301261660762	0.925107242377
0.15328125		0.301013895491	0.92491697444
0.15359375		0.300766001615	0.924726490154
0.15390625		0.300517978939	0.924535789019
0.15421875		0.300269827267	0.924344870528
0.15453125		0.300021546402	0.924153734176
0.15484375		0.299773136149	0.923962379454
0.15515625		0.299524596309	0.923770805851
0.15546875		0.299275926685	0.923579012856
0.15578125		0.299027127078	0.923386999955
0.15609375		0.298778197289	0.923194766631
0.15640625		0.298529137118	0.923002312368
0.15671875		0.298279946365	0.922809636644
0.15703125		0.29803062483	0.92261673894
0.15734375		0.29778117231	0.922423618731
0.15765625		0.297531588603	0.922230275491
0.15796875		0.297281873507	0.922036708694
0.15828125		0.297032026819	0.921842917811
0.15859375		0.296782048334	0.921648902309
0.15890625		0.296531937847	0.921454661656
0.15921875		0.296281695155	0.921260195317
0.15953125		0.296031320051	0.921065502755
0.15984375		0.295780812328	0.920870583429
0.16015625		0.295530171779	0.9206754368
0.16046875		0.295279398198	0.920480062324
0.16078125		0.295028491375	0.920284459455
0.16109375		0.294777451102	0.920088627647
0.16140625		0.294526277168	0.919892566351
0.16171875		0.294274969365	0.919696275014
0.16203125		0.294023527481	0.919499753083
0.16234375		0.293771951304	0.919303000004
0.16265625		0.293520240623	0.919106015219
0.16296875		0.293268395225	0.918908798167
0.16328125		0.293016414896	0.918711348287
0.16359375		0.292764299422	0.918513665015
0.16390625		0.292512048588	0.918315747785
0.16421875		0.29225966218	0.918117596029
0.16453125		0.29200713998	0.917919209177
0.16484375		0.291754481773	0.917720586656
0.16515625		0.291501687341	0.917521727892
0.16546875		0.291248756466	0.917322632307
0.16578125		0.290995688929	0.917123299323
0.16609375		0.29074248451	0.916923728358
0.16640625		0.29048914299	0.91672391883
0.16671875		0.290235664148	0.916523870151
0.16703125		0.289982047762	0.916323581735
0.16734375		0.289728293611	0.91612305299
0.16765625		0.28947440147	0.915922283326
0.16796875		0.289220371118	0.915721272146
0.16828125		0.288966202329	0.915520018854
0.16859375		0.288711894878	0.915318522851
0.16890625		0.28845744854	0.915116783535
0.16921875		0.288202863089	0.914914800302
0.16953125		0.287948138298	0.914712572545
0.16984375		0.287693273937	0.914510099656
0.17015625		0.287438269781	0.914307381024
0.17046875		0.287183125597	0.914104416036
0.17078125		0.286927841158	0.913901204076
0.17109375		0.286672416232	0.913697744525
0.17140625		0.286416850588	0.913494036763
0.17171875		0.286161143993	0.913290080168
0.17203125		0.285905296215	0.913085874113
0.17234375		0.285649307021	0.91288141797
0.17265625		0.285393176174	0.91267671111
0.17296875		0.285136903442	0.912471752899
0.17328125		0.284880488587	0.912266542703
0.17359375		0.284623931373	0.912061079882
0.17390625		0.284367231562	0.911855363798
0.17421875		0.284110388917	0.911649393806
0.17453125		0.283853403198	0.911443169262
0.17484375		0.283596274166	0.911236689518
0.17515625		0.28333900158	0.911029953923
0.17546875		0.2830815852	0.910822961823
0.17578125		0.282824024782	0.910615712563
0.17609375		0.282566320084	0.910408205486
0.17640625		0.282308470863	0.910200439929
0.17671875		0.282050476873	0.909992415229
0.17703125		0.281792337871	0.90978413072
0.17734375		0.281534053609	0.909575585732
0.17765625		0.281275623842	0.909366779595
0.17796875		0.281017048321	0.909157711634
0.17828125		0.280758326798	0.908948381171
0.17859375		0.280499459023	0.908738787528
0.17890625		0.280240444748	0.908528930021
0.17921875		0.27998128372	0.908318807964
0.17953125		0.279721975688	0.908108420672
0.17984375		0.2794625204	0.907897767451
0.18015625		0.279202917602	0.907686847608
0.18046875		0.278943167039	0.907475660448
0.18078125		0.278683268458	0.907264205271
0.18109375		0.278423221602	0.907052481374
0.18140625		0.278163026214	0.906840488052
0.18171875		0.277902682036	0.906628224598
0.18203125		0.277642188811	0.906415690301
0.18234375		0.277381546278	0.906202884447
0.18265625		0.277120754178	0.905989806319
0.18296875		0.276859812249	0.905776455198
0.18328125		0.27659872023	0.905562830361
0.18359375		0.276337477858	0.905348931082
0.18390625		0.276076084869	0.905134756633
0.18421875		0.275814540998	0.904920306283
0.18453125		0.27555284598	0.904705579296
0.18484375		0.275290999548	0.904490574936
0.18515625		0.275029001436	0.904275292461
0.18546875		0.274766851375	0.904059731127
0.18578125		0.274504549096	0.903843890188
0.18609375		0.274242094329	0.903627768894
0.18640625		0.273979486803	0.903411366491
0.18671875		0.273716726245	0.903194682223
0.18703125		0.273453812384	0.902977715331
0.18734375		0.273190744946	0.902760465052
0.18765625		0.272927523656	0.902542930619
0.18796875		0.272664148238	0.902325111265
0.18828125		0.272400618415	0.902107006216
0.18859375		0.272136933911	0.901888614697
0.18890625		0.271873094447	0.901669935929
0.18921875		0.271609099743	0.90145096913
0.18953125		0.271344949519	0.901231713514
0.18984375		0.271080643494	0.901012168293
0.19015625		0.270816181385	0.900792332674
0.19046875		0.270551562909	0.900572205861
0.19078125		0.270286787782	0.900351787056
0.19109375		0.270021855718	0.900131075456
0.19140625		0.269756766431	0.899910070256
0.19171875		0.269491519634	0.899688770645
0.19203125		0.269226115039	0.899467175812
0.19234375		0.268960552356	0.89924528494
0.19265625		0.268694831295	0.899023097209
0.19296875		0.268428951564	0.898800611795
0.19328125		0.268162912872	0.898577827873
0.19359375		0.267896714924	0.898354744611
0.19390625		0.267630357427	0.898131361175
0.19421875		0.267363840085	0.897907676728
0.19453125		0.267097162601	0.897683690428
0.19484375		0.266830324678	0.897459401431
0.19515625		0.266563326017	0.897234808888
0.19546875		0.266296166319	0.897009911945
0.19578125		0.266028845283	0.896784709748
0.19609375		0.265761362607	0.896559201436
0.19640625		0.265493717987	0.896333386145
0.19671875		0.265225911121	0.896107263009
0.19703125		0.264957941703	0.895880831156
0.19734375		0.264689809427	0.89565408971
0.19765625		0.264421513985	0.895427037793
0.19796875		0.264153055069	0.895199674522
0.19828125		0.26388443237	0.89497199901
0.19859375		0.263615645577	0.894744010367
0.19890625		0.263346694378	0.894515707697
0.19921875		0.263077578461	0.894287090102
0.19953125		0.262808297511	0.89405815668
0.19984375		0.262538851213	0.893828906524
0.20015625		0.262269239251	0.893599338723
0.20046875		0.261999461308	0.893369452361
0.20078125		0.261729517064	0.893139246522
0.20109375		0.261459406201	0.89290872028
0.20140625		0.261189128396	0.892677872709
0.20171875		0.260918683329	0.892446702878
0.20203125		0.260648070675	0.892215209851
0.20234375		0.26037729011	0.891983392688
0.20265625		0.260106341309	0.891751250445
0.20296875		0.259835223944	0.891518782174
0.20328125		0.259563937688	0.891285986921
0.20359375		0.25929248221	0.891052863731
0.20390625		0.259020857182	0.890819411641
0.20421875		0.258749062269	0.890585629687
0.20453125		0.258477097141	0.890351516896
0.20484375		0.258204961461	0.890117072296
0.20515625		0.257932654896	0.889882294907
0.20546875		0.257660177107	0.889647183744
0.20578125		0.257387527757	0.889411737821
0.20609375		0.257114706508	0.889175956145
0.20640625		0.256841713017	0.888939837717
0.20671875		0.256568546943	0.888703381537
0.20703125		0.256295207943	0.888466586598
0.20734375		0.256021695673	0.888229451887
0.20765625		0.255748009786	0.887991976391
0.20796875		0.255474149936	0.887754159087
0.20828125		0.255200115774	0.887515998951
0.20859375		0.254925906951	0.887277494953
0.20890625		0.254651523115	0.887038646056
0.20921875		0.254376963914	0.886799451222
0.20953125		0.254102228994	0.886559909406
0.20984375		0.253827318001	0.886320019557
0.21015625		0.253552230577	0.886079780622
0.21046875		0.253276966364	0.885839191541
0.21078125		0.253001525004	0.885598251249
0.21109375		0.252725906136	0.885356958677
0.21140625		0.252450109398	0.885115312749
0.21171875		0.252174134427	0.884873312386
0.21203125		0.251897980856	0.884630956504
0.21234375		0.251621648322	0.884388244011
0.21265625		0.251345136455	0.884145173812
0.21296875		0.251068444886	0.883901744808
0.21328125		0.250791573246	0.883657955892
0.21359375		0.250514521161	0.883413805953
0.21390625		0.250237288259	0.883169293874
0.21421875		0.249959874165	0.882924418533
0.21453125		0.249682278502	0.882679178804
0.21484375		0.249404500892	0.882433573554
0.21515625		0.249126540956	0.882187601643
0.21546875		0.248848398313	0.881941261929
0.21578125		0.248570072581	0.881694553263
0.21609375		0.248291563375	0.881447474488
0.21640625		0.248012870311	0.881200024446
0.21671875		0.247733993002	0.880952201969
0.21703125		0.247454931058	0.880704005885
0.21734375		0.24717568409	0.880455435018
0.21765625		0.246896251706	0.880206488183
0.21796875		0.246616633513	0.879957164192
0.21828125		0.246336829116	0.879707461849
0.21859375		0.246056838119	0.879457379953
0.21890625		0.245776660124	0.879206917297
0.21921875		0.245496294731	0.878956072669
0.21953125		0.245215741539	0.87870484485
0.21984375		0.244935000146	0.878453232614
0.22015625		0.244654070147	0.87820123473
0.22046875		0.244372951135	0.877948849962
0.22078125		0.244091642703	0.877696077065
0.22109375		0.243810144442	0.877442914791
0.22140625		0.24352845594	0.877189361883
0.22171875		0.243246576785	0.876935417079
0.22203125		0.242964506563	0.876681079111
0.22234375		0.242682244856	0.876426346703
0.22265625		0.242399791248	0.876171218575
0.22296875		0.242117145318	0.875915693438
0.22328125		0.241834306646	0.875659769998
0.22359375		0.241551274807	0.875403446954
0.22390625		0.241268049379	0.875146722999
0.22421875		0.240984629932	0.874889596818
0.22453125		0.240701016041	0.87463206709
0.22484375		0.240417207273	0.874374132488
0.22515625		0.240133203198	0.874115791677
0.22546875		0.239849003381	0.873857043316
0.22578125		0.239564607386	0.873597886057
0.22609375		0.239280014778	0.873338318544
0.22640625		0.238995225115	0.873078339415
0.22671875		0.238710237958	0.872817947302
0.22703125		0.238425052862	0.872557140827
0.22734375		0.238139669384	0.872295918607
0.22765625		0.237854087076	0.872034279252
0.22796875		0.237568305489	0.871772221364
0.22828125		0.237282324174	0.871509743537
0.22859375		0.236996142678	0.871246844359
0.22890625		0.236709760546	0.870983522411
0.22921875		0.236423177322	0.870719776264
0.22953125		0.236136392548	0.870455604485
0.22984375		0.235849405763	0.87019100563
0.23015625		0.235562216505	0.869925978249
0.23046875		0.23527482431	0.869660520886
0.23078125		0.234987228712	0.869394632073
0.23109375		0.234699429242	0.869128310339
0.23140625		0.234411425429	0.868861554203
0.23171875		0.234123216803	0.868594362174
0.23203125		0.233834802887	0.868326732757
0.23234375		0.233546183207	0.868058664447
0.23265625		0.233257357282	0.867790155731
0.23296875		0.232968324633	0.867521205087
0.23328125		0.232679084777	0.867251810987
0.23359375		0.232389637228	0.866981971893
0.23390625		0.2320999815	0.866711686259
0.23421875		0.231810117104	0.866440952531
0.23453125		0.231520043548	0.866169769148
0.23484375		0.231229760339	0.865898134537
0.23515625		0.23093926698	0.865626047119
0.23546875		0.230648562975	0.865353505306
0.23578125		0.230357647822	0.865080507502
0.23609375		0.230066521021	0.8648070521
0.23640625		0.229775182065	0.864533137487
0.23671875		0.229483630448	0.86425876204
0.23703125		0.229191865661	0.863983924125
0.23734375		0.228899887193	0.863708622102
0.23765625		0.228607694529	0.863432854321
0.23796875		0.228315287154	0.863156619122
0.23828125		0.228022664549	0.862879914838
0.23859375		0.227729826193	0.862602739789
0.23890625		0.227436771564	0.862325092289
0.23921875		0.227143500136	0.862046970642
0.23953125		0.22685001138	0.861768373141
0.23984375		0.226556304767	0.861489298071
0.24015625		0.226262379764	0.861209743707
0.24046875		0.225968235836	0.860929708313
0.24078125		0.225673872444	0.860649190146
0.24109375		0.225379289049	0.860368187449
0.24140625		0.225084485109	0.86008669846
0.24171875		0.224789460077	0.859804721404
0.24203125		0.224494213407	0.859522254495
0.24234375		0.224198744548	0.85923929594
0.24265625		0.223903052947	0.858955843933
0.24296875		0.22360713805	0.85867189666
0.24328125		0.223310999297	0.858387452294
0.24359375		0.223014636129	0.858102508999
0.24390625		0.222718047982	0.85781706493
0.24421875		0.22242123429	0.857531118228
0.24453125		0.222124194486	0.857244667026
0.24484375		0.221826927997	0.856957709444
0.24515625		0.22152943425	0.856670243593
0.24546875		0.221231712668	0.856382267573
0.24578125		0.220933762672	0.856093779472
0.24609375		0.22063558368	0.855804777366
0.24640625		0.220337175106	0.855515259323
0.24671875		0.220038536364	0.855225223395
0.24703125		0.219739666862	0.854934667627
0.24734375		0.219440566007	0.85464359005
0.24765625		0.219141233203	0.854351988684
0.24796875		0.218841667852	0.854059861538
0.24828125		0.21854186935	0.853767206607
0.24859375		0.218241837093	0.853474021878
0.24890625		0.217941570474	0.853180305322
0.24921875		0.21764106888	0.8528860549
0.24953125		0.2173403317	0.85259126856
0.24984375		0.217039358315	0.85229594424
0.25015625		0.216738148107	0.852000079862
0.25046875		0.216436700452	0.851703673338
0.25078125		0.216135014724	0.851406722567
0.25109375		0.215833090295	0.851109225435
0.25140625		0.215530926532	0.850811179816
0.25171875		0.2152285228	0.85051258357
0.25203125		0.214925878462	0.850213434544
0.25234375		0.214622992874	0.849913730572
0.25265625		0.214319865393	0.849613469477
0.25296875		0.214016495371	0.849312649066
0.25328125		0.213712882156	0.849011267133
0.25359375		0.213409025095	0.84870932146
0.25390625		0.213104923529	0.848406809813
0.25421875		0.212800576797	0.848103729947
0.25453125		0.212495984235	0.847800079601
0.25484375		0.212191145175	0.8474958565
0.25515625		0.211886058947	0.847191058357
0.25546875		0.211580724875	0.846885682868
0.25578125		0.211275142282	0.846579727717
0.25609375		0.210969310486	0.846273190572
0.25640625		0.210663228802	0.845966069087
0.25671875		0.210356896543	0.845658360901
0.25703125		0.210050313015	0.84535006364
0.25734375		0.209743477524	0.845041174911
0.25765625		0.20943638937	0.844731692311
0.25796875		0.209129047851	0.844421613417
0.25828125		0.208821452261	0.844110935793
0.25859375		0.208513601889	0.843799656989
0.25890625		0.208205496021	0.843487774536
0.25921875		0.207897133941	0.843175285951
0.25953125		0.207588514927	0.842862188736
0.25984375		0.207279638253	0.842548480376
0.26015625		0.206970503192	0.842234158338
0.26046875		0.206661109011	0.841919220077
0.26078125		0.206351454973	0.841603663028
0.26109375		0.206041540338	0.84128748461
0.26140625		0.205731364361	0.840970682227
0.26171875		0.205420926295	0.840653253263
0.26203125		0.205110225387	0.840335195089
0.26234375		0.20479926088	0.840016505055
0.26265625		0.204488032015	0.839697180495
0.26296875		0.204176538027	0.839377218728
0.26328125		0.203864778148	0.839056617052
0.26359375		0.203552751605	0.838735372747
0.26390625		0.203240457621	0.838413483078
0.26421875		0.202927895415	0.83809094529
0.26453125		0.202615064202	0.83776775661
0.26484375		0.202301963192	0.837443914246
0.26515625		0.201988591592	0.837119415388
0.26546875		0.201674948604	0.836794257208
0.26578125		0.201361033424	0.836468436857
0.26609375		0.201046845247	0.836141951468
0.26640625		0.20073238326	0.835814798156
0.26671875		0.200417646647	0.835486974014
0.26703125		0.200102634589	0.835158476116
0.26734375		0.199787346261	0.834829301519
0.26765625		0.199471780832	0.834499447255
0.26796875		0.199155937469	0.83416891034
0.26828125		0.198839815334	0.833837687768
0.26859375		0.198523413581	0.833505776513
0.26890625		0.198206731364	0.833173173526
0.26921875		0.197889767829	0.83283987574
0.26953125		0.197572522119	0.832505880065
0.26984375		0.197254993371	0.832171183391
0.27015625		0.196937180716	0.831835782584
0.27046875		0.196619083284	0.831499674492
0.27078125		0.196300700196	0.831162855937
0.27109375		0.19598203057	0.830825323722
0.27140625		0.195663073518	0.830487074626
0.27171875		0.195343828149	0.830148105405
0.27203125		0.195024293563	0.829808412794
0.27234375		0.194704468858	0.829467993503
0.27265625		0.194384353127	0.82912684422
0.27296875		0.194063945455	0.828784961608
0.27328125		0.193743244924	0.828442342309
0.27359375		0.19342225061	0.828098982939
0.27390625		0.193100961584	0.827754880089
0.27421875		0.19277937691	0.827410030329
0.27453125		0.192457495648	0.827064430201
0.27484375		0.192135316853	0.826718076223
0.27515625		0.191812839572	0.826370964889
0.27546875		0.191490062849	0.826023092666
0.27578125		0.191166985721	0.825674455997
0.27609375		0.190843607219	0.825325051299
0.27640625		0.19051992637	0.824974874961
0.27671875		0.190195942192	0.824623923347
0.27703125		0.1898716537	0.824272192794
0.27734375		0.189547059902	0.823919679614
0.27765625		0.1892221598	0.823566380088
0.27796875		0.18889695239	0.823212290473
0.27828125		0.188571436663	0.822857406997
0.27859375		0.188245611601	0.822501725859
0.27890625		0.187919476184	0.822145243231
0.27921875		0.187593029381	0.821787955256
0.27953125		0.187266270159	0.821429858048
0.27984375		0.186939197475	0.821070947693
0.28015625		0.186611810284	0.820711220246
0.28046875		0.186284107529	0.820350671733
0.28078125		0.185956088152	0.819989298149
0.28109375		0.185627751084	0.819627095461
0.28140625		0.185299095251	0.819264059602
0.28171875		0.184970119575	0.818900186477
0.28203125		0.184640822966	0.818535471957
0.28234375		0.184311204331	0.818169911885
0.28265625		0.183981262569	0.817803502067
0.28296875		0.183650996572	0.817436238282
0.28328125		0.183320405226	0.817068116273
0.28359375		0.182989487407	0.81669913175
0.28390625		0.182658241988	0.816329280392
0.28421875		0.182326667831	0.815958557842
0.28453125		0.181994763794	0.815586959709
0.28484375		0.181662528725	0.81521448157
0.28515625		0.181329961466	0.814841118965
0.28546875		0.180997060852	0.814466867399
0.28578125		0.180663825708	0.814091722343
0.28609375		0.180330254855	0.81371567923
0.28640625		0.179996347103	0.813338733459
0.28671875		0.179662101256	0.81296088039
0.28703125		0.17932751611	0.812582115347
0.28734375		0.178992590454	0.812202433617
0.28765625		0.178657323066	0.811821830449
0.28796875		0.17832171272	0.811440301054
0.28828125		0.177985758178	0.811057840602
0.28859375		0.177649458197	0.810674444226
0.28890625		0.177312811523	0.81029010702
0.28921875		0.176975816896	0.809904824036
0.28953125		0.176638473047	0.809518590288
0.28984375		0.176300778697	0.809131400745
0.29015625		0.175962732561	0.80874325034
0.29046875		0.175624333341	0.80835413396
0.29078125		0.175285579736	0.807964046451
0.29109375		0.174946470432	0.807572982618
0.29140625		0.174607004106	0.807180937219
0.29171875		0.174267179429	0.806787904972
0.29203125		0.17392699506	0.80639388055
0.29234375		0.173586449651	0.805998858578
0.29265625		0.173245541842	0.80560283364
0.29296875		0.172904270267	0.805205800273
0.29328125		0.172562633548	0.804807752965
0.29359375		0.172220630297	0.804408686162
0.29390625		0.171878259119	0.804008594259
0.29421875		0.171535518607	0.803607471604
0.29453125		0.171192407346	0.803205312498
0.29484375		0.170848923908	0.80280211119
0.29515625		0.170505066858	0.802397861882
0.29546875		0.17016083475	0.801992558725
0.29578125		0.169816226127	0.801586195819
0.29609375		0.169471239521	0.801178767213
0.29640625		0.169125873456	0.800770266904
0.29671875		0.168780126444	0.800360688837
0.29703125		0.168433996985	0.799950026902
0.29734375		0.16808748357	0.799538274936
0.29765625		0.167740584679	0.799125426723
0.29796875		0.167393298781	0.798711475991
0.29828125		0.167045624331	0.79829641641
0.29859375		0.166697559778	0.797880241597
0.29890625		0.166349103555	0.79746294511
0.29921875		0.166000254085	0.797044520449
0.29953125		0.165651009781	0.796624961056
0.29984375		0.165301369041	0.796204260313
0.30015625		0.164951330255	0.795782411544
0.30046875		0.164600891797	0.795359408009
0.30078125		0.164250052032	0.79493524291
0.30109375		0.163898809311	0.794509909383
0.30140625		0.163547161974	0.794083400505
0.30171875		0.163195108347	0.793655709287
0.30203125		0.162842646744	0.793226828674
0.30234375		0.162489775466	0.792796751549
0.30265625		0.162136492802	0.792365470726
0.30296875		0.161782797026	0.791932978953
0.30328125		0.161428686402	0.79149926891
0.30359375		0.161074159177	0.791064333208
0.30390625		0.160719213586	0.790628164388
0.30421875		0.160363847851	0.790190754922
0.30453125		0.160008060179	0.789752097208
0.30484375		0.159651848764	0.789312183574
0.30515625		0.159295211786	0.788871006274
0.30546875		0.15893814741	0.788428557486
0.30578125		0.158580653786	0.787984829314
0.30609375		0.158222729051	0.787539813788
0.30640625		0.157864371326	0.787093502856
0.30671875		0.157505578717	0.786645888393
0.30703125		0.157146349316	0.78619696219
0.30734375		0.156786681199	0.78574671596
0.30765625		0.156426572426	0.785295141335
0.30796875		0.156066021042	0.784842229864
0.30828125		0.155705025077	0.784387973011
0.30859375		0.155343582542	0.783932362158
0.30890625		0.154981691436	0.783475388599
0.30921875		0.154619349739	0.783017043541
0.30953125		0.154256555414	0.782557318104
0.30984375		0.153893306409	0.782096203319
0.31015625		0.153529600654	0.781633690124
0.31046875		0.153165436061	0.781169769367
0.31078125		0.152800810527	0.780704431802
0.31109375		0.152435721929	0.78023766809
0.31140625		0.152070168127	0.779769468794
0.31171875		0.151704146965	0.779299824381
0.31203125		0.151337656264	0.778828725221
0.31234375		0.150970693832	0.778356161583
0.31265625		0.150603257455	0.777882123633
0.31296875		0.150235344901	0.777406601437
0.31328125		0.149866953918	0.776929584956
0.31359375		0.149498082235	0.776451064045
0.31390625		0.149128727564	0.775971028453
0.31421875		0.148758887593	0.775489467819
0.31453125		0.148388559992	0.775006371673
0.31484375		0.148017742411	0.774521729432
0.31515625		0.147646432479	0.774035530401
0.31546875		0.147274627803	0.773547763769
0.31578125		0.14690232597	0.773058418609
0.31609375		0.146529524546	0.772567483873
0.31640625		0.146156221074	0.772074948398
0.31671875		0.145782413076	0.771580800893
0.31703125		0.145408098052	0.771085029948
0.31734375		0.145033273478	0.770587624025
0.31765625		0.144657936809	0.770088571459
0.31796875		0.144282085475	0.769587860456
0.31828125		0.143905716885	0.769085479089
0.31859375		0.143528828421	0.7685814153
0.31890625		0.143151417445	0.768075656895
0.31921875		0.142773481291	0.767568191541
0.31953125		0.142395017271	0.767059006766
0.31984375		0.142016022669	0.766548089959
0.32015625		0.141636494748	0.766035428361
0.32046875		0.14125643074	0.765521009069
0.32078125		0.140875827855	0.765004819033
0.32109375		0.140494683276	0.764486845049
0.32140625		0.140112994158	0.763967073763
0.32171875		0.13973075763	0.763445491664
0.32203125		0.139347970792	0.762922085083
0.32234375		0.138964630718	0.76239684019
0.32265625		0.138580734453	0.761869742994
0.32296875		0.138196279013	0.761340779337
0.32328125		0.137811261385	0.760809934893
0.32359375		0.137425678528	0.760277195165
0.32390625		0.137039527369	0.759742545482
0.32421875		0.136652804807	0.759205970997
0.32453125		0.136265507707	0.758667456682
0.32484375		0.135877632907	0.758126987328
0.32515625		0.13548917721	0.757584547541
0.32546875		0.135100137389	0.757040121737
0.32578125		0.134710510184	0.756493694141
0.32609375		0.134320292301	0.755945248784
0.32640625		0.133929480414	0.755394769496
0.32671875		0.133538071163	0.75484223991
0.32703125		0.133146061152	0.75428764345
0.32734375		0.132753446952	0.753730963334
0.32765625		0.132360225098	0.753172182567
0.32796875		0.131966392087	0.752611283939
0.32828125		0.131571944383	0.75204825002
0.32859375		0.13117687841	0.751483063158
0.32890625		0.130781190556	0.750915705473
0.32921875		0.130384877171	0.750346158854
0.32953125		0.129987934564	0.749774404957
0.32984375		0.129590359007	0.749200425195
0.33015625		0.129192146732	0.748624200742
0.33046875		0.128793293928	0.748045712521
0.33078125		0.128393796746	0.747464941205
0.33109375		0.127993651293	0.746881867209
0.33140625		0.127592853634	0.746296470687
0.33171875		0.12719139979	0.745708731528
0.33203125		0.126789285741	0.745118629347
0.33234375		0.126386507419	0.744526143488
0.33265625		0.125983060714	0.74393125301
0.33296875		0.125578941466	0.743333936687
0.33328125		0.125174145471	0.742734173003
0.33359375		0.124768668479	0.742131940142
0.33390625		0.124362506187	0.74152721599
0.33421875		0.123955654249	0.740919978121
0.33453125		0.123548108263	0.740310203797
0.33484375		0.123139863781	0.739697869958
0.33515625		0.122730916301	0.739082953221
0.33546875		0.12232126127	0.738465429868
0.33578125		0.121910894081	0.737845275844
0.33609375		0.121499810074	0.737222466747
0.33640625		0.121088004531	0.736596977824
0.33671875		0.120675472682	0.735968783962
0.33703125		0.120262209697	0.735337859684
0.33734375		0.11984821069	0.734704179138
0.33765625		0.119433470715	0.73406771609
0.33796875		0.119017984766	0.73342844392
0.33828125		0.118601747777	0.732786335611
0.33859375		0.11818475462	0.732141363741
0.33890625		0.117767000102	0.731493500477
0.33921875		0.117348478967	0.730842717562
0.33953125		0.116929185895	0.730188986313
0.33984375		0.116509115498	0.729532277607
0.34015625		0.116088262319	0.728872561872
0.34046875		0.115666620834	0.728209809082
0.34078125		0.115244185448	0.727543988742
0.34109375		0.114820950495	0.726875069881
0.34140625		0.114396910235	0.726203021043
0.34171875		0.113972058855	0.725527810272
0.34203125		0.113546390467	0.724849405108
0.34234375		0.113119899104	0.72416777257
0.34265625		0.112692578721	0.723482879147
0.34296875		0.112264423195	0.722794690788
0.34328125		0.111835426319	0.722103172888
0.34359375		0.111405581806	0.721408290276
0.34390625		0.110974883281	0.720710007203
0.34421875		0.110543324286	0.720008287329
0.34453125		0.110110898272	0.71930309371
0.34484375		0.109677598604	0.718594388782
0.34515625		0.109243418552	0.717882134352
0.34546875		0.108808351295	0.717166291578
0.34578125		0.108372389916	0.716446820956
0.34609375		0.107935527402	0.715723682307
0.34640625		0.107497756641	0.714996834758
0.34671875		0.107059070419	0.714266236729
0.34703125		0.10661946142	0.71353184591
0.34734375		0.106178922223	0.712793619254
0.34765625		0.105737445299	0.712051512948
0.34796875		0.105295023009	0.711305482404
0.34828125		0.104851647604	0.710555482233
0.34859375		0.10440731122	0.70980146623
0.34890625		0.103962005877	0.709043387355
0.34921875		0.103515723474	0.708281197706
0.34953125		0.103068455791	0.707514848504
0.34984375		0.102620194483	0.706744290069
0.35015625		0.102170931076	0.705969471797
0.35046875		0.10172065697	0.705190342136
0.35078125		0.101269363429	0.704406848562
0.35109375		0.100817041584	0.703618937556
0.35140625		0.100363682426	0.702826554577
0.35171875		0.0999092768058	0.702029644034
0.35203125		0.0994538154275	0.701228149261
0.35234375		0.0989972888484	0.700422012487
0.35265625		0.098539687474	0.699611174807
0.35296875		0.0980810015547	0.698795576152
0.35328125		0.0976212211825	0.697975155258
0.35359375		0.0971603362867	0.697149849632
0.35390625		0.0966983366308	0.69631959552
0.35421875		0.096235211808	0.695484327873
0.35453125		0.0957709512373	0.694643980309
0.35484375		0.0953055441595	0.693798485076
0.35515625		0.0948389796325	0.692947773016
0.35546875		0.0943712465272	0.692091773523
0.35578125		0.0939023335227	0.6912304145
0.35609375		0.0934322291014	0.690363622323
0.35640625		0.0929609215444	0.689491321788
0.35671875		0.0924883989263	0.688613436071
0.35703125		0.09201464911	0.687729886677
0.35734375		0.0915396597409	0.686840593394
0.35765625		0.0910634182422	0.685945474239
0.35796875		0.090585911808	0.685044445405
0.35828125		0.0901071273981	0.684137421205
0.35859375		0.0896270517317	0.683224314019
0.35890625		0.0891456712808	0.682305034228
0.35921875		0.0886629722635	0.681379490156
0.35953125		0.0881789406376	0.680447588005
0.35984375		0.0876935620929	0.679509231788
0.36015625		0.0872068220445	0.678564323259
0.36046875		0.0867187056246	0.677612761838
0.36078125		0.0862291976751	0.676654444541
0.36109375		0.0857382827388	0.675689265898
0.36140625		0.0852459450518	0.67471711787
0.36171875		0.0847521685337	0.673737889766
0.36203125		0.0842569367795	0.672751468156
0.36234375		0.0837602330491	0.671757736773
0.36265625		0.0832620402585	0.670756576419
0.36296875		0.0827623409686	0.669747864867
0.36328125		0.0822611173754	0.668731476752
0.36359375		0.0817583512985	0.667707283462
0.36390625		0.0812540241698	0.666675153025
0.36421875		0.0807481170215	0.665634949987
0.36453125		0.0802406104739	0.664586535288
0.36484375		0.0797314847224	0.663529766129
0.36515625		0.0792207195239	0.662464495839
0.36546875		0.0787082941829	0.661390573727
0.36578125		0.0781941875373	0.660307844934
0.36609375		0.0776783779426	0.659216150274
0.36640625		0.0771608432564	0.658115326073
0.36671875		0.0766415608221	0.65700520399
0.36703125		0.0761205074511	0.65588561084
0.36734375		0.0755976594053	0.654756368403
0.36765625		0.0750729923781	0.65361729322
0.36796875		0.0745464814748	0.652468196388
0.36828125		0.074018101192	0.651308883339
0.36859375		0.0734878253964	0.650139153601
0.36890625		0.0729556273019	0.648958800562
0.36921875		0.0724214794467	0.647767611208
0.36953125		0.071885353668	0.646565365853
0.36984375		0.0713472210768	0.645351837853
0.37015625		0.0708070520305	0.644126793305
0.37046875		0.0702648161047	0.64288999073
0.37078125		0.0697204820632	0.641641180736
0.37109375		0.0691740178274	0.640380105664
0.37140625		0.0686253904424	0.639106499213
0.37171875		0.0680745660437	0.637820086046
0.37203125		0.0675215098199	0.636520581365
0.37234375		0.0669661859752	0.635207690473
0.37265625		0.0664085576888	0.633881108297
0.37296875		0.0658485870725	0.632540518892
0.37328125		0.0652862351264	0.631185594911
0.37359375		0.0647214616914	0.629815997037
0.37390625		0.0641542253996	0.628431373391
0.37421875		0.0635844836217	0.627031358888
0.37453125		0.0630121924112	0.625615574562
0.37484375		0.0624373064462	0.624183626845
0.37515625		0.0618597789665	0.622735106792
0.37546875		0.0612795617081	0.621269589258
0.37578125		0.0606966048328	0.619786632025
0.37609375		0.0601108568548	0.618285774854
0.37640625		0.0595222645609	0.616766538482
0.37671875		0.0589307729275	0.615228423546
0.37703125		0.058336325031	0.613670909422
0.37734375		0.0577388619534	0.612093452988
0.37765625		0.0571383226805	0.610495487289
0.37796875		0.0565346439947	0.6088764201
0.37828125		0.0559277603595	0.607235632382
0.37859375		0.0553176037961	0.605572476615
0.37890625		0.0547041037521	0.603886275
0.37921875		0.0540871869603	0.602176317513
0.37953125		0.0534667772872	0.6004418598
0.37984375		0.0528427955706	0.598682120898
0.38015625		0.0522151594454	0.59689628076
0.38046875		0.0515837831551	0.595083477567
0.38078125		0.0509485773502	0.593242804797
0.38109375		0.0503094488693	0.591373308044
0.38140625		0.0496663005037	0.589473981532
0.38171875		0.0490190307421	0.58754376431
0.38203125		0.0483675334947	0.585581536089
0.38234375		0.047711697793	0.583586112667
0.38265625		0.0470514074647	0.581556240909
0.38296875		0.0463865407794	0.579490593217
0.38328125		0.045716970062	0.577387761429
0.38359375		0.0450425612718	0.575246250077
0.38390625		0.0443631735408	0.573064468922
0.38421875		0.0436786586687	0.570840724661
0.38453125		0.0429888605685	0.568573211708
0.38484375		0.0422936146556	0.566260001906
0.38515625		0.0415927471757	0.56389903303
0.38546875		0.0408860744616	0.5614880959
0.38578125		0.0401734021101	0.559024819889
0.38609375		0.0394545240688	0.556506656602
0.38640625		0.0387292216196	0.553930861409
0.38671875		0.0379972622456	0.55129447251
0.38703125		0.0372583983622	0.54859428711
0.38734375		0.0365123658941	0.545826834218
0.38765625		0.0357588826746	0.542988343464
0.38796875		0.0349976466375	0.540074709225
0.38828125		0.0342283337694	0.537081449183
0.38859375		0.0334505957819	0.534003656223
0.38890625		0.0326640574549	0.530835942369
0.38921875		0.0318683135937	0.527572373089
0.38953125		0.0310629255262	0.524206389924
0.38984375		0.0302474170549	0.52073071885
0.39015625		0.0294212697557	0.517137261068
0.39046875		0.0285839174869	0.513416962026
0.39078125		0.0277347399434	0.509559653222
0.39109375		0.0268730550428	0.505553859684
0.39140625		0.0259981098719	0.501386563759
0.39171875		0.0251090698486	0.497042912711
0.39203125		0.0242050056463	0.492505853225
0.39234375		0.0232848772876	0.487755669689
0.39265625		0.0223475146205	0.482769394045
0.39296875		0.0213915931147	0.477520041704
0.39328125		0.0204156035258	0.471975607952
0.39359375		0.0194178134156	0.466097728462
0.39390625		0.0183962176794	0.459839858904
0.39421875		0.0173484739829	0.453144749839
0.39453125		0.01627181707	0.445940861015
0.39484375		0.0151629428367	0.438137129797
0.39515625		0.0140178480356	0.429615092479
0.39546875		0.0128316029466	0.420216564128
0.39578125		0.011598019178	0.409723476369
0.39609375		0.0103091459745	0.397822968736
0.39640625		0.00895446734227	0.38404241842
0.39671875		0.00751950803743	0.367616032261
0.39703125		0.0059828227854	0.347166186463
0.39734375		0.00437055287618	0.320919089376
0.39765625		0.00282503735993	0.287703279334
0.39796875		0.00151903356616	0.246286999107
0.39828125		0.000598066131346	0.194945215316
0.39859375		0.000115795997605	0.128946418618
0.39890625		6.78210709835e-08	0.0198985756337
0.39921875		4.1177836832e-09	0.0100026723302
0.39953125		4.11315287215e-09	0.0100000002015
0.39984375		4.11315252376e-09	0.01
0.40015625		4.11315252376e-09	0.01
0.40046875		4.11315252376e-09	0.01
0.40078125		4.11315252376e-09	0.01
0.40109375		4.11315252376e-09	0.01
0.40140625		4.11315252376e-09	0.01
0.40171875		4.11315252376e-09	0.01
0.40203125		4.11315252376e-09	0.01
0.40234375		4.11315252376e-09	0.01
0.40265625		4.11315252376e-09	0.01
0.40296875		4.11315252376e-09	0.01
0.40328125		4.11315252376e-09	0.01
0.40359375		4.11315252376e-09	0.01
0.40390625		4.11315252376e-09	0.01
0.40421875		4.11315252376e-09	0.01
0.40453125		4.11315252376e-09	0.01
0.40484375		4.11315252376e-09	0.01
0.40515625		4.11315252376e-09	0.01
0.40546875		4.11315252376e-09	0.01
0.40578125		4.11315252376e-09	0.01
0.40609375		4.11315252376e-09	0.01
0.40640625		4.11315252376e-09	0.01
0.40671875		4.11315252376e-09	0.01
0.40703125		4.11315252376e-09	0.01
0.40734375		4.11315252376e-09	0.01
0.40765625		4.11315252376e-09	0.01
0.40796875		4.11315252376e-09	0.01
0.40828125		4.11315252376e-09	0.01
0.40859375		4.11315252376e-09	0.01
0.40890625		4.11315252376e-09	0.01
0.40921875		4.11315252376e-09	0.01
0.40953125		4.11315252376e-09	0.01
0.40984375		4.11315252376e-09	0.01
0.41015625		4.11315252376e-09	0.01
0.41046875		4.11315252376e-09	0.01
0.41078125		4.11315252376e-09	0.01
0.41109375		4.11315252376e-09	0.01
0.41140625		4.11315252376e-09	0.01
0.41171875		4.11315252376e-09	0.01
0.41203125		4.11315252376e-09	0.01
0.41234375		4.11315252376e-09	0.01
0.41265625		4.11315252376e-09	0.01
0.41296875		4.11315252376e-09	0.01
0.41328125		4.11315252376e-09	0.01
0.41359375		4.11315252376e-09	0.01
0.41390625		4.11315252376e-09	0.01
0.41421875		4.11315252376e-09	0.01
0.41453125		4.11315252376e-09	0.01
0.41484375		4.11315252376e-09	0.01
0.41515625		4.11315252376e-09	0.01
0.41546875		4.11315252376e-09	0.01
0.41578125		4.11315252376e-09	0.01
0.41609375		4.11315252376e-09	0.01
0.41640625		4.11315252376e-09	0.01
0.41671875		4.11315252376e-09	0.01
0.41703125		4.11315252376e-09	0.01
0.41734375		4.11315252376e-09	0.01
0.41765625		4.11315252376e-09	0.01
0.41796875		4.11315252376e-09	0.01
0.41828125		4.11315252376e-09	0.01
0.41859375		4.11315252376e-09	0.01
0.41890625		4.11315252376e-09	0.01
0.41921875		4.11315252376e-09	0.01
0.41953125		4.11315252376e-09	0.01
0.41984375		4.11315252376e-09	0.01
0.42015625		4.11315252376e-09	0.01
0.42046875		4.11315252376e-09	0.01
0.42078125		4.11315252376e-09	0.01
0.42109375		4.11315252376e-09	0.01
0.42140625		4.11315252376e-09	0.01
0.42171875		4.11315252376e-09	0.01
0.42203125		4.11315252376e-09	0.01
0.42234375		4.11315252376e-09	0.01
0.42265625		4.11315252376e-09	0.01
0.42296875		4.11315252376e-09	0.01
0.42328125		4.11315252376e-09	0.01
0.42359375		4.11315252376e-09	0.01
0.42390625		4.11315252376e-09	0.01
0.42421875		4.11315252376e-09	0.01
0.42453125		4.11315252376e-09	0.01
0.42484375		4.11315252376e-09	0.01
0.42515625		4.11315252376e-09	0.01
0.42546875		4.11315252376e-09	0.01
0.42578125		4.11315252376e-09	0.01
0.42609375		4.11315252376e-09	0.01
0.42640625		4.11315252376e-09	0.01
0.42671875		4.11315252376e-09	0.01
0.42703125		4.11315252376e-09	0.01
0.42734375		4.11315252376e-09	0.01
0.42765625		4.11315252376e-09	0.01
0.42796875		4.11315252376e-09	0.01
0.42828125		4.11315252376e-09	0.01
0.42859375		4.11315252376e-09	0.01
0.42890625		4.11315252376e-09	0.01
0.42921875		4.11315252376e-09	0.01
0.42953125		4.11315252376e-09	0.01
0.42984375		4.11315252376e-09	0.01
0.43015625		4.11315252376e-09	0.01
0.43046875		4.11315252376e-09	0.01
0.43078125		4.11315252376e-09	0.01
0.43109375		4.11315252376e-09	0.01
0.43140625		4.11315252376e-09	0.01
0.43171875		4.11315252376e-09	0.01
0.43203125		4.11315252376e-09	0.01
0.43234375		4.11315252376e-09	0.01
0.43265625		4.11315252376e-09	0.01
0.43296875		4.11315252376e-09	0.01
0.43328125		4.11315252376e-09	0.01
0.43359375		4.11315252376e-09	0.01
0.43390625		4.11315252376e-09	0.01
0.43421875		4.11315252376e-09	0.01
0.43453125		4.11315252376e-09	0.01
0.43484375		4.11315252376e-09	0.01
0.43515625		4.11315252376e-09	0.01
0.43546875		4.11315252376e-09	0.01
0.43578125		4.11315252376e-09	0.01
0.43609375		4.11315252376e-09	0.01
0.43640625		4.11315252376e-09	0.01
0.43671875		4.11315252376e-09	0.01
0.43703125		4.11315252376e-09	0.01
0.43734375		4.11315252376e-09	0.01
0.43765625		4.11315252376e-09	0.01
0.43796875		4.11315252376e-09	0.01
0.43828125		4.11315252376e-09	0.01
0.43859375		4.11315252376e-09	0.01
0.43890625		4.11315252376e-09	0.01
0.43921875		4.11315252376e-09	0.01
0.43953125		4.11315252376e-09	0.01
0.43984375		4.11315252376e-09	0.01
0.44015625		4.11315252376e-09	0.01
0.44046875		4.11315252376e-09	0.01
0.44078125		4.11315252376e-09	0.01
0.44109375		4.11315252376e-09	0.01
0.44140625		4.11315252376e-09	0.01
0.44171875		4.11315252376e-09	0.01
0.44203125		4.11315252376e-09	0.01
0.44234375		4.11315252376e-09	0.01
0.44265625		4.11315252376e-09	0.01
0.44296875		4.11315252376e-09	0.01
0.44328125		4.11315252376e-09	0.01
0.44359375		4.11315252376e-09	0.01
0.44390625		4.11315252376e-09	0.01
0.44421875		4.11315252376e-09	0.01
0.44453125		4.11315252376e-09	0.01
0.44484375		4.11315252376e-09	0.01
0.44515625		4.11315252376e-09	0.01
0.44546875		4.11315252376e-09	0.01
0.44578125		4.11315252376e-09	0.01
0.44609375		4.11315252376e-09	0.01
0.44640625		4.11315252376e-09	0.01
0.44671875		4.11315252376e-09	0.01
0.44703125		4.11315252376e-09	0.01
0.44734375		4.11315252376e-09	0.01
0.44765625		4.11315252376e-09	0.01
0.44796875		4.11315252376e-09	0.01
0.44828125		4.11315252376e-09	0.01
0.44859375		4.11315252376e-09	0.01
0.44890625		4.11315252376e-09	0.01
0.44921875		4.11315252376e-09	0.01
0.44953125		4.11315252376e-09	0.01
0.44984375		4.11315252376e-09	0.01
0.45015625		4.11315252376e-09	0.01
0.45046875		4.11315252376e-09	0.01
0.45078125		4.11315252376e-09	0.01
0.45109375		4.11315252376e-09	0.01
0.45140625		4.11315252376e-09	0.01
0.45171875		4.11315252376e-09	0.01
0.45203125		4.11315252376e-09	0.01
0.45234375		4.11315252376e-09	0.01
0.45265625		4.11315252376e-09	0.01
0.45296875		4.11315252376e-09	0.01
0.45328125		4.11315252376e-09	0.01
0.45359375		4.11315252376e-09	0.01
0.45390625		4.11315252376e-09	0.01
0.45421875		4.11315252376e-09	0.01
0.45453125		4.11315252376e-09	0.01
0.45484375		4.11315252376e-09	0.01
0.45515625		4.11315252376e-09	0.01
0.45546875		4.11315252376e-09	0.01
0.45578125		4.11315252376e-09	0.01
0.45609375		4.11315252376e-09	0.01
0.45640625		4.11315252376e-09	0.01
0.45671875		4.11315252376e-09	0.01
0.45703125		4.11315252376e-09	0.01
0.45734375		4.11315252376e-09	0.01
0.45765625		4.11315252376e-09	0.01
0.45796875		4.11315252376e-09	0.01
0.45828125		4.11315252376e-09	0.01
0.45859375		4.11315252376e-09	0.01
0.45890625		4.11315252376e-09	0.01
0.45921875		4.11315252376e-09	0.01
0.45953125		4.11315252376e-09	0.01
0.45984375		4.11315252376e-09	0.01
0.46015625		4.11315252376e-09	0.01
0.46046875		4.11315252376e-09	0.01
0.46078125		4.11315252376e-09	0.01
0.46109375		4.11315252376e-09	0.01
0.46140625		4.11315252376e-09	0.01
0.46171875		4.11315252376e-09	0.01
0.46203125		4.11315252376e-09	0.01
0.46234375		4.11315252376e-09	0.01
0.46265625		4.11315252376e-09	0.01
0.46296875		4.11315252376e-09	0.01
0.46328125		4.11315252376e-09	0.01
0.46359375		4.11315252376e-09	0.01
0.46390625		4.11315252376e-09	0.01
0.46421875		4.11315252376e-09	0.01
0.46453125		4.11315252376e-09	0.01
0.46484375		4.11315252376e-09	0.01
0.46515625		4.11315252376e-09	0.01
0.46546875		4.11315252376e-09	0.01
0.46578125		4.11315252376e-09	0.01
0.46609375		4.11315252376e-09	0.01
0.46640625		4.11315252376e-09	0.01
0.46671875		4.11315252376e-09	0.01
0.46703125		4.11315252376e-09	0.01
0.46734375		4.11315252376e-09	0.01
0.46765625		4.11315252376e-09	0.01
0.46796875		4.11315252376e-09	0.01
0.46828125		4.11315252376e-09	0.01
0.46859375		4.11315252376e-09	0.01
0.46890625		4.11315252376e-09	0.01
0.46921875		4.11315252376e-09	0.01
0.46953125		4.11315252376e-09	0.01
0.46984375		4.11315252376e-09	0.01
0.47015625		4.11315252376e-09	0.01
0.47046875		4.11315252376e-09	0.01
0.47078125		4.11315252376e-09	0.01
0.47109375		4.11315252376e-09	0.01
0.47140625		4.11315252376e-09	0.01
0.47171875		4.11315252376e-09	0.01
0.47203125		4.11315252376e-09	0.01
0.47234375		4.11315252376e-09	0.01
0.47265625		4.11315252376e-09	0.01
0.47296875		4.11315252376e-09	0.01
0.47328125		4.11315252376e-09	0.01
0.47359375		4.11315252376e-09	0.01
0.47390625		4.11315252376e-09	0.01
0.47421875		4.11315252376e-09	0.01
0.47453125		4.11315252376e-09	0.01
0.47484375		4.11315252376e-09	0.01
0.47515625		4.11315252376e-09	0.01
0.47546875		4.11315252376e-09	0.01
0.47578125		4.11315252376e-09	0.01
0.47609375		4.11315252376e-09	0.01
0.47640625		4.11315252376e-09	0.01
0.47671875		4.11315252376e-09	0.01
0.47703125		4.11315252376e-09	0.01
0.47734375		4.11315252376e-09	0.01
0.47765625		4.11315252376e-09	0.01
0.47796875		4.11315252376e-09	0.01
0.47828125		4.11315252376e-09	0.01
0.47859375		4.11315252376e-09	0.01
0.47890625		4.11315252376e-09	0.01
0.47921875		4.11315252376e-09	0.01
0.47953125		4.11315252376e-09	0.01
0.47984375		4.11315252376e-09	0.01
0.48015625		4.11315252376e-09	0.01
0.48046875		4.11315252376e-09	0.01
0.48078125		4.11315252376e-09	0.01
0.48109375		4.11315252376e-09	0.01
0.48140625		4.11315252376e-09	0.01
0.48171875		4.11315252376e-09	0.01
0.48203125		4.11315252376e-09	0.01
0.48234375		4.11315252376e-09	0.01
0.48265625		4.11315252376e-09	0.01
0.48296875		4.11315252376e-09	0.01
0.48328125		4.11315252376e-09	0.01
0.48359375		4.11315252376e-09	0.01
0.48390625		4.11315252376e-09	0.01
0.48421875		4.11315252376e-09	0.01
0.48453125		4.11315252376e-09	0.01
0.48484375		4.11315252376e-09	0.01
0.48515625		4.11315252376e-09	0.01
0.48546875		4.11315252376e-09	0.01
0.48578125		4.11315252376e-09	0.01
0.48609375		4.11315252376e-09	0.01
0.48640625		4.11315252376e-09	0.01
0.48671875		4.11315252376e-09	0.01
0.48703125		4.11315252376e-09	0.01
0.48734375		4.11315252376e-09	0.01
0.48765625		4.11315252376e-09	0.01
0.48796875		4.11315252376e-09	0.01
0.48828125		4.11315252376e-09	0.01
0.48859375		4.11315252376e-09	0.01
0.48890625		4.11315252376e-09	0.01
0.48921875		4.11315252376e-09	0.01
0.48953125		4.11315252376e-09	0.01
0.48984375		4.11315252376e-09	0.01
0.49015625		4.11315252376e-09	0.01
0.49046875		4.11315252376e-09	0.01
0.49078125		4.11315252376e-09	0.01
0.49109375		4.11315252376e-09	0.01
0.49140625		4.11315252376e-09	0.01
0.49171875		4.11315252376e-09	0.01
0.49203125		4.11315252376e-09	0.01
0.49234375		4.11315252376e-09	0.01
0.49265625		4.11315252376e-09	0.01
0.49296875		4.11315252376e-09	0.01
0.49328125		4.11315252376e-09	0.01
0.49359375		4.11315252376e-09	0.01
0.49390625		4.11315252376e-09	0.01
0.49421875		4.11315252376e-09	0.01
0.49453125		4.11315252376e-09	0.01
0.49484375		4.11315252376e-09	0.01
0.49515625		4.11315252376e-09	0.01
0.49546875		4.11315252376e-09	0.01
0.49578125		4.11315252376e-09	0.01
0.49609375		4.11315252376e-09	0.01
0.49640625		4.11315252376e-09	0.01
0.49671875		4.11315252376e-09	0.01
0.49703125		4.11315252376e-09	0.01
0.49734375		4.11315252376e-09	0.01
0.49765625		4.11315252376e-09	0.01
0.49796875		4.11315252376e-09	0.01
0.49828125		4.11315252376e-09	0.01
0.49859375		4.11315252376e-09	0.01
0.49890625		4.11315252376e-09	0.01
0.49921875		4.11315252376e-09	0.01
0.49953125		4.11315252376e-09	0.01
0.49984375		4.11315252376e-09	0.01
