0.00015625		0.410049208251	0.99922961486
0.00046875		0.409862042452	0.999115275351
0.00078125		0.409607474186	0.998960273379
0.00109375		0.409347101254	0.998801557225
0.00140625		0.409104108767	0.998653319616
0.00171875		0.408871832246	0.998511542128
0.00203125		0.408646191156	0.99837375489
0.00234375		0.408425008346	0.998238633654
0.00265625		0.408207009886	0.998105403403
0.00296875		0.407991362077	0.997973557181
0.00328125		0.407777420848	0.997842702698
0.00359375		0.40756470204	0.997712544735
0.00390625		0.40735287976	0.997582884568
0.00421875		0.407141743277	0.997453593787
0.00453125		0.406931144524	0.997324582146
0.00484375		0.406720969082	0.997195779882
0.00515625		0.406511120728	0.997067128269
0.00546875		0.406301519357	0.996938578334
0.00578125		0.40609210607	0.99681009405
0.00609375		0.405882839701	0.996681650244
0.00640625		0.405673687901	0.996553227119
0.00671875		0.40546462219	0.996424807217
0.00703125		0.405255617085	0.996296374894
0.00734375		0.405046649749	0.996167916115
0.00765625		0.404837701312	0.996039419237
0.00796875		0.404628760246	0.995910877155
0.00828125		0.404419817274	0.995782284108
0.00859375		0.404210861537	0.99565363334
0.00890625		0.40400188254	0.995524918347
0.00921875		0.403792872609	0.995396134349
0.00953125		0.403583825037	0.99526727714
0.00984375		0.403374733691	0.995138342863
0.01015625		0.403165593233	0.995009328148
0.01046875		0.402956399247	0.994880230189
0.01078125		0.402747148118	0.99475104667
0.01109375		0.402537836825	0.994621775638
0.01140625		0.402328462764	0.994492415393
0.01171875		0.402119023656	0.994362964436
0.01203125		0.401909517512	0.994233421444
0.01234375		0.401699942579	0.994103785236
0.01265625		0.401490297287	0.993974054745
0.01296875		0.401280580244	0.993844229012
0.01328125		0.401070790238	0.993714307187
0.01359375		0.400860926264	0.993584288547
0.01390625		0.400650987468	0.993454172463
0.01421875		0.400440973061	0.993323958343
0.01453125		0.400230882298	0.993193645624
0.01484375		0.400020714509	0.993063233785
0.01515625		0.399810469111	0.992932722362
0.01546875		0.3996001456	0.992802110938
0.01578125		0.39938974353	0.992671399129
0.01609375		0.399179262498	0.99254058658
0.01640625		0.398968702138	0.992409672959
0.01671875		0.39875806212	0.992278657952
0.01703125		0.398547342139	0.992147541263
0.01734375		0.398336541919	0.992016322614
0.01765625		0.398125661212	0.991885001742
0.01796875		0.397914699794	0.9917535784
0.01828125		0.397703657453	0.991622052346
0.01859375		0.397492533991	0.991490423349
0.01890625		0.397281329221	0.991358691182
0.01921875		0.39707004297	0.99122685563
0.01953125		0.396858675077	0.99109491648
0.01984375		0.396647225391	0.990962873529
0.02015625		0.396435693771	0.990830726577
0.02046875		0.39622408008	0.990698475429
0.02078125		0.396012384187	0.990566119893
0.02109375		0.39580060597	0.990433659778
0.02140625		0.395588745307	0.990301094899
0.02171875		0.395376802086	0.990168425072
0.02203125		0.395164776197	0.990035650116
0.02234375		0.394952667531	0.989902769851
0.02265625		0.394740475985	0.989769784099
0.02296875		0.394528201457	0.989636692682
0.02328125		0.394315843847	0.989503495426
0.02359375		0.394103403059	0.989370192154
0.02390625		0.393890878996	0.989236782693
0.02421875		0.393678271564	0.989103266869
0.02453125		0.393465580671	0.988969644509
0.02484375		0.393252806224	0.988835915441
0.02515625		0.393039948134	0.988702079493
0.02546875		0.39282700631	0.988568136492
0.02578125		0.392613980665	0.988434086266
0.02609375		0.392400871109	0.988299928645
0.02640625		0.392187677554	0.988165663456
0.02671875		0.391974399915	0.988031290527
0.02703125		0.391761038104	0.987896809688
0.02734375		0.391547592035	0.987762220766
0.02765625		0.391334061622	0.98762752359
0.02796875		0.39112044678	0.987492717987
0.02828125		0.390906747421	0.987357803785
0.02859375		0.390692963462	0.987222780812
0.02890625		0.390479094817	0.987087648895
0.02921875		0.390265141401	0.986952407861
0.02953125		0.390051103128	0.986817057537
0.02984375		0.389836979914	0.98668159775
0.03015625		0.389622771674	0.986546028325
0.03046875		0.389408478322	0.986410349088
0.03078125		0.389194099773	0.986274559865
0.03109375		0.388979635943	0.986138660481
0.03140625		0.388765086747	0.986002650761
0.03171875		0.388550452098	0.98586653053
0.03203125		0.388335731912	0.98573029961
0.03234375		0.388120926103	0.985593957826
0.03265625		0.387906034586	0.985457505002
0.03296875		0.387691057276	0.98532094096
0.03328125		0.387475994086	0.985184265522
0.03359375		0.387260844931	0.985047478511
0.03390625		0.387045609724	0.984910579749
0.03421875		0.386830288381	0.984773569055
0.03453125		0.386614880814	0.984636446253
0.03484375		0.386399386937	0.98449921116
0.03515625		0.386183806664	0.984361863599
0.03546875		0.385968139909	0.984224403387
0.03578125		0.385752386584	0.984086830345
0.03609375		0.385536546602	0.983949144291
0.03640625		0.385320619876	0.983811345043
0.03671875		0.38510460632	0.983673432418
0.03703125		0.384888505845	0.983535406235
0.03734375		0.384672318365	0.983397266309
0.03765625		0.38445604379	0.983259012458
0.03796875		0.384239682035	0.983120644497
0.03828125		0.384023233009	0.982982162242
0.03859375		0.383806696626	0.982843565507
0.03890625		0.383590072797	0.982704854108
0.03921875		0.383373361433	0.982566027858
0.03953125		0.383156562445	0.98242708657
0.03984375		0.382939675744	0.982288030059
0.04015625		0.382722701242	0.982148858137
0.04046875		0.382505638849	0.982009570616
0.04078125		0.382288488476	0.981870167307
0.04109375		0.382071250032	0.981730648022
0.04140625		0.381853923428	0.981591012571
0.04171875		0.381636508575	0.981451260766
0.04203125		0.381419005381	0.981311392415
0.04234375		0.381201413757	0.981171407329
0.04265625		0.380983733612	0.981031305315
0.04296875		0.380765964854	0.980891086182
0.04328125		0.380548107394	0.980750749738
0.04359375		0.38033016114	0.980610295791
0.04390625		0.380112126001	0.980469724147
0.04421875		0.379894001884	0.980329034612
0.04453125		0.3796757887	0.980188226993
0.04484375		0.379457486355	0.980047301094
0.04515625		0.379239094758	0.979906256722
0.04546875		0.379020613815	0.979765093679
0.04578125		0.378802043436	0.97962381177
0.04609375		0.378583383527	0.979482410798
0.04640625		0.378364633995	0.979340890566
0.04671875		0.378145794748	0.979199250876
0.04703125		0.377926865692	0.97905749153
0.04734375		0.377707846733	0.97891561233
0.04765625		0.377488737779	0.978773613076
0.04796875		0.377269538735	0.978631493569
0.04828125		0.377050249506	0.978489253607
0.04859375		0.37683087	0.978346892991
0.04890625		0.376611400122	0.978204411519
0.04921875		0.376391839777	0.97806180899
0.04953125		0.376172188869	0.9779190852
0.04984375		0.375952447305	0.977776239947
0.05015625		0.375732614989	0.977633273028
0.05046875		0.375512691826	0.977490184238
0.05078125		0.375292677719	0.977346973373
0.05109375		0.375072572574	0.977203640229
0.05140625		0.374852376294	0.977060184599
0.05171875		0.374632088783	0.976916606277
0.05203125		0.374411709944	0.976772905057
0.05234375		0.374191239681	0.976629080731
0.05265625		0.373970677898	0.976485133093
0.05296875		0.373750024496	0.976341061933
0.05328125		0.373529279379	0.976196867042
0.05359375		0.373308442449	0.976052548212
0.05390625		0.373087513609	0.975908105232
0.05421875		0.372866492761	0.975763537891
0.05453125		0.372645379807	0.97561884598
0.05484375		0.372424174648	0.975474029285
0.05515625		0.372202877185	0.975329087596
0.05546875		0.371981487321	0.975184020698
0.05578125		0.371760004957	0.97503882838
0.05609375		0.371538429992	0.974893510426
0.05640625		0.371316762329	0.974748066623
0.05671875		0.371095001866	0.974602496755
0.05703125		0.370873148505	0.974456800606
0.05734375		0.370651202145	0.974310977962
0.05765625		0.370429162687	0.974165028604
0.05796875		0.370207030029	0.974018952316
0.05828125		0.369984804072	0.973872748879
0.05859375		0.369762484714	0.973726418076
0.05890625		0.369540071854	0.973579959686
0.05921875		0.369317565391	0.97343337349
0.05953125		0.369094965224	0.973286659269
0.05984375		0.36887227125	0.9731398168
0.06015625		0.368649483367	0.972992845863
0.06046875		0.368426601475	0.972845746236
0.06078125		0.368203625469	0.972698517695
0.06109375		0.367980555248	0.972551160018
0.06140625		0.367757390708	0.97240367298
0.06171875		0.367534131747	0.972256056358
0.06203125		0.367310778261	0.972108309925
0.06234375		0.367087330147	0.971960433457
0.06265625		0.366863787301	0.971812426727
0.06296875		0.366640149618	0.971664289508
0.06328125		0.366416416996	0.971516021572
0.06359375		0.366192589328	0.971367622691
0.06390625		0.365968666511	0.971219092637
0.06421875		0.36574464844	0.97107043118
0.06453125		0.365520535009	0.97092163809
0.06484375		0.365296326113	0.970772713136
0.06515625		0.365072021647	0.970623656087
0.06546875		0.364847621504	0.970474466711
0.06578125		0.364623125579	0.970325144775
0.06609375		0.364398533765	0.970175690046
0.06640625		0.364173845956	0.97002610229
0.06671875		0.363949062045	0.969876381274
0.06703125		0.363724181925	0.96972652676
0.06734375		0.363499205488	0.969576538514
0.06765625		0.363274132628	0.9694264163
0.06796875		0.363048963236	0.969276159879
0.06828125		0.362823697204	0.969125769015
0.06859375		0.362598334425	0.968975243469
0.06890625		0.362372874789	0.968824583001
0.06921875		0.362147318188	0.968673787372
0.06953125		0.361921664513	0.968522856342
0.06984375		0.361695913655	0.968371789669
0.07015625		0.361470065504	0.968220587111
0.07046875		0.361244119951	0.968069248427
0.07078125		0.361018076886	0.967917773372
0.07109375		0.360791936198	0.967766161704
0.07140625		0.360565697778	0.967614413178
0.07171875		0.360339361514	0.967462527548
0.07203125		0.360112927295	0.967310504568
0.07234375		0.359886395011	0.967158343993
0.07265625		0.359659764549	0.967006045575
0.07296875		0.359433035799	0.966853609065
0.07328125		0.359206208647	0.966701034216
0.07359375		0.358979282983	0.966548320777
0.07390625		0.358752258694	0.966395468499
0.07421875		0.358525135666	0.966242477132
0.07453125		0.358297913787	0.966089346423
0.07484375		0.358070592943	0.96593607612
0.07515625		0.357843173022	0.965782665971
0.07546875		0.357615653909	0.965629115722
0.07578125		0.35738803549	0.965475425119
0.07609375		0.357160317652	0.965321593906
0.07640625		0.356932500279	0.965167621828
0.07671875		0.356704583257	0.965013508628
0.07703125		0.35647656647	0.96485925405
0.07734375		0.356248449804	0.964704857834
0.07765625		0.356020233142	0.964550319723
0.07796875		0.35579191637	0.964395639457
0.07828125		0.35556349937	0.964240816776
0.07859375		0.355334982026	0.964085851418
0.07890625		0.355106364223	0.963930743123
0.07921875		0.354877645842	0.963775491628
0.07953125		0.354648826766	0.963620096669
0.07984375		0.354419906879	0.963464557983
0.08015625		0.354190886062	0.963308875305
0.08046875		0.353961764197	0.963153048369
0.08078125		0.353732541166	0.96299707691
0.08109375		0.35350321685	0.96284096066
0.08140625		0.353273791131	0.962684699351
0.08171875		0.35304426389	0.962528292716
0.08203125		0.352814635006	0.962371740484
0.08234375		0.352584904361	0.962215042386
0.08265625		0.352355071834	0.96205819815
0.08296875		0.352125137305	0.961901207506
0.08328125		0.351895100653	0.96174407018
0.08359375		0.351664961759	0.9615867859
0.08390625		0.351434720499	0.961429354391
0.08421875		0.351204376754	0.961271775378
0.08453125		0.350973930402	0.961114048587
0.08484375		0.35074338132	0.960956173739
0.08515625		0.350512729386	0.960798150559
0.08546875		0.350281974478	0.960639978768
0.08578125		0.350051116473	0.960481658087
0.08609375		0.349820155248	0.960323188237
0.08640625		0.349589090679	0.960164568936
0.08671875		0.349357922643	0.960005799904
0.08703125		0.349126651015	0.959846880858
0.08734375		0.348895275672	0.959687811516
0.08765625		0.348663796488	0.959528591594
0.08796875		0.348432213339	0.959369220806
0.08828125		0.3482005261	0.959209698867
0.08859375		0.347968734645	0.959050025492
0.08890625		0.347736838848	0.958890200392
0.08921875		0.347504838584	0.95873022328
0.08953125		0.347272733725	0.958570093867
0.08984375		0.347040524145	0.958409811862
0.09015625		0.346808209718	0.958249376976
0.09046875		0.346575790315	0.958088788917
0.09078125		0.34634326581	0.957928047392
0.09109375		0.346110636073	0.957767152109
0.09140625		0.345877900978	0.957606102772
0.09171875		0.345645060395	0.957444899088
0.09203125		0.345412114196	0.957283540759
0.09234375		0.345179062251	0.95712202749
0.09265625		0.344945904431	0.956960358983
0.09296875		0.344712640607	0.956798534938
0.09328125		0.344479270647	0.956636555058
0.09359375		0.344245794422	0.95647441904
0.09390625		0.3440122118	0.956312126585
0.09421875		0.343778522651	0.95614967739
0.09453125		0.343544726844	0.955987071151
0.09484375		0.343310824246	0.955824307565
0.09515625		0.343076814726	0.955661386327
0.09546875		0.342842698151	0.95549830713
0.09578125		0.342608474389	0.955335069669
0.09609375		0.342374143306	0.955171673636
0.09640625		0.342139704769	0.955008118721
0.09671875		0.341905158645	0.954844404615
0.09703125		0.341670504799	0.954680531008
0.09734375		0.341435743097	0.954516497589
0.09765625		0.341200873405	0.954352304044
0.09796875		0.340965895588	0.954187950061
0.09828125		0.340730809509	0.954023435324
0.09859375		0.340495615035	0.95385875952
0.09890625		0.340260312027	0.953693922331
0.09921875		0.340024900351	0.95352892344
0.09953125		0.33978937987	0.95336376253
0.09984375		0.339553750446	0.95319843928
0.10015625		0.339318011942	0.953032953371
0.10046875		0.33908216422	0.952867304482
0.10078125		0.338846207143	0.952701492289
0.10109375		0.338610140572	0.952535516472
0.10140625		0.338373964368	0.952369376704
0.10171875		0.338137678393	0.952203072661
0.10203125		0.337901282506	0.952036604017
0.10234375		0.337664776568	0.951869970444
0.10265625		0.337428160439	0.951703171615
0.10296875		0.337191433978	0.951536207201
0.10328125		0.336954597045	0.95136907687
0.10359375		0.336717649498	0.951201780292
0.10390625		0.336480591195	0.951034317134
0.10421875		0.336243421996	0.950866687063
0.10453125		0.336006141757	0.950698889745
0.10484375		0.335768750336	0.950530924845
0.10515625		0.33553124759	0.950362792025
0.10546875		0.335293633375	0.950194490948
0.10578125		0.335055907548	0.950026021276
0.10609375		0.334818069965	0.949857382669
0.10640625		0.334580120482	0.949688574787
0.10671875		0.334342058952	0.949519597287
0.10703125		0.334103885232	0.949350449826
0.10734375		0.333865599176	0.949181132062
0.10765625		0.333627200637	0.949011643647
0.10796875		0.33338868947	0.948841984238
0.10828125		0.333150065528	0.948672153485
0.10859375		0.332911328663	0.948502151042
0.10890625		0.332672478728	0.948331976557
0.10921875		0.332433515576	0.948161629682
0.10953125		0.332194439058	0.947991110064
0.10984375		0.331955249026	0.947820417351
0.11015625		0.33171594533	0.947649551187
0.11046875		0.331476527821	0.94747851122
0.11078125		0.33123699635	0.947307297091
0.11109375		0.330997350766	0.947135908445
0.11140625		0.33075759092	0.946964344922
0.11171875		0.330517716659	0.946792606163
0.11203125		0.330277727832	0.946620691806
0.11234375		0.330037624289	0.946448601491
0.11265625		0.329797405876	0.946276334854
0.11296875		0.329557072442	0.946103891531
0.11328125		0.329316623833	0.945931271156
0.11359375		0.329076059896	0.945758473363
0.11390625		0.328835380478	0.945585497783
0.11421875		0.328594585424	0.945412344049
0.11453125		0.328353674579	0.945239011789
0.11484375		0.32811264779	0.945065500632
0.11515625		0.3278715049	0.944891810206
0.11546875		0.327630245754	0.944717940136
0.11578125		0.327388870196	0.944543890048
0.11609375		0.327147378069	0.944369659566
0.11640625		0.326905769216	0.944195248312
0.11671875		0.326664043479	0.944020655907
0.11703125		0.326422200702	0.943845881971
0.11734375		0.326180240725	0.943670926123
0.11765625		0.325938163391	0.943495787981
0.11796875		0.32569596854	0.94332046716
0.11828125		0.325453656012	0.943144963277
0.11859375		0.325211225647	0.942969275944
0.11890625		0.324968677286	0.942793404774
0.11921875		0.324726010768	0.942617349378
0.11953125		0.324483225931	0.942441109367
0.11984375		0.324240322613	0.942264684349
0.12015625		0.323997300653	0.94208807393
0.12046875		0.323754159888	0.941911277718
0.12078125		0.323510900155	0.941734295317
0.12109375		0.323267521292	0.94155712633
0.12140625		0.323024023133	0.941379770359
0.12171875		0.322780405514	0.941202227006
0.12203125		0.322536668272	0.941024495869
0.12234375		0.32229281124	0.940846576547
0.12265625		0.322048834254	0.940668468636
0.12296875		0.321804737147	0.940490171732
0.12328125		0.321560519752	0.940311685429
0.12359375		0.321316181903	0.940133009319
0.12390625		0.321071723433	0.939954142994
0.12421875		0.320827144173	0.939775086044
0.12453125		0.320582443955	0.939595838058
0.12484375		0.32033762261	0.939416398622
0.12515625		0.320092679969	0.939236767322
0.12546875		0.319847615863	0.939056943743
0.12578125		0.319602430121	0.938876927467
0.12609375		0.319357122572	0.938696718077
0.12640625		0.319111693046	0.938516315152
0.12671875		0.318866141371	0.938335718271
0.12703125		0.318620467374	0.938154927011
0.12734375		0.318374670884	0.937973940948
0.12765625		0.318128751727	0.937792759657
0.12796875		0.317882709729	0.937611382711
0.12828125		0.317636544718	0.937429809681
0.12859375		0.317390256517	0.937248040136
0.12890625		0.317143844953	0.937066073646
0.12921875		0.31689730985	0.936883909778
0.12953125		0.316650651032	0.936701548097
0.12984375		0.316403868323	0.936518988168
0.13015625		0.316156961545	0.936336229552
0.13046875		0.315909930522	0.936153271811
0.13078125		0.315662775075	0.935970114505
0.13109375		0.315415495026	0.935786757192
0.13140625		0.315168090196	0.935603199427
0.13171875		0.314920560406	0.935419440767
0.13203125		0.314672905476	0.935235480765
0.13234375		0.314425125226	0.935051318972
0.13265625		0.314177219474	0.934866954938
0.13296875		0.313929188039	0.934682388214
0.13328125		0.313681030739	0.934497618345
0.13359375		0.313432747392	0.934312644877
0.13390625		0.313184337815	0.934127467355
0.13421875		0.312935801825	0.933942085321
0.13453125		0.312687139236	0.933756498316
0.13484375		0.312438349866	0.933570705879
0.13515625		0.312189433528	0.933384707547
0.13546875		0.311940390038	0.933198502857
0.13578125		0.311691219208	0.933012091342
0.13609375		0.311441920853	0.932825472537
0.13640625		0.311192494785	0.932638645971
0.13671875		0.310942940817	0.932451611174
0.13703125		0.310693258759	0.932264367674
0.13734375		0.310443448425	0.932076914997
0.13765625		0.310193509623	0.931889252668
0.13796875		0.309943442165	0.931701380208
0.13828125		0.309693245859	0.93151329714
0.13859375		0.309442920516	0.931325002982
0.13890625		0.309192465942	0.931136497252
0.13921875		0.308941881947	0.930947779465
0.13953125		0.308691168337	0.930758849137
0.13984375		0.30844032492	0.93056970578
0.14015625		0.308189351501	0.930380348903
0.14046875		0.307938247887	0.930190778016
0.14078125		0.307687013882	0.930000992627
0.14109375		0.30743564929	0.92981099224
0.14140625		0.307184153917	0.929620776359
0.14171875		0.306932527565	0.929430344486
0.14203125		0.306680770037	0.929239696121
0.14234375		0.306428881135	0.929048830762
0.14265625		0.306176860661	0.928857747906
0.14296875		0.305924708416	0.928666447046
0.14328125		0.305672424201	0.928474927677
0.14359375		0.305420007815	0.928283189288
0.14390625		0.305167459057	0.928091231369
0.14421875		0.304914777728	0.927899053406
0.14453125		0.304661963623	0.927706654886
0.14484375		0.304409016542	0.927514035292
0.14515625		0.30415593628	0.927321194105
0.14546875		0.303902722635	0.927128130805
0.14578125		0.303649375402	0.926934844869
0.14609375		0.303395894376	0.926741335773
0.14640625		0.303142279351	0.926547602992
0.14671875		0.302888530122	0.926353645997
0.14703125		0.302634646481	0.926159464258
0.14734375		0.302380628222	0.925965057244
0.14765625		0.302126475136	0.92577042442
0.14796875		0.301872187014	0.92557556525
0.14828125		0.301617763648	0.925380479197
0.14859375		0.301363204828	0.925185165721
0.14890625		0.301108510343	0.92498962428
0.14921875		0.300853679981	0.92479385433
0.14953125		0.300598713532	0.924597855325
0.14984375		0.300343610783	0.924401626717
0.15015625		0.30008837152	0.924205167956
0.15046875		0.29983299553	0.92400847849
0.15078125		0.299577482599	0.923811557766
0.15109375		0.299321832511	0.923614405226
0.15140625		0.299066045051	0.923417020313
0.15171875		0.298810120003	0.923219402466
0.15203125		0.29855405715	0.923021551123
0.15234375		0.298297856273	0.922823465719
0.15265625		0.298041517155	0.922625145688
0.15296875		0.297785039576	0.92242659046
0.15328125		0.297528423318	0.922227799465
0.15359375		0.297271668159	0.922028772129
0.15390625		0.297014773879	0.921829507877
0.15421875		0.296757740255	0.921630006131
0.15453125		0.296500567066	0.921430266313
0.15484375		0.296243254089	0.921230287839
0.15515625		0.295985801099	0.921030070126
0.15546875		0.295728207872	0.920829612587
0.15578125		0.295470474183	0.920628914633
0.15609375		0.295212599807	0.920427975674
0.15640625		0.294954584516	0.920226795117
0.15671875		0.294696428083	0.920025372366
0.15703125		0.294438130281	0.919823706824
0.15734375		0.29417969088	0.91962179789
0.15765625		0.293921109652	0.919419644962
0.15796875		0.293662386366	0.919217247435
0.15828125		0.293403520791	0.919014604703
0.15859375		0.293144512695	0.918811716156
0.15890625		0.292885361847	0.918608581182
0.15921875		0.292626068014	0.918405199167
0.15953125		0.29236663096	0.918201569495
0.15984375		0.292107050453	0.917997691547
0.16015625		0.291847326257	0.917793564702
0.16046875		0.291587458135	0.917589188336
0.16078125		0.291327445851	0.917384561822
0.16109375		0.291067289168	0.917179684533
0.16140625		0.290806987847	0.916974555837
0.16171875		0.290546541649	0.9167691751
0.16203125		0.290285950334	0.916563541687
0.16234375		0.290025213662	0.916357654959
0.16265625		0.289764331392	0.916151514275
0.16296875		0.289503303281	0.915945118992
0.16328125		0.289242129086	0.915738468462
0.16359375		0.288980808564	0.915531562039
0.16390625		0.288719341471	0.915324399069
0.16421875		0.28845772756	0.9151169789
0.16453125		0.288195966587	0.914909300876
0.16484375		0.287934058303	0.914701364336
0.16515625		0.287672002463	0.91449316862
0.16546875		0.287409798816	0.914284713063
0.16578125		0.287147447115	0.914075996998
0.16609375		0.286884947108	0.913867019755
0.16640625		0.286622298545	0.913657780663
0.16671875		0.286359501174	0.913448279045
0.16703125		0.286096554743	0.913238514226
0.16734375		0.285833458999	0.913028485523
0.16765625		0.285570213687	0.912818192253
0.16796875		0.285306818552	0.912607633732
0.16828125		0.285043273338	0.912396809269
0.16859375		0.284779577789	0.912185718174
0.16890625		0.284515731647	0.911974359753
0.16921875		0.284251734654	0.911762733307
0.16953125		0.283987586551	0.911550838137
0.16984375		0.283723287077	0.91133867354
0.17015625		0.283458835971	0.911126238811
0.17046875		0.283194232972	0.910913533241
0.17078125		0.282929477817	0.910700556118
0.17109375		0.282664570242	0.910487306728
0.17140625		0.282399509984	0.910273784354
0.17171875		0.282134296775	0.910059988276
0.17203125		0.281868930352	0.909845917769
0.17234375		0.281603410445	0.909631572109
0.17265625		0.281337736787	0.909416950565
0.17296875		0.28107190911	0.909202052406
0.17328125		0.280805927143	0.908986876896
0.17359375		0.280539790616	0.908771423297
0.17390625		0.280273499257	0.908555690868
0.17421875		0.280007052794	0.908339678864
0.17453125		0.279740450952	0.908123386537
0.17484375		0.279473693458	0.907906813137
0.17515625		0.279206780036	0.907689957911
0.17546875		0.278939710411	0.907472820101
0.17578125		0.278672484304	0.907255398947
0.17609375		0.278405101437	0.907037693685
0.17640625		0.278137561532	0.90681970355
0.17671875		0.277869864308	0.906601427772
0.17703125		0.277602009484	0.906382865577
0.17734375		0.277333996779	0.906164016189
0.17765625		0.277065825909	0.905944878829
0.17796875		0.27679749659	0.905725452714
0.17828125		0.276529008538	0.905505737058
0.17859375		0.276260361466	0.905285731071
0.17890625		0.275991555088	0.905065433961
0.17921875		0.275722589115	0.904844844932
0.17953125		0.27545346326	0.904623963183
0.17984375		0.275184177231	0.904402787912
0.18015625		0.274914730738	0.904181318312
0.18046875		0.274645123489	0.903959553573
0.18078125		0.274375355191	0.903737492883
0.18109375		0.27410542555	0.903515135424
0.18140625		0.273835334272	0.903292480375
0.18171875		0.273565081059	0.903069526914
0.18203125		0.273294665616	0.902846274211
0.18234375		0.273024087643	0.902622721438
0.18265625		0.272753346842	0.902398867758
0.18296875		0.272482442913	0.902174712333
0.18328125		0.272211375554	0.901950254322
0.18359375		0.271940144462	0.90172549288
0.18390625		0.271668749335	0.901500427155
0.18421875		0.271397189868	0.901275056297
0.18453125		0.271125465756	0.901049379448
0.18484375		0.27085357669	0.900823395748
0.18515625		0.270581522365	0.900597104332
0.18546875		0.270309302471	0.900370504333
0.18578125		0.270036916698	0.900143594878
0.18609375		0.269764364734	0.899916375093
0.18640625		0.269491646269	0.899688844097
0.18671875		0.269218760987	0.899461001008
0.18703125		0.268945708576	0.899232844937
0.18734375		0.268672488719	0.899004374994
0.18765625		0.2683991011	0.898775590284
0.18796875		0.2681255454	0.898546489907
0.18828125		0.267851821301	0.89831707296
0.18859375		0.267577928482	0.898087338536
0.18890625		0.267303866623	0.897857285724
0.18921875		0.2670296354	0.897626913608
0.18953125		0.26675523449	0.89739622127
0.18984375		0.266480663568	0.897165207785
0.19015625		0.266205922308	0.896933872225
0.19046875		0.265931010383	0.89670221366
0.19078125		0.265655927463	0.896470231153
0.19109375		0.265380673221	0.896237923763
0.19140625		0.265105247324	0.896005290546
0.19171875		0.26482964944	0.895772330553
0.19203125		0.264553879236	0.895539042832
0.19234375		0.264277936378	0.895305426424
0.19265625		0.26400182053	0.895071480368
0.19296875		0.263725531354	0.894837203697
0.19328125		0.263449068513	0.894602595441
0.19359375		0.263172431666	0.894367654625
0.19390625		0.262895620474	0.89413238027
0.19421875		0.262618634593	0.893896771391
0.19453125		0.26234147368	0.893660826999
0.19484375		0.262064137391	0.893424546102
0.19515625		0.26178662538	0.893187927703
0.19546875		0.261508937299	0.892950970798
0.19578125		0.2612310728	0.89271367438
0.19609375		0.260953031533	0.892476037439
0.19640625		0.260674813146	0.892238058958
0.19671875		0.260396417287	0.891999737916
0.19703125		0.260117843602	0.891761073286
0.19734375		0.259839091737	0.89152206404
0.19765625		0.259560161333	0.89128270914
0.19796875		0.259281052034	0.891043007548
0.19828125		0.259001763479	0.890802958217
0.19859375		0.258722295309	0.890562560098
0.19890625		0.258442647161	0.890321812136
0.19921875		0.258162818671	0.890080713272
0.19953125		0.257882809476	0.889839262439
0.19984375		0.257602619207	0.889597458568
0.20015625		0.257322247499	0.889355300585
0.20046875		0.257041693981	0.889112787409
0.20078125		0.256760958283	0.888869917954
0.20109375		0.256480040033	0.888626691131
0.20140625		0.256198938858	0.888383105844
0.20171875		0.255917654382	0.888139160991
0.20203125		0.25563618623	0.887894855467
0.20234375		0.255354534023	0.887650188161
0.20265625		0.255072697382	0.887405157956
0.20296875		0.254790675927	0.887159763728
0.20328125		0.254508469275	0.886914004352
0.20359375		0.254226077043	0.886667878694
0.20390625		0.253943498844	0.886421385616
0.20421875		0.253660734293	0.886174523974
0.20453125		0.253377783	0.885927292617
0.20484375		0.253094644577	0.885679690392
0.20515625		0.252811318631	0.885431716137
0.20546875		0.252527804769	0.885183368686
0.20578125		0.252244102598	0.884934646867
0.20609375		0.25196021172	0.884685549503
0.20640625		0.251676131739	0.884436075409
0.20671875		0.251391862254	0.884186223396
0.20703125		0.251107402866	0.88393599227
0.20734375		0.25082275317	0.883685380829
0.20765625		0.250537912764	0.883434387865
0.20796875		0.250252881242	0.883183012167
0.20828125		0.249967658195	0.882931252514
0.20859375		0.249682243216	0.882679107683
0.20890625		0.249396635893	0.882426576441
0.20921875		0.249110835814	0.882173657552
0.20953125		0.248824842564	0.881920349772
0.20984375		0.248538655729	0.881666651851
0.21015625		0.248252274891	0.881412562534
0.21046875		0.24796569963	0.881158080558
0.21078125		0.247678929526	0.880903204655
0.21109375		0.247391964156	0.880647933551
0.21140625		0.247104803096	0.880392265962
0.21171875		0.24681744592	0.880136200603
0.21203125		0.2465298922	0.879879736178
0.21234375		0.246242141506	0.879622871386
0.21265625		0.245954193406	0.879365604921
0.21296875		0.245666047469	0.879107935467
0.21328125		0.245377703258	0.878849861705
0.21359375		0.245089160338	0.878591382306
0.21390625		0.244800418269	0.878332495937
0.21421875		0.244511476611	0.878073201255
0.21453125		0.244222334921	0.877813496913
0.21484375		0.243932992756	0.877553381557
0.21515625		0.24364344967	0.877292853823
0.21546875		0.243353705215	0.877031912343
0.21578125		0.24306375894	0.876770555741
0.21609375		0.242773610395	0.876508782633
0.21640625		0.242483259125	0.87624659163
0.21671875		0.242192704676	0.875983981333
0.21703125		0.24190194659	0.875720950338
0.21734375		0.241610984407	0.875457497233
0.21765625		0.241319817666	0.875193620597
0.21796875		0.241028445903	0.874929319004
0.21828125		0.240736868655	0.874664591019
0.21859375		0.240445085452	0.874399435201
0.21890625		0.240153095827	0.874133850099
0.21921875		0.239860899307	0.873867834256
0.21953125		0.239568495419	0.873601386208
0.21984375		0.239275883688	0.873334504481
0.22015625		0.238983063637	0.873067187595
0.22046875		0.238690034785	0.872799434061
0.22078125		0.238396796652	0.872531242383
0.22109375		0.238103348754	0.872262611057
0.22140625		0.237809690604	0.87199353857
0.22171875		0.237515821715	0.871724023402
0.22203125		0.237221741596	0.871454064024
0.22234375		0.236927449757	0.871183658899
0.22265625		0.236632945701	0.870912806482
0.22296875		0.236338228933	0.87064150522
0.22328125		0.236043298954	0.87036975355
0.22359375		0.235748155263	0.870097549902
0.22390625		0.235452797357	0.869824892698
0.22421875		0.23515722473	0.86955178035
0.22453125		0.234861436874	0.869278211261
0.22484375		0.234565433281	0.869004183828
0.22515625		0.234269213436	0.868729696435
0.22546875		0.233972776827	0.868454747462
0.22578125		0.233676122937	0.868179335276
0.22609375		0.233379251245	0.867903458237
0.22640625		0.233082161231	0.867627114696
0.22671875		0.232784852371	0.867350302994
0.22703125		0.232487324139	0.867073021464
0.22734375		0.232189576006	0.866795268429
0.22765625		0.231891607441	0.866517042202
0.22796875		0.231593417912	0.866238341087
0.22828125		0.231295006881	0.865959163381
0.22859375		0.230996373811	0.865679507367
0.22890625		0.230697518162	0.865399371323
0.22921875		0.230398439389	0.865118753513
0.22953125		0.230099136948	0.864837652195
0.22984375		0.22979961029	0.864556065615
0.23015625		0.229499858865	0.864273992009
0.23046875		0.229199882119	0.863991429605
0.23078125		0.228899679496	0.863708376618
0.23109375		0.228599250439	0.863424831256
0.23140625		0.228298594386	0.863140791714
0.23171875		0.227997710773	0.862856256179
0.23203125		0.227696599035	0.862571222827
0.23234375		0.227395258602	0.862285689821
0.23265625		0.227093688903	0.861999655318
0.23296875		0.226791889365	0.861713117461
0.23328125		0.226489859409	0.861426074384
0.23359375		0.226187598456	0.861138524208
0.23390625		0.225885105924	0.860850465047
0.23421875		0.225582381228	0.860561895
0.23453125		0.22527942378	0.860272812157
0.23484375		0.22497623299	0.859983214598
0.23515625		0.224672808263	0.859693100389
0.23546875		0.224369149003	0.859402467587
0.23578125		0.224065254612	0.859111314237
0.23609375		0.223761124487	0.858819638371
0.23640625		0.223456758024	0.858527438011
0.23671875		0.223152154614	0.858234711168
0.23703125		0.222847313646	0.85794145584
0.23734375		0.222542234508	0.857647670014
0.23765625		0.222236916582	0.857353351663
0.23796875		0.221931359248	0.857058498751
0.23828125		0.221625561884	0.856763109227
0.23859375		0.221319523864	0.85646718103
0.23890625		0.22101324456	0.856170712087
0.23921875		0.220706723339	0.855873700309
0.23953125		0.220399959566	0.855576143598
0.23984375		0.220092952604	0.855278039843
0.24015625		0.219785701811	0.854979386918
0.24046875		0.219478206543	0.854680182687
0.24078125		0.219170466152	0.854380424999
0.24109375		0.218862479988	0.85408011169
0.24140625		0.218554247395	0.853779240585
0.24171875		0.218245767718	0.853477809494
0.24203125		0.217937040295	0.853175816212
0.24234375		0.217628064463	0.852873258525
0.24265625		0.217318839554	0.852570134201
0.24296875		0.217009364898	0.852266440996
0.24328125		0.216699639821	0.851962176654
0.24359375		0.216389663646	0.851657338901
0.24390625		0.216079435691	0.851351925453
0.24421875		0.215768955274	0.851045934009
0.24453125		0.215458221705	0.850739362255
0.24484375		0.215147234294	0.850432207862
0.24515625		0.214835992346	0.850124468488
0.24546875		0.214524495163	0.849816141774
0.24578125		0.214212742043	0.849507225348
0.24609375		0.213900732281	0.849197716822
0.24640625		0.213588465167	0.848887613793
0.24671875		0.213275939989	0.848576913844
0.24703125		0.212963156031	0.848265614542
0.24734375		0.212650112572	0.847953713438
0.24765625		0.212336808888	0.847641208068
0.24796875		0.212023244253	0.847328095952
0.24828125		0.211709417934	0.847014374595
0.24859375		0.211395329196	0.846700041485
0.24890625		0.2110809773	0.846385094094
0.24921875		0.210766361503	0.846069529879
0.24953125		0.210451481059	0.845753346279
0.24984375		0.210136335216	0.845436540718
0.25015625		0.209820923219	0.845119110601
0.25046875		0.209505244311	0.844801053318
0.25078125		0.209189297727	0.844482366243
0.25109375		0.208873082702	0.84416304673
0.25140625		0.208556598464	0.843843092118
0.25171875		0.208239844237	0.843522499728
0.25203125		0.207922819244	0.843201266863
0.25234375		0.2076055227	0.842879390808
0.25265625		0.207287953817	0.842556868831
0.25296875		0.206970111804	0.842233698182
0.25328125		0.206651995865	0.841909876092
0.25359375		0.206333605198	0.841585399774
0.25390625		0.206014939	0.841260266422
0.25421875		0.20569599646	0.840934473212
0.25453125		0.205376776765	0.840608017301
0.25484375		0.205057279097	0.840280895826
0.25515625		0.204737502633	0.839953105906
0.25546875		0.204417446547	0.839624644641
0.25578125		0.204097110005	0.839295509109
0.25609375		0.203776492173	0.838965696371
0.25640625		0.203455592208	0.838635203465
0.25671875		0.203134409266	0.838304027413
0.25703125		0.202812942495	0.837972165213
0.25734375		0.202491191042	0.837639613844
0.25765625		0.202169154045	0.837306370264
0.25796875		0.20184683064	0.83697243141
0.25828125		0.201524219958	0.8366377942
0.25859375		0.201201321124	0.836302455527
0.25890625		0.200878133259	0.835966412265
0.25921875		0.200554655477	0.835629661266
0.25953125		0.200230886891	0.83529219936
0.25984375		0.199906826604	0.834954023354
0.26015625		0.199582473718	0.834615130035
0.26046875		0.199257827328	0.834275516164
0.26078125		0.198932886524	0.833935178483
0.26109375		0.198607650391	0.833594113709
0.26140625		0.198282118007	0.833252318535
0.26171875		0.197956288448	0.832909789633
0.26203125		0.197630160782	0.83256652365
0.26234375		0.197303734072	0.832222517209
0.26265625		0.196977007377	0.83187776691
0.26296875		0.19664997975	0.831532269327
0.26328125		0.196322650236	0.831186021011
0.26359375		0.195995017877	0.830839018487
0.26390625		0.195667081709	0.830491258258
0.26421875		0.195338840762	0.830142736797
0.26453125		0.195010294061	0.829793450555
0.26484375		0.194681440622	0.829443395955
0.26515625		0.194352279461	0.829092569397
0.26546875		0.194022809582	0.828740967253
0.26578125		0.193693029987	0.828388585866
0.26609375		0.193362939671	0.828035421557
0.26640625		0.193032537622	0.827681470617
0.26671875		0.192701822823	0.827326729309
0.26703125		0.192370794251	0.826971193872
0.26734375		0.192039450876	0.826614860513
0.26765625		0.191707791662	0.826257725412
0.26796875		0.191375815566	0.825899784724
0.26828125		0.191043521542	0.82554103457
0.26859375		0.190710908532	0.825181471045
0.26890625		0.190377975477	0.824821090214
0.26921875		0.190044721307	0.824459888114
0.26953125		0.189711144949	0.824097860749
0.26984375		0.189377245321	0.823735004096
0.27015625		0.189043021335	0.823371314098
0.27046875		0.188708471896	0.82300678667
0.27078125		0.188373595903	0.822641417696
0.27109375		0.188038392248	0.822275203025
0.27140625		0.187702859815	0.821908138479
0.27171875		0.187366997482	0.821540219845
0.27203125		0.18703080412	0.821171442877
0.27234375		0.186694278591	0.820801803297
0.27265625		0.186357419752	0.820431296796
0.27296875		0.186020226452	0.820059919028
0.27328125		0.185682697533	0.819687665614
0.27359375		0.185344831828	0.819314532144
0.27390625		0.185006628165	0.818940514169
0.27421875		0.184668085362	0.818565607207
0.27453125		0.184329202232	0.818189806741
0.27484375		0.183989977578	0.817813108218
0.27515625		0.183650410196	0.817435507048
0.27546875		0.183310498874	0.817056998607
0.27578125		0.182970242394	0.816677578231
0.27609375		0.182629639527	0.816297241221
0.27640625		0.182288689038	0.815915982839
0.27671875		0.181947389683	0.81553379831
0.27703125		0.181605740211	0.81515068282
0.27734375		0.18126373936	0.814766631516
0.27765625		0.180921385863	0.814381639506
0.27796875		0.180578678442	0.813995701857
0.27828125		0.180235615812	0.813608813597
0.27859375		0.17989219668	0.813220969714
0.27890625		0.179548419741	0.812832165154
0.27921875		0.179204283685	0.812442394821
0.27953125		0.178859787191	0.812051653577
0.27984375		0.178514928929	0.811659936242
0.28015625		0.178169707563	0.811267237593
0.28046875		0.177824121743	0.810873552364
0.28078125		0.177478170114	0.810478875244
0.28109375		0.177131851309	0.810083200878
0.28140625		0.176785163953	0.809686523866
0.28171875		0.176438106661	0.809288838763
0.28203125		0.176090678039	0.808890140077
0.28234375		0.175742876683	0.808490422271
0.28265625		0.175394701179	0.80808967976
0.28296875		0.175046150104	0.807687906911
0.28328125		0.174697222023	0.807285098043
0.28359375		0.174347915494	0.806881247428
0.28390625		0.173998229062	0.806476349285
0.28421875		0.173648161263	0.806070397788
0.28453125		0.173297710623	0.805663387056
0.28484375		0.172946875656	0.805255311161
0.28515625		0.172595654869	0.80484616412
0.28546875		0.172244046753	0.804435939899
0.28578125		0.171892049793	0.804024632413
0.28609375		0.17153966246	0.80361223552
0.28640625		0.171186883216	0.803198743027
0.28671875		0.17083371051	0.802784148685
0.28703125		0.170480142782	0.802368446188
0.28734375		0.170126178458	0.801951629177
0.28765625		0.169771815955	0.801533691234
0.28796875		0.169417053676	0.801114625885
0.28828125		0.169061890015	0.800694426596
0.28859375		0.168706323353	0.800273086776
0.28890625		0.168350352056	0.799850599773
0.28921875		0.167993974484	0.799426958875
0.28953125		0.167637188979	0.79900215731
0.28984375		0.167279993874	0.798576188244
0.29015625		0.166922387489	0.798149044778
0.29046875		0.16656436813	0.797720719953
0.29078125		0.166205934091	0.797291206744
0.29109375		0.165847083654	0.796860498061
0.29140625		0.165487815087	0.796428586749
0.29171875		0.165128126644	0.795995465586
0.29203125		0.164768016569	0.795561127282
0.29234375		0.164407483088	0.79512556448
0.29265625		0.164046524416	0.794688769753
0.29296875		0.163685138754	0.794250735603
0.29328125		0.16332332429	0.793811454464
0.29359375		0.162961079195	0.793370918694
0.29390625		0.162598401628	0.792929120583
0.29421875		0.162235289733	0.792486052343
0.29453125		0.16187174164	0.792041706113
0.29484375		0.161507755464	0.791596073958
0.29515625		0.161143329305	0.791149147863
0.29546875		0.160778461247	0.790700919738
0.29578125		0.16041314936	0.790251381414
0.29609375		0.160047391698	0.789800524641
0.29640625		0.1596811863	0.789348341089
0.29671875		0.159314531189	0.788894822347
0.29703125		0.158947424371	0.788439959919
0.29734375		0.158579863838	0.787983745227
0.29765625		0.158211847564	0.787526169607
0.29796875		0.157843373506	0.787067224309
0.29828125		0.157474439606	0.786606900494
0.29859375		0.157105043789	0.786145189237
0.29890625		0.156735183961	0.785682081521
0.29921875		0.156364858012	0.785217568238
0.29953125		0.155994063815	0.784751640189
0.29984375		0.155622799225	0.784284288081
0.30015625		0.155251062077	0.783815502524
0.30046875		0.154878850192	0.783345274036
0.30078125		0.154506161368	0.782873593032
0.30109375		0.154132993388	0.782400449832
0.30140625		0.153759344014	0.781925834655
0.30171875		0.153385210991	0.781449737618
0.30203125		0.153010592042	0.780972148733
0.30234375		0.152635484873	0.780493057911
0.30265625		0.152259887169	0.780012454953
0.30296875		0.151883796594	0.779530329555
0.30328125		0.151507210795	0.779046671302
0.30359375		0.151130127395	0.778561469671
0.30390625		0.150752543999	0.778074714023
0.30421875		0.150374458188	0.777586393608
0.30453125		0.149995867525	0.777096497559
0.30484375		0.149616769548	0.77660501489
0.30515625		0.149237161777	0.7761119345
0.30546875		0.148857041707	0.775617245164
0.30578125		0.148476406812	0.775120935535
0.30609375		0.148095254542	0.774622994142
0.30640625		0.147713582326	0.774123409387
0.30671875		0.147331387568	0.773622169545
0.30703125		0.146948667648	0.77311926276
0.30734375		0.146565419925	0.772614677044
0.30765625		0.146181641731	0.772108400275
0.30796875		0.145797330375	0.771600420196
0.30828125		0.14541248314	0.771090724409
0.30859375		0.145027097285	0.770579300379
0.30890625		0.144641170043	0.770066135427
0.30921875		0.144254698621	0.769551216728
0.30953125		0.1438676802	0.769034531313
0.30984375		0.143480111934	0.768516066062
0.31015625		0.143091990952	0.767995807704
0.31046875		0.142703314352	0.767473742813
0.31078125		0.142314079209	0.766949857808
0.31109375		0.141924282565	0.76642413895
0.31140625		0.141533921439	0.765896572336
0.31171875		0.141142992817	0.765367143901
0.31203125		0.140751493657	0.764835839413
0.31234375		0.140359420889	0.764302644472
0.31265625		0.13996677141	0.763767544504
0.31296875		0.139573542089	0.763230524761
0.31328125		0.139179729764	0.762691570319
0.31359375		0.13878533124	0.762150666071
0.31390625		0.138390343292	0.761607796729
0.31421875		0.137994762662	0.761062946816
0.31453125		0.137598586059	0.760516100669
0.31484375		0.13720181016	0.759967242428
0.31515625		0.136804431608	0.75941635604
0.31546875		0.13640644701	0.758863425252
0.31578125		0.136007852942	0.758308433608
0.31609375		0.135608645942	0.757751364448
0.31640625		0.135208822514	0.757192200899
0.31671875		0.134808379124	0.756630925878
0.31703125		0.134407312203	0.756067522084
0.31734375		0.134005618145	0.755501971995
0.31765625		0.133603293304	0.754934257866
0.31796875		0.133200333999	0.754364361723
0.31828125		0.132796736506	0.753792265359
0.31859375		0.132392497066	0.753217950332
0.31890625		0.131987611876	0.75264139796
0.31921875		0.131582077094	0.752062589314
0.31953125		0.131175888837	0.751481505219
0.31984375		0.130769043178	0.750898126244
0.32015625		0.13036153615	0.750312432701
0.32046875		0.129953363741	0.749724404638
0.32078125		0.129544521895	0.749134021838
0.32109375		0.129135006513	0.74854126381
0.32140625		0.128724813447	0.747946109784
0.32171875		0.128313938507	0.747348538712
0.32203125		0.127902377453	0.746748529254
0.32234375		0.127490125998	0.746146059779
0.32265625		0.127077179809	0.745541108357
0.32296875		0.126663534501	0.744933652753
0.32328125		0.12624918564	0.744323670425
0.32359375		0.12583412874	0.743711138512
0.32390625		0.125418359266	0.743096033833
0.32421875		0.125001872629	0.742478332878
0.32453125		0.124584664185	0.741858011805
0.32484375		0.124166729238	0.741235046429
0.32515625		0.123748063037	0.740609412218
0.32546875		0.123328660773	0.739981084288
0.32578125		0.122908517582	0.739350037391
0.32609375		0.122487628539	0.738716245913
0.32640625		0.122065988663	0.738079683865
0.32671875		0.121643592911	0.737440324872
0.32703125		0.121220436181	0.736798142172
0.32734375		0.120796513306	0.736153108602
0.32765625		0.120371819058	0.735505196593
0.32796875		0.119946348144	0.734854378163
0.32828125		0.119520095204	0.734200624905
0.32859375		0.119093054814	0.73354390798
0.32890625		0.118665221481	0.732884198108
0.32921875		0.118236589641	0.73222146556
0.32953125		0.117807153662	0.731555680146
0.32984375		0.11737690784	0.730886811208
0.33015625		0.116945846398	0.730214827608
0.33046875		0.116513963484	0.729539697719
0.33078125		0.116081253171	0.728861389416
0.33109375		0.115647709454	0.728179870059
0.33140625		0.115213326251	0.727495106492
0.33171875		0.1147780974	0.726807065021
0.33203125		0.114342016655	0.726115711412
0.33234375		0.11390507769	0.725421010872
0.33265625		0.113467274093	0.724722928038
0.33296875		0.113028599366	0.724021426969
0.33328125		0.112589046923	0.723316471126
0.33359375		0.112148610087	0.722608023366
0.33390625		0.111707282093	0.721896045919
0.33421875		0.111265056079	0.721180500385
0.33453125		0.110821925091	0.72046134771
0.33484375		0.110377882077	0.719738548175
0.33515625		0.109932919884	0.719012061382
0.33546875		0.109487031262	0.718281846234
0.33578125		0.109040208855	0.717547860924
0.33609375		0.108592445204	0.716810062912
0.33640625		0.108143732742	0.716068408912
0.33671875		0.107694063792	0.715322854874
0.33703125		0.107243430566	0.714573355964
0.33734375		0.106791825162	0.713819866544
0.33765625		0.106339239562	0.713062340157
0.33796875		0.105885665628	0.712300729501
0.33828125		0.105431095101	0.711534986412
0.33859375		0.1049755196	0.710765061843
0.33890625		0.104518930614	0.709990905839
0.33921875		0.104061319504	0.709212467516
0.33953125		0.1036026775	0.708429695038
0.33984375		0.103142995696	0.70764253559
0.34015625		0.102682265046	0.706850935358
0.34046875		0.102220476365	0.706054839497
0.34078125		0.101757620323	0.705254192108
0.34109375		0.101293687441	0.704448936211
0.34140625		0.100828668092	0.703639013712
0.34171875		0.100362552491	0.70282436538
0.34203125		0.0998953306966	0.702004930811
0.34234375		0.0994269926055	0.701180648397
0.34265625		0.0989575279487	0.700351455299
0.34296875		0.0984869262874	0.699517287405
0.34328125		0.0980151770099	0.698678079302
0.34359375		0.0975422693263	0.697833764235
0.34390625		0.0970681922649	0.696984274073
0.34421875		0.0965929346678	0.696129539269
0.34453125		0.096116485186	0.69526948882
0.34484375		0.0956388322749	0.694404050223
0.34515625		0.0951599641895	0.693533149438
0.34546875		0.0946798689791	0.692656710837
0.34578125		0.0941985344826	0.691774657161
0.34609375		0.0937159483228	0.690886909472
0.34640625		0.0932320979007	0.689993387102
0.34671875		0.0927469703903	0.689094007603
0.34703125		0.0922605527325	0.68818868669
0.34734375		0.0917728316287	0.687277338191
0.34765625		0.091283793535	0.686359873984
0.34796875		0.0907934246551	0.68543620394
0.34828125		0.090301710934	0.684506235858
0.34859375		0.0898086380509	0.683569875402
0.34890625		0.0893141914117	0.682627026036
0.34921875		0.088818356142	0.681677588947
0.34953125		0.0883211170787	0.680721462979
0.34984375		0.0878224587624	0.679758544555
0.35015625		0.0873223654289	0.678788727593
0.35046875		0.0868208210008	0.677811903432
0.35078125		0.0863178090779	0.676827960739
0.35109375		0.0858133129285	0.675836785426
0.35140625		0.0853073154795	0.674838260549
0.35171875		0.0847997993063	0.673832266218
0.35203125		0.0842907466225	0.672818679493
0.35234375		0.0837801392689	0.671797374274
0.35265625		0.0832679587027	0.670768221199
0.35296875		0.082754185985	0.66973108752
0.35328125		0.0822388017694	0.668685836988
0.35359375		0.081721786289	0.667632329722
0.35390625		0.0812031193432	0.666570422084
0.35421875		0.080682780284	0.665499966533
0.35453125		0.0801607480021	0.664420811486
0.35484375		0.0796370009113	0.663332801164
0.35515625		0.0791115169336	0.662235775436
0.35546875		0.0785842734828	0.661129569649
0.35578125		0.0780552474477	0.660014014457
0.35609375		0.0775244151743	0.658888935638
0.35640625		0.0769917524479	0.6577541539
0.35671875		0.0764572344732	0.656609484683
0.35703125		0.075920835855	0.655454737943
0.35734375		0.0753825305766	0.654289717932
0.35765625		0.0748422919784	0.653114222967
0.35796875		0.0743000927346	0.651928045178
0.35828125		0.0737559048294	0.650730970251
0.35859375		0.0732096995318	0.64952277716
0.35890625		0.072661447369	0.64830323787
0.35921875		0.0721111180995	0.647072117041
0.35953125		0.0715586806832	0.645829171707
0.35984375		0.0710041032516	0.644574150932
0.36015625		0.0704473530758	0.643306795461
0.36046875		0.069888396533	0.642026837338
0.36078125		0.0693271990707	0.640733999506
0.36109375		0.0687637251706	0.639427995387
0.36140625		0.0681979383087	0.638108528432
0.36171875		0.0676298009146	0.636775291648
0.36203125		0.0670592743283	0.635427967092
0.36234375		0.0664863187542	0.63406622534
0.36265625		0.0659108932133	0.632689724918
0.36296875		0.065332955492	0.631298111695
0.36328125		0.0647524620888	0.629891018248
0.36359375		0.064169368157	0.628468063172
0.36390625		0.0635836274452	0.627028850354
0.36421875		0.0629951922329	0.625572968196
0.36453125		0.062404013264	0.624099988785
0.36484375		0.0618100396747	0.622609467009
0.36515625		0.0612132189177	0.621100939605
0.36546875		0.0606134966818	0.619573924148
0.36578125		0.0600108168065	0.618027917964
0.36609375		0.0594051211902	0.616462396963
0.36640625		0.0587963496938	0.614876814389
0.36671875		0.058184440037	0.613270599473
0.36703125		0.0575693276883	0.611643155988
0.36734375		0.0569509457468	0.609993860691
0.36765625		0.0563292248163	0.60832206164
0.36796875		0.055704092871	0.606627076381
0.36828125		0.0550754751108	0.604908189988
0.36859375		0.0544432938066	0.603164652937
0.36890625		0.0538074681341	0.601395678811
0.36921875		0.0531679139954	0.599600441798
0.36953125		0.0525245438267	0.597778073982
0.36984375		0.0518772663911	0.595927662389
0.37015625		0.0512259865555	0.594048245771
0.37046875		0.0505706050492	0.592138811094
0.37078125		0.0499110182027	0.590198289695
0.37109375		0.0492471176651	0.588225553082
0.37140625		0.0485787900971	0.586219408314
0.37171875		0.0479059168378	0.584178592937
0.37203125		0.0472283735418	0.582101769395
0.37234375		0.0465460297838	0.579987518877
0.37265625		0.0458587486264	0.577834334504
0.37296875		0.045166386148	0.575640613789
0.37328125		0.0444687909249	0.573404650263
0.37359375		0.0437658034624	0.571124624159
0.37390625		0.0430572555697	0.56879859202
0.37421875		0.0423429696694	0.566424475074
0.37453125		0.041622758036	0.564000046215
0.37484375		0.0408964219508	0.56152291535
0.37515625		0.040163750765	0.558990512892
0.37546875		0.0394245208562	0.55640007109
0.37578125		0.0386784944641	0.553748602846
0.37609375		0.0379254183877	0.551032877615
0.37640625		0.0371650225231	0.548249393867
0.37671875		0.0363970182171	0.545394347528
0.37703125		0.0356210964089	0.542463595651
0.37734375		0.0348369255228	0.53945261444
0.37765625		0.0340441490735	0.536356450514
0.37796875		0.0332423829307	0.533169664085
0.37828125		0.0324312121852	0.529886262357
0.37859375		0.0316101875406	0.526499621051
0.37890625		0.0307788211419	0.523002391428
0.37921875		0.0299365817276	0.519386389447
0.37953125		0.0290828889682	0.515642462768
0.37984375		0.0282171068167	0.511760330044
0.38015625		0.0273385356509	0.507728385259
0.38046875		0.0264464029312	0.503533457551
0.38078125		0.0255398520112	0.499160513732
0.38109375		0.0246179286386	0.494592286265
0.38140625		0.0236795645331	0.489808803017
0.38171875		0.0227235572288	0.484786785853
0.38203125		0.0217485450872	0.479498871462
0.38234375		0.020752975988	0.473912587247
0.38265625		0.0197350676238	0.467988983416
0.38296875		0.0186927564748	0.461680772455
0.38328125		0.0176236312514	0.454929745999
0.38359375		0.0165248446112	0.447663103008
0.38390625		0.0153929938064	0.439788086312
0.38421875		0.0142239557722	0.431183894305
0.38453125		0.0130126534108	0.421689012299
0.38484375		0.0117527142427	0.411080438014
0.38515625		0.0104359529179	0.399037619165
0.38546875		0.00905154567495	0.385075101077
0.38578125		0.00758459197435	0.368403532869
0.38609375		0.00601297128827	0.347594988828
0.38640625		0.00436834939488	0.320869651591
0.38671875		0.00279780730077	0.286999669161
0.38703125		0.00147728846958	0.244573450484
0.38734375		0.000555214017355	0.191350946659
0.38765625		8.69044578151e-05	0.119887517405
0.38796875		3.09689194374e-08	0.016375116853
0.38828125		4.11512503689e-09	0.0100011391196
0.38859375		4.11315267179e-09	0.0100000000856
0.38890625		4.11315252376e-09	0.01
0.38921875		4.11315252376e-09	0.01
0.38953125		4.11315252376e-09	0.01
0.38984375		4.11315252376e-09	0.01
0.39015625		4.11315252376e-09	0.01
0.39046875		4.11315252376e-09	0.01
0.39078125		4.11315252376e-09	0.01
0.39109375		4.11315252376e-09	0.01
0.39140625		4.11315252376e-09	0.01
0.39171875		4.11315252376e-09	0.01
0.39203125		4.11315252376e-09	0.01
0.39234375		4.11315252376e-09	0.01
0.39265625		4.11315252376e-09	0.01
0.39296875		4.11315252376e-09	0.01
0.39328125		4.11315252376e-09	0.01
0.39359375		4.11315252376e-09	0.01
0.39390625		4.11315252376e-09	0.01
0.39421875		4.11315252376e-09	0.01
0.39453125		4.11315252376e-09	0.01
0.39484375		4.11315252376e-09	0.01
0.39515625		4.11315252376e-09	0.01
0.39546875		4.11315252376e-09	0.01
0.39578125		4.11315252376e-09	0.01
0.39609375		4.11315252376e-09	0.01
0.39640625		4.11315252376e-09	0.01
0.39671875		4.11315252376e-09	0.01
0.39703125		4.11315252376e-09	0.01
0.39734375		4.11315252376e-09	0.01
0.39765625		4.11315252376e-09	0.01
0.39796875		4.11315252376e-09	0.01
0.39828125		4.11315252376e-09	0.01
0.39859375		4.11315252376e-09	0.01
0.39890625		4.11315252376e-09	0.01
0.39921875		4.11315252376e-09	0.01
0.39953125		4.11315252376e-09	0.01
0.39984375		4.11315252376e-09	0.01
0.40015625		4.11315252376e-09	0.01
0.40046875		4.11315252376e-09	0.01
0.40078125		4.11315252376e-09	0.01
0.40109375		4.11315252376e-09	0.01
0.40140625		4.11315252376e-09	0.01
0.40171875		4.11315252376e-09	0.01
0.40203125		4.11315252376e-09	0.01
0.40234375		4.11315252376e-09	0.01
0.40265625		4.11315252376e-09	0.01
0.40296875		4.11315252376e-09	0.01
0.40328125		4.11315252376e-09	0.01
0.40359375		4.11315252376e-09	0.01
0.40390625		4.11315252376e-09	0.01
0.40421875		4.11315252376e-09	0.01
0.40453125		4.11315252376e-09	0.01
0.40484375		4.11315252376e-09	0.01
0.40515625		4.11315252376e-09	0.01
0.40546875		4.11315252376e-09	0.01
0.40578125		4.11315252376e-09	0.01
0.40609375		4.11315252376e-09	0.01
0.40640625		4.11315252376e-09	0.01
0.40671875		4.11315252376e-09	0.01
0.40703125		4.11315252376e-09	0.01
0.40734375		4.11315252376e-09	0.01
0.40765625		4.11315252376e-09	0.01
0.40796875		4.11315252376e-09	0.01
0.40828125		4.11315252376e-09	0.01
0.40859375		4.11315252376e-09	0.01
0.40890625		4.11315252376e-09	0.01
0.40921875		4.11315252376e-09	0.01
0.40953125		4.11315252376e-09	0.01
0.40984375		4.11315252376e-09	0.01
0.41015625		4.11315252376e-09	0.01
0.41046875		4.11315252376e-09	0.01
0.41078125		4.11315252376e-09	0.01
0.41109375		4.11315252376e-09	0.01
0.41140625		4.11315252376e-09	0.01
0.41171875		4.11315252376e-09	0.01
0.41203125		4.11315252376e-09	0.01
0.41234375		4.11315252376e-09	0.01
0.41265625		4.11315252376e-09	0.01
0.41296875		4.11315252376e-09	0.01
0.41328125		4.11315252376e-09	0.01
0.41359375		4.11315252376e-09	0.01
0.41390625		4.11315252376e-09	0.01
0.41421875		4.11315252376e-09	0.01
0.41453125		4.11315252376e-09	0.01
0.41484375		4.11315252376e-09	0.01
0.41515625		4.11315252376e-09	0.01
0.41546875		4.11315252376e-09	0.01
0.41578125		4.11315252376e-09	0.01
0.41609375		4.11315252376e-09	0.01
0.41640625		4.11315252376e-09	0.01
0.41671875		4.11315252376e-09	0.01
0.41703125		4.11315252376e-09	0.01
0.41734375		4.11315252376e-09	0.01
0.41765625		4.11315252376e-09	0.01
0.41796875		4.11315252376e-09	0.01
0.41828125		4.11315252376e-09	0.01
0.41859375		4.11315252376e-09	0.01
0.41890625		4.11315252376e-09	0.01
0.41921875		4.11315252376e-09	0.01
0.41953125		4.11315252376e-09	0.01
0.41984375		4.11315252376e-09	0.01
0.42015625		4.11315252376e-09	0.01
0.42046875		4.11315252376e-09	0.01
0.42078125		4.11315252376e-09	0.01
0.42109375		4.11315252376e-09	0.01
0.42140625		4.11315252376e-09	0.01
0.42171875		4.11315252376e-09	0.01
0.42203125		4.11315252376e-09	0.01
0.42234375		4.11315252376e-09	0.01
0.42265625		4.11315252376e-09	0.01
0.42296875		4.11315252376e-09	0.01
0.42328125		4.11315252376e-09	0.01
0.42359375		4.11315252376e-09	0.01
0.42390625		4.11315252376e-09	0.01
0.42421875		4.11315252376e-09	0.01
0.42453125		4.11315252376e-09	0.01
0.42484375		4.11315252376e-09	0.01
0.42515625		4.11315252376e-09	0.01
0.42546875		4.11315252376e-09	0.01
0.42578125		4.11315252376e-09	0.01
0.42609375		4.11315252376e-09	0.01
0.42640625		4.11315252376e-09	0.01
0.42671875		4.11315252376e-09	0.01
0.42703125		4.11315252376e-09	0.01
0.42734375		4.11315252376e-09	0.01
0.42765625		4.11315252376e-09	0.01
0.42796875		4.11315252376e-09	0.01
0.42828125		4.11315252376e-09	0.01
0.42859375		4.11315252376e-09	0.01
0.42890625		4.11315252376e-09	0.01
0.42921875		4.11315252376e-09	0.01
0.42953125		4.11315252376e-09	0.01
0.42984375		4.11315252376e-09	0.01
0.43015625		4.11315252376e-09	0.01
0.43046875		4.11315252376e-09	0.01
0.43078125		4.11315252376e-09	0.01
0.43109375		4.11315252376e-09	0.01
0.43140625		4.11315252376e-09	0.01
0.43171875		4.11315252376e-09	0.01
0.43203125		4.11315252376e-09	0.01
0.43234375		4.11315252376e-09	0.01
0.43265625		4.11315252376e-09	0.01
0.43296875		4.11315252376e-09	0.01
0.43328125		4.11315252376e-09	0.01
0.43359375		4.11315252376e-09	0.01
0.43390625		4.11315252376e-09	0.01
0.43421875		4.11315252376e-09	0.01
0.43453125		4.11315252376e-09	0.01
0.43484375		4.11315252376e-09	0.01
0.43515625		4.11315252376e-09	0.01
0.43546875		4.11315252376e-09	0.01
0.43578125		4.11315252376e-09	0.01
0.43609375		4.11315252376e-09	0.01
0.43640625		4.11315252376e-09	0.01
0.43671875		4.11315252376e-09	0.01
0.43703125		4.11315252376e-09	0.01
0.43734375		4.11315252376e-09	0.01
0.43765625		4.11315252376e-09	0.01
0.43796875		4.11315252376e-09	0.01
0.43828125		4.11315252376e-09	0.01
0.43859375		4.11315252376e-09	0.01
0.43890625		4.11315252376e-09	0.01
0.43921875		4.11315252376e-09	0.01
0.43953125		4.11315252376e-09	0.01
0.43984375		4.11315252376e-09	0.01
0.44015625		4.11315252376e-09	0.01
0.44046875		4.11315252376e-09	0.01
0.44078125		4.11315252376e-09	0.01
0.44109375		4.11315252376e-09	0.01
0.44140625		4.11315252376e-09	0.01
0.44171875		4.11315252376e-09	0.01
0.44203125		4.11315252376e-09	0.01
0.44234375		4.11315252376e-09	0.01
0.44265625		4.11315252376e-09	0.01
0.44296875		4.11315252376e-09	0.01
0.44328125		4.11315252376e-09	0.01
0.44359375		4.11315252376e-09	0.01
0.44390625		4.11315252376e-09	0.01
0.44421875		4.11315252376e-09	0.01
0.44453125		4.11315252376e-09	0.01
0.44484375		4.11315252376e-09	0.01
0.44515625		4.11315252376e-09	0.01
0.44546875		4.11315252376e-09	0.01
0.44578125		4.11315252376e-09	0.01
0.44609375		4.11315252376e-09	0.01
0.44640625		4.11315252376e-09	0.01
0.44671875		4.11315252376e-09	0.01
0.44703125		4.11315252376e-09	0.01
0.44734375		4.11315252376e-09	0.01
0.44765625		4.11315252376e-09	0.01
0.44796875		4.11315252376e-09	0.01
0.44828125		4.11315252376e-09	0.01
0.44859375		4.11315252376e-09	0.01
0.44890625		4.11315252376e-09	0.01
0.44921875		4.11315252376e-09	0.01
0.44953125		4.11315252376e-09	0.01
0.44984375		4.11315252376e-09	0.01
0.45015625		4.11315252376e-09	0.01
0.45046875		4.11315252376e-09	0.01
0.45078125		4.11315252376e-09	0.01
0.45109375		4.11315252376e-09	0.01
0.45140625		4.11315252376e-09	0.01
0.45171875		4.11315252376e-09	0.01
0.45203125		4.11315252376e-09	0.01
0.45234375		4.11315252376e-09	0.01
0.45265625		4.11315252376e-09	0.01
0.45296875		4.11315252376e-09	0.01
0.45328125		4.11315252376e-09	0.01
0.45359375		4.11315252376e-09	0.01
0.45390625		4.11315252376e-09	0.01
0.45421875		4.11315252376e-09	0.01
0.45453125		4.11315252376e-09	0.01
0.45484375		4.11315252376e-09	0.01
0.45515625		4.11315252376e-09	0.01
0.45546875		4.11315252376e-09	0.01
0.45578125		4.11315252376e-09	0.01
0.45609375		4.11315252376e-09	0.01
0.45640625		4.11315252376e-09	0.01
0.45671875		4.11315252376e-09	0.01
0.45703125		4.11315252376e-09	0.01
0.45734375		4.11315252376e-09	0.01
0.45765625		4.11315252376e-09	0.01
0.45796875		4.11315252376e-09	0.01
0.45828125		4.11315252376e-09	0.01
0.45859375		4.11315252376e-09	0.01
0.45890625		4.11315252376e-09	0.01
0.45921875		4.11315252376e-09	0.01
0.45953125		4.11315252376e-09	0.01
0.45984375		4.11315252376e-09	0.01
0.46015625		4.11315252376e-09	0.01
0.46046875		4.11315252376e-09	0.01
0.46078125		4.11315252376e-09	0.01
0.46109375		4.11315252376e-09	0.01
0.46140625		4.11315252376e-09	0.01
0.46171875		4.11315252376e-09	0.01
0.46203125		4.11315252376e-09	0.01
0.46234375		4.11315252376e-09	0.01
0.46265625		4.11315252376e-09	0.01
0.46296875		4.11315252376e-09	0.01
0.46328125		4.11315252376e-09	0.01
0.46359375		4.11315252376e-09	0.01
0.46390625		4.11315252376e-09	0.01
0.46421875		4.11315252376e-09	0.01
0.46453125		4.11315252376e-09	0.01
0.46484375		4.11315252376e-09	0.01
0.46515625		4.11315252376e-09	0.01
0.46546875		4.11315252376e-09	0.01
0.46578125		4.11315252376e-09	0.01
0.46609375		4.11315252376e-09	0.01
0.46640625		4.11315252376e-09	0.01
0.46671875		4.11315252376e-09	0.01
0.46703125		4.11315252376e-09	0.01
0.46734375		4.11315252376e-09	0.01
0.46765625		4.11315252376e-09	0.01
0.46796875		4.11315252376e-09	0.01
0.46828125		4.11315252376e-09	0.01
0.46859375		4.11315252376e-09	0.01
0.46890625		4.11315252376e-09	0.01
0.46921875		4.11315252376e-09	0.01
0.46953125		4.11315252376e-09	0.01
0.46984375		4.11315252376e-09	0.01
0.47015625		4.11315252376e-09	0.01
0.47046875		4.11315252376e-09	0.01
0.47078125		4.11315252376e-09	0.01
0.47109375		4.11315252376e-09	0.01
0.47140625		4.11315252376e-09	0.01
0.47171875		4.11315252376e-09	0.01
0.47203125		4.11315252376e-09	0.01
0.47234375		4.11315252376e-09	0.01
0.47265625		4.11315252376e-09	0.01
0.47296875		4.11315252376e-09	0.01
0.47328125		4.11315252376e-09	0.01
0.47359375		4.11315252376e-09	0.01
0.47390625		4.11315252376e-09	0.01
0.47421875		4.11315252376e-09	0.01
0.47453125		4.11315252376e-09	0.01
0.47484375		4.11315252376e-09	0.01
0.47515625		4.11315252376e-09	0.01
0.47546875		4.11315252376e-09	0.01
0.47578125		4.11315252376e-09	0.01
0.47609375		4.11315252376e-09	0.01
0.47640625		4.11315252376e-09	0.01
0.47671875		4.11315252376e-09	0.01
0.47703125		4.11315252376e-09	0.01
0.47734375		4.11315252376e-09	0.01
0.47765625		4.11315252376e-09	0.01
0.47796875		4.11315252376e-09	0.01
0.47828125		4.11315252376e-09	0.01
0.47859375		4.11315252376e-09	0.01
0.47890625		4.11315252376e-09	0.01
0.47921875		4.11315252376e-09	0.01
0.47953125		4.11315252376e-09	0.01
0.47984375		4.11315252376e-09	0.01
0.48015625		4.11315252376e-09	0.01
0.48046875		4.11315252376e-09	0.01
0.48078125		4.11315252376e-09	0.01
0.48109375		4.11315252376e-09	0.01
0.48140625		4.11315252376e-09	0.01
0.48171875		4.11315252376e-09	0.01
0.48203125		4.11315252376e-09	0.01
0.48234375		4.11315252376e-09	0.01
0.48265625		4.11315252376e-09	0.01
0.48296875		4.11315252376e-09	0.01
0.48328125		4.11315252376e-09	0.01
0.48359375		4.11315252376e-09	0.01
0.48390625		4.11315252376e-09	0.01
0.48421875		4.11315252376e-09	0.01
0.48453125		4.11315252376e-09	0.01
0.48484375		4.11315252376e-09	0.01
0.48515625		4.11315252376e-09	0.01
0.48546875		4.11315252376e-09	0.01
0.48578125		4.11315252376e-09	0.01
0.48609375		4.11315252376e-09	0.01
0.48640625		4.11315252376e-09	0.01
0.48671875		4.11315252376e-09	0.01
0.48703125		4.11315252376e-09	0.01
0.48734375		4.11315252376e-09	0.01
0.48765625		4.11315252376e-09	0.01
0.48796875		4.11315252376e-09	0.01
0.48828125		4.11315252376e-09	0.01
0.48859375		4.11315252376e-09	0.01
0.48890625		4.11315252376e-09	0.01
0.48921875		4.11315252376e-09	0.01
0.48953125		4.11315252376e-09	0.01
0.48984375		4.11315252376e-09	0.01
0.49015625		4.11315252376e-09	0.01
0.49046875		4.11315252376e-09	0.01
0.49078125		4.11315252376e-09	0.01
0.49109375		4.11315252376e-09	0.01
0.49140625		4.11315252376e-09	0.01
0.49171875		4.11315252376e-09	0.01
0.49203125		4.11315252376e-09	0.01
0.49234375		4.11315252376e-09	0.01
0.49265625		4.11315252376e-09	0.01
0.49296875		4.11315252376e-09	0.01
0.49328125		4.11315252376e-09	0.01
0.49359375		4.11315252376e-09	0.01
0.49390625		4.11315252376e-09	0.01
0.49421875		4.11315252376e-09	0.01
0.49453125		4.11315252376e-09	0.01
0.49484375		4.11315252376e-09	0.01
0.49515625		4.11315252376e-09	0.01
0.49546875		4.11315252376e-09	0.01
0.49578125		4.11315252376e-09	0.01
0.49609375		4.11315252376e-09	0.01
0.49640625		4.11315252376e-09	0.01
0.49671875		4.11315252376e-09	0.01
0.49703125		4.11315252376e-09	0.01
0.49734375		4.11315252376e-09	0.01
0.49765625		4.11315252376e-09	0.01
0.49796875		4.11315252376e-09	0.01
0.49828125		4.11315252376e-09	0.01
0.49859375		4.11315252376e-09	0.01
0.49890625		4.11315252376e-09	0.01
0.49921875		4.11315252376e-09	0.01
0.49953125		4.11315252376e-09	0.01
0.49984375		4.11315252376e-09	0.01
