0.00015625		0.410130993923	0.999279435509
0.00046875		0.409955942725	0.999172514045
0.00078125		0.40971785426	0.999027573525
0.00109375		0.409474344037	0.998879168788
0.00140625		0.409247099093	0.998740572365
0.00171875		0.409029881416	0.998608023186
0.00203125		0.408818875133	0.998479211814
0.00234375		0.408612043815	0.998352899723
0.00265625		0.408408195785	0.998228362009
0.00296875		0.408206551388	0.998105124635
0.00328125		0.408006508309	0.997982820802
0.00359375		0.407807613698	0.99786117444
0.00390625		0.407609562666	0.997739999678
0.00421875		0.407412158055	0.997619176401
0.00453125		0.407215261335	0.997498620204
0.00484375		0.407018765486	0.997378265852
0.00515625		0.406822580568	0.997258058477
0.00546875		0.406626631681	0.997137952311
0.00578125		0.406430863695	0.99701791365
0.00609375		0.40623523808	0.996897918949
0.00640625		0.406039724608	0.996777949725
0.00671875		0.405844296689	0.996657989691
0.00703125		0.405648930653	0.996538024333
0.00734375		0.405453605494	0.996418040754
0.00765625		0.405258303086	0.996298027797
0.00796875		0.405063010746	0.996177977648
0.00828125		0.404867720347	0.99605788528
0.00859375		0.404672423349	0.995937745386
0.00890625		0.404477109729	0.995817551754
0.00921875		0.404281772287	0.995697299921
0.00953125		0.404086404741	0.995576985961
0.00984375		0.403891001335	0.99545660627
0.01015625		0.40369555706	0.995336157698
0.01046875		0.40350006777	0.995215637627
0.01078125		0.403304530081	0.995095043901
0.01109375		0.403108941167	0.994974374705
0.01140625		0.402913298599	0.994853628471
0.01171875		0.402717600255	0.994732803812
0.01203125		0.40252184427	0.994611899503
0.01234375		0.402326029008	0.994490914455
0.01265625		0.402130153016	0.994369847692
0.01296875		0.401934214998	0.994248698335
0.01328125		0.401738213828	0.994127465607
0.01359375		0.401542148573	0.994006148849
0.01390625		0.401346018441	0.993884747491
0.01421875		0.401149822704	0.993763260998
0.01453125		0.400953560676	0.993641688864
0.01484375		0.400757231737	0.993520030619
0.01515625		0.400560835349	0.993398285848
0.01546875		0.400364371051	0.993276454178
0.01578125		0.400167838431	0.993154535271
0.01609375		0.399971237124	0.993032528813
0.01640625		0.399774566797	0.992910434513
0.01671875		0.399577827147	0.992788252095
0.01703125		0.399381017901	0.992665981304
0.01734375		0.399184138808	0.992543621897
0.01765625		0.398987189646	0.992421173648
0.01796875		0.398790170214	0.992298636345
0.01828125		0.398593080323	0.992176009782
0.01859375		0.398395919797	0.992053293763
0.01890625		0.398198688472	0.991930488096
0.01921875		0.398001386195	0.991807592597
0.01953125		0.397804012823	0.991684607089
0.01984375		0.397606568227	0.991561531401
0.02015625		0.397409052282	0.991438365366
0.02046875		0.397211464871	0.991315108823
0.02078125		0.397013805882	0.99119176161
0.02109375		0.396816075207	0.991068323571
0.02140625		0.396618272746	0.990944794552
0.02171875		0.396420398401	0.990821174402
0.02203125		0.39622245208	0.990697462972
0.02234375		0.396024433691	0.990573660114
0.02265625		0.395826343147	0.990449765682
0.02296875		0.395628180362	0.990325779531
0.02328125		0.395429945254	0.990201701518
0.02359375		0.395231637741	0.990077531499
0.02390625		0.395033257744	0.989953269333
0.02421875		0.394834805185	0.989828914877
0.02453125		0.394636279987	0.989704467993
0.02484375		0.394437682074	0.989579928538
0.02515625		0.394239011372	0.989455296375
0.02546875		0.394040267807	0.989330571362
0.02578125		0.393841451307	0.98920575336
0.02609375		0.393642561799	0.989080842231
0.02640625		0.393443599211	0.988955837836
0.02671875		0.393244563472	0.988830740035
0.02703125		0.393045454511	0.98870554869
0.02734375		0.392846272259	0.988580263662
0.02765625		0.392647016644	0.988454884811
0.02796875		0.392447687598	0.988329412
0.02828125		0.39224828505	0.988203845088
0.02859375		0.392048808931	0.988078183936
0.02890625		0.391849259172	0.987952428406
0.02921875		0.391649635704	0.987826578358
0.02953125		0.391449938458	0.987700633652
0.02984375		0.391250167364	0.987574594147
0.03015625		0.391050322355	0.987448459705
0.03046875		0.39085040336	0.987322230184
0.03078125		0.390650410312	0.987195905444
0.03109375		0.390450343141	0.987069485344
0.03140625		0.390250201778	0.986942969743
0.03171875		0.390049986155	0.9868163585
0.03203125		0.389849696202	0.986689651473
0.03234375		0.389649331851	0.986562848521
0.03265625		0.389448893032	0.9864359495
0.03296875		0.389248379676	0.986308954269
0.03328125		0.389047791715	0.986181862685
0.03359375		0.388847129078	0.986054674604
0.03390625		0.388646391697	0.985927389884
0.03421875		0.388445579503	0.985800008381
0.03453125		0.388244692424	0.98567252995
0.03484375		0.388043730393	0.985544954448
0.03515625		0.387842693338	0.98541728173
0.03546875		0.387641581191	0.98528951165
0.03578125		0.387440393881	0.985161644064
0.03609375		0.387239131338	0.985033678826
0.03640625		0.387037793493	0.98490561579
0.03671875		0.386836380274	0.984777454811
0.03703125		0.386634891612	0.98464919574
0.03734375		0.386433327435	0.984520838432
0.03765625		0.386231687674	0.984392382738
0.03796875		0.386029972257	0.984263828513
0.03828125		0.385828181113	0.984135175606
0.03859375		0.385626314172	0.984006423872
0.03890625		0.385424371362	0.983877573159
0.03921875		0.385222352612	0.983748623321
0.03953125		0.385020257851	0.983619574207
0.03984375		0.384818087007	0.983490425668
0.04015625		0.384615840008	0.983361177553
0.04046875		0.384413516783	0.983231829713
0.04078125		0.384211117259	0.983102381996
0.04109375		0.384008641365	0.982972834252
0.04140625		0.383806089029	0.982843186329
0.04171875		0.383603460177	0.982713438076
0.04203125		0.383400754738	0.982583589339
0.04234375		0.383197972639	0.982453639968
0.04265625		0.382995113807	0.982323589808
0.04296875		0.38279217817	0.982193438707
0.04328125		0.382589165653	0.982063186511
0.04359375		0.382386076185	0.981932833066
0.04390625		0.382182909691	0.981802378217
0.04421875		0.381979666099	0.981671821811
0.04453125		0.381776345335	0.981541163692
0.04484375		0.381572947325	0.981410403704
0.04515625		0.381369471994	0.981279541692
0.04546875		0.381165919271	0.9811485775
0.04578125		0.380962289079	0.981017510971
0.04609375		0.380758581344	0.980886341948
0.04640625		0.380554795993	0.980755070273
0.04671875		0.380350932951	0.98062369579
0.04703125		0.380146992143	0.98049221834
0.04734375		0.379942973493	0.980360637765
0.04765625		0.379738876928	0.980228953905
0.04796875		0.379534702372	0.980097166602
0.04828125		0.37933044975	0.979965275696
0.04859375		0.379126118985	0.979833281027
0.04890625		0.378921710003	0.979701182435
0.04921875		0.378717222728	0.979568979759
0.04953125		0.378512657084	0.979436672838
0.04984375		0.378308012995	0.97930426151
0.05015625		0.378103290385	0.979171745613
0.05046875		0.377898489177	0.979039124986
0.05078125		0.377693609295	0.978906399465
0.05109375		0.377488650662	0.978773568887
0.05140625		0.377283613201	0.978640633089
0.05171875		0.377078496836	0.978507591907
0.05203125		0.376873301489	0.978374445176
0.05234375		0.376668027084	0.978241192733
0.05265625		0.376462673542	0.978107834411
0.05296875		0.376257240787	0.977974370045
0.05328125		0.37605172874	0.97784079947
0.05359375		0.375846137324	0.977707122519
0.05390625		0.37564046646	0.977573339025
0.05421875		0.375434716071	0.977439448822
0.05453125		0.375228886078	0.977305451741
0.05484375		0.375022976403	0.977171347615
0.05515625		0.374816986967	0.977037136275
0.05546875		0.374610917691	0.976902817553
0.05578125		0.374404768497	0.976768391279
0.05609375		0.374198539305	0.976633857284
0.05640625		0.373992230036	0.976499215398
0.05671875		0.37378584061	0.97636446545
0.05703125		0.373579370949	0.976229607269
0.05734375		0.373372820972	0.976094640685
0.05765625		0.373166190599	0.975959565525
0.05796875		0.372959479751	0.975824381617
0.05828125		0.372752688347	0.975689088789
0.05859375		0.372545816306	0.975553686867
0.05890625		0.372338863549	0.975418175679
0.05921875		0.372131829994	0.97528255505
0.05953125		0.371924715561	0.975146824806
0.05984375		0.371717520169	0.975010984772
0.06015625		0.371510243736	0.974875034774
0.06046875		0.371302886182	0.974738974635
0.06078125		0.371095447424	0.97460280418
0.06109375		0.370887927381	0.974466523231
0.06140625		0.370680325971	0.974330131613
0.06171875		0.370472643113	0.974193629147
0.06203125		0.370264878723	0.974057015657
0.06234375		0.37005703272	0.973920290963
0.06265625		0.369849105021	0.973783454886
0.06296875		0.369641095544	0.973646507249
0.06328125		0.369433004205	0.973509447871
0.06359375		0.369224830922	0.973372276572
0.06390625		0.369016575611	0.973234993171
0.06421875		0.36880823819	0.973097597488
0.06453125		0.368599818574	0.972960089341
0.06484375		0.36839131668	0.972822468548
0.06515625		0.368182732424	0.972684734928
0.06546875		0.367974065722	0.972546888296
0.06578125		0.36776531649	0.97240892847
0.06609375		0.367556484643	0.972270855266
0.06640625		0.367347570097	0.9721326685
0.06671875		0.367138572767	0.971994367988
0.06703125		0.366929492569	0.971855953543
0.06734375		0.366720329417	0.97171742498
0.06765625		0.366511083226	0.971578782114
0.06796875		0.36630175391	0.971440024758
0.06828125		0.366092341385	0.971301152725
0.06859375		0.365882845563	0.971162165826
0.06890625		0.36567326636	0.971023063875
0.06921875		0.365463603689	0.970883846683
0.06953125		0.365253857464	0.97074451406
0.06984375		0.365044027598	0.970605065817
0.07015625		0.364834114005	0.970465501765
0.07046875		0.364624116597	0.970325821713
0.07078125		0.364414035289	0.97018602547
0.07109375		0.364203869992	0.970046112844
0.07140625		0.363993620619	0.969906083644
0.07171875		0.363783287083	0.969765937677
0.07203125		0.363572869296	0.969625674751
0.07234375		0.36336236717	0.969485294672
0.07265625		0.363151780617	0.969344797245
0.07296875		0.362941109548	0.969204182278
0.07328125		0.362730353876	0.969063449574
0.07359375		0.36251951351	0.968922598939
0.07390625		0.362308588364	0.968781630176
0.07421875		0.362097578347	0.968640543089
0.07453125		0.36188648337	0.968499337481
0.07484375		0.361675303344	0.968358013155
0.07515625		0.361464038179	0.968216569913
0.07546875		0.361252687786	0.968075007556
0.07578125		0.361041252074	0.967933325885
0.07609375		0.360829730954	0.967791524701
0.07640625		0.360618124334	0.967649603803
0.07671875		0.360406432125	0.967507562992
0.07703125		0.360194654236	0.967365402066
0.07734375		0.359982790575	0.967223120823
0.07765625		0.359770841051	0.967080719062
0.07796875		0.359558805574	0.966938196579
0.07828125		0.359346684052	0.966795553171
0.07859375		0.359134476393	0.966652788635
0.07890625		0.358922182505	0.966509902767
0.07921875		0.358709802296	0.966366895361
0.07953125		0.358497335673	0.966223766212
0.07984375		0.358284782545	0.966080515115
0.08015625		0.358072142818	0.965937141862
0.08046875		0.3578594164	0.965793646247
0.08078125		0.357646603197	0.965650028063
0.08109375		0.357433703116	0.965506287101
0.08140625		0.357220716064	0.965362423152
0.08171875		0.357007641947	0.965218436008
0.08203125		0.356794480672	0.965074325458
0.08234375		0.356581232143	0.964930091292
0.08265625		0.356367896267	0.9647857333
0.08296875		0.356154472949	0.96464125127
0.08328125		0.355940962095	0.96449664499
0.08359375		0.355727363609	0.964351914247
0.08390625		0.355513677397	0.964207058829
0.08421875		0.355299903363	0.964062078521
0.08453125		0.355086041411	0.963916973109
0.08484375		0.354872091447	0.963771742379
0.08515625		0.354658053373	0.963626386114
0.08546875		0.354443927094	0.9634809041
0.08578125		0.354229712513	0.963335296119
0.08609375		0.354015409535	0.963189561953
0.08640625		0.353801018061	0.963043701387
0.08671875		0.353586537995	0.9628977142
0.08703125		0.35337196924	0.962751600175
0.08734375		0.353157311699	0.962605359091
0.08765625		0.352942565273	0.962458990728
0.08796875		0.352727729866	0.962312494866
0.08828125		0.352512805378	0.962165871284
0.08859375		0.352297791712	0.962019119758
0.08890625		0.352082688769	0.961872240068
0.08921875		0.35186749645	0.96172523199
0.08953125		0.351652214657	0.961578095299
0.08984375		0.35143684329	0.961430829772
0.09015625		0.35122138225	0.961283435184
0.09046875		0.351005831437	0.961135911309
0.09078125		0.350790190752	0.960988257921
0.09109375		0.350574460095	0.960840474793
0.09140625		0.350358639365	0.960692561698
0.09171875		0.350142728461	0.960544518407
0.09203125		0.349926727284	0.960396344692
0.09234375		0.349710635732	0.960248040324
0.09265625		0.349494453704	0.960099605073
0.09296875		0.349278181099	0.959951038707
0.09328125		0.349061817815	0.959802340997
0.09359375		0.34884536375	0.959653511709
0.09390625		0.348628818803	0.959504550613
0.09421875		0.348412182871	0.959355457473
0.09453125		0.348195455851	0.959206232057
0.09484375		0.347978637641	0.95905687413
0.09515625		0.347761728137	0.958907383458
0.09546875		0.347544727238	0.958757759804
0.09578125		0.347327634838	0.958608002931
0.09609375		0.347110450835	0.958458112604
0.09640625		0.346893175125	0.958308088584
0.09671875		0.346675807603	0.958157930634
0.09703125		0.346458348166	0.958007638513
0.09734375		0.346240796708	0.957857211982
0.09765625		0.346023153125	0.957706650801
0.09796875		0.345805417311	0.957555954729
0.09828125		0.345587589162	0.957405123524
0.09859375		0.345369668572	0.957254156944
0.09890625		0.345151655434	0.957103054745
0.09921875		0.344933549644	0.956951816684
0.09953125		0.344715351095	0.956800442517
0.09984375		0.344497059679	0.956648931999
0.10015625		0.344278675292	0.956497284882
0.10046875		0.344060197825	0.956345500922
0.10078125		0.343841627171	0.956193579871
0.10109375		0.343622963223	0.956041521481
0.10140625		0.343404205873	0.955889325503
0.10171875		0.343185355013	0.955736991688
0.10203125		0.342966410535	0.955584519787
0.10234375		0.34274737233	0.955431909548
0.10265625		0.34252824029	0.955279160719
0.10296875		0.342309014306	0.95512627305
0.10328125		0.342089694268	0.954973246287
0.10359375		0.341870280068	0.954820080175
0.10390625		0.341650771594	0.954666774462
0.10421875		0.341431168738	0.954513328893
0.10453125		0.34121147139	0.95435974321
0.10484375		0.340991679437	0.954206017158
0.10515625		0.340771792771	0.95405215048
0.10546875		0.340551811279	0.953898142918
0.10578125		0.340331734851	0.953743994212
0.10609375		0.340111563376	0.953589704104
0.10640625		0.33989129674	0.953435272334
0.10671875		0.339670934833	0.953280698639
0.10703125		0.339450477542	0.95312598276
0.10734375		0.339229924754	0.952971124433
0.10765625		0.339009276357	0.952816123395
0.10796875		0.338788532237	0.952660979382
0.10828125		0.338567692282	0.95250569213
0.10859375		0.338346756377	0.952350261372
0.10890625		0.338125724409	0.952194686844
0.10921875		0.337904596263	0.952038968277
0.10953125		0.337683371826	0.951883105404
0.10984375		0.337462050982	0.951727097956
0.11015625		0.337240633616	0.951570945664
0.11046875		0.337019119614	0.951414648258
0.11078125		0.336797508859	0.951258205467
0.11109375		0.336575801236	0.95110161702
0.11140625		0.33635399663	0.950944882643
0.11171875		0.336132094923	0.950788002063
0.11203125		0.335910095999	0.950630975007
0.11234375		0.335687999741	0.950473801199
0.11265625		0.335465806032	0.950316480363
0.11296875		0.335243514755	0.950159012224
0.11328125		0.335021125791	0.950001396504
0.11359375		0.334798639024	0.949843632924
0.11390625		0.334576054333	0.949685721206
0.11421875		0.334353371603	0.949527661069
0.11453125		0.334130590712	0.949369452234
0.11484375		0.333907711542	0.949211094419
0.11515625		0.333684733974	0.949052587341
0.11546875		0.333461657888	0.948893930718
0.11578125		0.333238483164	0.948735124265
0.11609375		0.333015209682	0.948576167697
0.11640625		0.332791837321	0.94841706073
0.11671875		0.33256836596	0.948257803076
0.11703125		0.332344795478	0.948098394448
0.11734375		0.332121125754	0.947938834558
0.11765625		0.331897356667	0.947779123117
0.11796875		0.331673488093	0.947619259835
0.11828125		0.331449519911	0.947459244421
0.11859375		0.331225451998	0.947299076584
0.11890625		0.331001284231	0.94713875603
0.11921875		0.330777016487	0.946978282467
0.11953125		0.330552648642	0.9468176556
0.11984375		0.330328180574	0.946656875134
0.12015625		0.330103612156	0.946495940774
0.12046875		0.329878943266	0.946334852221
0.12078125		0.329654173779	0.946173609178
0.12109375		0.329429303568	0.946012211347
0.12140625		0.32920433251	0.945850658428
0.12171875		0.328979260478	0.945688950119
0.12203125		0.328754087347	0.945527086121
0.12234375		0.328528812989	0.94536506613
0.12265625		0.32830343728	0.945202889842
0.12296875		0.328077960091	0.945040556955
0.12328125		0.327852381296	0.944878067162
0.12359375		0.327626700767	0.944715420158
0.12390625		0.327400918376	0.944552615636
0.12421875		0.327175033995	0.944389653287
0.12453125		0.326949047496	0.944226532803
0.12484375		0.32672295875	0.944063253873
0.12515625		0.326496767628	0.943899816188
0.12546875		0.326270474	0.943736219435
0.12578125		0.326044077737	0.943572463302
0.12609375		0.325817578709	0.943408547475
0.12640625		0.325590976784	0.94324447164
0.12671875		0.325364271834	0.94308023548
0.12703125		0.325137463726	0.942915838679
0.12734375		0.324910552329	0.942751280921
0.12765625		0.324683537511	0.942586561885
0.12796875		0.324456419141	0.942421681253
0.12828125		0.324229197086	0.942256638705
0.12859375		0.324001871214	0.942091433919
0.12890625		0.323774441391	0.941926066571
0.12921875		0.323546907484	0.94176053634
0.12953125		0.323319269359	0.9415948429
0.12984375		0.323091526883	0.941428985926
0.13015625		0.322863679921	0.941262965091
0.13046875		0.322635728338	0.941096780069
0.13078125		0.322407672	0.940930430529
0.13109375		0.32217951077	0.940763916143
0.13140625		0.321951244514	0.940597236581
0.13171875		0.321722873095	0.94043039151
0.13203125		0.321494396376	0.940263380598
0.13234375		0.321265814221	0.940096203511
0.13265625		0.321037126493	0.939928859914
0.13296875		0.320808333055	0.939761349472
0.13328125		0.320579433768	0.939593671848
0.13359375		0.320350428494	0.939425826703
0.13390625		0.320121317095	0.939257813699
0.13421875		0.319892099432	0.939089632496
0.13453125		0.319662775366	0.938921282752
0.13484375		0.319433344757	0.938752764126
0.13515625		0.319203807466	0.938584076273
0.13546875		0.318974163351	0.93841521885
0.13578125		0.318744412272	0.938246191511
0.13609375		0.318514554089	0.93807699391
0.13640625		0.318284588659	0.937907625698
0.13671875		0.318054515842	0.937738086527
0.13703125		0.317824335494	0.937568376047
0.13734375		0.317594047474	0.937398493907
0.13765625		0.317363651638	0.937228439754
0.13796875		0.317133147843	0.937058213236
0.13828125		0.316902535947	0.936887813999
0.13859375		0.316671815804	0.936717241685
0.13890625		0.31644098727	0.936546495939
0.13921875		0.316210050201	0.936375576404
0.13953125		0.315979004451	0.936204482719
0.13984375		0.315747849875	0.936033214525
0.14015625		0.315516586328	0.93586177146
0.14046875		0.315285213662	0.935690153162
0.14078125		0.315053731732	0.935518359267
0.14109375		0.314822140389	0.93534638941
0.14140625		0.314590439487	0.935174243226
0.14171875		0.314358628879	0.935001920347
0.14203125		0.314126708415	0.934829420404
0.14234375		0.313894677947	0.934656743029
0.14265625		0.313662537326	0.934483887849
0.14296875		0.313430286403	0.934310854494
0.14328125		0.313197925029	0.93413764259
0.14359375		0.312965453052	0.933964251762
0.14390625		0.312732870322	0.933790681635
0.14421875		0.312500176688	0.933616931832
0.14453125		0.312267372	0.933443001974
0.14484375		0.312034456105	0.933268891683
0.14515625		0.31180142885	0.933094600577
0.14546875		0.311568290084	0.932920128275
0.14578125		0.311335039654	0.932745474394
0.14609375		0.311101677405	0.932570638548
0.14640625		0.310868203185	0.932395620353
0.14671875		0.310634616839	0.932220419422
0.14703125		0.310400918212	0.932045035365
0.14734375		0.310167107149	0.931869467795
0.14765625		0.309933183495	0.931693716319
0.14796875		0.309699147093	0.931517780545
0.14828125		0.309464997789	0.931341660081
0.14859375		0.309230735424	0.931165354531
0.14890625		0.308996359842	0.9309888635
0.14921875		0.308761870885	0.930812186589
0.14953125		0.308527268394	0.930635323401
0.14984375		0.308292552213	0.930458273535
0.15015625		0.308057722181	0.93028103659
0.15046875		0.307822778139	0.930103612163
0.15078125		0.307587719928	0.929925999849
0.15109375		0.307352547388	0.929748199244
0.15140625		0.307117260357	0.929570209941
0.15171875		0.306881858675	0.929392031532
0.15203125		0.306646342181	0.929213663606
0.15234375		0.306410710711	0.929035105753
0.15265625		0.306174964105	0.92885635756
0.15296875		0.305939102198	0.928677418615
0.15328125		0.305703124829	0.928498288501
0.15359375		0.305467031832	0.928318966802
0.15390625		0.305230823044	0.9281394531
0.15421875		0.3049944983	0.927959746977
0.15453125		0.304758057436	0.92777984801
0.15484375		0.304521500285	0.927599755777
0.15515625		0.304284826681	0.927419469856
0.15546875		0.304048036459	0.92723898982
0.15578125		0.30381112945	0.927058315243
0.15609375		0.303574105488	0.926877445698
0.15640625		0.303336964405	0.926696380754
0.15671875		0.303099706033	0.926515119981
0.15703125		0.302862330202	0.926333662945
0.15734375		0.302624836743	0.926152009214
0.15765625		0.302387225487	0.925970158351
0.15796875		0.302149496263	0.925788109919
0.15828125		0.301911648901	0.925605863481
0.15859375		0.301673683229	0.925423418595
0.15890625		0.301435599076	0.925240774821
0.15921875		0.30119739627	0.925057931716
0.15953125		0.300959074637	0.924874888834
0.15984375		0.300720634006	0.924691645729
0.16015625		0.300482074201	0.924508201954
0.16046875		0.30024339505	0.92432455706
0.16078125		0.300004596376	0.924140710595
0.16109375		0.299765678007	0.923956662108
0.16140625		0.299526639764	0.923772411144
0.16171875		0.299287481474	0.923587957247
0.16203125		0.299048202958	0.923403299961
0.16234375		0.29880880404	0.923218438826
0.16265625		0.298569284543	0.923033373382
0.16296875		0.298329644287	0.922848103167
0.16328125		0.298089883095	0.922662627718
0.16359375		0.297850000788	0.922476946568
0.16390625		0.297609997185	0.922291059252
0.16421875		0.297369872106	0.9221049653
0.16453125		0.297129625371	0.921918664242
0.16484375		0.296889256798	0.921732155606
0.16515625		0.296648766207	0.921545438919
0.16546875		0.296408153413	0.921358513705
0.16578125		0.296167418236	0.921171379487
0.16609375		0.29592656049	0.920984035786
0.16640625		0.295685579993	0.920796482123
0.16671875		0.295444476561	0.920608718015
0.16703125		0.295203250007	0.920420742977
0.16734375		0.294961900147	0.920232556525
0.16765625		0.294720426794	0.920044158171
0.16796875		0.294478829762	0.919855547426
0.16828125		0.294237108865	0.919666723799
0.16859375		0.293995263913	0.919477686797
0.16890625		0.29375329472	0.919288435927
0.16921875		0.293511201096	0.919098970691
0.16953125		0.293268982852	0.918909290592
0.16984375		0.293026639798	0.91871939513
0.17015625		0.292784171743	0.918529283804
0.17046875		0.292541578497	0.91833895611
0.17078125		0.292298859869	0.918148411542
0.17109375		0.292056015665	0.917957649594
0.17140625		0.291813045693	0.917766669756
0.17171875		0.291569949761	0.917575471518
0.17203125		0.291326727673	0.917384054368
0.17234375		0.291083379236	0.91719241779
0.17265625		0.290839904255	0.917000561268
0.17296875		0.290596302534	0.916808484284
0.17328125		0.290352573877	0.916616186318
0.17359375		0.290108718087	0.916423666846
0.17390625		0.289864734967	0.916230925347
0.17421875		0.289620624319	0.916037961292
0.17453125		0.289376385944	0.915844774155
0.17484375		0.289132019643	0.915651363405
0.17515625		0.288887525217	0.915457728511
0.17546875		0.288642902465	0.915263868938
0.17578125		0.288398151186	0.915069784151
0.17609375		0.288153271178	0.914875473612
0.17640625		0.287908262241	0.914680936781
0.17671875		0.287663124169	0.914486173117
0.17703125		0.287417856762	0.914291182075
0.17734375		0.287172459813	0.91409596311
0.17765625		0.286926933119	0.913900515673
0.17796875		0.286681276475	0.913704839215
0.17828125		0.286435489674	0.913508933183
0.17859375		0.286189572511	0.913312797024
0.17890625		0.285943524777	0.913116430181
0.17921875		0.285697346265	0.912919832096
0.17953125		0.285451036767	0.912723002208
0.17984375		0.285204596074	0.912525939955
0.18015625		0.284958023975	0.912328644773
0.18046875		0.284711320262	0.912131116093
0.18078125		0.284464484722	0.911933353349
0.18109375		0.284217517144	0.911735355967
0.18140625		0.283970417315	0.911537123376
0.18171875		0.283723185023	0.911338654999
0.18203125		0.283475820055	0.911139950259
0.18234375		0.283228322195	0.910941008576
0.18265625		0.282980691229	0.910741829367
0.18296875		0.282732926942	0.91054241205
0.18328125		0.282485029116	0.910342756036
0.18359375		0.282236997535	0.910142860737
0.18390625		0.281988831982	0.909942725563
0.18421875		0.281740532237	0.909742349919
0.18453125		0.281492098083	0.90954173321
0.18484375		0.281243529299	0.909340874838
0.18515625		0.280994825665	0.909139774203
0.18546875		0.280745986959	0.908938430703
0.18578125		0.280497012961	0.908736843731
0.18609375		0.280247903447	0.908535012682
0.18640625		0.279998658194	0.908332936945
0.18671875		0.279749276979	0.908130615908
0.18703125		0.279499759577	0.907928048957
0.18734375		0.279250105762	0.907725235476
0.18765625		0.279000315309	0.907522174844
0.18796875		0.27875038799	0.907318866441
0.18828125		0.278500323579	0.907115309642
0.18859375		0.278250121846	0.906911503821
0.18890625		0.277999782564	0.906707448348
0.18921875		0.277749305502	0.906503142593
0.18953125		0.27749869043	0.906298585921
0.18984375		0.277247937117	0.906093777696
0.19015625		0.27699704533	0.905888717279
0.19046875		0.276746014838	0.905683404028
0.19078125		0.276494845407	0.9054778373
0.19109375		0.276243536803	0.905272016447
0.19140625		0.27599208879	0.905065940821
0.19171875		0.275740501133	0.90485960977
0.19203125		0.275488773597	0.904653022639
0.19234375		0.275236905942	0.904446178772
0.19265625		0.274984897933	0.904239077509
0.19296875		0.274732749328	0.904031718188
0.19328125		0.274480459891	0.903824100143
0.19359375		0.274228029379	0.903616222707
0.19390625		0.273975457552	0.903408085211
0.19421875		0.273722744168	0.903199686981
0.19453125		0.273469888984	0.90299102734
0.19484375		0.273216891757	0.902782105612
0.19515625		0.272963752242	0.902572921115
0.19546875		0.272710470195	0.902363473165
0.19578125		0.27245704537	0.902153761075
0.19609375		0.272203477519	0.901943784156
0.19640625		0.271949766395	0.901733541716
0.19671875		0.27169591175	0.901523033059
0.19703125		0.271441913335	0.901312257488
0.19734375		0.2711877709	0.901101214302
0.19765625		0.270933484193	0.900889902797
0.19796875		0.270679052964	0.900678322266
0.19828125		0.270424476959	0.900466472001
0.19859375		0.270169755926	0.900254351289
0.19890625		0.26991488961	0.900041959414
0.19921875		0.269659877755	0.89982929566
0.19953125		0.269404720107	0.899616359303
0.19984375		0.269149416409	0.89940314962
0.20015625		0.268893966401	0.899189665885
0.20046875		0.268638369828	0.898975907366
0.20078125		0.268382626427	0.898761873332
0.20109375		0.268126735941	0.898547563044
0.20140625		0.267870698106	0.898332975765
0.20171875		0.267614512662	0.898118110751
0.20203125		0.267358179345	0.897902967257
0.20234375		0.267101697892	0.897687544536
0.20265625		0.266845068038	0.897471841834
0.20296875		0.266588289516	0.897255858397
0.20328125		0.266331362062	0.897039593466
0.20359375		0.266074285406	0.896823046282
0.20390625		0.265817059281	0.896606216078
0.20421875		0.265559683418	0.896389102088
0.20453125		0.265302157546	0.896171703541
0.20484375		0.265044481394	0.895954019662
0.20515625		0.26478665469	0.895736049673
0.20546875		0.264528677161	0.895517792795
0.20578125		0.264270548534	0.895299248243
0.20609375		0.264012268532	0.895080415229
0.20640625		0.26375383688	0.894861292963
0.20671875		0.263495253302	0.89464188065
0.20703125		0.263236517519	0.894422177493
0.20734375		0.262977629252	0.894202182691
0.20765625		0.262718588223	0.89398189544
0.20796875		0.26245939415	0.893761314931
0.20828125		0.262200046752	0.893540440354
0.20859375		0.261940545745	0.893319270893
0.20890625		0.261680890847	0.893097805729
0.20921875		0.261421081772	0.892876044042
0.20953125		0.261161118234	0.892653985006
0.20984375		0.260900999948	0.892431627791
0.21015625		0.260640726625	0.892208971565
0.21046875		0.260380297976	0.891986015492
0.21078125		0.260119713712	0.891762758731
0.21109375		0.259858973542	0.891539200439
0.21140625		0.259598077174	0.89131533977
0.21171875		0.259337024315	0.891091175871
0.21203125		0.259075814672	0.890866707888
0.21234375		0.258814447948	0.890641934963
0.21265625		0.258552923849	0.890416856233
0.21296875		0.258291242077	0.890191470832
0.21328125		0.258029402334	0.889965777891
0.21359375		0.257767404321	0.889739776536
0.21390625		0.257505247737	0.889513465889
0.21421875		0.257242932281	0.889286845069
0.21453125		0.25698045765	0.889059913191
0.21484375		0.256717823541	0.888832669364
0.21515625		0.25645502965	0.888605112696
0.21546875		0.25619207567	0.88837724229
0.21578125		0.255928961294	0.888149057244
0.21609375		0.255665686214	0.887920556653
0.21640625		0.255402250122	0.887691739608
0.21671875		0.255138652707	0.887462605195
0.21703125		0.254874893657	0.887233152496
0.21734375		0.25461097266	0.887003380591
0.21765625		0.254346889403	0.886773288553
0.21796875		0.25408264357	0.886542875452
0.21828125		0.253818234845	0.886312140354
0.21859375		0.253553662911	0.88608108232
0.21890625		0.253288927449	0.885849700409
0.21921875		0.253024028141	0.885617993672
0.21953125		0.252758964665	0.885385961158
0.21984375		0.2524937367	0.885153601912
0.22015625		0.252228343922	0.884920914975
0.22046875		0.251962786006	0.88468789938
0.22078125		0.251697062628	0.88445455416
0.22109375		0.251431173461	0.884220878342
0.22140625		0.251165118176	0.883986870947
0.22171875		0.250898896445	0.883752530993
0.22203125		0.250632507936	0.883517857494
0.22234375		0.250365952319	0.883282849457
0.22265625		0.25009922926	0.883047505889
0.22296875		0.249832338424	0.882811825786
0.22328125		0.249565279477	0.882575808146
0.22359375		0.249298052082	0.882339451957
0.22390625		0.2490306559	0.882102756205
0.22421875		0.248763090593	0.88186571987
0.22453125		0.248495355819	0.88162834193
0.22484375		0.248227451237	0.881390621354
0.22515625		0.247959376504	0.881152557109
0.22546875		0.247691131274	0.880914148156
0.22578125		0.247422715202	0.880675393453
0.22609375		0.247154127941	0.88043629195
0.22640625		0.246885369143	0.880196842595
0.22671875		0.246616438457	0.879957044329
0.22703125		0.246347335532	0.879716896089
0.22734375		0.246078060016	0.879476396806
0.22765625		0.245808611554	0.879235545407
0.22796875		0.245538989791	0.878994340813
0.22828125		0.245269194371	0.878752781942
0.22859375		0.244999224936	0.878510867703
0.22890625		0.244729081125	0.878268597004
0.22921875		0.244458762578	0.878025968743
0.22953125		0.244188268933	0.877782981818
0.22984375		0.243917599826	0.877539635118
0.23015625		0.243646754892	0.877295927527
0.23046875		0.243375733764	0.877051857926
0.23078125		0.243104536074	0.876807425188
0.23109375		0.242833161452	0.876562628182
0.23140625		0.242561609528	0.87631746577
0.23171875		0.242289879929	0.87607193681
0.23203125		0.242017972281	0.875826040154
0.23234375		0.241745886209	0.875579774649
0.23265625		0.241473621335	0.875333139134
0.23296875		0.241201177282	0.875086132446
0.23328125		0.24092855367	0.874838753412
0.23359375		0.240655750116	0.874591000858
0.23390625		0.240382766239	0.8743428736
0.23421875		0.240109601653	0.874094370451
0.23453125		0.239836255972	0.873845490217
0.23484375		0.239562728809	0.873596231697
0.23515625		0.239289019775	0.873346593686
0.23546875		0.239015128479	0.873096574973
0.23578125		0.238741054528	0.872846174339
0.23609375		0.238466797528	0.872595390561
0.23640625		0.238192357085	0.872344222408
0.23671875		0.2379177328	0.872092668645
0.23703125		0.237642924275	0.871840728029
0.23734375		0.23736793111	0.871588399312
0.23765625		0.237092752902	0.87133568124
0.23796875		0.236817389248	0.87108257255
0.23828125		0.236541839742	0.870829071975
0.23859375		0.236266103978	0.870575178242
0.23890625		0.235990181546	0.870320890071
0.23921875		0.235714072036	0.870066206174
0.23953125		0.235437775036	0.869811125258
0.23984375		0.235161290133	0.869555646023
0.24015625		0.23488461691	0.869299767163
0.24046875		0.234607754951	0.869043487365
0.24078125		0.234330703835	0.868786805308
0.24109375		0.234053463144	0.868529719666
0.24140625		0.233776032453	0.868272229106
0.24171875		0.233498411339	0.868014332286
0.24203125		0.233220599376	0.86775602786
0.24234375		0.232942596135	0.867497314474
0.24265625		0.232664401187	0.867238190766
0.24296875		0.2323860141	0.866978655369
0.24328125		0.232107434442	0.866718706906
0.24359375		0.231828661776	0.866458343995
0.24390625		0.231549695667	0.866197565247
0.24421875		0.231270535674	0.865936369264
0.24453125		0.230991181357	0.865674754642
0.24484375		0.230711632274	0.86541271997
0.24515625		0.23043188798	0.865150263829
0.24546875		0.230151948029	0.864887384791
0.24578125		0.229871811971	0.864624081423
0.24609375		0.229591479357	0.864360352284
0.24640625		0.229310949735	0.864096195924
0.24671875		0.22903022265	0.863831610887
0.24703125		0.228749297646	0.863566595707
0.24734375		0.228468174265	0.863301148912
0.24765625		0.228186852046	0.863035269022
0.24796875		0.227905330529	0.862768954549
0.24828125		0.227623609247	0.862502203997
0.24859375		0.227341687736	0.862235015861
0.24890625		0.227059565527	0.86196738863
0.24921875		0.22677724215	0.861699320783
0.24953125		0.226494717132	0.861430810792
0.24984375		0.226211989998	0.861161857119
0.25015625		0.225929060273	0.86089245822
0.25046875		0.225645927477	0.860622612541
0.25078125		0.22536259113	0.860352318521
0.25109375		0.225079050749	0.860081574588
0.25140625		0.224795305849	0.859810379165
0.25171875		0.224511355942	0.859538730662
0.25203125		0.22422720054	0.859266627485
0.25234375		0.22394283915	0.858994068028
0.25265625		0.223658271278	0.858721050678
0.25296875		0.223373496429	0.858447573811
0.25328125		0.223088514105	0.858173635796
0.25359375		0.222803323804	0.857899234992
0.25390625		0.222517925025	0.857624369749
0.25421875		0.222232317261	0.85734903841
0.25453125		0.221946500007	0.857073239304
0.25484375		0.221660472751	0.856796970756
0.25515625		0.221374234982	0.856520231077
0.25546875		0.221087786186	0.856243018573
0.25578125		0.220801125846	0.855965331537
0.25609375		0.220514253444	0.855687168255
0.25640625		0.220227168456	0.855408527
0.25671875		0.219939870361	0.855129406038
0.25703125		0.219652358631	0.854849803626
0.25734375		0.219364632738	0.854569718008
0.25765625		0.219076692151	0.854289147421
0.25796875		0.218788536336	0.854008090089
0.25828125		0.218500164757	0.853726544229
0.25859375		0.218211576876	0.853444508047
0.25890625		0.217922772151	0.853161979737
0.25921875		0.217633750039	0.852878957483
0.25953125		0.217344509993	0.852595439462
0.25984375		0.217055051466	0.852311423836
0.26015625		0.216765373905	0.852026908758
0.26046875		0.216475476757	0.851741892372
0.26078125		0.216185359466	0.85145637281
0.26109375		0.215895021471	0.851170348192
0.26140625		0.215604462212	0.850883816629
0.26171875		0.215313681123	0.850596776219
0.26203125		0.215022677638	0.850309225052
0.26234375		0.214731451187	0.850021161204
0.26265625		0.214440001197	0.84973258274
0.26296875		0.214148327093	0.849443487715
0.26328125		0.213856428297	0.849153874172
0.26359375		0.213564304227	0.848863740142
0.26390625		0.2132719543	0.848573083645
0.26421875		0.21297937793	0.848281902688
0.26453125		0.212686574527	0.847990195268
0.26484375		0.212393543499	0.84769795937
0.26515625		0.21210028425	0.847405192965
0.26546875		0.211806796184	0.847111894013
0.26578125		0.211513078698	0.846818060463
0.26609375		0.211219131189	0.84652369025
0.26640625		0.21092495305	0.846228781298
0.26671875		0.210630543672	0.845933331516
0.26703125		0.210335902441	0.845637338804
0.26734375		0.210041028741	0.845340801046
0.26765625		0.209745921954	0.845043716116
0.26796875		0.209450581458	0.844746081872
0.26828125		0.209155006627	0.844447896162
0.26859375		0.208859196833	0.84414915682
0.26890625		0.208563151446	0.843849861664
0.26921875		0.20826686983	0.843550008503
0.26953125		0.207970351348	0.84324959513
0.26984375		0.207673595359	0.842948619325
0.27015625		0.207376601218	0.842647078854
0.27046875		0.207079368279	0.842344971469
0.27078125		0.206781895891	0.842042294909
0.27109375		0.2064841834	0.841739046899
0.27140625		0.206186230149	0.841435225148
0.27171875		0.205888035476	0.841130827354
0.27203125		0.205589598719	0.840825851197
0.27234375		0.205290919209	0.840520294344
0.27265625		0.204991996276	0.840214154449
0.27296875		0.204692829246	0.839907429149
0.27328125		0.204393417441	0.839600116066
0.27359375		0.204093760179	0.83929221281
0.27390625		0.203793856776	0.838983716972
0.27421875		0.203493706544	0.838674626129
0.27453125		0.203193308791	0.838364937845
0.27484375		0.202892662821	0.838054649665
0.27515625		0.202591767935	0.837743759121
0.27546875		0.202290623431	0.837432263726
0.27578125		0.201989228601	0.837120160981
0.27609375		0.201687582737	0.836807448369
0.27640625		0.201385685123	0.836494123355
0.27671875		0.201083535042	0.836180183392
0.27703125		0.200781131773	0.835865625911
0.27734375		0.200478474591	0.835550448332
0.27765625		0.200175562766	0.835234648054
0.27796875		0.199872395565	0.83491822246
0.27828125		0.199568972251	0.834601168917
0.27859375		0.199265292084	0.834283484775
0.27890625		0.198961354318	0.833965167364
0.27921875		0.198657158205	0.833646214
0.27953125		0.198352702991	0.833326621978
0.27984375		0.19804798792	0.833006388578
0.28015625		0.197743012231	0.832685511059
0.28046875		0.197437775157	0.832363986665
0.28078125		0.197132275931	0.832041812618
0.28109375		0.196826513778	0.831718986126
0.28140625		0.19652048792	0.831395504373
0.28171875		0.196214197576	0.831071364529
0.28203125		0.195907641959	0.830746563742
0.28234375		0.195600820278	0.830421099142
0.28265625		0.195293731738	0.830094967839
0.28296875		0.19498637554	0.829768166924
0.28328125		0.194678750879	0.829440693468
0.28359375		0.194370856948	0.829112544522
0.28390625		0.194062692933	0.828783717116
0.28421875		0.193754258017	0.828454208262
0.28453125		0.193445551378	0.82812401495
0.28484375		0.193136572189	0.827793134148
0.28515625		0.192827319619	0.827461562807
0.28546875		0.192517792833	0.827129297853
0.28578125		0.192207990988	0.826796336192
0.28609375		0.19189791324	0.82646267471
0.28640625		0.191587558739	0.826128310269
0.28671875		0.191276926629	0.825793239712
0.28703125		0.19096601605	0.825457459857
0.28734375		0.190654826137	0.825120967501
0.28765625		0.190343356021	0.824783759418
0.28796875		0.190031604826	0.824445832361
0.28828125		0.189719571673	0.824107183059
0.28859375		0.189407255676	0.823767808216
0.28890625		0.189094655946	0.823427704516
0.28921875		0.188781771586	0.823086868617
0.28953125		0.188468601696	0.822745297154
0.28984375		0.18815514537	0.822402986738
0.29015625		0.187841401698	0.822059933955
0.29046875		0.187527369762	0.821716135368
0.29078125		0.187213048641	0.821371587514
0.29109375		0.186898437407	0.821026286905
0.29140625		0.186583535128	0.820680230028
0.29171875		0.186268340865	0.820333413346
0.29203125		0.185952853673	0.819985833293
0.29234375		0.185637072605	0.819637486279
0.29265625		0.185320996703	0.819288368689
0.29296875		0.185004625007	0.81893847688
0.29328125		0.184687956551	0.818587807181
0.29359375		0.184370990361	0.818236355895
0.29390625		0.18405372546	0.8178841193
0.29421875		0.183736160862	0.817531093642
0.29453125		0.183418295578	0.817177275144
0.29484375		0.18310012861	0.816822659996
0.29515625		0.182781658957	0.816467244363
0.29546875		0.182462885609	0.81611102438
0.29578125		0.182143807552	0.815753996153
0.29609375		0.181824423765	0.81539615576
0.29640625		0.18150473322	0.815037499246
0.29671875		0.181184734884	0.81467802263
0.29703125		0.180864427716	0.814317721899
0.29734375		0.180543810669	0.81395659301
0.29765625		0.180222882691	0.813594631887
0.29796875		0.179901642721	0.813231834426
0.29828125		0.179580089693	0.81286819649
0.29859375		0.179258222535	0.812503713909
0.29890625		0.178936040165	0.812138382484
0.29921875		0.178613541498	0.811772197981
0.29953125		0.178290725439	0.811405156133
0.29984375		0.177967590888	0.811037252641
0.30015625		0.177644136738	0.810668483172
0.30046875		0.177320361873	0.81029884336
0.30078125		0.176996265172	0.809928328804
0.30109375		0.176671845506	0.809556935067
0.30140625		0.176347101739	0.80918465768
0.30171875		0.176022032725	0.808811492136
0.30203125		0.175696637316	0.808437433893
0.30234375		0.175370914351	0.808062478375
0.30265625		0.175044862665	0.807686620967
0.30296875		0.174718481084	0.807309857017
0.30328125		0.174391768427	0.806932181838
0.30359375		0.174064723503	0.806553590703
0.30390625		0.173737345117	0.806174078847
0.30421875		0.173409632062	0.805793641468
0.30453125		0.173081583127	0.805412273725
0.30484375		0.172753197089	0.805029970736
0.30515625		0.17242447272	0.804646727581
0.30546875		0.172095408782	0.804262539298
0.30578125		0.171766004029	0.803877400885
0.30609375		0.171436257208	0.803491307299
0.30640625		0.171106167055	0.803104253456
0.30671875		0.170775732299	0.802716234228
0.30703125		0.17044495166	0.802327244448
0.30734375		0.17011382385	0.801937278902
0.30765625		0.169782347572	0.801546332334
0.30796875		0.169450521519	0.801154399445
0.30828125		0.169118344376	0.80076147489
0.30859375		0.168785814819	0.80036755328
0.30890625		0.168452931514	0.79997262918
0.30921875		0.168119693119	0.799576697109
0.30953125		0.167786098281	0.79917975154
0.30984375		0.16745214564	0.798781786897
0.31015625		0.167117833823	0.798382797559
0.31046875		0.166783161451	0.797982777855
0.31078125		0.166448127133	0.797581722065
0.31109375		0.16611272947	0.797179624421
0.31140625		0.16577696705	0.796776479104
0.31171875		0.165440838454	0.796372280244
0.31203125		0.165104342251	0.795967021923
0.31234375		0.164767477002	0.795560698167
0.31265625		0.164430241255	0.795153302952
0.31296875		0.16409263355	0.794744830201
0.31328125		0.163754652414	0.794335273783
0.31359375		0.163416296365	0.793924627512
0.31390625		0.16307756391	0.79351288515
0.31421875		0.162738453545	0.7931000404
0.31453125		0.162398963754	0.79268608691
0.31484375		0.162059093013	0.792271018272
0.31515625		0.161718839783	0.791854828019
0.31546875		0.161378202515	0.791437509628
0.31578125		0.16103717965	0.791019056514
0.31609375		0.160695769615	0.790599462033
0.31640625		0.160353970828	0.790178719484
0.31671875		0.160011781693	0.789756822099
0.31703125		0.159669200603	0.789333763053
0.31734375		0.159326225937	0.788909535456
0.31765625		0.158982856066	0.788484132354
0.31796875		0.158639089345	0.78805754673
0.31828125		0.158294924117	0.787629771501
0.31859375		0.157950358713	0.787200799519
0.31890625		0.157605391452	0.786770623568
0.31921875		0.15726002064	0.786339236365
0.31953125		0.156914244567	0.785906630559
0.31984375		0.156568061514	0.785472798728
0.32015625		0.156221469746	0.785037733383
0.32046875		0.155874467515	0.784601426959
0.32078125		0.15552705306	0.784163871824
0.32109375		0.155179224606	0.783725060269
0.32140625		0.154830980364	0.783284984513
0.32171875		0.15448231853	0.7828436367
0.32203125		0.154133237287	0.782401008898
0.32234375		0.153783734803	0.781957093097
0.32265625		0.153433809232	0.781511881211
0.32296875		0.153083458713	0.781065365074
0.32328125		0.152732681368	0.78061753644
0.32359375		0.152381475308	0.780168386981
0.32390625		0.152029838626	0.779717908289
0.32421875		0.151677769399	0.779266091871
0.32453125		0.15132526569	0.778812929152
0.32484375		0.150972325546	0.778358411467
0.32515625		0.150618946997	0.77790253007
0.32546875		0.150265128058	0.777445276122
0.32578125		0.149910866727	0.776986640699
0.32609375		0.149556160985	0.776526614785
0.32640625		0.149201008797	0.776065189272
0.32671875		0.14884540811	0.775602354959
0.32703125		0.148489356857	0.775138102554
0.32734375		0.148132852949	0.774672422666
0.32765625		0.147775894282	0.77420530581
0.32796875		0.147418478735	0.773736742401
0.32828125		0.147060604166	0.773266722755
0.32859375		0.146702268418	0.772795237089
0.32890625		0.146343469314	0.772322275516
0.32921875		0.145984204658	0.771847828045
0.32953125		0.145624472236	0.771371884582
0.32984375		0.145264269814	0.770894434925
0.33015625		0.14490359514	0.770415468763
0.33046875		0.14454244594	0.769934975677
0.33078125		0.144180819922	0.769452945135
0.33109375		0.143818714774	0.768969366494
0.33140625		0.143456128163	0.768484228995
0.33171875		0.143093057734	0.767997521763
0.33203125		0.142729501114	0.767509233805
0.33234375		0.142365455907	0.767019354009
0.33265625		0.142000919696	0.766527871141
0.33296875		0.141635890042	0.766034773843
0.33328125		0.141270364484	0.765540050634
0.33359375		0.140904340538	0.765043689903
0.33390625		0.140537815701	0.764545679914
0.33421875		0.140170787442	0.764046008796
0.33453125		0.139803253211	0.763544664548
0.33484375		0.139435210432	0.763041635034
0.33515625		0.139066656506	0.762536907979
0.33546875		0.138697588811	0.762030470972
0.33578125		0.138328004698	0.761522311458
0.33609375		0.137957901496	0.761012416741
0.33640625		0.137587276508	0.760500773979
0.33671875		0.137216127011	0.759987370181
0.33703125		0.136844450257	0.759472192207
0.33734375		0.13647224347	0.758955226763
0.33765625		0.136099503851	0.758436460403
0.33796875		0.135726228572	0.757915879522
0.33828125		0.135352414777	0.757393470355
0.33859375		0.134978059584	0.756869218974
0.33890625		0.134603160083	0.756343111288
0.33921875		0.134227713335	0.755815133036
0.33953125		0.133851716372	0.75528526979
0.33984375		0.133475166198	0.754753506945
0.34015625		0.133098059786	0.754219829723
0.34046875		0.132720394081	0.753684223166
0.34078125		0.132342165996	0.753146672134
0.34109375		0.131963372413	0.752607161304
0.34140625		0.131584010183	0.752065675162
0.34171875		0.131204076127	0.751522198006
0.34203125		0.130823567032	0.750976713939
0.34234375		0.130442479653	0.750429206867
0.34265625		0.13006081071	0.749879660494
0.34296875		0.129678556893	0.74932805832
0.34328125		0.129295714855	0.748774383639
0.34359375		0.128912281216	0.748218619533
0.34390625		0.128528252559	0.747660748869
0.34421875		0.128143625434	0.747100754296
0.34453125		0.127758396352	0.74653861824
0.34484375		0.12737256179	0.745974322901
0.34515625		0.126986118185	0.74540785025
0.34546875		0.126599061938	0.744839182022
0.34578125		0.126211389411	0.744268299716
0.34609375		0.125823096927	0.743695184587
0.34640625		0.12543418077	0.743119817644
0.34671875		0.125044637182	0.742542179643
0.34703125		0.124654462366	0.741962251087
0.34734375		0.124263652483	0.741380012216
0.34765625		0.123872203651	0.740795443007
0.34796875		0.123480111946	0.740208523166
0.34828125		0.1230873734	0.739619232125
0.34859375		0.122693984002	0.739027549034
0.34890625		0.122299939694	0.73843345276
0.34921875		0.121905236374	0.737836921879
0.34953125		0.121509869894	0.737237934672
0.34984375		0.121113836058	0.736636469116
0.35015625		0.12071713062	0.736032502884
0.35046875		0.12031974929	0.735426013333
0.35078125		0.119921687726	0.734816977504
0.35109375		0.119522941534	0.734205372113
0.35140625		0.119123506271	0.733591173541
0.35171875		0.118723377443	0.732974357836
0.35203125		0.118322550501	0.732354900699
0.35234375		0.117921020842	0.731732777481
0.35265625		0.117518783811	0.731107963176
0.35296875		0.117115834695	0.730480432411
0.35328125		0.116712168725	0.729850159442
0.35359375		0.116307781074	0.729217118146
0.35390625		0.115902666859	0.728581282013
0.35421875		0.115496821134	0.727942624136
0.35453125		0.115090238894	0.727301117208
0.35484375		0.114682915073	0.726656733509
0.35515625		0.114274844541	0.726009444898
0.35546875		0.113866022105	0.72535922281
0.35578125		0.113456442507	0.724706038239
0.35609375		0.113046100421	0.724049861735
0.35640625		0.112634990457	0.723390663391
0.35671875		0.112223107152	0.722728412836
0.35703125		0.111810444978	0.722063079223
0.35734375		0.111396998332	0.721394631222
0.35765625		0.11098276154	0.720723037005
0.35796875		0.110567728854	0.720048264239
0.35828125		0.110151894452	0.719370280075
0.35859375		0.109735252434	0.718689051134
0.35890625		0.109317796821	0.718004543498
0.35921875		0.108899521557	0.717316722697
0.35953125		0.108480420503	0.716625553698
0.35984375		0.108060487438	0.715931000891
0.36015625		0.107639716057	0.715233028075
0.36046875		0.107218099968	0.714531598449
0.36078125		0.106795632693	0.713826674593
0.36109375		0.106372307665	0.71311821846
0.36140625		0.105948118223	0.712406191354
0.36171875		0.105523057616	0.711690553923
0.36203125		0.105097118997	0.710971266138
0.36234375		0.104670295424	0.71024828728
0.36265625		0.104242579853	0.709521575922
0.36296875		0.103813965143	0.708791089914
0.36328125		0.103384444049	0.708056786366
0.36359375		0.10295400922	0.707318621628
0.36390625		0.102522653199	0.706576551274
0.36421875		0.10209036842	0.705830530081
0.36453125		0.101657147206	0.705080512012
0.36484375		0.101222981764	0.704326450195
0.36515625		0.100787864187	0.703568296902
0.36546875		0.100351786447	0.702806003528
0.36578125		0.099914740397	0.702039520568
0.36609375		0.099476717764	0.701268797596
0.36640625		0.099037710149	0.700493783242
0.36671875		0.0985977090235	0.699714425167
0.36703125		0.0981567057264	0.698930670036
0.36734375		0.0977146914612	0.698142463496
0.36765625		0.097271657293	0.697349750148
0.36796875		0.0968275941455	0.696552473517
0.36828125		0.0963824927973	0.695750576029
0.36859375		0.0959363438791	0.694943998978
0.36890625		0.09548913787	0.694132682494
0.36921875		0.095040865094	0.693316565518
0.36953125		0.0945915157164	0.692495585762
0.36984375		0.09414107974	0.691669679682
0.37015625		0.0936895470015	0.690838782439
0.37046875		0.0932369071669	0.690002827867
0.37078125		0.0927831497281	0.68916174843
0.37109375		0.0923282639983	0.68831547519
0.37140625		0.0918722391078	0.687463937764
0.37171875		0.091415063999	0.686607064283
0.37203125		0.0909567274224	0.685744781348
0.37234375		0.0904972179316	0.684877013988
0.37265625		0.090036523878	0.684003685615
0.37296875		0.089574633406	0.683124717971
0.37328125		0.0891115344477	0.682240031085
0.37359375		0.0886472147171	0.681349543217
0.37390625		0.088181661705	0.680453170807
0.37421875		0.0877148626725	0.67955082842
0.37453125		0.0872468046455	0.678642428687
0.37484375		0.086777474408	0.677727882247
0.37515625		0.0863068584959	0.676807097684
0.37546875		0.0858349431902	0.675879981462
0.37578125		0.08536171451	0.67494643786
0.37609375		0.0848871582054	0.674006368901
0.37640625		0.08441125975	0.67305967428
0.37671875		0.0839340043331	0.672106251288
0.37703125		0.0834553768517	0.671145994733
0.37734375		0.0829753619024	0.67017879686
0.37765625		0.0824939437724	0.669204547264
0.37796875		0.0820111064311	0.668223132803
0.37828125		0.0815268335203	0.667234437501
0.37859375		0.0810411083447	0.666238342459
0.37890625		0.0805539138622	0.665234725746
0.37921875		0.0800652326731	0.664223462299
0.37953125		0.0795750470095	0.663204423811
0.37984375		0.0790833387242	0.662177478619
0.38015625		0.0785900892787	0.661142491578
0.38046875		0.0780952797312	0.660099323943
0.38078125		0.0775988907242	0.659047833232
0.38109375		0.0771009024708	0.657987873092
0.38140625		0.0766012947417	0.656919293153
0.38171875		0.0761000468501	0.655841938882
0.38203125		0.0755971376375	0.65475565142
0.38234375		0.0750925454579	0.653660267419
0.38265625		0.0745862481616	0.652555618871
0.38296875		0.0740782230782	0.651441532921
0.38328125		0.0735684469992	0.650317831684
0.38359375		0.0730568961595	0.649184332036
0.38390625		0.0725435462179	0.64804084541
0.38421875		0.0720283722374	0.646887177573
0.38453125		0.0715113486639	0.645723128392
0.38484375		0.0709924493041	0.64454849159
0.38515625		0.0704716473025	0.643363054489
0.38546875		0.0699489151175	0.642166597737
0.38578125		0.0694242244957	0.640958895025
0.38609375		0.0688975464458	0.639739712779
0.38640625		0.0683688512103	0.638508809849
0.38671875		0.0678381082368	0.637265937167
0.38703125		0.0673052861467	0.636010837394
0.38734375		0.0667703527038	0.634743244544
0.38765625		0.0662332747797	0.633462883586
0.38796875		0.0656940183187	0.632169470027
0.38828125		0.0651525482998	0.630862709458
0.38859375		0.0646088286979	0.629542297092
0.38890625		0.0640628224414	0.628207917253
0.38921875		0.063514491369	0.626859242853
0.38953125		0.0629637961832	0.625495934819
0.38984375		0.0624106964011	0.624117641498
0.39015625		0.0618551503034	0.622723998014
0.39046875		0.0612971148792	0.621314625589
0.39078125		0.0607365457688	0.619889130818
0.39109375		0.0601733972021	0.618447104893
0.39140625		0.059607621934	0.616988122779
0.39171875		0.0590391711757	0.615511742328
0.39203125		0.0584679945219	0.614017503342
0.39234375		0.057894039873	0.612504926552
0.39265625		0.0573172533531	0.610973512546
0.39296875		0.0567375792223	0.609422740599
0.39328125		0.0561549597833	0.60785206743
0.39359375		0.0555693352822	0.606260925861
0.39390625		0.0549806438022	0.604648723374
0.39421875		0.0543888211502	0.603014840558
0.39453125		0.0537938007363	0.601358629432
0.39484375		0.0531955134433	0.59967941164
0.39515625		0.0525938874887	0.597976476489
0.39546875		0.0519888482751	0.596249078836
0.39578125		0.0513803182309	0.594496436793
0.39609375		0.0507682166383	0.592717729236
0.39640625		0.050152459448	0.590912093097
0.39671875		0.0495329590804	0.589078620423
0.39703125		0.0489096242106	0.587216355158
0.39734375		0.0482823595356	0.585324289641
0.39765625		0.0476510655235	0.583401360771
0.39796875		0.0470156381411	0.58144644581
0.39828125		0.0463759685582	0.579458357771
0.39859375		0.0457319428271	0.577435840358
0.39890625		0.0450834415326	0.575377562386
0.39921875		0.0444303394113	0.573282111623
0.39953125		0.0437725049354	0.571147987993
0.39984375		0.0431097998578	0.568973596029
0.40015625		0.0424420787126	0.566757236505
0.40046875		0.0417691882676	0.564497097117
0.40078125		0.0410909669209	0.562191242086
0.40109375		0.0404072440364	0.559837600532
0.40140625		0.0397178392082	0.557433953436
0.40171875		0.0390225614471	0.554977918979
0.40203125		0.0383212082763	0.552466936009
0.40234375		0.0376135647254	0.549898245339
0.40265625		0.0368994022075	0.547268868531
0.40296875		0.0361784772622	0.544575583732
0.40328125		0.0354505301452	0.54181489808
0.40359375		0.0347152832404	0.538983016044
0.40390625		0.0339724392668	0.536075802992
0.40421875		0.0332216792459	0.533088743055
0.40453125		0.0324626601908	0.530016890219
0.40484375		0.0316950124682	0.526854811251
0.40515625		0.0309183367746	0.523596518793
0.40546875		0.0301322006564	0.5202353925
0.40578125		0.0293361344864	0.516764085551
0.40609375		0.0285296267884	0.513174413152
0.40640625		0.0277121187784	0.509457218695
0.40671875		0.0268829979533	0.50560221194
0.40703125		0.0260415905162	0.5015977719
0.40734375		0.0251871523704	0.497430704724
0.40765625		0.0243188583357	0.493085943641
0.40796875		0.0234357891366	0.488546173432
0.40828125		0.022536915574	0.483791355382
0.40859375		0.0216210790937	0.478798119196
0.40890625		0.0206869676937	0.473538974403
0.40921875		0.0197330857249	0.467981272681
0.40953125		0.0187577155737	0.462085820053
0.40984375		0.0177588683873	0.45580498653
0.41015625		0.0167342197476	0.44908007708
0.41046875		0.0156810242599	0.441837587176
0.41078125		0.0145959999531	0.433983720555
0.41109375		0.0134751683492	0.425396099112
0.41140625		0.012313627504	0.415910735532
0.41171875		0.0111052200751	0.405300585041
0.41203125		0.0098420294021	0.393238127314
0.41234375		0.0085135740854	0.37922502772
0.41265625		0.00710539693226	0.362445655039
0.41296875		0.00559590044806	0.341408942597
0.41328125		0.0040337362721	0.314546429517
0.41359375		0.00256327618001	0.280794351386
0.41390625		0.00134262962318	0.238811555652
0.41421875		0.000498983941584	0.186331268364
0.41453125		7.48619509544e-05	0.115523748612
0.41484375		2.64574065536e-08	0.0157618930894
0.41515625		4.11492599134e-09	0.0100010282206
0.41546875		4.11315266693e-09	0.0100000000831
0.41578125		4.11315252376e-09	0.01
0.41609375		4.11315252376e-09	0.01
0.41640625		4.11315252376e-09	0.01
0.41671875		4.11315252376e-09	0.01
0.41703125		4.11315252376e-09	0.01
0.41734375		4.11315252376e-09	0.01
0.41765625		4.11315252376e-09	0.01
0.41796875		4.11315252376e-09	0.01
0.41828125		4.11315252376e-09	0.01
0.41859375		4.11315252376e-09	0.01
0.41890625		4.11315252376e-09	0.01
0.41921875		4.11315252376e-09	0.01
0.41953125		4.11315252376e-09	0.01
0.41984375		4.11315252376e-09	0.01
0.42015625		4.11315252376e-09	0.01
0.42046875		4.11315252376e-09	0.01
0.42078125		4.11315252376e-09	0.01
0.42109375		4.11315252376e-09	0.01
0.42140625		4.11315252376e-09	0.01
0.42171875		4.11315252376e-09	0.01
0.42203125		4.11315252376e-09	0.01
0.42234375		4.11315252376e-09	0.01
0.42265625		4.11315252376e-09	0.01
0.42296875		4.11315252376e-09	0.01
0.42328125		4.11315252376e-09	0.01
0.42359375		4.11315252376e-09	0.01
0.42390625		4.11315252376e-09	0.01
0.42421875		4.11315252376e-09	0.01
0.42453125		4.11315252376e-09	0.01
0.42484375		4.11315252376e-09	0.01
0.42515625		4.11315252376e-09	0.01
0.42546875		4.11315252376e-09	0.01
0.42578125		4.11315252376e-09	0.01
0.42609375		4.11315252376e-09	0.01
0.42640625		4.11315252376e-09	0.01
0.42671875		4.11315252376e-09	0.01
0.42703125		4.11315252376e-09	0.01
0.42734375		4.11315252376e-09	0.01
0.42765625		4.11315252376e-09	0.01
0.42796875		4.11315252376e-09	0.01
0.42828125		4.11315252376e-09	0.01
0.42859375		4.11315252376e-09	0.01
0.42890625		4.11315252376e-09	0.01
0.42921875		4.11315252376e-09	0.01
0.42953125		4.11315252376e-09	0.01
0.42984375		4.11315252376e-09	0.01
0.43015625		4.11315252376e-09	0.01
0.43046875		4.11315252376e-09	0.01
0.43078125		4.11315252376e-09	0.01
0.43109375		4.11315252376e-09	0.01
0.43140625		4.11315252376e-09	0.01
0.43171875		4.11315252376e-09	0.01
0.43203125		4.11315252376e-09	0.01
0.43234375		4.11315252376e-09	0.01
0.43265625		4.11315252376e-09	0.01
0.43296875		4.11315252376e-09	0.01
0.43328125		4.11315252376e-09	0.01
0.43359375		4.11315252376e-09	0.01
0.43390625		4.11315252376e-09	0.01
0.43421875		4.11315252376e-09	0.01
0.43453125		4.11315252376e-09	0.01
0.43484375		4.11315252376e-09	0.01
0.43515625		4.11315252376e-09	0.01
0.43546875		4.11315252376e-09	0.01
0.43578125		4.11315252376e-09	0.01
0.43609375		4.11315252376e-09	0.01
0.43640625		4.11315252376e-09	0.01
0.43671875		4.11315252376e-09	0.01
0.43703125		4.11315252376e-09	0.01
0.43734375		4.11315252376e-09	0.01
0.43765625		4.11315252376e-09	0.01
0.43796875		4.11315252376e-09	0.01
0.43828125		4.11315252376e-09	0.01
0.43859375		4.11315252376e-09	0.01
0.43890625		4.11315252376e-09	0.01
0.43921875		4.11315252376e-09	0.01
0.43953125		4.11315252376e-09	0.01
0.43984375		4.11315252376e-09	0.01
0.44015625		4.11315252376e-09	0.01
0.44046875		4.11315252376e-09	0.01
0.44078125		4.11315252376e-09	0.01
0.44109375		4.11315252376e-09	0.01
0.44140625		4.11315252376e-09	0.01
0.44171875		4.11315252376e-09	0.01
0.44203125		4.11315252376e-09	0.01
0.44234375		4.11315252376e-09	0.01
0.44265625		4.11315252376e-09	0.01
0.44296875		4.11315252376e-09	0.01
0.44328125		4.11315252376e-09	0.01
0.44359375		4.11315252376e-09	0.01
0.44390625		4.11315252376e-09	0.01
0.44421875		4.11315252376e-09	0.01
0.44453125		4.11315252376e-09	0.01
0.44484375		4.11315252376e-09	0.01
0.44515625		4.11315252376e-09	0.01
0.44546875		4.11315252376e-09	0.01
0.44578125		4.11315252376e-09	0.01
0.44609375		4.11315252376e-09	0.01
0.44640625		4.11315252376e-09	0.01
0.44671875		4.11315252376e-09	0.01
0.44703125		4.11315252376e-09	0.01
0.44734375		4.11315252376e-09	0.01
0.44765625		4.11315252376e-09	0.01
0.44796875		4.11315252376e-09	0.01
0.44828125		4.11315252376e-09	0.01
0.44859375		4.11315252376e-09	0.01
0.44890625		4.11315252376e-09	0.01
0.44921875		4.11315252376e-09	0.01
0.44953125		4.11315252376e-09	0.01
0.44984375		4.11315252376e-09	0.01
0.45015625		4.11315252376e-09	0.01
0.45046875		4.11315252376e-09	0.01
0.45078125		4.11315252376e-09	0.01
0.45109375		4.11315252376e-09	0.01
0.45140625		4.11315252376e-09	0.01
0.45171875		4.11315252376e-09	0.01
0.45203125		4.11315252376e-09	0.01
0.45234375		4.11315252376e-09	0.01
0.45265625		4.11315252376e-09	0.01
0.45296875		4.11315252376e-09	0.01
0.45328125		4.11315252376e-09	0.01
0.45359375		4.11315252376e-09	0.01
0.45390625		4.11315252376e-09	0.01
0.45421875		4.11315252376e-09	0.01
0.45453125		4.11315252376e-09	0.01
0.45484375		4.11315252376e-09	0.01
0.45515625		4.11315252376e-09	0.01
0.45546875		4.11315252376e-09	0.01
0.45578125		4.11315252376e-09	0.01
0.45609375		4.11315252376e-09	0.01
0.45640625		4.11315252376e-09	0.01
0.45671875		4.11315252376e-09	0.01
0.45703125		4.11315252376e-09	0.01
0.45734375		4.11315252376e-09	0.01
0.45765625		4.11315252376e-09	0.01
0.45796875		4.11315252376e-09	0.01
0.45828125		4.11315252376e-09	0.01
0.45859375		4.11315252376e-09	0.01
0.45890625		4.11315252376e-09	0.01
0.45921875		4.11315252376e-09	0.01
0.45953125		4.11315252376e-09	0.01
0.45984375		4.11315252376e-09	0.01
0.46015625		4.11315252376e-09	0.01
0.46046875		4.11315252376e-09	0.01
0.46078125		4.11315252376e-09	0.01
0.46109375		4.11315252376e-09	0.01
0.46140625		4.11315252376e-09	0.01
0.46171875		4.11315252376e-09	0.01
0.46203125		4.11315252376e-09	0.01
0.46234375		4.11315252376e-09	0.01
0.46265625		4.11315252376e-09	0.01
0.46296875		4.11315252376e-09	0.01
0.46328125		4.11315252376e-09	0.01
0.46359375		4.11315252376e-09	0.01
0.46390625		4.11315252376e-09	0.01
0.46421875		4.11315252376e-09	0.01
0.46453125		4.11315252376e-09	0.01
0.46484375		4.11315252376e-09	0.01
0.46515625		4.11315252376e-09	0.01
0.46546875		4.11315252376e-09	0.01
0.46578125		4.11315252376e-09	0.01
0.46609375		4.11315252376e-09	0.01
0.46640625		4.11315252376e-09	0.01
0.46671875		4.11315252376e-09	0.01
0.46703125		4.11315252376e-09	0.01
0.46734375		4.11315252376e-09	0.01
0.46765625		4.11315252376e-09	0.01
0.46796875		4.11315252376e-09	0.01
0.46828125		4.11315252376e-09	0.01
0.46859375		4.11315252376e-09	0.01
0.46890625		4.11315252376e-09	0.01
0.46921875		4.11315252376e-09	0.01
0.46953125		4.11315252376e-09	0.01
0.46984375		4.11315252376e-09	0.01
0.47015625		4.11315252376e-09	0.01
0.47046875		4.11315252376e-09	0.01
0.47078125		4.11315252376e-09	0.01
0.47109375		4.11315252376e-09	0.01
0.47140625		4.11315252376e-09	0.01
0.47171875		4.11315252376e-09	0.01
0.47203125		4.11315252376e-09	0.01
0.47234375		4.11315252376e-09	0.01
0.47265625		4.11315252376e-09	0.01
0.47296875		4.11315252376e-09	0.01
0.47328125		4.11315252376e-09	0.01
0.47359375		4.11315252376e-09	0.01
0.47390625		4.11315252376e-09	0.01
0.47421875		4.11315252376e-09	0.01
0.47453125		4.11315252376e-09	0.01
0.47484375		4.11315252376e-09	0.01
0.47515625		4.11315252376e-09	0.01
0.47546875		4.11315252376e-09	0.01
0.47578125		4.11315252376e-09	0.01
0.47609375		4.11315252376e-09	0.01
0.47640625		4.11315252376e-09	0.01
0.47671875		4.11315252376e-09	0.01
0.47703125		4.11315252376e-09	0.01
0.47734375		4.11315252376e-09	0.01
0.47765625		4.11315252376e-09	0.01
0.47796875		4.11315252376e-09	0.01
0.47828125		4.11315252376e-09	0.01
0.47859375		4.11315252376e-09	0.01
0.47890625		4.11315252376e-09	0.01
0.47921875		4.11315252376e-09	0.01
0.47953125		4.11315252376e-09	0.01
0.47984375		4.11315252376e-09	0.01
0.48015625		4.11315252376e-09	0.01
0.48046875		4.11315252376e-09	0.01
0.48078125		4.11315252376e-09	0.01
0.48109375		4.11315252376e-09	0.01
0.48140625		4.11315252376e-09	0.01
0.48171875		4.11315252376e-09	0.01
0.48203125		4.11315252376e-09	0.01
0.48234375		4.11315252376e-09	0.01
0.48265625		4.11315252376e-09	0.01
0.48296875		4.11315252376e-09	0.01
0.48328125		4.11315252376e-09	0.01
0.48359375		4.11315252376e-09	0.01
0.48390625		4.11315252376e-09	0.01
0.48421875		4.11315252376e-09	0.01
0.48453125		4.11315252376e-09	0.01
0.48484375		4.11315252376e-09	0.01
0.48515625		4.11315252376e-09	0.01
0.48546875		4.11315252376e-09	0.01
0.48578125		4.11315252376e-09	0.01
0.48609375		4.11315252376e-09	0.01
0.48640625		4.11315252376e-09	0.01
0.48671875		4.11315252376e-09	0.01
0.48703125		4.11315252376e-09	0.01
0.48734375		4.11315252376e-09	0.01
0.48765625		4.11315252376e-09	0.01
0.48796875		4.11315252376e-09	0.01
0.48828125		4.11315252376e-09	0.01
0.48859375		4.11315252376e-09	0.01
0.48890625		4.11315252376e-09	0.01
0.48921875		4.11315252376e-09	0.01
0.48953125		4.11315252376e-09	0.01
0.48984375		4.11315252376e-09	0.01
0.49015625		4.11315252376e-09	0.01
0.49046875		4.11315252376e-09	0.01
0.49078125		4.11315252376e-09	0.01
0.49109375		4.11315252376e-09	0.01
0.49140625		4.11315252376e-09	0.01
0.49171875		4.11315252376e-09	0.01
0.49203125		4.11315252376e-09	0.01
0.49234375		4.11315252376e-09	0.01
0.49265625		4.11315252376e-09	0.01
0.49296875		4.11315252376e-09	0.01
0.49328125		4.11315252376e-09	0.01
0.49359375		4.11315252376e-09	0.01
0.49390625		4.11315252376e-09	0.01
0.49421875		4.11315252376e-09	0.01
0.49453125		4.11315252376e-09	0.01
0.49484375		4.11315252376e-09	0.01
0.49515625		4.11315252376e-09	0.01
0.49546875		4.11315252376e-09	0.01
0.49578125		4.11315252376e-09	0.01
0.49609375		4.11315252376e-09	0.01
0.49640625		4.11315252376e-09	0.01
0.49671875		4.11315252376e-09	0.01
0.49703125		4.11315252376e-09	0.01
0.49734375		4.11315252376e-09	0.01
0.49765625		4.11315252376e-09	0.01
0.49796875		4.11315252376e-09	0.01
0.49828125		4.11315252376e-09	0.01
0.49859375		4.11315252376e-09	0.01
0.49890625		4.11315252376e-09	0.01
0.49921875		4.11315252376e-09	0.01
0.49953125		4.11315252376e-09	0.01
0.49984375		4.11315252376e-09	0.01
