 TITLE=RHEsVARIABLES=="X","Tem_e","Tem_r"
 ZONE I=         500
  0.20000E-02  0.74659E+00  0.74659E+00
  0.60000E-02  0.75041E+00  0.75041E+00
  0.10000E-01  0.75418E+00  0.75418E+00
  0.14000E-01  0.75789E+00  0.75789E+00
  0.18000E-01  0.76156E+00  0.76156E+00
  0.22000E-01  0.76518E+00  0.76518E+00
  0.26000E-01  0.76875E+00  0.76875E+00
  0.30000E-01  0.77227E+00  0.77227E+00
  0.34000E-01  0.77575E+00  0.77575E+00
  0.38000E-01  0.77918E+00  0.77918E+00
  0.42000E-01  0.78257E+00  0.78257E+00
  0.46000E-01  0.78592E+00  0.78592E+00
  0.50000E-01  0.78922E+00  0.78922E+00
  0.54000E-01  0.79249E+00  0.79249E+00
  0.58000E-01  0.79571E+00  0.79571E+00
  0.62000E-01  0.79889E+00  0.79889E+00
  0.66000E-01  0.80204E+00  0.80204E+00
  0.70000E-01  0.80514E+00  0.80514E+00
  0.74000E-01  0.80821E+00  0.80821E+00
  0.78000E-01  0.81124E+00  0.81124E+00
  0.82000E-01  0.81424E+00  0.81424E+00
  0.86000E-01  0.81720E+00  0.81720E+00
  0.90000E-01  0.82012E+00  0.82012E+00
  0.94000E-01  0.82301E+00  0.82301E+00
  0.98000E-01  0.82586E+00  0.82586E+00
  0.10200E+00  0.82868E+00  0.82868E+00
  0.10600E+00  0.83147E+00  0.83147E+00
  0.11000E+00  0.83422E+00  0.83422E+00
  0.11400E+00  0.83694E+00  0.83694E+00
  0.11800E+00  0.83962E+00  0.83962E+00
  0.12200E+00  0.84228E+00  0.84228E+00
  0.12600E+00  0.84490E+00  0.84490E+00
  0.13000E+00  0.84749E+00  0.84749E+00
  0.13400E+00  0.85005E+00  0.85005E+00
  0.13800E+00  0.85258E+00  0.85258E+00
  0.14200E+00  0.85508E+00  0.85508E+00
  0.14600E+00  0.85755E+00  0.85755E+00
  0.15000E+00  0.85999E+00  0.85999E+00
  0.15400E+00  0.86240E+00  0.86240E+00
  0.15800E+00  0.86477E+00  0.86477E+00
  0.16200E+00  0.86712E+00  0.86712E+00
  0.16600E+00  0.86944E+00  0.86944E+00
  0.17000E+00  0.87174E+00  0.87174E+00
  0.17400E+00  0.87400E+00  0.87400E+00
  0.17800E+00  0.87623E+00  0.87623E+00
  0.18200E+00  0.87844E+00  0.87844E+00
  0.18600E+00  0.88061E+00  0.88061E+00
  0.19000E+00  0.88276E+00  0.88276E+00
  0.19400E+00  0.88488E+00  0.88488E+00
  0.19800E+00  0.88698E+00  0.88698E+00
  0.20200E+00  0.88904E+00  0.88904E+00
  0.20600E+00  0.89108E+00  0.89108E+00
  0.21000E+00  0.89309E+00  0.89309E+00
  0.21400E+00  0.89507E+00  0.89507E+00
  0.21800E+00  0.89702E+00  0.89702E+00
  0.22200E+00  0.89895E+00  0.89895E+00
  0.22600E+00  0.90085E+00  0.90085E+00
  0.23000E+00  0.90272E+00  0.90272E+00
  0.23400E+00  0.90457E+00  0.90457E+00
  0.23800E+00  0.90639E+00  0.90639E+00
  0.24200E+00  0.90818E+00  0.90818E+00
  0.24600E+00  0.90994E+00  0.90994E+00
  0.25000E+00  0.91168E+00  0.91168E+00
  0.25400E+00  0.91339E+00  0.91339E+00
  0.25800E+00  0.91507E+00  0.91507E+00
  0.26200E+00  0.91673E+00  0.91673E+00
  0.26600E+00  0.91836E+00  0.91836E+00
  0.27000E+00  0.91996E+00  0.91996E+00
  0.27400E+00  0.92154E+00  0.92154E+00
  0.27800E+00  0.92309E+00  0.92309E+00
  0.28200E+00  0.92461E+00  0.92461E+00
  0.28600E+00  0.92610E+00  0.92610E+00
  0.29000E+00  0.92757E+00  0.92757E+00
  0.29400E+00  0.92901E+00  0.92901E+00
  0.29800E+00  0.93043E+00  0.93043E+00
  0.30200E+00  0.93182E+00  0.93182E+00
  0.30600E+00  0.93318E+00  0.93318E+00
  0.31000E+00  0.93451E+00  0.93451E+00
  0.31400E+00  0.93582E+00  0.93582E+00
  0.31800E+00  0.93710E+00  0.93710E+00
  0.32200E+00  0.93835E+00  0.93835E+00
  0.32600E+00  0.93957E+00  0.93957E+00
  0.33000E+00  0.94077E+00  0.94077E+00
  0.33400E+00  0.94194E+00  0.94194E+00
  0.33800E+00  0.94309E+00  0.94309E+00
  0.34200E+00  0.94420E+00  0.94420E+00
  0.34600E+00  0.94529E+00  0.94529E+00
  0.35000E+00  0.94635E+00  0.94635E+00
  0.35400E+00  0.94739E+00  0.94739E+00
  0.35800E+00  0.94840E+00  0.94840E+00
  0.36200E+00  0.94938E+00  0.94938E+00
  0.36600E+00  0.95033E+00  0.95033E+00
  0.37000E+00  0.95125E+00  0.95125E+00
  0.37400E+00  0.95215E+00  0.95215E+00
  0.37800E+00  0.95302E+00  0.95302E+00
  0.38200E+00  0.95387E+00  0.95387E+00
  0.38600E+00  0.95468E+00  0.95468E+00
  0.39000E+00  0.95547E+00  0.95547E+00
  0.39400E+00  0.95623E+00  0.95623E+00
  0.39800E+00  0.95696E+00  0.95696E+00
  0.40200E+00  0.95766E+00  0.95766E+00
  0.40600E+00  0.95834E+00  0.95834E+00
  0.41000E+00  0.95899E+00  0.95899E+00
  0.41400E+00  0.95961E+00  0.95961E+00
  0.41800E+00  0.96020E+00  0.96020E+00
  0.42200E+00  0.96077E+00  0.96077E+00
  0.42600E+00  0.96130E+00  0.96130E+00
  0.43000E+00  0.96181E+00  0.96181E+00
  0.43400E+00  0.96229E+00  0.96229E+00
  0.43800E+00  0.96274E+00  0.96274E+00
  0.44200E+00  0.96317E+00  0.96317E+00
  0.44600E+00  0.96357E+00  0.96357E+00
  0.45000E+00  0.96393E+00  0.96393E+00
  0.45400E+00  0.96427E+00  0.96427E+00
  0.45800E+00  0.96459E+00  0.96459E+00
  0.46200E+00  0.96487E+00  0.96487E+00
  0.46600E+00  0.96513E+00  0.96513E+00
  0.47000E+00  0.96536E+00  0.96536E+00
  0.47400E+00  0.96556E+00  0.96556E+00
  0.47800E+00  0.96573E+00  0.96573E+00
  0.48200E+00  0.96587E+00  0.96587E+00
  0.48600E+00  0.96599E+00  0.96599E+00
  0.49000E+00  0.96607E+00  0.96607E+00
  0.49400E+00  0.96613E+00  0.96613E+00
  0.49800E+00  0.96616E+00  0.96616E+00
  0.50200E+00  0.96616E+00  0.96616E+00
  0.50600E+00  0.96614E+00  0.96614E+00
  0.51000E+00  0.96609E+00  0.96609E+00
  0.51400E+00  0.96600E+00  0.96600E+00
  0.51800E+00  0.96589E+00  0.96589E+00
  0.52200E+00  0.96576E+00  0.96576E+00
  0.52600E+00  0.96559E+00  0.96559E+00
  0.53000E+00  0.96540E+00  0.96540E+00
  0.53400E+00  0.96517E+00  0.96517E+00
  0.53800E+00  0.96492E+00  0.96492E+00
  0.54200E+00  0.96465E+00  0.96465E+00
  0.54600E+00  0.96434E+00  0.96434E+00
  0.55000E+00  0.96401E+00  0.96401E+00
  0.55400E+00  0.96365E+00  0.96365E+00
  0.55800E+00  0.96326E+00  0.96326E+00
  0.56200E+00  0.96284E+00  0.96284E+00
  0.56600E+00  0.96239E+00  0.96239E+00
  0.57000E+00  0.96192E+00  0.96192E+00
  0.57400E+00  0.96142E+00  0.96142E+00
  0.57800E+00  0.96090E+00  0.96090E+00
  0.58200E+00  0.96034E+00  0.96034E+00
  0.58600E+00  0.95976E+00  0.95976E+00
  0.59000E+00  0.95915E+00  0.95915E+00
  0.59400E+00  0.95851E+00  0.95851E+00
  0.59800E+00  0.95785E+00  0.95785E+00
  0.60200E+00  0.95716E+00  0.95716E+00
  0.60600E+00  0.95644E+00  0.95644E+00
  0.61000E+00  0.95570E+00  0.95570E+00
  0.61400E+00  0.95493E+00  0.95493E+00
  0.61800E+00  0.95413E+00  0.95413E+00
  0.62200E+00  0.95330E+00  0.95330E+00
  0.62600E+00  0.95245E+00  0.95245E+00
  0.63000E+00  0.95157E+00  0.95157E+00
  0.63400E+00  0.95067E+00  0.95067E+00
  0.63800E+00  0.94974E+00  0.94974E+00
  0.64200E+00  0.94878E+00  0.94878E+00
  0.64600E+00  0.94780E+00  0.94780E+00
  0.65000E+00  0.94679E+00  0.94679E+00
  0.65400E+00  0.94576E+00  0.94576E+00
  0.65800E+00  0.94470E+00  0.94470E+00
  0.66200E+00  0.94361E+00  0.94361E+00
  0.66600E+00  0.94250E+00  0.94250E+00
  0.67000E+00  0.94137E+00  0.94137E+00
  0.67400E+00  0.94021E+00  0.94021E+00
  0.67800E+00  0.93902E+00  0.93902E+00
  0.68200E+00  0.93781E+00  0.93781E+00
  0.68600E+00  0.93657E+00  0.93657E+00
  0.69000E+00  0.93531E+00  0.93531E+00
  0.69400E+00  0.93403E+00  0.93403E+00
  0.69800E+00  0.93272E+00  0.93272E+00
  0.70200E+00  0.93138E+00  0.93138E+00
  0.70600E+00  0.93003E+00  0.93003E+00
  0.71000E+00  0.92864E+00  0.92864E+00
  0.71400E+00  0.92724E+00  0.92724E+00
  0.71800E+00  0.92581E+00  0.92581E+00
  0.72200E+00  0.92436E+00  0.92436E+00
  0.72600E+00  0.92288E+00  0.92288E+00
  0.73000E+00  0.92138E+00  0.92138E+00
  0.73400E+00  0.91986E+00  0.91986E+00
  0.73800E+00  0.91831E+00  0.91831E+00
  0.74200E+00  0.91675E+00  0.91675E+00
  0.74600E+00  0.91516E+00  0.91516E+00
  0.75000E+00  0.91355E+00  0.91355E+00
  0.75400E+00  0.91191E+00  0.91191E+00
  0.75800E+00  0.91026E+00  0.91026E+00
  0.76200E+00  0.90858E+00  0.90858E+00
  0.76600E+00  0.90688E+00  0.90688E+00
  0.77000E+00  0.90516E+00  0.90516E+00
  0.77400E+00  0.90342E+00  0.90342E+00
  0.77800E+00  0.90165E+00  0.90165E+00
  0.78200E+00  0.89987E+00  0.89987E+00
  0.78600E+00  0.89807E+00  0.89807E+00
  0.79000E+00  0.89624E+00  0.89624E+00
  0.79400E+00  0.89440E+00  0.89440E+00
  0.79800E+00  0.89253E+00  0.89253E+00
  0.80200E+00  0.89065E+00  0.89065E+00
  0.80600E+00  0.88875E+00  0.88875E+00
  0.81000E+00  0.88683E+00  0.88683E+00
  0.81400E+00  0.88488E+00  0.88488E+00
  0.81800E+00  0.88292E+00  0.88292E+00
  0.82200E+00  0.88094E+00  0.88094E+00
  0.82600E+00  0.87895E+00  0.87895E+00
  0.83000E+00  0.87693E+00  0.87693E+00
  0.83400E+00  0.87490E+00  0.87490E+00
  0.83800E+00  0.87285E+00  0.87285E+00
  0.84200E+00  0.87078E+00  0.87078E+00
  0.84600E+00  0.86869E+00  0.86869E+00
  0.85000E+00  0.86659E+00  0.86659E+00
  0.85400E+00  0.86447E+00  0.86447E+00
  0.85800E+00  0.86233E+00  0.86233E+00
  0.86200E+00  0.86018E+00  0.86018E+00
  0.86600E+00  0.85801E+00  0.85801E+00
  0.87000E+00  0.85582E+00  0.85582E+00
  0.87400E+00  0.85362E+00  0.85362E+00
  0.87800E+00  0.85141E+00  0.85141E+00
  0.88200E+00  0.84918E+00  0.84918E+00
  0.88600E+00  0.84693E+00  0.84693E+00
  0.89000E+00  0.84467E+00  0.84467E+00
  0.89400E+00  0.84240E+00  0.84240E+00
  0.89800E+00  0.84011E+00  0.84011E+00
  0.90200E+00  0.83781E+00  0.83781E+00
  0.90600E+00  0.83549E+00  0.83549E+00
  0.91000E+00  0.83316E+00  0.83316E+00
  0.91400E+00  0.83082E+00  0.83082E+00
  0.91800E+00  0.82847E+00  0.82847E+00
  0.92200E+00  0.82610E+00  0.82610E+00
  0.92600E+00  0.82372E+00  0.82372E+00
  0.93000E+00  0.82133E+00  0.82133E+00
  0.93400E+00  0.81893E+00  0.81893E+00
  0.93800E+00  0.81651E+00  0.81651E+00
  0.94200E+00  0.81409E+00  0.81409E+00
  0.94600E+00  0.81165E+00  0.81165E+00
  0.95000E+00  0.80921E+00  0.80921E+00
  0.95400E+00  0.80675E+00  0.80675E+00
  0.95800E+00  0.80429E+00  0.80429E+00
  0.96200E+00  0.80181E+00  0.80181E+00
  0.96600E+00  0.79932E+00  0.79932E+00
  0.97000E+00  0.79683E+00  0.79683E+00
  0.97400E+00  0.79433E+00  0.79433E+00
  0.97800E+00  0.79182E+00  0.79182E+00
  0.98200E+00  0.78930E+00  0.78930E+00
  0.98600E+00  0.78677E+00  0.78677E+00
  0.99000E+00  0.78424E+00  0.78424E+00
  0.99400E+00  0.78169E+00  0.78169E+00
  0.99800E+00  0.77915E+00  0.77915E+00
  0.10020E+01  0.77659E+00  0.77659E+00
  0.10060E+01  0.77403E+00  0.77403E+00
  0.10100E+01  0.77146E+00  0.77146E+00
  0.10140E+01  0.76889E+00  0.76889E+00
  0.10180E+01  0.76631E+00  0.76631E+00
  0.10220E+01  0.76373E+00  0.76373E+00
  0.10260E+01  0.76114E+00  0.76114E+00
  0.10300E+01  0.75855E+00  0.75855E+00
  0.10340E+01  0.75595E+00  0.75595E+00
  0.10380E+01  0.75335E+00  0.75335E+00
  0.10420E+01  0.75075E+00  0.75075E+00
  0.10460E+01  0.74814E+00  0.74814E+00
  0.10500E+01  0.74554E+00  0.74554E+00
  0.10540E+01  0.74293E+00  0.74293E+00
  0.10580E+01  0.74031E+00  0.74031E+00
  0.10620E+01  0.73770E+00  0.73770E+00
  0.10660E+01  0.73508E+00  0.73508E+00
  0.10700E+01  0.73247E+00  0.73247E+00
  0.10740E+01  0.72985E+00  0.72985E+00
  0.10780E+01  0.72723E+00  0.72723E+00
  0.10820E+01  0.72461E+00  0.72461E+00
  0.10860E+01  0.72200E+00  0.72200E+00
  0.10900E+01  0.71938E+00  0.71938E+00
  0.10940E+01  0.71677E+00  0.71677E+00
  0.10980E+01  0.71415E+00  0.71415E+00
  0.11020E+01  0.71154E+00  0.71154E+00
  0.11060E+01  0.70894E+00  0.70894E+00
  0.11100E+01  0.70633E+00  0.70633E+00
  0.11140E+01  0.70373E+00  0.70373E+00
  0.11180E+01  0.70113E+00  0.70113E+00
  0.11220E+01  0.69853E+00  0.69853E+00
  0.11260E+01  0.69594E+00  0.69594E+00
  0.11300E+01  0.69336E+00  0.69336E+00
  0.11340E+01  0.69078E+00  0.69078E+00
  0.11380E+01  0.68820E+00  0.68820E+00
  0.11420E+01  0.68563E+00  0.68563E+00
  0.11460E+01  0.68307E+00  0.68307E+00
  0.11500E+01  0.68051E+00  0.68051E+00
  0.11540E+01  0.67796E+00  0.67796E+00
  0.11580E+01  0.67542E+00  0.67542E+00
  0.11620E+01  0.67289E+00  0.67289E+00
  0.11660E+01  0.67036E+00  0.67036E+00
  0.11700E+01  0.66785E+00  0.66785E+00
  0.11740E+01  0.66534E+00  0.66534E+00
  0.11780E+01  0.66284E+00  0.66284E+00
  0.11820E+01  0.66036E+00  0.66036E+00
  0.11860E+01  0.65788E+00  0.65788E+00
  0.11900E+01  0.65542E+00  0.65542E+00
  0.11940E+01  0.65296E+00  0.65296E+00
  0.11980E+01  0.65052E+00  0.65052E+00
  0.12020E+01  0.64809E+00  0.64809E+00
  0.12060E+01  0.64568E+00  0.64568E+00
  0.12100E+01  0.64328E+00  0.64328E+00
  0.12140E+01  0.64089E+00  0.64089E+00
  0.12180E+01  0.63852E+00  0.63852E+00
  0.12220E+01  0.63616E+00  0.63616E+00
  0.12260E+01  0.63381E+00  0.63381E+00
  0.12300E+01  0.63149E+00  0.63149E+00
  0.12340E+01  0.62918E+00  0.62918E+00
  0.12380E+01  0.62688E+00  0.62688E+00
  0.12420E+01  0.62461E+00  0.62461E+00
  0.12460E+01  0.62235E+00  0.62235E+00
  0.12500E+01  0.62011E+00  0.62011E+00
  0.12540E+01  0.61789E+00  0.61789E+00
  0.12580E+01  0.61569E+00  0.61569E+00
  0.12620E+01  0.61351E+00  0.61351E+00
  0.12660E+01  0.61135E+00  0.61135E+00
  0.12700E+01  0.60921E+00  0.60921E+00
  0.12740E+01  0.60709E+00  0.60709E+00
  0.12780E+01  0.60500E+00  0.60500E+00
  0.12820E+01  0.60293E+00  0.60293E+00
  0.12860E+01  0.60088E+00  0.60088E+00
  0.12900E+01  0.59886E+00  0.59886E+00
  0.12940E+01  0.59686E+00  0.59686E+00
  0.12980E+01  0.59488E+00  0.59488E+00
  0.13020E+01  0.59293E+00  0.59293E+00
  0.13060E+01  0.59101E+00  0.59101E+00
  0.13100E+01  0.58912E+00  0.58912E+00
  0.13140E+01  0.58725E+00  0.58725E+00
  0.13180E+01  0.58541E+00  0.58541E+00
  0.13220E+01  0.58360E+00  0.58360E+00
  0.13260E+01  0.58182E+00  0.58182E+00
  0.13300E+01  0.58007E+00  0.58007E+00
  0.13340E+01  0.57835E+00  0.57835E+00
  0.13380E+01  0.57666E+00  0.57666E+00
  0.13420E+01  0.57500E+00  0.57500E+00
  0.13460E+01  0.57337E+00  0.57337E+00
  0.13500E+01  0.57178E+00  0.57178E+00
  0.13540E+01  0.57022E+00  0.57022E+00
  0.13580E+01  0.56869E+00  0.56869E+00
  0.13620E+01  0.56720E+00  0.56720E+00
  0.13660E+01  0.56574E+00  0.56574E+00
  0.13700E+01  0.56432E+00  0.56432E+00
  0.13740E+01  0.56294E+00  0.56294E+00
  0.13780E+01  0.56159E+00  0.56159E+00
  0.13820E+01  0.56028E+00  0.56028E+00
  0.13860E+01  0.55900E+00  0.55900E+00
  0.13900E+01  0.55777E+00  0.55777E+00
  0.13940E+01  0.55657E+00  0.55657E+00
  0.13980E+01  0.55541E+00  0.55541E+00
  0.14020E+01  0.55430E+00  0.55430E+00
  0.14060E+01  0.55322E+00  0.55322E+00
  0.14100E+01  0.55218E+00  0.55218E+00
  0.14140E+01  0.55119E+00  0.55119E+00
  0.14180E+01  0.55023E+00  0.55023E+00
  0.14220E+01  0.54932E+00  0.54932E+00
  0.14260E+01  0.54845E+00  0.54845E+00
  0.14300E+01  0.54763E+00  0.54763E+00
  0.14340E+01  0.54684E+00  0.54684E+00
  0.14380E+01  0.54611E+00  0.54611E+00
  0.14420E+01  0.54541E+00  0.54541E+00
  0.14460E+01  0.54476E+00  0.54476E+00
  0.14500E+01  0.54415E+00  0.54415E+00
  0.14540E+01  0.54359E+00  0.54359E+00
  0.14580E+01  0.54307E+00  0.54307E+00
  0.14620E+01  0.54260E+00  0.54260E+00
  0.14660E+01  0.54217E+00  0.54217E+00
  0.14700E+01  0.54179E+00  0.54179E+00
  0.14740E+01  0.54146E+00  0.54146E+00
  0.14780E+01  0.54117E+00  0.54117E+00
  0.14820E+01  0.54092E+00  0.54092E+00
  0.14860E+01  0.54073E+00  0.54073E+00
  0.14900E+01  0.54058E+00  0.54058E+00
  0.14940E+01  0.54047E+00  0.54047E+00
  0.14980E+01  0.54041E+00  0.54041E+00
  0.15020E+01  0.54040E+00  0.54040E+00
  0.15060E+01  0.54043E+00  0.54043E+00
  0.15100E+01  0.54051E+00  0.54051E+00
  0.15140E+01  0.54064E+00  0.54064E+00
  0.15180E+01  0.54081E+00  0.54081E+00
  0.15220E+01  0.54102E+00  0.54102E+00
  0.15260E+01  0.54129E+00  0.54129E+00
  0.15300E+01  0.54159E+00  0.54159E+00
  0.15340E+01  0.54195E+00  0.54195E+00
  0.15380E+01  0.54234E+00  0.54234E+00
  0.15420E+01  0.54278E+00  0.54278E+00
  0.15460E+01  0.54327E+00  0.54327E+00
  0.15500E+01  0.54380E+00  0.54380E+00
  0.15540E+01  0.54437E+00  0.54437E+00
  0.15580E+01  0.54499E+00  0.54499E+00
  0.15620E+01  0.54565E+00  0.54565E+00
  0.15660E+01  0.54635E+00  0.54635E+00
  0.15700E+01  0.54709E+00  0.54709E+00
  0.15740E+01  0.54787E+00  0.54787E+00
  0.15780E+01  0.54870E+00  0.54870E+00
  0.15820E+01  0.54956E+00  0.54956E+00
  0.15860E+01  0.55047E+00  0.55047E+00
  0.15900E+01  0.55141E+00  0.55141E+00
  0.15940E+01  0.55240E+00  0.55240E+00
  0.15980E+01  0.55342E+00  0.55342E+00
  0.16020E+01  0.55448E+00  0.55448E+00
  0.16060E+01  0.55557E+00  0.55557E+00
  0.16100E+01  0.55670E+00  0.55670E+00
  0.16140E+01  0.55787E+00  0.55787E+00
  0.16180E+01  0.55908E+00  0.55908E+00
  0.16220E+01  0.56031E+00  0.56031E+00
  0.16260E+01  0.56158E+00  0.56158E+00
  0.16300E+01  0.56289E+00  0.56289E+00
  0.16340E+01  0.56423E+00  0.56423E+00
  0.16380E+01  0.56560E+00  0.56560E+00
  0.16420E+01  0.56700E+00  0.56700E+00
  0.16460E+01  0.56843E+00  0.56843E+00
  0.16500E+01  0.56989E+00  0.56989E+00
  0.16540E+01  0.57138E+00  0.57138E+00
  0.16580E+01  0.57290E+00  0.57290E+00
  0.16620E+01  0.57445E+00  0.57445E+00
  0.16660E+01  0.57602E+00  0.57602E+00
  0.16700E+01  0.57762E+00  0.57762E+00
  0.16740E+01  0.57925E+00  0.57925E+00
  0.16780E+01  0.58090E+00  0.58090E+00
  0.16820E+01  0.58257E+00  0.58257E+00
  0.16860E+01  0.58427E+00  0.58427E+00
  0.16900E+01  0.58599E+00  0.58599E+00
  0.16940E+01  0.58774E+00  0.58774E+00
  0.16980E+01  0.58950E+00  0.58950E+00
  0.17020E+01  0.59129E+00  0.59129E+00
  0.17060E+01  0.59310E+00  0.59310E+00
  0.17100E+01  0.59492E+00  0.59492E+00
  0.17140E+01  0.59677E+00  0.59677E+00
  0.17180E+01  0.59863E+00  0.59863E+00
  0.17220E+01  0.60051E+00  0.60051E+00
  0.17260E+01  0.60241E+00  0.60241E+00
  0.17300E+01  0.60432E+00  0.60432E+00
  0.17340E+01  0.60625E+00  0.60625E+00
  0.17380E+01  0.60819E+00  0.60819E+00
  0.17420E+01  0.61015E+00  0.61015E+00
  0.17460E+01  0.61212E+00  0.61212E+00
  0.17500E+01  0.61411E+00  0.61411E+00
  0.17540E+01  0.61611E+00  0.61611E+00
  0.17580E+01  0.61811E+00  0.61811E+00
  0.17620E+01  0.62014E+00  0.62014E+00
  0.17660E+01  0.62217E+00  0.62217E+00
  0.17700E+01  0.62421E+00  0.62421E+00
  0.17740E+01  0.62626E+00  0.62626E+00
  0.17780E+01  0.62832E+00  0.62832E+00
  0.17820E+01  0.63038E+00  0.63038E+00
  0.17860E+01  0.63246E+00  0.63246E+00
  0.17900E+01  0.63454E+00  0.63454E+00
  0.17940E+01  0.63663E+00  0.63663E+00
  0.17980E+01  0.63873E+00  0.63873E+00
  0.18020E+01  0.64083E+00  0.64083E+00
  0.18060E+01  0.64294E+00  0.64294E+00
  0.18100E+01  0.64505E+00  0.64505E+00
  0.18140E+01  0.64716E+00  0.64716E+00
  0.18180E+01  0.64928E+00  0.64928E+00
  0.18220E+01  0.65141E+00  0.65141E+00
  0.18260E+01  0.65353E+00  0.65353E+00
  0.18300E+01  0.65566E+00  0.65566E+00
  0.18340E+01  0.65779E+00  0.65779E+00
  0.18380E+01  0.65992E+00  0.65992E+00
  0.18420E+01  0.66206E+00  0.66206E+00
  0.18460E+01  0.66419E+00  0.66419E+00
  0.18500E+01  0.66632E+00  0.66632E+00
  0.18540E+01  0.66846E+00  0.66846E+00
  0.18580E+01  0.67059E+00  0.67059E+00
  0.18620E+01  0.67272E+00  0.67272E+00
  0.18660E+01  0.67486E+00  0.67486E+00
  0.18700E+01  0.67699E+00  0.67699E+00
  0.18740E+01  0.67912E+00  0.67912E+00
  0.18780E+01  0.68124E+00  0.68124E+00
  0.18820E+01  0.68337E+00  0.68337E+00
  0.18860E+01  0.68549E+00  0.68549E+00
  0.18900E+01  0.68761E+00  0.68761E+00
  0.18940E+01  0.68972E+00  0.68972E+00
  0.18980E+01  0.69183E+00  0.69183E+00
  0.19020E+01  0.69394E+00  0.69394E+00
  0.19060E+01  0.69604E+00  0.69604E+00
  0.19100E+01  0.69814E+00  0.69814E+00
  0.19140E+01  0.70023E+00  0.70023E+00
  0.19180E+01  0.70232E+00  0.70232E+00
  0.19220E+01  0.70441E+00  0.70441E+00
  0.19260E+01  0.70648E+00  0.70648E+00
  0.19300E+01  0.70856E+00  0.70856E+00
  0.19340E+01  0.71062E+00  0.71062E+00
  0.19380E+01  0.71268E+00  0.71268E+00
  0.19420E+01  0.71474E+00  0.71474E+00
  0.19460E+01  0.71678E+00  0.71678E+00
  0.19500E+01  0.71882E+00  0.71882E+00
  0.19540E+01  0.72086E+00  0.72086E+00
  0.19580E+01  0.72288E+00  0.72288E+00
  0.19620E+01  0.72490E+00  0.72490E+00
  0.19660E+01  0.72691E+00  0.72691E+00
  0.19700E+01  0.72892E+00  0.72892E+00
  0.19740E+01  0.73091E+00  0.73091E+00
  0.19780E+01  0.73290E+00  0.73290E+00
  0.19820E+01  0.73488E+00  0.73488E+00
  0.19860E+01  0.73685E+00  0.73685E+00
  0.19900E+01  0.73882E+00  0.73882E+00
  0.19940E+01  0.74077E+00  0.74077E+00
  0.19980E+01  0.74271E+00  0.74271E+00
