0.0025		0.180101216921	0.651447109149
0.0075		0.183565307328	0.654557269998
0.0125		0.187084057395	0.65767176074
0.0175		0.190657914503	0.660790375732
0.0225		0.194287342681	0.663912929523
0.0275		0.197972823161	0.667039256171
0.0325		0.201714854893	0.67016920855
0.0375		0.205513955047	0.673302657663
0.0425		0.209370659475	0.676439491939
0.0475		0.213285523154	0.679579616539
0.0525		0.217259120601	0.682722952662
0.0575		0.22129204625	0.685869436842
0.0625		0.225384914818	0.689019020269
0.0675		0.22953836163	0.692171668098
0.0725		0.233753042939	0.695327358782
0.0775		0.238029636205	0.698486083407
0.0825		0.242368840378	0.70164784505
0.0875		0.246771376151	0.704812658147
0.0925		0.251237986213	0.70798054789
0.0975		0.255769435492	0.711151549634
0.1025		0.260366511399	0.714325708339
0.1075		0.265030024064	0.717503078027
0.1125		0.26976080657	0.720683721264
0.1175		0.274559715195	0.72386770866
0.1225		0.279427629619	0.727055118387
0.1275		0.284365453126	0.73024603569
0.1325		0.289374112192	0.733440552053
0.1375		0.294454507252	0.73663873387
0.1425		0.299599148102	0.739835460094
0.1475		0.30473532503	0.742986118557
0.1525		0.309797045078	0.746052375254
0.1575		0.314781773349	0.749035487652
0.1625		0.319687231504	0.751936769774
0.1675		0.324511264933	0.754757511814
0.1725		0.329251828328	0.757498973428
0.1775		0.333906988597	0.760162387396
0.1825		0.338474926854	0.762748962581
0.1875		0.342953939937	0.765259886506
0.1925		0.347342441679	0.76769632769
0.1975		0.351638963933	0.770059437769
0.2025		0.355842157338	0.772350353425
0.2075		0.359950791865	0.774570198133
0.2125		0.363963757117	0.77672008375
0.2175		0.367880062426	0.778801111966
0.2225		0.371698836726	0.780814375625
0.2275		0.375419328249	0.78276095993
0.2325		0.379040904024	0.784641943555
0.2375		0.382563049213	0.786458399661
0.2425		0.385985366282	0.78821139684
0.2475		0.389307574024	0.789901999983
0.2525		0.392529506445	0.79153127109
0.2575		0.395651111499	0.793100270013
0.2625		0.398672449447	0.794610055026
0.2675		0.401593691978	0.79606168378
0.2725		0.404415120327	0.797456213777
0.2775		0.407137123591	0.798794702946
0.2825		0.40976019697	0.800078210204
0.2875		0.412284939921	0.801307795977
0.2925		0.414712054244	0.802484522699
0.2975		0.417042342097	0.803609455296
0.3025		0.41927670396	0.804683661634
0.3075		0.421416136543	0.805708212966
0.3125		0.423461730647	0.806684184347
0.3175		0.425414668995	0.80761265505
0.3225		0.427276224022	0.808494708952
0.3275		0.429047755645	0.809331434923
0.3325		0.430730709015	0.810123927197
0.3375		0.43232661225	0.810873285739
0.3425		0.433837074171	0.811580616595
0.3475		0.435263782031	0.812247032247
0.3525		0.436608499245	0.812873651955
0.3575		0.437873063146	0.813461602095
0.3625		0.439059382738	0.814012016492
0.3675		0.44016943649	0.814526036752
0.3725		0.441205270143	0.815004812588
0.3775		0.442168994558	0.815449502144
0.3825		0.443062783596	0.815861272318
0.3875		0.443888872048	0.816241299083
0.3925		0.444649553607	0.816590767803
0.3975		0.44534717889	0.816910873551
0.4025		0.445984153525	0.817202821427
0.4075		0.446562936293	0.817467826868
0.4125		0.447086037334	0.817707115964
0.4175		0.447556016427	0.817921925766
0.4225		0.447975481342	0.8181135046
0.4275		0.448347086269	0.81828311237
0.4325		0.448673530325	0.818432020864
0.4375		0.44895755615	0.818561514057
0.4425		0.449201948592	0.818672888408
0.4475		0.449409533476	0.818767453156
0.4525		0.449583176478	0.81884653061
0.4575		0.449725782088	0.818911456428
0.4625		0.449840292679	0.818963579904
0.4675		0.449929687683	0.819004264231
0.4725		0.449996982863	0.819034886765
0.4775		0.45004522971	0.819056839281
0.4825		0.45007751494	0.819071528209
0.4875		0.450096960116	0.819080374869
0.4925		0.450106721372	0.819084815684
0.4975		0.450109989217	0.819086302351
0.5025		0.450109989217	0.819086302351
0.5075		0.450106721372	0.819084815684
0.5125		0.450096960116	0.819080374869
0.5175		0.45007751494	0.819071528209
0.5225		0.45004522971	0.819056839281
0.5275		0.449996982863	0.819034886765
0.5325		0.449929687683	0.819004264231
0.5375		0.449840292679	0.818963579904
0.5425		0.449725782088	0.818911456428
0.5475		0.449583176478	0.81884653061
0.5525		0.449409533476	0.818767453156
0.5575		0.449201948592	0.818672888408
0.5625		0.44895755615	0.818561514057
0.5675		0.448673530325	0.818432020864
0.5725		0.448347086269	0.81828311237
0.5775		0.447975481342	0.8181135046
0.5825		0.447556016427	0.817921925766
0.5875		0.447086037334	0.817707115964
0.5925		0.446562936293	0.817467826868
0.5975		0.445984153525	0.817202821427
0.6025		0.44534717889	0.816910873551
0.6075		0.444649553607	0.816590767803
0.6125		0.443888872048	0.816241299083
0.6175		0.443062783596	0.815861272318
0.6225		0.442168994558	0.815449502144
0.6275		0.441205270143	0.815004812588
0.6325		0.44016943649	0.814526036752
0.6375		0.439059382738	0.814012016492
0.6425		0.437873063146	0.813461602095
0.6475		0.436608499245	0.812873651955
0.6525		0.435263782031	0.812247032247
0.6575		0.433837074171	0.811580616595
0.6625		0.43232661225	0.810873285739
0.6675		0.430730709015	0.810123927197
0.6725		0.429047755645	0.809331434923
0.6775		0.427276224022	0.808494708952
0.6825		0.425414668995	0.80761265505
0.6875		0.423461730647	0.806684184347
0.6925		0.421416136543	0.805708212966
0.6975		0.41927670396	0.804683661634
0.7025		0.417042342097	0.803609455296
0.7075		0.414712054244	0.802484522699
0.7125		0.412284939921	0.801307795977
0.7175		0.40976019697	0.800078210204
0.7225		0.407137123591	0.798794702946
0.7275		0.404415120327	0.797456213777
0.7325		0.401593691978	0.79606168378
0.7375		0.398672449447	0.794610055026
0.7425		0.395651111499	0.793100270013
0.7475		0.392529506445	0.79153127109
0.7525		0.389307574024	0.789901999983
0.7575		0.385985366282	0.78821139684
0.7625		0.382563049213	0.786458399661
0.7675		0.379040904024	0.784641943555
0.7725		0.375419328249	0.78276095993
0.7775		0.371698836726	0.780814375625
0.7825		0.367880062426	0.778801111966
0.7875		0.363963757117	0.77672008375
0.7925		0.359950791865	0.774570198133
0.7975		0.355842157338	0.772350353425
0.8025		0.351638963933	0.770059437769
0.8075		0.347342441679	0.76769632769
0.8125		0.342953939937	0.765259886506
0.8175		0.338474926854	0.762748962581
0.8225		0.333906988597	0.760162387396
0.8275		0.329251828328	0.757498973428
0.8325		0.324511264933	0.754757511814
0.8375		0.319687231504	0.751936769774
0.8425		0.314781773349	0.749035487652
0.8475		0.309797045078	0.746052375254
0.8525		0.30473532503	0.742986118557
0.8575		0.299599148102	0.739835460094
0.8625		0.294454507252	0.73663873387
0.8675		0.289374112192	0.733440552053
0.8725		0.284365453126	0.73024603569
0.8775		0.279427629619	0.727055118387
0.8825		0.274559715194	0.72386770866
0.8875		0.26976080657	0.720683721264
0.8925		0.265030024064	0.717503078027
0.8975		0.260366511399	0.714325708339
0.9025		0.255769435492	0.711151549634
0.9075		0.251237986212	0.70798054789
0.9125		0.246771376151	0.704812658147
0.9175		0.242368840378	0.70164784505
0.9225		0.238029636205	0.698486083407
0.9275		0.233753042939	0.695327358782
0.9325		0.22953836163	0.692171668098
0.9375		0.225384914818	0.689019020269
0.9425		0.22129204625	0.685869436842
0.9475		0.217259120601	0.682722952662
0.9525		0.213285523154	0.679579616539
0.9575		0.209370659475	0.676439491939
0.9625		0.205513955047	0.673302657663
0.9675		0.201714854893	0.67016920855
0.9725		0.197972823161	0.667039256171
0.9775		0.194287342681	0.663912929523
0.9825		0.190657914503	0.660790375732
0.9875		0.187084057395	0.65767176074
0.9925		0.183565307328	0.654557269998
0.9975		0.180101216921	0.651447109149
1.0025		0.176691354875	0.648341504703
1.0075		0.173335305375	0.645240704706
1.0125		0.170032667478	0.642144979399
1.0175		0.166783054472	0.639054621861
1.0225		0.163586093231	0.635969948646
1.0275		0.160441423541	0.632891300404
1.0325		0.15734869742	0.629819042479
1.0375		0.154307578425	0.626753565495
1.0425		0.151317740946	0.623695285926
1.0475		0.148378869493	0.62064464663
1.0525		0.145490657978	0.617602117369
1.0575		0.142652808987	0.614568195294
1.0625		0.139865033056	0.611543405405
1.0675		0.137127047936	0.608528300968
1.0725		0.134438577866	0.605523463902
1.0775		0.131799352843	0.602529505114
1.0825		0.129209107892	0.599547064793
1.0875		0.126667582349	0.596576812653
1.0925		0.124174519136	0.593619448111
1.0975		0.121729664055	0.590675700414
1.1025		0.119332765081	0.587746328687
1.1075		0.116983571669	0.584832121912
1.1125		0.114681834069	0.581933898824
1.1175		0.112427302649	0.579052507723
1.1225		0.110219727237	0.576188826183
1.1275		0.108058856465	0.573343760666
1.1325		0.105944437141	0.570518246021
1.1375		0.10387621362	0.56771324487
1.1425		0.101853927202	0.564929746859
1.1475		0.0998773155376	0.562168767785
1.1525		0.097946112059	0.559431348573
1.1575		0.0960600454178	0.556718554104
1.1625		0.0942188389479	0.554031471886
1.1675		0.0924222101433	0.551371210556
1.1725		0.0906698701553	0.548738898213
1.1775		0.0889615233082	0.546135680564
1.1825		0.0872968666343	0.543562718885
1.1875		0.0856755894285	0.541021187796
1.1925		0.0840973728226	0.538512272834
1.1975		0.0825618893792	0.536037167822
1.2025		0.081068802706	0.533597072048
1.2075		0.0796177670901	0.531193187232
1.2125		0.0782084271525	0.528826714298
1.2175		0.0768404175228	0.526498849943
1.2225		0.0755133625342	0.52421078302
1.2275		0.0742268759379	0.521963690727
1.2325		0.0729805606389	0.519758734631
1.2375		0.0717740084498	0.517597056518
1.2425		0.0706067998657	0.515479774099
1.2475		0.0694785038578	0.513407976585
1.2525		0.068388677686	0.511382720141
1.2575		0.0673368667307	0.509405023264
1.2625		0.0663226043422	0.507475862078
1.2675		0.0653454117094	0.505596165606
1.2725		0.0644047977449	0.503766811021
1.2775		0.0635002589876	0.501988618926
1.2825		0.0626312795221	0.500262348685
1.2875		0.0617973309138	0.498588693842
1.2925		0.06099787216	0.496968277666
1.2975		0.0602323496552	0.495401648856
1.3025		0.059500197171	0.493889277439
1.3075		0.0588008358496	0.492431550896
1.3125		0.0581336742098	0.491028770559
1.3175		0.0574981081657	0.489681148295
1.3225		0.0568935210559	0.488388803524
1.3275		0.056319283684	0.487151760592
1.3325		0.0557747543683	0.485969946511
1.3375		0.0552592790008	0.484843189119
1.3425		0.0547721911141	0.483771215633
1.3475		0.0543128119555	0.48275365165
1.3525		0.0538804505671	0.481790020573
1.3575		0.0534744038722	0.480879743478
1.3625		0.0530939567652	0.480022139426
1.3675		0.0527383822063	0.479216426188
1.3725		0.0524069413177	0.478461721409
1.3775		0.0520988834828	0.477757044153
1.3825		0.0518134464459	0.477101316841
1.3875		0.0515498564123	0.47649336754
1.3925		0.0513073281475	0.475931932573
1.3975		0.0510850650748	0.475415659426
1.4025		0.0508822593711	0.474943109915
1.4075		0.0506980920592	0.474512763565
1.4125		0.0505317330961	0.474123021177
1.4175		0.050382341457	0.473772208531
1.4225		0.050249065214	0.473458580192
1.4275		0.0501310416087	0.473180323374
1.4325		0.0500273971178	0.472935561815
1.4375		0.0499372475125	0.472722359638
1.4425		0.0498596979086	0.472538725149
1.4475		0.0497938428097	0.47238261453
1.4525		0.0497387661407	0.47225193541
1.4575		0.0496935412715	0.472144550255
1.4625		0.0496572310322	0.472058279572
1.4675		0.0496288877167	0.471990904878
1.4725		0.0496075530764	0.471940171417
1.4775		0.0495922583025	0.471903790597
1.4825		0.0495820239969	0.47187944213
1.4875		0.0495758601315	0.47186477584
1.4925		0.0495727659987	0.471857413151
1.4975		0.0495717301636	0.471854948237
1.5025		0.0495717301636	0.471854948237
1.5075		0.0495727659987	0.471857413151
1.5125		0.0495758601315	0.47186477584
1.5175		0.0495820239969	0.47187944213
1.5225		0.0495922583025	0.471903790597
1.5275		0.0496075530764	0.471940171417
1.5325		0.0496288877167	0.471990904878
1.5375		0.0496572310322	0.472058279572
1.5425		0.0496935412715	0.472144550255
1.5475		0.0497387661407	0.47225193541
1.5525		0.0497938428097	0.47238261453
1.5575		0.0498596979086	0.472538725149
1.5625		0.0499372475125	0.472722359638
1.5675		0.0500273971178	0.472935561815
1.5725		0.0501310416087	0.473180323374
1.5775		0.050249065214	0.473458580192
1.5825		0.050382341457	0.473772208531
1.5875		0.0505317330961	0.474123021177
1.5925		0.0506980920592	0.474512763565
1.5975		0.0508822593711	0.474943109915
1.6025		0.0510850650748	0.475415659426
1.6075		0.0513073281475	0.475931932573
1.6125		0.0515498564123	0.47649336754
1.6175		0.0518134464459	0.477101316841
1.6225		0.0520988834828	0.477757044153
1.6275		0.0524069413177	0.478461721409
1.6325		0.0527383822063	0.479216426188
1.6375		0.0530939567652	0.480022139426
1.6425		0.0534744038722	0.480879743478
1.6475		0.0538804505671	0.481790020573
1.6525		0.0543128119555	0.48275365165
1.6575		0.0547721911141	0.483771215633
1.6625		0.0552592790008	0.484843189119
1.6675		0.0557747543683	0.485969946511
1.6725		0.056319283684	0.487151760592
1.6775		0.0568935210559	0.488388803524
1.6825		0.0574981081657	0.489681148295
1.6875		0.0581336742098	0.491028770559
1.6925		0.0588008358496	0.492431550896
1.6975		0.059500197171	0.493889277439
1.7025		0.0602323496552	0.495401648856
1.7075		0.0609978721601	0.496968277666
1.7125		0.0617973309138	0.498588693842
1.7175		0.0626312795221	0.500262348685
1.7225		0.0635002589876	0.501988618926
1.7275		0.0644047977449	0.503766811021
1.7325		0.0653454117094	0.505596165606
1.7375		0.0663226043422	0.507475862078
1.7425		0.0673368667307	0.509405023264
1.7475		0.0683886776861	0.511382720141
1.7525		0.0694785038578	0.513407976585
1.7575		0.0706067998657	0.515479774099
1.7625		0.0717740084498	0.517597056518
1.7675		0.0729805606389	0.519758734631
1.7725		0.0742268759379	0.521963690727
1.7775		0.0755133625342	0.52421078302
1.7825		0.0768404175228	0.526498849943
1.7875		0.0782084271525	0.528826714298
1.7925		0.0796177670901	0.531193187232
1.7975		0.081068802706	0.533597072048
1.8025		0.0825618893792	0.536037167822
1.8075		0.0840973728226	0.538512272834
1.8125		0.0856755894286	0.541021187796
1.8175		0.0872968666343	0.543562718885
1.8225		0.0889615233082	0.546135680564
1.8275		0.0906698701553	0.548738898213
1.8325		0.0924222101433	0.551371210556
1.8375		0.0942188389479	0.554031471886
1.8425		0.0960600454178	0.556718554104
1.8475		0.097946112059	0.559431348573
1.8525		0.0998773155376	0.562168767785
1.8575		0.101853927202	0.564929746859
1.8625		0.10387621362	0.56771324487
1.8675		0.105944437141	0.570518246021
1.8725		0.108058856465	0.573343760666
1.8775		0.110219727237	0.576188826183
1.8825		0.112427302649	0.579052507723
1.8875		0.114681834069	0.581933898824
1.8925		0.116983571669	0.584832121912
1.8975		0.119332765081	0.587746328687
1.9025		0.121729664055	0.590675700414
1.9075		0.124174519136	0.593619448111
1.9125		0.126667582349	0.596576812653
1.9175		0.129209107892	0.599547064793
1.9225		0.131799352843	0.602529505114
1.9275		0.134438577866	0.605523463902
1.9325		0.137127047936	0.608528300968
1.9375		0.139865033056	0.611543405405
1.9425		0.142652808987	0.614568195294
1.9475		0.145490657978	0.617602117369
1.9525		0.148378869493	0.62064464663
1.9575		0.151317740946	0.623695285926
1.9625		0.154307578425	0.626753565495
1.9675		0.15734869742	0.629819042479
1.9725		0.160441423541	0.632891300404
1.9775		0.163586093231	0.635969948646
1.9825		0.166783054472	0.639054621861
1.9875		0.170032667478	0.642144979399
1.9925		0.173335305375	0.645240704706
1.9975		0.176691354875	0.648341504703
