 TITLE=RHEsVARIABLES=="X","DENSITY"
 ZONE I=         400
  0.12500E-02  0.98779E+00
  0.37500E-02  0.97558E+00
  0.62500E-02  0.96337E+00
  0.87500E-02  0.95118E+00
  0.11250E-01  0.93899E+00
  0.13750E-01  0.92682E+00
  0.16250E-01  0.91467E+00
  0.18750E-01  0.90253E+00
  0.21250E-01  0.89042E+00
  0.23750E-01  0.87834E+00
  0.26250E-01  0.86628E+00
  0.28750E-01  0.85425E+00
  0.31250E-01  0.84226E+00
  0.33750E-01  0.83031E+00
  0.36250E-01  0.81839E+00
  0.38750E-01  0.80651E+00
  0.41250E-01  0.79468E+00
  0.43750E-01  0.78290E+00
  0.46250E-01  0.77117E+00
  0.48750E-01  0.75949E+00
  0.51250E-01  0.74786E+00
  0.53750E-01  0.73629E+00
  0.56250E-01  0.72478E+00
  0.58750E-01  0.71333E+00
  0.61250E-01  0.70194E+00
  0.63750E-01  0.69063E+00
  0.66250E-01  0.67938E+00
  0.68750E-01  0.66820E+00
  0.71250E-01  0.65709E+00
  0.73750E-01  0.64606E+00
  0.76250E-01  0.63511E+00
  0.78750E-01  0.62424E+00
  0.81250E-01  0.61345E+00
  0.83750E-01  0.60274E+00
  0.86250E-01  0.59211E+00
  0.88750E-01  0.58158E+00
  0.91250E-01  0.57113E+00
  0.93750E-01  0.56077E+00
  0.96250E-01  0.55050E+00
  0.98750E-01  0.54033E+00
  0.10125E+00  0.53025E+00
  0.10375E+00  0.52027E+00
  0.10625E+00  0.51038E+00
  0.10875E+00  0.50060E+00
  0.11125E+00  0.49091E+00
  0.11375E+00  0.48133E+00
  0.11625E+00  0.47185E+00
  0.11875E+00  0.46247E+00
  0.12125E+00  0.45320E+00
  0.12375E+00  0.44403E+00
  0.12625E+00  0.43498E+00
  0.12875E+00  0.42602E+00
  0.13125E+00  0.41718E+00
  0.13375E+00  0.40845E+00
  0.13625E+00  0.39982E+00
  0.13875E+00  0.39131E+00
  0.14125E+00  0.38290E+00
  0.14375E+00  0.37461E+00
  0.14625E+00  0.36643E+00
  0.14875E+00  0.35837E+00
  0.15125E+00  0.35041E+00
  0.15375E+00  0.34257E+00
  0.15625E+00  0.33484E+00
  0.15875E+00  0.32723E+00
  0.16125E+00  0.31972E+00
  0.16375E+00  0.31234E+00
  0.16625E+00  0.30506E+00
  0.16875E+00  0.29790E+00
  0.17125E+00  0.29085E+00
  0.17375E+00  0.28391E+00
  0.17625E+00  0.27709E+00
  0.17875E+00  0.27038E+00
  0.18125E+00  0.26378E+00
  0.18375E+00  0.25730E+00
  0.18625E+00  0.25092E+00
  0.18875E+00  0.24466E+00
  0.19125E+00  0.23851E+00
  0.19375E+00  0.23246E+00
  0.19625E+00  0.22653E+00
  0.19875E+00  0.22071E+00
  0.20125E+00  0.21499E+00
  0.20375E+00  0.20938E+00
  0.20625E+00  0.20388E+00
  0.20875E+00  0.19848E+00
  0.21125E+00  0.19319E+00
  0.21375E+00  0.18800E+00
  0.21625E+00  0.18292E+00
  0.21875E+00  0.17794E+00
  0.22125E+00  0.17306E+00
  0.22375E+00  0.16828E+00
  0.22625E+00  0.16360E+00
  0.22875E+00  0.15902E+00
  0.23125E+00  0.15454E+00
  0.23375E+00  0.15016E+00
  0.23625E+00  0.14586E+00
  0.23875E+00  0.14167E+00
  0.24125E+00  0.13757E+00
  0.24375E+00  0.13356E+00
  0.24625E+00  0.12964E+00
  0.24875E+00  0.12581E+00
  0.25125E+00  0.12207E+00
  0.25375E+00  0.11842E+00
  0.25625E+00  0.11485E+00
  0.25875E+00  0.11137E+00
  0.26125E+00  0.10797E+00
  0.26375E+00  0.10465E+00
  0.26625E+00  0.10142E+00
  0.26875E+00  0.98266E-01
  0.27125E+00  0.95191E-01
  0.27375E+00  0.92193E-01
  0.27625E+00  0.89272E-01
  0.27875E+00  0.86426E-01
  0.28125E+00  0.83654E-01
  0.28375E+00  0.80954E-01
  0.28625E+00  0.78325E-01
  0.28875E+00  0.75766E-01
  0.29125E+00  0.73276E-01
  0.29375E+00  0.70853E-01
  0.29625E+00  0.68496E-01
  0.29875E+00  0.66204E-01
  0.30125E+00  0.63975E-01
  0.30375E+00  0.61809E-01
  0.30625E+00  0.59704E-01
  0.30875E+00  0.57659E-01
  0.31125E+00  0.55672E-01
  0.31375E+00  0.53743E-01
  0.31625E+00  0.51870E-01
  0.31875E+00  0.50051E-01
  0.32125E+00  0.48287E-01
  0.32375E+00  0.46575E-01
  0.32625E+00  0.44914E-01
  0.32875E+00  0.43304E-01
  0.33125E+00  0.41742E-01
  0.33375E+00  0.40229E-01
  0.33625E+00  0.38762E-01
  0.33875E+00  0.37341E-01
  0.34125E+00  0.35965E-01
  0.34375E+00  0.34632E-01
  0.34625E+00  0.33342E-01
  0.34875E+00  0.32092E-01
  0.35125E+00  0.30884E-01
  0.35375E+00  0.29714E-01
  0.35625E+00  0.28583E-01
  0.35875E+00  0.27489E-01
  0.36125E+00  0.26431E-01
  0.36375E+00  0.25409E-01
  0.36625E+00  0.24421E-01
  0.36875E+00  0.23467E-01
  0.37125E+00  0.22545E-01
  0.37375E+00  0.21655E-01
  0.37625E+00  0.20795E-01
  0.37875E+00  0.19965E-01
  0.38125E+00  0.19165E-01
  0.38375E+00  0.18392E-01
  0.38625E+00  0.17647E-01
  0.38875E+00  0.16929E-01
  0.39125E+00  0.16236E-01
  0.39375E+00  0.15569E-01
  0.39625E+00  0.14925E-01
  0.39875E+00  0.14306E-01
  0.40125E+00  0.13709E-01
  0.40375E+00  0.13134E-01
  0.40625E+00  0.12580E-01
  0.40875E+00  0.12048E-01
  0.41125E+00  0.11535E-01
  0.41375E+00  0.11042E-01
  0.41625E+00  0.10568E-01
  0.41875E+00  0.10111E-01
  0.42125E+00  0.96729E-02
  0.42375E+00  0.92514E-02
  0.42625E+00  0.88464E-02
  0.42875E+00  0.84573E-02
  0.43125E+00  0.80835E-02
  0.43375E+00  0.77247E-02
  0.43625E+00  0.73801E-02
  0.43875E+00  0.70494E-02
  0.44125E+00  0.67321E-02
  0.44375E+00  0.64277E-02
  0.44625E+00  0.61357E-02
  0.44875E+00  0.58557E-02
  0.45125E+00  0.55873E-02
  0.45375E+00  0.53300E-02
  0.45625E+00  0.50835E-02
  0.45875E+00  0.48473E-02
  0.46125E+00  0.46211E-02
  0.46375E+00  0.44045E-02
  0.46625E+00  0.41972E-02
  0.46875E+00  0.39987E-02
  0.47125E+00  0.38088E-02
  0.47375E+00  0.36271E-02
  0.47625E+00  0.34533E-02
  0.47875E+00  0.32872E-02
  0.48125E+00  0.31283E-02
  0.48375E+00  0.29765E-02
  0.48625E+00  0.28315E-02
  0.48875E+00  0.26929E-02
  0.49125E+00  0.25605E-02
  0.49375E+00  0.24341E-02
  0.49625E+00  0.23135E-02
  0.49875E+00  0.21983E-02
  0.50125E+00  0.20885E-02
  0.50375E+00  0.19836E-02
  0.50625E+00  0.18837E-02
  0.50875E+00  0.17884E-02
  0.51125E+00  0.16975E-02
  0.51375E+00  0.16109E-02
  0.51625E+00  0.15284E-02
  0.51875E+00  0.14497E-02
  0.52125E+00  0.13749E-02
  0.52375E+00  0.13036E-02
  0.52625E+00  0.12357E-02
  0.52875E+00  0.11711E-02
  0.53125E+00  0.11097E-02
  0.53375E+00  0.10512E-02
  0.53625E+00  0.99558E-03
  0.53875E+00  0.94271E-03
  0.54125E+00  0.89245E-03
  0.54375E+00  0.84469E-03
  0.54625E+00  0.79930E-03
  0.54875E+00  0.75619E-03
  0.55125E+00  0.71524E-03
  0.55375E+00  0.67636E-03
  0.55625E+00  0.63945E-03
  0.55875E+00  0.60443E-03
  0.56125E+00  0.57119E-03
  0.56375E+00  0.53967E-03
  0.56625E+00  0.50977E-03
  0.56875E+00  0.48142E-03
  0.57125E+00  0.45454E-03
  0.57375E+00  0.42908E-03
  0.57625E+00  0.40495E-03
  0.57875E+00  0.38209E-03
  0.58125E+00  0.36044E-03
  0.58375E+00  0.33994E-03
  0.58625E+00  0.32054E-03
  0.58875E+00  0.30218E-03
  0.59125E+00  0.28480E-03
  0.59375E+00  0.26837E-03
  0.59625E+00  0.25283E-03
  0.59875E+00  0.23813E-03
  0.60125E+00  0.22424E-03
  0.60375E+00  0.21111E-03
  0.60625E+00  0.19871E-03
  0.60875E+00  0.18699E-03
  0.61125E+00  0.17593E-03
  0.61375E+00  0.16548E-03
  0.61625E+00  0.15562E-03
  0.61875E+00  0.14631E-03
  0.62125E+00  0.13753E-03
  0.62375E+00  0.12925E-03
  0.62625E+00  0.12144E-03
  0.62875E+00  0.11407E-03
  0.63125E+00  0.10713E-03
  0.63375E+00  0.10059E-03
  0.63625E+00  0.94428E-04
  0.63875E+00  0.88622E-04
  0.64125E+00  0.83155E-04
  0.64375E+00  0.78008E-04
  0.64625E+00  0.73163E-04
  0.64875E+00  0.68603E-04
  0.65125E+00  0.64313E-04
  0.65375E+00  0.60278E-04
  0.65625E+00  0.56484E-04
  0.65875E+00  0.52916E-04
  0.66125E+00  0.49563E-04
  0.66375E+00  0.46411E-04
  0.66625E+00  0.43451E-04
  0.66875E+00  0.40670E-04
  0.67125E+00  0.38058E-04
  0.67375E+00  0.35606E-04
  0.67625E+00  0.33305E-04
  0.67875E+00  0.31145E-04
  0.68125E+00  0.29119E-04
  0.68375E+00  0.27219E-04
  0.68625E+00  0.25437E-04
  0.68875E+00  0.23766E-04
  0.69125E+00  0.22200E-04
  0.69375E+00  0.20732E-04
  0.69625E+00  0.19358E-04
  0.69875E+00  0.18070E-04
  0.70125E+00  0.16864E-04
  0.70375E+00  0.15735E-04
  0.70625E+00  0.14678E-04
  0.70875E+00  0.13689E-04
  0.71125E+00  0.12764E-04
  0.71375E+00  0.11899E-04
  0.71625E+00  0.11090E-04
  0.71875E+00  0.10334E-04
  0.72125E+00  0.96265E-05
  0.72375E+00  0.89658E-05
  0.72625E+00  0.83486E-05
  0.72875E+00  0.77722E-05
  0.73125E+00  0.72338E-05
  0.73375E+00  0.67313E-05
  0.73625E+00  0.62623E-05
  0.73875E+00  0.58246E-05
  0.74125E+00  0.54163E-05
  0.74375E+00  0.50354E-05
  0.74625E+00  0.46803E-05
  0.74875E+00  0.43493E-05
  0.75125E+00  0.40407E-05
  0.75375E+00  0.37532E-05
  0.75625E+00  0.34853E-05
  0.75875E+00  0.32359E-05
  0.76125E+00  0.30036E-05
  0.76375E+00  0.27873E-05
  0.76625E+00  0.25861E-05
  0.76875E+00  0.23988E-05
  0.77125E+00  0.22246E-05
  0.77375E+00  0.20625E-05
  0.77625E+00  0.19119E-05
  0.77875E+00  0.17718E-05
  0.78125E+00  0.16416E-05
  0.78375E+00  0.15207E-05
  0.78625E+00  0.14083E-05
  0.78875E+00  0.13039E-05
  0.79125E+00  0.12071E-05
  0.79375E+00  0.11171E-05
  0.79625E+00  0.10336E-05
  0.79875E+00  0.95615E-06
  0.80125E+00  0.88429E-06
  0.80375E+00  0.81765E-06
  0.80625E+00  0.75585E-06
  0.80875E+00  0.69857E-06
  0.81125E+00  0.64548E-06
  0.81375E+00  0.59629E-06
  0.81625E+00  0.55073E-06
  0.81875E+00  0.50853E-06
  0.82125E+00  0.46945E-06
  0.82375E+00  0.43328E-06
  0.82625E+00  0.39981E-06
  0.82875E+00  0.36883E-06
  0.83125E+00  0.34018E-06
  0.83375E+00  0.31369E-06
  0.83625E+00  0.28919E-06
  0.83875E+00  0.26654E-06
  0.84125E+00  0.24561E-06
  0.84375E+00  0.22627E-06
  0.84625E+00  0.20841E-06
  0.84875E+00  0.19192E-06
  0.85125E+00  0.17668E-06
  0.85375E+00  0.16262E-06
  0.85625E+00  0.14965E-06
  0.85875E+00  0.13768E-06
  0.86125E+00  0.12664E-06
  0.86375E+00  0.11645E-06
  0.86625E+00  0.10706E-06
  0.86875E+00  0.98408E-07
  0.87125E+00  0.90432E-07
  0.87375E+00  0.83083E-07
  0.87625E+00  0.76314E-07
  0.87875E+00  0.70080E-07
  0.88125E+00  0.64340E-07
  0.88375E+00  0.59057E-07
  0.88625E+00  0.54195E-07
  0.88875E+00  0.49722E-07
  0.89125E+00  0.45607E-07
  0.89375E+00  0.41822E-07
  0.89625E+00  0.38343E-07
  0.89875E+00  0.35145E-07
  0.90125E+00  0.32205E-07
  0.90375E+00  0.29504E-07
  0.90625E+00  0.27023E-07
  0.90875E+00  0.24745E-07
  0.91125E+00  0.22652E-07
  0.91375E+00  0.20731E-07
  0.91625E+00  0.18968E-07
  0.91875E+00  0.17350E-07
  0.92125E+00  0.15865E-07
  0.92375E+00  0.14503E-07
  0.92625E+00  0.13253E-07
  0.92875E+00  0.12107E-07
  0.93125E+00  0.11056E-07
  0.93375E+00  0.10092E-07
  0.93625E+00  0.92086E-08
  0.93875E+00  0.83982E-08
  0.94125E+00  0.76550E-08
  0.94375E+00  0.69734E-08
  0.94625E+00  0.63482E-08
  0.94875E+00  0.57745E-08
  0.95125E+00  0.52479E-08
  0.95375E+00  0.47643E-08
  0.95625E+00  0.43200E-08
  0.95875E+00  0.39114E-08
  0.96125E+00  0.35352E-08
  0.96375E+00  0.31885E-08
  0.96625E+00  0.28685E-08
  0.96875E+00  0.25726E-08
  0.97125E+00  0.22984E-08
  0.97375E+00  0.20437E-08
  0.97625E+00  0.18062E-08
  0.97875E+00  0.15842E-08
  0.98125E+00  0.13757E-08
  0.98375E+00  0.11789E-08
  0.98625E+00  0.99229E-09
  0.98875E+00  0.81417E-09
  0.99125E+00  0.64307E-09
  0.99375E+00  0.47751E-09
  0.99625E+00  0.31606E-09
  0.99875E+00  0.15735E-09
