0.00015625		0.398927502446	0.992374755143
0.00046875		0.398612903593	0.992178386317
0.00078125		0.398175177885	0.991905747875
0.00109375		0.397760132222	0.991646770136
0.00140625		0.397416902181	0.99143239968
0.00171875		0.397107028258	0.991238811237
0.00203125		0.396809663086	0.991052996589
0.00234375		0.396515358235	0.990869001196
0.00265625		0.396222092838	0.990685586428
0.00296875		0.395930241879	0.990502885943
0.00328125		0.395641112714	0.990321775617
0.00359375		0.39535512144	0.99014254171
0.00390625		0.395072402313	0.989965264331
0.00421875		0.394792902981	0.989789911566
0.00453125		0.394516492919	0.989616391569
0.00484375		0.39424301925	0.98944460107
0.00515625		0.393972381191	0.989274462909
0.00546875		0.39370438564	0.989105888426
0.00578125		0.393438826283	0.98893877685
0.00609375		0.393175498576	0.98877302548
0.00640625		0.392914244291	0.988608557502
0.00671875		0.392654971159	0.988445306933
0.00703125		0.39239759996	0.988283195061
0.00734375		0.392142106351	0.988122138044
0.00765625		0.391888422901	0.987962062777
0.00796875		0.391636442393	0.987802922802
0.00828125		0.391386026503	0.987644674855
0.00859375		0.391137010658	0.987487257778
0.00890625		0.390889247228	0.987330608561
0.00921875		0.390642684993	0.987174688623
0.00953125		0.390397339091	0.987019464856
0.00984375		0.390153153993	0.986864888251
0.01015625		0.38991002219	0.98671091151
0.01046875		0.389667812102	0.986557488421
0.01078125		0.389426446703	0.986404573807
0.01109375		0.389185983742	0.986252136525
0.01140625		0.388946530591	0.986100159569
0.01171875		0.388707986527	0.985948626486
0.01203125		0.388470232679	0.985797509731
0.01234375		0.38823315599	0.985646776858
0.01265625		0.387996671261	0.985496396894
0.01296875		0.387760689889	0.985346345971
0.01328125		0.387525168978	0.985196604799
0.01359375		0.387290169915	0.985047154622
0.01390625		0.387055792968	0.984897976652
0.01421875		0.386822041782	0.984749050742
0.01453125		0.386588884306	0.984600358142
0.01484375		0.386356247628	0.984451887427
0.01515625		0.386124046678	0.984303624714
0.01546875		0.385892209981	0.984155549203
0.01578125		0.385660617235	0.984007649515
0.01609375		0.385429214085	0.98385992197
0.01640625		0.385198191063	0.983712357791
0.01671875		0.38496762146	0.983564936007
0.01703125		0.384737378851	0.983417631333
0.01734375		0.384507388933	0.983270428949
0.01765625		0.384277632446	0.983123326289
0.01796875		0.384048109481	0.982976319182
0.01828125		0.383818890164	0.982829398551
0.01859375		0.383589963633	0.982682555295
0.01890625		0.383361304388	0.982535782641
0.01921875		0.383132860961	0.982389075575
0.01953125		0.38290456895	0.982242430602
0.01984375		0.382676328806	0.982095844031
0.02015625		0.382448091259	0.981949310462
0.02046875		0.382219877281	0.981802822047
0.02078125		0.381991967371	0.981656369255
0.02109375		0.381764381353	0.981509944616
0.02140625		0.381537141102	0.98136354433
0.02171875		0.381310173552	0.981217165935
0.02203125		0.38108337018	0.981070803675
0.02234375		0.380856651718	0.980924448666
0.02265625		0.380629882671	0.980778094681
0.02296875		0.380402864273	0.980631741005
0.02328125		0.38017559507	0.980485389502
0.02359375		0.379948494427	0.980339037489
0.02390625		0.379721723726	0.980192676006
0.02421875		0.379495238956	0.980046296545
0.02453125		0.379269032656	0.97989989745
0.02484375		0.379043145036	0.979753481262
0.02515625		0.378817400922	0.979607046831
0.02546875		0.378591693042	0.979460587031
0.02578125		0.378365776828	0.979314094326
0.02609375		0.378139431952	0.979167567355
0.02640625		0.377912742824	0.979021009073
0.02671875		0.377686218974	0.978874419975
0.02703125		0.377459993898	0.978727794792
0.02734375		0.377233981703	0.978581126914
0.02765625		0.377008204792	0.978434414284
0.02796875		0.37678276433	0.978287659041
0.02828125		0.376557551721	0.978140862016
0.02859375		0.376332404422	0.97799401956
0.02890625		0.37610715834	0.977847125259
0.02921875		0.375881481532	0.977700176046
0.02953125		0.375655201289	0.97755317294
0.02984375		0.375428677521	0.97740611796
0.03015625		0.375202517657	0.977259009027
0.03046875		0.374976477139	0.977111841017
0.03078125		0.374750734218	0.976964610146
0.03109375		0.374525413989	0.976817316204
0.03140625		0.374300378565	0.976669960343
0.03171875		0.374075680445	0.97652254129
0.03203125		0.373850760811	0.976375055556
0.03234375		0.373625551215	0.976227500242
0.03265625		0.373399684678	0.976079875864
0.03296875		0.373173086527	0.975932184314
0.03328125		0.372946340296	0.97578442564
0.03359375		0.372720016684	0.975636596521
0.03390625		0.372494118878	0.975488693661
0.03421875		0.372268621237	0.975340715674
0.03453125		0.372043591305	0.975192663079
0.03484375		0.371819069423	0.975044534531
0.03515625		0.371594469543	0.974896327418
0.03546875		0.37136933692	0.974748039985
0.03578125		0.371143663046	0.974599672797
0.03609375		0.37091708643	0.974451227457
0.03640625		0.370689773934	0.974302704604
0.03671875		0.370462963812	0.974154102147
0.03703125		0.370236673257	0.97400541679
0.03734375		0.370010785908	0.973856647611
0.03765625		0.369785618125	0.973707794505
0.03796875		0.369560891341	0.973558856869
0.03828125		0.369336554469	0.973409831435
0.03859375		0.369111416066	0.973260715676
0.03890625		0.368885671616	0.973111509775
0.03921875		0.368658959604	0.972962215952
0.03953125		0.368431291083	0.972812835844
0.03984375		0.368203952663	0.972663367761
0.04015625		0.367977152028	0.972513808345
0.04046875		0.36775085505	0.972364155863
0.04078125		0.367525231972	0.972214411737
0.04109375		0.367299993681	0.97206457551
0.04140625		0.367075566816	0.971914644985
0.04171875		0.366850474863	0.971764615734
0.04203125		0.366624522453	0.97161448826
0.04234375		0.36639759012	0.971464264557
0.04265625		0.366169632511	0.971313947718
0.04296875		0.36594170551	0.97116353656
0.04328125		0.36571442284	0.971013027117
0.04359375		0.365487678929	0.970862417511
0.04390625		0.365261358228	0.970711708583
0.04421875		0.365035612163	0.970560901931
0.04453125		0.364810537326	0.970409994937
0.04484375		0.364585395007	0.970258983661
0.04515625		0.364359250786	0.97010786636
0.04546875		0.364132121211	0.969956646347
0.04578125		0.363903806608	0.96980532687
0.04609375		0.363675263659	0.96965390802
0.04640625		0.36344753141	0.969502385598
0.04671875		0.363220214415	0.969350756924
0.04703125		0.362993226793	0.969199023172
0.04734375		0.362766964892	0.969047186047
0.04765625		0.36254098433	0.968895243999
0.04796875		0.362315460168	0.968743192843
0.04828125		0.36208906436	0.968591029505
0.04859375		0.361861737042	0.968438756776
0.04890625		0.361633061343	0.968286378498
0.04921875		0.361403939049	0.968133896545
0.04953125		0.361175682707	0.96798130658
0.04984375		0.3609477299	0.967828604512
0.05015625		0.360720193352	0.967675790984
0.05046875		0.360493184106	0.967522868845
0.05078125		0.360266444299	0.967369838356
0.05109375		0.360040202608	0.967216694892
0.05140625		0.359813398141	0.967063434763
0.05171875		0.359585757712	0.96691005886
0.05203125		0.35935675334	0.966756572646
0.05234375		0.359127106597	0.96660297875
0.05265625		0.358898231791	0.966449273666
0.05296875		0.358669696862	0.966295451728
0.05328125		0.358441567718	0.966141512658
0.05359375		0.358213756047	0.965987460678
0.05390625		0.357986297377	0.965833297257
0.05421875		0.357759211636	0.965679018587
0.05453125		0.357531857263	0.965524618468
0.05484375		0.357303801945	0.965370097217
0.05515625		0.357074447548	0.965215460597
0.05546875		0.356844281914	0.965060713589
0.05578125		0.356614751965	0.964905852733
0.05609375		0.356385638892	0.964750871005
0.05640625		0.356156817956	0.964595766529
0.05671875		0.355928257041	0.964440544682
0.05703125		0.355700085968	0.964285209181
0.05734375		0.355472140245	0.964129756597
0.05765625		0.355244135425	0.963974179127
0.05796875		0.355015582291	0.963818474795
0.05828125		0.354785799814	0.963662650188
0.05859375		0.354555093022	0.963506712431
0.05890625		0.354324913898	0.96335065975
0.05921875		0.354095157591	0.96319448256
0.05953125		0.353865617399	0.963038177308
0.05984375		0.353636363655	0.96288174948
0.06015625		0.353407393126	0.962725206156
0.06046875		0.353178685606	0.962568544717
0.06078125		0.352949987929	0.962411755451
0.06109375		0.352720826369	0.962254833877
0.06140625		0.352490515906	0.962097787204
0.06171875		0.352259233845	0.961940625096
0.06203125		0.352028387269	0.961783346586
0.06234375		0.35179794854	0.961625940968
0.06265625		0.351567712474	0.961468402637
0.06296875		0.35133773371	0.96131073756
0.06328125		0.35110798494	0.961152954129
0.06359375		0.350878545151	0.960995050734
0.06390625		0.350649143709	0.960837017457
0.06421875		0.35041930255	0.960678848723
0.06453125		0.350188349569	0.960520551269
0.06484375		0.349956458144	0.960362134777
0.06515625		0.34972495624	0.960203598752
0.06546875		0.349493828906	0.960044933734
0.06578125		0.349262906087	0.959886133859
0.06609375		0.349032207642	0.959727204166
0.06640625		0.348801692025	0.959568151913
0.06671875		0.348571469344	0.959408976221
0.06703125		0.348341283067	0.959249668255
0.06734375		0.348110727036	0.959090222599
0.06765625		0.347879127172	0.958930644856
0.06796875		0.347646612455	0.958770944277
0.06828125		0.347414439102	0.958611121409
0.06859375		0.347182624079	0.958451166695
0.06890625		0.346950996444	0.958291073789
0.06921875		0.346719548421	0.958130846963
0.06953125		0.346488248691	0.957970494808
0.06984375		0.34625720859	0.957810017289
0.07015625		0.346026195364	0.957649405461
0.07046875		0.34579488663	0.957488652646
0.07078125		0.345562654055	0.957327763246
0.07109375		0.345329535127	0.957166747648
0.07140625		0.345096658148	0.957005607498
0.07171875		0.344864132394	0.956844334059
0.07203125		0.344631773391	0.956682919672
0.07234375		0.344399555614	0.956521367294
0.07265625		0.34416746438	0.956359685686
0.07296875		0.34393559629	0.956197876778
0.07328125		0.343703742254	0.95603593242
0.07359375		0.343471651765	0.955873845021
0.07390625		0.343238756985	0.95571161735
0.07421875		0.343005027925	0.955549259076
0.07453125		0.342771437436	0.955386773948
0.07484375		0.342538184184	0.955224154205
0.07515625		0.342305078952	0.955061391851
0.07546875		0.342072081539	0.954898488016
0.07578125		0.34183919295	0.954735450856
0.07609375		0.341606489532	0.954572283725
0.07640625		0.341373798982	0.954408980044
0.07671875		0.341140911	0.954245532016
0.07703125		0.340907318246	0.954081940484
0.07734375		0.340672952031	0.953918214287
0.07765625		0.340438641482	0.953754357976
0.07796875		0.340204649383	0.953590365838
0.07828125		0.339970791113	0.95342622961
0.07859375		0.339737014853	0.95326194911
0.07890625		0.339503327303	0.953097531382
0.07921875		0.339269785034	0.952932980604
0.07953125		0.339036255091	0.952768291884
0.07984375		0.338802552722	0.952603457473
0.08015625		0.338568232416	0.952438477165
0.08046875		0.338333199457	0.952273358269
0.08078125		0.338098166701	0.95210810597
0.08109375		0.337863427244	0.951942715872
0.08140625		0.33762880812	0.951777180589
0.08171875		0.337394253595	0.951611498745
0.08203125		0.337159767889	0.951445676085
0.08234375		0.336925396759	0.951279716985
0.08265625		0.336691029646	0.95111361797
0.08296875		0.336456500936	0.950947372371
0.08328125		0.336221417685	0.950780978742
0.08359375		0.335985682556	0.950614443053
0.08390625		0.335749926798	0.950447770272
0.08421875		0.335514434801	0.950280957719
0.08453125		0.335279048958	0.950113998739
0.08484375		0.335043713284	0.949946891231
0.08515625		0.334808427584	0.949779639589
0.08546875		0.334573234118	0.94961224806
0.08578125		0.33433803459	0.949444714635
0.08609375		0.334102677822	0.949277033311
0.08640625		0.333866812798	0.94910920217
0.08671875		0.333630351364	0.948941225698
0.08703125		0.333393862929	0.948773108766
0.08734375		0.333157610342	0.948604849645
0.08765625		0.332921449966	0.948436442798
0.08796875		0.332685327187	0.948267885645
0.08828125		0.332449239441	0.948099181269
0.08859375		0.332213223998	0.947930333724
0.08890625		0.331977193924	0.947761341802
0.08921875		0.331741010349	0.947592200795
0.08953125		0.33150435786	0.947422908204
0.08984375		0.331267156028	0.947253467343
0.09015625		0.331029921327	0.947083882601
0.09046875		0.330792898484	0.946914153296
0.09078125		0.330555955522	0.946744274778
0.09109375		0.33031904004	0.946574244069
0.09140625		0.330082147515	0.946404063345
0.09171875		0.329845311531	0.94623373619
0.09203125		0.32960845448	0.946063262487
0.09234375		0.329371448021	0.945892638087
0.09265625		0.329134005987	0.945721860317
0.09296875		0.328896054212	0.945550931346
0.09328125		0.328658058274	0.945379855342
0.09359375		0.328420255066	0.945208632438
0.09390625		0.328182522856	0.945037258747
0.09421875		0.327944809837	0.944865731066
0.09453125		0.327707110363	0.944694050256
0.09484375		0.327469454797	0.94452222006
0.09515625		0.327231774468	0.944350241045
0.09546875		0.326993949084	0.944178109956
0.09578125		0.326755715849	0.94400582352
0.09609375		0.326517004643	0.943833382858
0.09640625		0.326278235245	0.943660792088
0.09671875		0.326039645115	0.943488052208
0.09703125		0.325801120981	0.943315160026
0.09734375		0.325562608872	0.943142111711
0.09765625		0.325324100721	0.942968907519
0.09796875		0.325085624567	0.942795550791
0.09828125		0.324847121244	0.942622043097
0.09859375		0.324608477153	0.942448381715
0.09890625		0.324369450768	0.942274563095
0.09921875		0.324129974295	0.942100587434
0.09953125		0.323890426562	0.941926458481
0.09984375		0.323651045717	0.941752178099
0.10015625		0.323411725318	0.941577743669
0.10046875		0.323172412548	0.941403151349
0.10078125		0.322933094449	0.94122840023
0.10109375		0.322693795036	0.94105349364
0.10140625		0.322454467545	0.940878433709
0.10171875		0.322215005023	0.940703218394
0.10203125		0.321975188192	0.940527844
0.10234375		0.321734945742	0.940352309715
0.10265625		0.321494613421	0.940176619183
0.10296875		0.321254435888	0.940000774778
0.10328125		0.321014315694	0.939824774554
0.10359375		0.320774200889	0.939648614426
0.10390625		0.320534070823	0.939472292945
0.10421875		0.320293945177	0.93929581298
0.10453125		0.320053792834	0.939119177282
0.10484375		0.319813514476	0.938942384374
0.10515625		0.319572910207	0.938765430406
0.10546875		0.31933190192	0.938588314082
0.10578125		0.319090781283	0.938411038353
0.10609375		0.318849802648	0.938233606252
0.10640625		0.318608879464	0.938056016417
0.10671875		0.318367961339	0.93787826479
0.10703125		0.318127019595	0.937700349275
0.10734375		0.317886066758	0.937522272262
0.10765625		0.317645088179	0.937344036931
0.10796875		0.317403993463	0.937165642536
0.10828125		0.317162602848	0.936987085249
0.10859375		0.316920827527	0.936808362996
0.10890625		0.316678917803	0.936629478333
0.10921875		0.316437137351	0.93645043456
0.10953125		0.316195409147	0.93627123118
0.10984375		0.315953684805	0.93609186418
0.11015625		0.315711933616	0.935912330801
0.11046875		0.315470159114	0.935732632836
0.11078125		0.315228353014	0.935552773771
0.11109375		0.314986440327	0.935372753784
0.11140625		0.314744255733	0.935192569206
0.11171875		0.314501714979	0.935012217224
0.11203125		0.314259023023	0.934831699522
0.11234375		0.31401643714	0.934651019866
0.11265625		0.313773902481	0.934470178681
0.11296875		0.313531371078	0.934289172267
0.11328125		0.313288809743	0.934107997008
0.11359375		0.31304621597	0.933926653905
0.11390625		0.312803584281	0.933745146781
0.11421875		0.312560854037	0.93356347685
0.11453125		0.312317873747	0.933381640791
0.11484375		0.312074566208	0.933199634859
0.11515625		0.311831094801	0.933017459959
0.11546875		0.311587705381	0.932835119958
0.11578125		0.311344362794	0.932652616525
0.11609375		0.311101023365	0.932469946357
0.11640625		0.310857651464	0.932287105059
0.11671875		0.310614239357	0.932104092591
0.11703125		0.310370783596	0.931920912819
0.11734375		0.310127237818	0.931737568295
0.11765625		0.30988346406	0.931554056261
0.11796875		0.309639389744	0.931370372249
0.11828125		0.309395137846	0.931186515758
0.11859375		0.309150944986	0.931002490758
0.11890625		0.30890679521	0.930818300228
0.11921875		0.308662648971	0.930633941693
0.11953125		0.308418467605	0.930449410009
0.11984375		0.308174238918	0.930264703678
0.12015625		0.307929962111	0.930079826599
0.12046875		0.307685603769	0.929894782485
0.12078125		0.307441039817	0.929709569683
0.12109375		0.307196197507	0.929524182959
0.12140625		0.306951167961	0.929338620372
0.12171875		0.306706170936	0.9291528856
0.12203125		0.306461213532	0.928966982832
0.12234375		0.306216259551	0.928780910904
0.12265625		0.305971269901	0.928594664025
0.12296875		0.305726226517	0.928408239287
0.12328125		0.305481132073	0.928221639948
0.12359375		0.3052359636	0.928034870964
0.12390625		0.304990612598	0.927847932098
0.12421875		0.304745004778	0.927660817691
0.12453125		0.304499200599	0.927473524282
0.12484375		0.304253399851	0.927286054727
0.12515625		0.304007633844	0.927098414316
0.12546875		0.303761870689	0.926910603446
0.12578125		0.303516075232	0.926722616261
0.12609375		0.303270220301	0.926534448288
0.12640625		0.303024311992	0.926346101754
0.12671875		0.3027783363	0.926157582371
0.12703125		0.302532201923	0.92596889166
0.12734375		0.302285833537	0.925780024182
0.12765625		0.30203925694	0.925590974937
0.12796875		0.301792652363	0.925401745579
0.12828125		0.301546079076	0.925212341882
0.12859375		0.301299507132	0.925022766129
0.12890625		0.301052905624	0.924833012942
0.12921875		0.300806244048	0.924643076444
0.12953125		0.300559526165	0.924452957501
0.12984375		0.300312745689	0.92426266209
0.13015625		0.300065831111	0.924072193497
0.13046875		0.299818702943	0.923881546993
0.13078125		0.299571360053	0.923690716353
0.13109375		0.29932395488	0.923499701831
0.13140625		0.299076574415	0.923308509221
0.13171875		0.298829194808	0.923117142398
0.13203125		0.298581789735	0.922925597033
0.13234375		0.298334325762	0.922733866252
0.13265625		0.298086803656	0.922541949464
0.13296875		0.297839221909	0.922349852285
0.13328125		0.297591527777	0.922157579442
0.13359375		0.297343638865	0.921965127528
0.13390625		0.297095537322	0.921772489524
0.13421875		0.296847337775	0.921579664234
0.13453125		0.296599150802	0.921386656807
0.13484375		0.296350967425	0.921193472404
0.13515625		0.2961027603	0.92100010826
0.13546875		0.295854497027	0.92080655699
0.13578125		0.295606175439	0.920612816541
0.13609375		0.295357796712	0.92041889162
0.13640625		0.295109323728	0.920224787971
0.13671875		0.294860675338	0.920030503847
0.13703125		0.294611822631	0.919836032026
0.13734375		0.294362837143	0.919641369893
0.13765625		0.294113845523	0.919446521597
0.13796875		0.293864860951	0.919251493033
0.13828125		0.29361585447	0.919056283111
0.13859375		0.293366794936	0.918860884637
0.13890625		0.293117677815	0.918665294234
0.13921875		0.292868504996	0.918469515425
0.13953125		0.292619253879	0.918273554319
0.13984375		0.292369850177	0.918077410819
0.14015625		0.29212025248	0.917881078236
0.14046875		0.291870493382	0.917684552766
0.14078125		0.291620700143	0.917487837296
0.14109375		0.291370915522	0.917290937786
0.14140625		0.291121112779	0.917093854772
0.14171875		0.290871262286	0.91689658193
0.14203125		0.290621354758	0.916699114851
0.14234375		0.290371391623	0.916501455684
0.14265625		0.290121362677	0.916303610256
0.14296875		0.289871206195	0.916105579936
0.14328125		0.289620868509	0.915907359205
0.14359375		0.289370350908	0.915708943436
0.14390625		0.289119763304	0.915510334147
0.14421875		0.288869178831	0.915311536759
0.14453125		0.288618582047	0.915112553125
0.14484375		0.288367944959	0.914913378329
0.14515625		0.28811725088	0.914714007394
0.14546875		0.287866502798	0.914514441043
0.14578125		0.287615695331	0.914314684296
0.14609375		0.287364787378	0.914114739651
0.14640625		0.287113714738	0.913914603088
0.14671875		0.286862460139	0.913714269628
0.14703125		0.286611089925	0.913513739401
0.14734375		0.286359705594	0.913313016987
0.14765625		0.28610831846	0.913112105194
0.14796875		0.285856897389	0.912911000655
0.14828125		0.285605421435	0.912709698271
0.14859375		0.285353893431	0.912508197356
0.14890625		0.285102310674	0.912306502003
0.14921875		0.284850648616	0.912104615412
0.14953125		0.284598844604	0.9119025351
0.14984375		0.284346864711	0.911700256222
0.15015625		0.284094733825	0.911497777533
0.15046875		0.283842556889	0.911295102668
0.15078125		0.283590380792	0.911092234981
0.15109375		0.283338179526	0.91088917264
0.15140625		0.283085928985	0.910685910913
0.15171875		0.282833624195	0.910482447803
0.15203125		0.282581270165	0.910278786313
0.15234375		0.282328850356	0.910074929987
0.15265625		0.282076316779	0.909870877852
0.15296875		0.281823620365	0.909666625556
0.15328125		0.281570757103	0.909462170641
0.15359375		0.28131780078	0.90925751562
0.15390625		0.281064835328	0.909052664114
0.15421875		0.280811858301	0.908847615826
0.15453125		0.280558838348	0.908642366652
0.15484375		0.280305763036	0.90843691345
0.15515625		0.28005264257	0.908231258015
0.15546875		0.279799465564	0.90802540393
0.15578125		0.279546202395	0.907819351759
0.15609375		0.279292795395	0.907613097938
0.15640625		0.279039220264	0.90740663888
0.15671875		0.278785508014	0.907199975806
0.15703125		0.278531758045	0.90699311235
0.15734375		0.278278007735	0.906786049797
0.15765625		0.278024223492	0.906578784973
0.15796875		0.277770388285	0.906371313743
0.15828125		0.27751650296	0.906163636372
0.15859375		0.277262573895	0.905955756356
0.15890625		0.277008577034	0.905747675849
0.15921875		0.27675446485	0.905539392263
0.15953125		0.276500190436	0.905330901166
0.15984375		0.276245758491	0.905122202052
0.16015625		0.275991236554	0.904913298418
0.16046875		0.275736709068	0.90470419323
0.16078125		0.275482167267	0.904494884478
0.16109375		0.275227579779	0.90428536731
0.16140625		0.274972941316	0.9040756401
0.16171875		0.274718264483	0.903865706012
0.16203125		0.274463532586	0.903655568705
0.16234375		0.274208714753	0.903445227088
0.16265625		0.273953754493	0.903234676181
0.16296875		0.273698627613	0.903023913369
0.16328125		0.273443364598	0.902812941562
0.16359375		0.2731880612	0.902601765165
0.16390625		0.272932761722	0.902390384054
0.16421875		0.272677429764	0.902178793172
0.16453125		0.272422052906	0.901966988664
0.16484375		0.272166631879	0.901754972691
0.16515625		0.271911173033	0.901542750111
0.16546875		0.27165564779	0.901330321944
0.16578125		0.271400008118	0.901117683412
0.16609375		0.271144202794	0.900904829644
0.16640625		0.270888236433	0.900691762068
0.16671875		0.270632177978	0.900478486204
0.16703125		0.270376118006	0.900265004297
0.16734375		0.270120050569	0.900051311879
0.16765625		0.269863943717	0.899837402929
0.16796875		0.269607790873	0.899623277725
0.16828125		0.269351611074	0.899408942007
0.16859375		0.269095380617	0.89919439917
0.16890625		0.268839062091	0.89897964541
0.16921875		0.268582593668	0.898764673752
0.16953125		0.268325951081	0.898549483389
0.16984375		0.268069176817	0.898334080524
0.17015625		0.267812363231	0.898118469933
0.17046875		0.267555563576	0.897902648543
0.17078125		0.267298735984	0.897686608452
0.17109375		0.267041868266	0.897470347415
0.17140625		0.266784969415	0.897253871531
0.17171875		0.266528043737	0.897037186618
0.17203125		0.266271048581	0.896820290406
0.17234375		0.266013928632	0.896603174535
0.17265625		0.265756634935	0.896385835479
0.17296875		0.265499180448	0.896168279303
0.17328125		0.265241644373	0.895950513125
0.17359375		0.264984112241	0.89573253578
0.17390625		0.264726575166	0.8955143386
0.17421875		0.264469005839	0.895295916605
0.17453125		0.264211399743	0.895077275072
0.17484375		0.263953788043	0.894858421851
0.17515625		0.263696126727	0.894639357119
0.17546875		0.263438366001	0.894420072182
0.17578125		0.263180443532	0.894200560227
0.17609375		0.26292233945	0.893980825632
0.17640625		0.262664114222	0.893760878034
0.17671875		0.262405864596	0.893540719975
0.17703125		0.262147632089	0.893320342444
0.17734375		0.261889373312	0.893099735821
0.17765625		0.261631083953	0.892878903144
0.17796875		0.261372795484	0.892657856045
0.17828125		0.261114485523	0.892436599002
0.17859375		0.260856094578	0.892215122347
0.17890625		0.260597552319	0.891993414136
0.17921875		0.260338815862	0.891771476769
0.17953125		0.260079932776	0.891549323577
0.17984375		0.259821005652	0.891326961324
0.18015625		0.259562106383	0.89110438054
0.18046875		0.259303187552	0.890881567179
0.18078125		0.259044234928	0.890658522094
0.18109375		0.258785272641	0.890435259187
0.18140625		0.258526321556	0.890211787014
0.18171875		0.258267315962	0.889988096367
0.18203125		0.258008171558	0.889764171896
0.18234375		0.257748829733	0.889540013252
0.18265625		0.257489332466	0.889315635058
0.18296875		0.257229783803	0.889091047796
0.18328125		0.256970220944	0.888866243002
0.18359375		0.256710674397	0.888641204498
0.18390625		0.256451098616	0.88841593033
0.18421875		0.256191486739	0.88819043477
0.18453125		0.255931897597	0.88796472911
0.18484375		0.255672278906	0.887738805987
0.18515625		0.255412558233	0.887512649188
0.18546875		0.25515265947	0.887286255563
0.18578125		0.254892609266	0.887059638804
0.18609375		0.254632480663	0.886832810775
0.18640625		0.254372290899	0.8866057662
0.18671875		0.254112121722	0.886378489968
0.18703125		0.253851957638	0.886150977333
0.18734375		0.253591761097	0.885923239895
0.18765625		0.253331557065	0.885695289165
0.18796875		0.253071342149	0.885467121731
0.18828125		0.252811058077	0.885238724154
0.18859375		0.252550642316	0.885010091097
0.18890625		0.252290104524	0.884781232596
0.18921875		0.252029477879	0.884552159898
0.18953125		0.251768740774	0.884322869467
0.18984375		0.251507948142	0.884093349633
0.19015625		0.251247208483	0.883863597185
0.19046875		0.250986485666	0.883633621022
0.19078125		0.2507257561	0.883403429973
0.19109375		0.250464993602	0.883173021295
0.19140625		0.250204170461	0.88294238747
0.19171875		0.249943280986	0.882711525888
0.19203125		0.249682313866	0.882480440687
0.19234375		0.249421258142	0.882249138424
0.19265625		0.249160093874	0.882017621268
0.19296875		0.248898805039	0.881785885604
0.19328125		0.248637527771	0.88155392712
0.19359375		0.24837633186	0.881321747109
0.19390625		0.248115154436	0.881089351605
0.19421875		0.247853973151	0.88085674357
0.19453125		0.247592751565	0.880623921224
0.19484375		0.247331473399	0.880390880988
0.19515625		0.247070129555	0.880157623815
0.19546875		0.246808726333	0.879924155447
0.19578125		0.246547260897	0.879690478725
0.19609375		0.246285708016	0.879456595043
0.19640625		0.24602405424	0.87922250695
0.19671875		0.245762481652	0.878988215489
0.19703125		0.245500976191	0.878753721431
0.19734375		0.245239495706	0.878519009317
0.19765625		0.244977995724	0.878284047515
0.19796875		0.244716369871	0.878048764077
0.19828125		0.24445437727	0.877812991616
0.19859375		0.244191699809	0.877576514865
0.19890625		0.243927843533	0.877338863214
0.19921875		0.243661020844	0.877098361704
0.19953125		0.243385723907	0.876850045706
0.19984375		0.24308007424	0.87657439922
0.20015625		0.242607438773	0.876289041145
0.20046875		0.241917678082	0.875664411172
0.20078125		0.241141543644	0.874960768745
0.20109375		0.240341718739	0.874233729207
0.20140625		0.239540362864	0.873503522034
0.20171875		0.238743993626	0.872776018556
0.20203125		0.23794803002	0.872047008963
0.20234375		0.23715070098	0.871314946491
0.20265625		0.236351867772	0.870579693825
0.20296875		0.23555152062	0.86984119843
0.20328125		0.234749463976	0.869099314496
0.20359375		0.233945812623	0.868353958669
0.20390625		0.233140611097	0.867605101505
0.20421875		0.232333787914	0.866852728887
0.20453125		0.231525296275	0.866096821164
0.20484375		0.230715105333	0.865337352137
0.20515625		0.229903174201	0.864574293413
0.20546875		0.229089477061	0.863807616221
0.20578125		0.228273991224	0.863037291164
0.20609375		0.227456710469	0.862263287674
0.20640625		0.226637812768	0.86148557309
0.20671875		0.225817367481	0.860704112509
0.20703125		0.224995280225	0.859918871508
0.20734375		0.22417147755	0.859129816571
0.20765625		0.223345927516	0.858336912442
0.20796875		0.222518602178	0.857540121649
0.20828125		0.221689473701	0.856739405745
0.20859375		0.220858521049	0.855934725929
0.20890625		0.220025725151	0.855126042644
0.20921875		0.219191075039	0.854313315423
0.20953125		0.218354724923	0.85349650288
0.20984375		0.217516675801	0.852675562289
0.21015625		0.216676817161	0.851850450313
0.21046875		0.215835134366	0.851021123274
0.21078125		0.214991633153	0.850187536631
0.21109375		0.214146273278	0.849349644997
0.21140625		0.213299006788	0.848507401534
0.21171875		0.212449800875	0.847660759014
0.21203125		0.21159864404	0.846809669934
0.21234375		0.210745533662	0.845954086028
0.21265625		0.20989048385	0.845093957939
0.21296875		0.209033542077	0.844229235051
0.21328125		0.208174746015	0.843359865324
0.21359375		0.207314041583	0.842485795533
0.21390625		0.206451378978	0.841606971728
0.21421875		0.205586705969	0.840723339099
0.21453125		0.204719969669	0.839834842027
0.21484375		0.203851147761	0.838941423949
0.21515625		0.202980233938	0.838043027274
0.21546875		0.202107221781	0.837139593206
0.21578125		0.201232114938	0.836231061661
0.21609375		0.200354931568	0.835317371165
0.21640625		0.199475721399	0.834398458843
0.21671875		0.198594463109	0.833474260556
0.21703125		0.197711094918	0.832544711163
0.21734375		0.196825554626	0.831609744404
0.21765625		0.195937770587	0.830669292938
0.21796875		0.195047718211	0.82972328826
0.21828125		0.194155399652	0.828771660442
0.21859375		0.193260819237	0.827814338049
0.21890625		0.19236397139	0.826851248052
0.21921875		0.191464853201	0.82588231585
0.21953125		0.190563477505	0.824907465191
0.21984375		0.18965985867	0.823926618041
0.22015625		0.188753949436	0.8229396947
0.22046875		0.187845686161	0.821946613949
0.22078125		0.186934984436	0.820947293084
0.22109375		0.186021798166	0.819941648011
0.22140625		0.185106132475	0.818929593028
0.22171875		0.184188001512	0.817911040459
0.22203125		0.183267398407	0.816885900442
0.22234375		0.182344304146	0.815854081038
0.22265625		0.181418708328	0.81481548828
0.22296875		0.180490608516	0.813770026015
0.22328125		0.179559981561	0.812717595881
0.22359375		0.178626774473	0.811658097337
0.22390625		0.177690918893	0.81059142779
0.22421875		0.176752346383	0.809517482557
0.22453125		0.175811034682	0.808436154728
0.22484375		0.174866992619	0.807347334797
0.22515625		0.17392022245	0.806250910496
0.22546875		0.172970703774	0.805146766769
0.22578125		0.172018408751	0.804034785817
0.22609375		0.17106331937	0.802914846993
0.22640625		0.170105407037	0.801786826693
0.22671875		0.169144623729	0.80065059834
0.22703125		0.168180913451	0.799506032392
0.22734375		0.167214215676	0.798352996265
0.22765625		0.166244489477	0.797191354216
0.22796875		0.165271718858	0.79602096707
0.22828125		0.164295893137	0.794841691994
0.22859375		0.163316993121	0.793653382354
0.22890625		0.162334986779	0.792455887668
0.22921875		0.161349846427	0.791249053498
0.22953125		0.160361536441	0.790032721301
0.22984375		0.159370003382	0.788806728341
0.23015625		0.158375188193	0.787570907646
0.23046875		0.157377031662	0.786325087849
0.23078125		0.156375490724	0.785069093001
0.23109375		0.155370533313	0.783802742282
0.23140625		0.154362129609	0.782525849757
0.23171875		0.153350247195	0.781238224172
0.23203125		0.15233484546	0.779939668788
0.23234375		0.151315885962	0.778629981191
0.23265625		0.150293327789	0.777308953054
0.23296875		0.149267115373	0.775976369942
0.23328125		0.148237184096	0.774632011145
0.23359375		0.147203466866	0.773275649443
0.23390625		0.146165905368	0.771907050841
0.23421875		0.145124452637	0.7705259742
0.23453125		0.144079066157	0.769132170884
0.23484375		0.143029700295	0.767725384435
0.23515625		0.141976300113	0.766305350253
0.23546875		0.140918810376	0.764871795264
0.23578125		0.139857175661	0.763424437545
0.23609375		0.13879133183	0.761962985936
0.23640625		0.137721207818	0.760487139689
0.23671875		0.136646731139	0.758996588052
0.23703125		0.135567825241	0.75749100981
0.23734375		0.134484415491	0.755970072801
0.23765625		0.133396436933	0.75443343336
0.23796875		0.132303829357	0.752880735699
0.23828125		0.131206524742	0.7513116113
0.23859375		0.130104448911	0.749725678341
0.23890625		0.128997524034	0.748122541058
0.23921875		0.127885664731	0.74650178907
0.23953125		0.126768781208	0.744862996672
0.23984375		0.125646782771	0.743205722053
0.24015625		0.12451957685	0.74152950644
0.24046875		0.123387068486	0.739833873193
0.24078125		0.12224915878	0.738118326856
0.24109375		0.12110575124	0.736382352161
0.24140625		0.119956750876	0.734625412877
0.24171875		0.118802059711	0.732846950529
0.24203125		0.117641573515	0.731046383193
0.24234375		0.116475178122	0.729223104209
0.24265625		0.115302750893	0.727376480776
0.24296875		0.114124165339	0.725505852424
0.24328125		0.112939293374	0.723610529353
0.24359375		0.111748005306	0.721689790608
0.24390625		0.110550166835	0.719742882105
0.24421875		0.10934563796	0.717769014518
0.24453125		0.108134274286	0.715767361018
0.24484375		0.106915926794	0.713737054825
0.24515625		0.105690441017	0.711677186551
0.24546875		0.104457656965	0.709586801316
0.24578125		0.103217406222	0.707464895615
0.24609375		0.101969508059	0.705310413916
0.24640625		0.100713770876	0.70312224498
0.24671875		0.099449997287	0.700899217791
0.24703125		0.0981779848712	0.698640097112
0.24734375		0.0968975239188	0.696343578598
0.24765625		0.0956083954925	0.694008283453
0.24796875		0.0943103696624	0.69163275255
0.24828125		0.0930032042692	0.68921543996
0.24859375		0.0916866443972	0.686754705789
0.24890625		0.0903604221074	0.684248808307
0.24921875		0.0890242557584	0.681695895232
0.24953125		0.0876778483108	0.679093994005
0.24984375		0.0863208852945	0.676441000956
0.25015625		0.0849530337274	0.673734669225
0.25046875		0.083573942164	0.670972595239
0.25078125		0.0821832404627	0.66815220353
0.25109375		0.0807805383803	0.665270729641
0.25140625		0.0793654229339	0.662325200843
0.25171875		0.0779374541439	0.659312414298
0.25203125		0.0764961612363	0.65622891228
0.25234375		0.0750410404852	0.653070953944
0.25265625		0.0735715537057	0.649834482998
0.25296875		0.0720871255311	0.646515090572
0.25328125		0.0705871391661	0.643107972391
0.25359375		0.0690709310846	0.639607879171
0.25390625		0.0675377854922	0.636009058898
0.25421875		0.0659869287108	0.632305189326
0.25453125		0.064417522859	0.628489298642
0.25484375		0.062828658118	0.624553671673
0.25515625		0.0612193432591	0.620489738327
0.25546875		0.0595884940141	0.616287939995
0.25578125		0.0579349190363	0.611937568412
0.25609375		0.0562573037856	0.607426569798
0.25640625		0.0545541924608	0.602741305005
0.25671875		0.052823966898	0.597866253523
0.25703125		0.0510648198033	0.592783644187
0.25734375		0.0492747199267	0.587472988228
0.25765625		0.0474513684915	0.581910482217
0.25796875		0.0455921457879	0.576068236657
0.25828125		0.0436940440653	0.569913265145
0.25859375		0.0417535801575	0.563406135301
0.25890625		0.0397666790948	0.556499131366
0.25921875		0.0377285161966	0.54913369545
0.25953125		0.035633297589	0.541236772351
0.25984375		0.0334739519868	0.532715451129
0.26015625		0.0312416842866	0.52344884241
0.26046875		0.0289252829778	0.513275161412
0.26078125		0.0265100325203	0.501970271481
0.26109375		0.0239759687577	0.489210063124
0.26140625		0.0212947453556	0.474498234938
0.26171875		0.0184230783643	0.457008493196
0.26203125		0.0152866830749	0.435177274601
0.26234375		0.0117431292562	0.405456470951
0.26265625		0.00748267042866	0.357298408185
0.26296875		0.00302769248535	0.272413950043
0.26328125		2.35486757988e-05	0.0682962209059
0.26359375		4.69702317793e-09	0.01012849781
0.26390625		4.11316632041e-09	0.0100000030659
0.26421875		4.11315252407e-09	0.0100000000001
0.26453125		4.11315252376e-09	0.01
0.26484375		4.11315252376e-09	0.01
0.26515625		4.11315252376e-09	0.01
0.26546875		4.11315252376e-09	0.01
0.26578125		4.11315252376e-09	0.01
0.26609375		4.11315252376e-09	0.01
0.26640625		4.11315252376e-09	0.01
0.26671875		4.11315252376e-09	0.01
0.26703125		4.11315252376e-09	0.01
0.26734375		4.11315252376e-09	0.01
0.26765625		4.11315252376e-09	0.01
0.26796875		4.11315252376e-09	0.01
0.26828125		4.11315252376e-09	0.01
0.26859375		4.11315252376e-09	0.01
0.26890625		4.11315252376e-09	0.01
0.26921875		4.11315252376e-09	0.01
0.26953125		4.11315252376e-09	0.01
0.26984375		4.11315252376e-09	0.01
0.27015625		4.11315252376e-09	0.01
0.27046875		4.11315252376e-09	0.01
0.27078125		4.11315252376e-09	0.01
0.27109375		4.11315252376e-09	0.01
0.27140625		4.11315252376e-09	0.01
0.27171875		4.11315252376e-09	0.01
0.27203125		4.11315252376e-09	0.01
0.27234375		4.11315252376e-09	0.01
0.27265625		4.11315252376e-09	0.01
0.27296875		4.11315252376e-09	0.01
0.27328125		4.11315252376e-09	0.01
0.27359375		4.11315252376e-09	0.01
0.27390625		4.11315252376e-09	0.01
0.27421875		4.11315252376e-09	0.01
0.27453125		4.11315252376e-09	0.01
0.27484375		4.11315252376e-09	0.01
0.27515625		4.11315252376e-09	0.01
0.27546875		4.11315252376e-09	0.01
0.27578125		4.11315252376e-09	0.01
0.27609375		4.11315252376e-09	0.01
0.27640625		4.11315252376e-09	0.01
0.27671875		4.11315252376e-09	0.01
0.27703125		4.11315252376e-09	0.01
0.27734375		4.11315252376e-09	0.01
0.27765625		4.11315252376e-09	0.01
0.27796875		4.11315252376e-09	0.01
0.27828125		4.11315252376e-09	0.01
0.27859375		4.11315252376e-09	0.01
0.27890625		4.11315252376e-09	0.01
0.27921875		4.11315252376e-09	0.01
0.27953125		4.11315252376e-09	0.01
0.27984375		4.11315252376e-09	0.01
0.28015625		4.11315252376e-09	0.01
0.28046875		4.11315252376e-09	0.01
0.28078125		4.11315252376e-09	0.01
0.28109375		4.11315252376e-09	0.01
0.28140625		4.11315252376e-09	0.01
0.28171875		4.11315252376e-09	0.01
0.28203125		4.11315252376e-09	0.01
0.28234375		4.11315252376e-09	0.01
0.28265625		4.11315252376e-09	0.01
0.28296875		4.11315252376e-09	0.01
0.28328125		4.11315252376e-09	0.01
0.28359375		4.11315252376e-09	0.01
0.28390625		4.11315252376e-09	0.01
0.28421875		4.11315252376e-09	0.01
0.28453125		4.11315252376e-09	0.01
0.28484375		4.11315252376e-09	0.01
0.28515625		4.11315252376e-09	0.01
0.28546875		4.11315252376e-09	0.01
0.28578125		4.11315252376e-09	0.01
0.28609375		4.11315252376e-09	0.01
0.28640625		4.11315252376e-09	0.01
0.28671875		4.11315252376e-09	0.01
0.28703125		4.11315252376e-09	0.01
0.28734375		4.11315252376e-09	0.01
0.28765625		4.11315252376e-09	0.01
0.28796875		4.11315252376e-09	0.01
0.28828125		4.11315252376e-09	0.01
0.28859375		4.11315252376e-09	0.01
0.28890625		4.11315252376e-09	0.01
0.28921875		4.11315252376e-09	0.01
0.28953125		4.11315252376e-09	0.01
0.28984375		4.11315252376e-09	0.01
0.29015625		4.11315252376e-09	0.01
0.29046875		4.11315252376e-09	0.01
0.29078125		4.11315252376e-09	0.01
0.29109375		4.11315252376e-09	0.01
0.29140625		4.11315252376e-09	0.01
0.29171875		4.11315252376e-09	0.01
0.29203125		4.11315252376e-09	0.01
0.29234375		4.11315252376e-09	0.01
0.29265625		4.11315252376e-09	0.01
0.29296875		4.11315252376e-09	0.01
0.29328125		4.11315252376e-09	0.01
0.29359375		4.11315252376e-09	0.01
0.29390625		4.11315252376e-09	0.01
0.29421875		4.11315252376e-09	0.01
0.29453125		4.11315252376e-09	0.01
0.29484375		4.11315252376e-09	0.01
0.29515625		4.11315252376e-09	0.01
0.29546875		4.11315252376e-09	0.01
0.29578125		4.11315252376e-09	0.01
0.29609375		4.11315252376e-09	0.01
0.29640625		4.11315252376e-09	0.01
0.29671875		4.11315252376e-09	0.01
0.29703125		4.11315252376e-09	0.01
0.29734375		4.11315252376e-09	0.01
0.29765625		4.11315252376e-09	0.01
0.29796875		4.11315252376e-09	0.01
0.29828125		4.11315252376e-09	0.01
0.29859375		4.11315252376e-09	0.01
0.29890625		4.11315252376e-09	0.01
0.29921875		4.11315252376e-09	0.01
0.29953125		4.11315252376e-09	0.01
0.29984375		4.11315252376e-09	0.01
0.30015625		4.11315252376e-09	0.01
0.30046875		4.11315252376e-09	0.01
0.30078125		4.11315252376e-09	0.01
0.30109375		4.11315252376e-09	0.01
0.30140625		4.11315252376e-09	0.01
0.30171875		4.11315252376e-09	0.01
0.30203125		4.11315252376e-09	0.01
0.30234375		4.11315252376e-09	0.01
0.30265625		4.11315252376e-09	0.01
0.30296875		4.11315252376e-09	0.01
0.30328125		4.11315252376e-09	0.01
0.30359375		4.11315252376e-09	0.01
0.30390625		4.11315252376e-09	0.01
0.30421875		4.11315252376e-09	0.01
0.30453125		4.11315252376e-09	0.01
0.30484375		4.11315252376e-09	0.01
0.30515625		4.11315252376e-09	0.01
0.30546875		4.11315252376e-09	0.01
0.30578125		4.11315252376e-09	0.01
0.30609375		4.11315252376e-09	0.01
0.30640625		4.11315252376e-09	0.01
0.30671875		4.11315252376e-09	0.01
0.30703125		4.11315252376e-09	0.01
0.30734375		4.11315252376e-09	0.01
0.30765625		4.11315252376e-09	0.01
0.30796875		4.11315252376e-09	0.01
0.30828125		4.11315252376e-09	0.01
0.30859375		4.11315252376e-09	0.01
0.30890625		4.11315252376e-09	0.01
0.30921875		4.11315252376e-09	0.01
0.30953125		4.11315252376e-09	0.01
0.30984375		4.11315252376e-09	0.01
0.31015625		4.11315252376e-09	0.01
0.31046875		4.11315252376e-09	0.01
0.31078125		4.11315252376e-09	0.01
0.31109375		4.11315252376e-09	0.01
0.31140625		4.11315252376e-09	0.01
0.31171875		4.11315252376e-09	0.01
0.31203125		4.11315252376e-09	0.01
0.31234375		4.11315252376e-09	0.01
0.31265625		4.11315252376e-09	0.01
0.31296875		4.11315252376e-09	0.01
0.31328125		4.11315252376e-09	0.01
0.31359375		4.11315252376e-09	0.01
0.31390625		4.11315252376e-09	0.01
0.31421875		4.11315252376e-09	0.01
0.31453125		4.11315252376e-09	0.01
0.31484375		4.11315252376e-09	0.01
0.31515625		4.11315252376e-09	0.01
0.31546875		4.11315252376e-09	0.01
0.31578125		4.11315252376e-09	0.01
0.31609375		4.11315252376e-09	0.01
0.31640625		4.11315252376e-09	0.01
0.31671875		4.11315252376e-09	0.01
0.31703125		4.11315252376e-09	0.01
0.31734375		4.11315252376e-09	0.01
0.31765625		4.11315252376e-09	0.01
0.31796875		4.11315252376e-09	0.01
0.31828125		4.11315252376e-09	0.01
0.31859375		4.11315252376e-09	0.01
0.31890625		4.11315252376e-09	0.01
0.31921875		4.11315252376e-09	0.01
0.31953125		4.11315252376e-09	0.01
0.31984375		4.11315252376e-09	0.01
0.32015625		4.11315252376e-09	0.01
0.32046875		4.11315252376e-09	0.01
0.32078125		4.11315252376e-09	0.01
0.32109375		4.11315252376e-09	0.01
0.32140625		4.11315252376e-09	0.01
0.32171875		4.11315252376e-09	0.01
0.32203125		4.11315252376e-09	0.01
0.32234375		4.11315252376e-09	0.01
0.32265625		4.11315252376e-09	0.01
0.32296875		4.11315252376e-09	0.01
0.32328125		4.11315252376e-09	0.01
0.32359375		4.11315252376e-09	0.01
0.32390625		4.11315252376e-09	0.01
0.32421875		4.11315252376e-09	0.01
0.32453125		4.11315252376e-09	0.01
0.32484375		4.11315252376e-09	0.01
0.32515625		4.11315252376e-09	0.01
0.32546875		4.11315252376e-09	0.01
0.32578125		4.11315252376e-09	0.01
0.32609375		4.11315252376e-09	0.01
0.32640625		4.11315252376e-09	0.01
0.32671875		4.11315252376e-09	0.01
0.32703125		4.11315252376e-09	0.01
0.32734375		4.11315252376e-09	0.01
0.32765625		4.11315252376e-09	0.01
0.32796875		4.11315252376e-09	0.01
0.32828125		4.11315252376e-09	0.01
0.32859375		4.11315252376e-09	0.01
0.32890625		4.11315252376e-09	0.01
0.32921875		4.11315252376e-09	0.01
0.32953125		4.11315252376e-09	0.01
0.32984375		4.11315252376e-09	0.01
0.33015625		4.11315252376e-09	0.01
0.33046875		4.11315252376e-09	0.01
0.33078125		4.11315252376e-09	0.01
0.33109375		4.11315252376e-09	0.01
0.33140625		4.11315252376e-09	0.01
0.33171875		4.11315252376e-09	0.01
0.33203125		4.11315252376e-09	0.01
0.33234375		4.11315252376e-09	0.01
0.33265625		4.11315252376e-09	0.01
0.33296875		4.11315252376e-09	0.01
0.33328125		4.11315252376e-09	0.01
0.33359375		4.11315252376e-09	0.01
0.33390625		4.11315252376e-09	0.01
0.33421875		4.11315252376e-09	0.01
0.33453125		4.11315252376e-09	0.01
0.33484375		4.11315252376e-09	0.01
0.33515625		4.11315252376e-09	0.01
0.33546875		4.11315252376e-09	0.01
0.33578125		4.11315252376e-09	0.01
0.33609375		4.11315252376e-09	0.01
0.33640625		4.11315252376e-09	0.01
0.33671875		4.11315252376e-09	0.01
0.33703125		4.11315252376e-09	0.01
0.33734375		4.11315252376e-09	0.01
0.33765625		4.11315252376e-09	0.01
0.33796875		4.11315252376e-09	0.01
0.33828125		4.11315252376e-09	0.01
0.33859375		4.11315252376e-09	0.01
0.33890625		4.11315252376e-09	0.01
0.33921875		4.11315252376e-09	0.01
0.33953125		4.11315252376e-09	0.01
0.33984375		4.11315252376e-09	0.01
0.34015625		4.11315252376e-09	0.01
0.34046875		4.11315252376e-09	0.01
0.34078125		4.11315252376e-09	0.01
0.34109375		4.11315252376e-09	0.01
0.34140625		4.11315252376e-09	0.01
0.34171875		4.11315252376e-09	0.01
0.34203125		4.11315252376e-09	0.01
0.34234375		4.11315252376e-09	0.01
0.34265625		4.11315252376e-09	0.01
0.34296875		4.11315252376e-09	0.01
0.34328125		4.11315252376e-09	0.01
0.34359375		4.11315252376e-09	0.01
0.34390625		4.11315252376e-09	0.01
0.34421875		4.11315252376e-09	0.01
0.34453125		4.11315252376e-09	0.01
0.34484375		4.11315252376e-09	0.01
0.34515625		4.11315252376e-09	0.01
0.34546875		4.11315252376e-09	0.01
0.34578125		4.11315252376e-09	0.01
0.34609375		4.11315252376e-09	0.01
0.34640625		4.11315252376e-09	0.01
0.34671875		4.11315252376e-09	0.01
0.34703125		4.11315252376e-09	0.01
0.34734375		4.11315252376e-09	0.01
0.34765625		4.11315252376e-09	0.01
0.34796875		4.11315252376e-09	0.01
0.34828125		4.11315252376e-09	0.01
0.34859375		4.11315252376e-09	0.01
0.34890625		4.11315252376e-09	0.01
0.34921875		4.11315252376e-09	0.01
0.34953125		4.11315252376e-09	0.01
0.34984375		4.11315252376e-09	0.01
0.35015625		4.11315252376e-09	0.01
0.35046875		4.11315252376e-09	0.01
0.35078125		4.11315252376e-09	0.01
0.35109375		4.11315252376e-09	0.01
0.35140625		4.11315252376e-09	0.01
0.35171875		4.11315252376e-09	0.01
0.35203125		4.11315252376e-09	0.01
0.35234375		4.11315252376e-09	0.01
0.35265625		4.11315252376e-09	0.01
0.35296875		4.11315252376e-09	0.01
0.35328125		4.11315252376e-09	0.01
0.35359375		4.11315252376e-09	0.01
0.35390625		4.11315252376e-09	0.01
0.35421875		4.11315252376e-09	0.01
0.35453125		4.11315252376e-09	0.01
0.35484375		4.11315252376e-09	0.01
0.35515625		4.11315252376e-09	0.01
0.35546875		4.11315252376e-09	0.01
0.35578125		4.11315252376e-09	0.01
0.35609375		4.11315252376e-09	0.01
0.35640625		4.11315252376e-09	0.01
0.35671875		4.11315252376e-09	0.01
0.35703125		4.11315252376e-09	0.01
0.35734375		4.11315252376e-09	0.01
0.35765625		4.11315252376e-09	0.01
0.35796875		4.11315252376e-09	0.01
0.35828125		4.11315252376e-09	0.01
0.35859375		4.11315252376e-09	0.01
0.35890625		4.11315252376e-09	0.01
0.35921875		4.11315252376e-09	0.01
0.35953125		4.11315252376e-09	0.01
0.35984375		4.11315252376e-09	0.01
0.36015625		4.11315252376e-09	0.01
0.36046875		4.11315252376e-09	0.01
0.36078125		4.11315252376e-09	0.01
0.36109375		4.11315252376e-09	0.01
0.36140625		4.11315252376e-09	0.01
0.36171875		4.11315252376e-09	0.01
0.36203125		4.11315252376e-09	0.01
0.36234375		4.11315252376e-09	0.01
0.36265625		4.11315252376e-09	0.01
0.36296875		4.11315252376e-09	0.01
0.36328125		4.11315252376e-09	0.01
0.36359375		4.11315252376e-09	0.01
0.36390625		4.11315252376e-09	0.01
0.36421875		4.11315252376e-09	0.01
0.36453125		4.11315252376e-09	0.01
0.36484375		4.11315252376e-09	0.01
0.36515625		4.11315252376e-09	0.01
0.36546875		4.11315252376e-09	0.01
0.36578125		4.11315252376e-09	0.01
0.36609375		4.11315252376e-09	0.01
0.36640625		4.11315252376e-09	0.01
0.36671875		4.11315252376e-09	0.01
0.36703125		4.11315252376e-09	0.01
0.36734375		4.11315252376e-09	0.01
0.36765625		4.11315252376e-09	0.01
0.36796875		4.11315252376e-09	0.01
0.36828125		4.11315252376e-09	0.01
0.36859375		4.11315252376e-09	0.01
0.36890625		4.11315252376e-09	0.01
0.36921875		4.11315252376e-09	0.01
0.36953125		4.11315252376e-09	0.01
0.36984375		4.11315252376e-09	0.01
0.37015625		4.11315252376e-09	0.01
0.37046875		4.11315252376e-09	0.01
0.37078125		4.11315252376e-09	0.01
0.37109375		4.11315252376e-09	0.01
0.37140625		4.11315252376e-09	0.01
0.37171875		4.11315252376e-09	0.01
0.37203125		4.11315252376e-09	0.01
0.37234375		4.11315252376e-09	0.01
0.37265625		4.11315252376e-09	0.01
0.37296875		4.11315252376e-09	0.01
0.37328125		4.11315252376e-09	0.01
0.37359375		4.11315252376e-09	0.01
0.37390625		4.11315252376e-09	0.01
0.37421875		4.11315252376e-09	0.01
0.37453125		4.11315252376e-09	0.01
0.37484375		4.11315252376e-09	0.01
0.37515625		4.11315252376e-09	0.01
0.37546875		4.11315252376e-09	0.01
0.37578125		4.11315252376e-09	0.01
0.37609375		4.11315252376e-09	0.01
0.37640625		4.11315252376e-09	0.01
0.37671875		4.11315252376e-09	0.01
0.37703125		4.11315252376e-09	0.01
0.37734375		4.11315252376e-09	0.01
0.37765625		4.11315252376e-09	0.01
0.37796875		4.11315252376e-09	0.01
0.37828125		4.11315252376e-09	0.01
0.37859375		4.11315252376e-09	0.01
0.37890625		4.11315252376e-09	0.01
0.37921875		4.11315252376e-09	0.01
0.37953125		4.11315252376e-09	0.01
0.37984375		4.11315252376e-09	0.01
0.38015625		4.11315252376e-09	0.01
0.38046875		4.11315252376e-09	0.01
0.38078125		4.11315252376e-09	0.01
0.38109375		4.11315252376e-09	0.01
0.38140625		4.11315252376e-09	0.01
0.38171875		4.11315252376e-09	0.01
0.38203125		4.11315252376e-09	0.01
0.38234375		4.11315252376e-09	0.01
0.38265625		4.11315252376e-09	0.01
0.38296875		4.11315252376e-09	0.01
0.38328125		4.11315252376e-09	0.01
0.38359375		4.11315252376e-09	0.01
0.38390625		4.11315252376e-09	0.01
0.38421875		4.11315252376e-09	0.01
0.38453125		4.11315252376e-09	0.01
0.38484375		4.11315252376e-09	0.01
0.38515625		4.11315252376e-09	0.01
0.38546875		4.11315252376e-09	0.01
0.38578125		4.11315252376e-09	0.01
0.38609375		4.11315252376e-09	0.01
0.38640625		4.11315252376e-09	0.01
0.38671875		4.11315252376e-09	0.01
0.38703125		4.11315252376e-09	0.01
0.38734375		4.11315252376e-09	0.01
0.38765625		4.11315252376e-09	0.01
0.38796875		4.11315252376e-09	0.01
0.38828125		4.11315252376e-09	0.01
0.38859375		4.11315252376e-09	0.01
0.38890625		4.11315252376e-09	0.01
0.38921875		4.11315252376e-09	0.01
0.38953125		4.11315252376e-09	0.01
0.38984375		4.11315252376e-09	0.01
0.39015625		4.11315252376e-09	0.01
0.39046875		4.11315252376e-09	0.01
0.39078125		4.11315252376e-09	0.01
0.39109375		4.11315252376e-09	0.01
0.39140625		4.11315252376e-09	0.01
0.39171875		4.11315252376e-09	0.01
0.39203125		4.11315252376e-09	0.01
0.39234375		4.11315252376e-09	0.01
0.39265625		4.11315252376e-09	0.01
0.39296875		4.11315252376e-09	0.01
0.39328125		4.11315252376e-09	0.01
0.39359375		4.11315252376e-09	0.01
0.39390625		4.11315252376e-09	0.01
0.39421875		4.11315252376e-09	0.01
0.39453125		4.11315252376e-09	0.01
0.39484375		4.11315252376e-09	0.01
0.39515625		4.11315252376e-09	0.01
0.39546875		4.11315252376e-09	0.01
0.39578125		4.11315252376e-09	0.01
0.39609375		4.11315252376e-09	0.01
0.39640625		4.11315252376e-09	0.01
0.39671875		4.11315252376e-09	0.01
0.39703125		4.11315252376e-09	0.01
0.39734375		4.11315252376e-09	0.01
0.39765625		4.11315252376e-09	0.01
0.39796875		4.11315252376e-09	0.01
0.39828125		4.11315252376e-09	0.01
0.39859375		4.11315252376e-09	0.01
0.39890625		4.11315252376e-09	0.01
0.39921875		4.11315252376e-09	0.01
0.39953125		4.11315252376e-09	0.01
0.39984375		4.11315252376e-09	0.01
0.40015625		4.11315252376e-09	0.01
0.40046875		4.11315252376e-09	0.01
0.40078125		4.11315252376e-09	0.01
0.40109375		4.11315252376e-09	0.01
0.40140625		4.11315252376e-09	0.01
0.40171875		4.11315252376e-09	0.01
0.40203125		4.11315252376e-09	0.01
0.40234375		4.11315252376e-09	0.01
0.40265625		4.11315252376e-09	0.01
0.40296875		4.11315252376e-09	0.01
0.40328125		4.11315252376e-09	0.01
0.40359375		4.11315252376e-09	0.01
0.40390625		4.11315252376e-09	0.01
0.40421875		4.11315252376e-09	0.01
0.40453125		4.11315252376e-09	0.01
0.40484375		4.11315252376e-09	0.01
0.40515625		4.11315252376e-09	0.01
0.40546875		4.11315252376e-09	0.01
0.40578125		4.11315252376e-09	0.01
0.40609375		4.11315252376e-09	0.01
0.40640625		4.11315252376e-09	0.01
0.40671875		4.11315252376e-09	0.01
0.40703125		4.11315252376e-09	0.01
0.40734375		4.11315252376e-09	0.01
0.40765625		4.11315252376e-09	0.01
0.40796875		4.11315252376e-09	0.01
0.40828125		4.11315252376e-09	0.01
0.40859375		4.11315252376e-09	0.01
0.40890625		4.11315252376e-09	0.01
0.40921875		4.11315252376e-09	0.01
0.40953125		4.11315252376e-09	0.01
0.40984375		4.11315252376e-09	0.01
0.41015625		4.11315252376e-09	0.01
0.41046875		4.11315252376e-09	0.01
0.41078125		4.11315252376e-09	0.01
0.41109375		4.11315252376e-09	0.01
0.41140625		4.11315252376e-09	0.01
0.41171875		4.11315252376e-09	0.01
0.41203125		4.11315252376e-09	0.01
0.41234375		4.11315252376e-09	0.01
0.41265625		4.11315252376e-09	0.01
0.41296875		4.11315252376e-09	0.01
0.41328125		4.11315252376e-09	0.01
0.41359375		4.11315252376e-09	0.01
0.41390625		4.11315252376e-09	0.01
0.41421875		4.11315252376e-09	0.01
0.41453125		4.11315252376e-09	0.01
0.41484375		4.11315252376e-09	0.01
0.41515625		4.11315252376e-09	0.01
0.41546875		4.11315252376e-09	0.01
0.41578125		4.11315252376e-09	0.01
0.41609375		4.11315252376e-09	0.01
0.41640625		4.11315252376e-09	0.01
0.41671875		4.11315252376e-09	0.01
0.41703125		4.11315252376e-09	0.01
0.41734375		4.11315252376e-09	0.01
0.41765625		4.11315252376e-09	0.01
0.41796875		4.11315252376e-09	0.01
0.41828125		4.11315252376e-09	0.01
0.41859375		4.11315252376e-09	0.01
0.41890625		4.11315252376e-09	0.01
0.41921875		4.11315252376e-09	0.01
0.41953125		4.11315252376e-09	0.01
0.41984375		4.11315252376e-09	0.01
0.42015625		4.11315252376e-09	0.01
0.42046875		4.11315252376e-09	0.01
0.42078125		4.11315252376e-09	0.01
0.42109375		4.11315252376e-09	0.01
0.42140625		4.11315252376e-09	0.01
0.42171875		4.11315252376e-09	0.01
0.42203125		4.11315252376e-09	0.01
0.42234375		4.11315252376e-09	0.01
0.42265625		4.11315252376e-09	0.01
0.42296875		4.11315252376e-09	0.01
0.42328125		4.11315252376e-09	0.01
0.42359375		4.11315252376e-09	0.01
0.42390625		4.11315252376e-09	0.01
0.42421875		4.11315252376e-09	0.01
0.42453125		4.11315252376e-09	0.01
0.42484375		4.11315252376e-09	0.01
0.42515625		4.11315252376e-09	0.01
0.42546875		4.11315252376e-09	0.01
0.42578125		4.11315252376e-09	0.01
0.42609375		4.11315252376e-09	0.01
0.42640625		4.11315252376e-09	0.01
0.42671875		4.11315252376e-09	0.01
0.42703125		4.11315252376e-09	0.01
0.42734375		4.11315252376e-09	0.01
0.42765625		4.11315252376e-09	0.01
0.42796875		4.11315252376e-09	0.01
0.42828125		4.11315252376e-09	0.01
0.42859375		4.11315252376e-09	0.01
0.42890625		4.11315252376e-09	0.01
0.42921875		4.11315252376e-09	0.01
0.42953125		4.11315252376e-09	0.01
0.42984375		4.11315252376e-09	0.01
0.43015625		4.11315252376e-09	0.01
0.43046875		4.11315252376e-09	0.01
0.43078125		4.11315252376e-09	0.01
0.43109375		4.11315252376e-09	0.01
0.43140625		4.11315252376e-09	0.01
0.43171875		4.11315252376e-09	0.01
0.43203125		4.11315252376e-09	0.01
0.43234375		4.11315252376e-09	0.01
0.43265625		4.11315252376e-09	0.01
0.43296875		4.11315252376e-09	0.01
0.43328125		4.11315252376e-09	0.01
0.43359375		4.11315252376e-09	0.01
0.43390625		4.11315252376e-09	0.01
0.43421875		4.11315252376e-09	0.01
0.43453125		4.11315252376e-09	0.01
0.43484375		4.11315252376e-09	0.01
0.43515625		4.11315252376e-09	0.01
0.43546875		4.11315252376e-09	0.01
0.43578125		4.11315252376e-09	0.01
0.43609375		4.11315252376e-09	0.01
0.43640625		4.11315252376e-09	0.01
0.43671875		4.11315252376e-09	0.01
0.43703125		4.11315252376e-09	0.01
0.43734375		4.11315252376e-09	0.01
0.43765625		4.11315252376e-09	0.01
0.43796875		4.11315252376e-09	0.01
0.43828125		4.11315252376e-09	0.01
0.43859375		4.11315252376e-09	0.01
0.43890625		4.11315252376e-09	0.01
0.43921875		4.11315252376e-09	0.01
0.43953125		4.11315252376e-09	0.01
0.43984375		4.11315252376e-09	0.01
0.44015625		4.11315252376e-09	0.01
0.44046875		4.11315252376e-09	0.01
0.44078125		4.11315252376e-09	0.01
0.44109375		4.11315252376e-09	0.01
0.44140625		4.11315252376e-09	0.01
0.44171875		4.11315252376e-09	0.01
0.44203125		4.11315252376e-09	0.01
0.44234375		4.11315252376e-09	0.01
0.44265625		4.11315252376e-09	0.01
0.44296875		4.11315252376e-09	0.01
0.44328125		4.11315252376e-09	0.01
0.44359375		4.11315252376e-09	0.01
0.44390625		4.11315252376e-09	0.01
0.44421875		4.11315252376e-09	0.01
0.44453125		4.11315252376e-09	0.01
0.44484375		4.11315252376e-09	0.01
0.44515625		4.11315252376e-09	0.01
0.44546875		4.11315252376e-09	0.01
0.44578125		4.11315252376e-09	0.01
0.44609375		4.11315252376e-09	0.01
0.44640625		4.11315252376e-09	0.01
0.44671875		4.11315252376e-09	0.01
0.44703125		4.11315252376e-09	0.01
0.44734375		4.11315252376e-09	0.01
0.44765625		4.11315252376e-09	0.01
0.44796875		4.11315252376e-09	0.01
0.44828125		4.11315252376e-09	0.01
0.44859375		4.11315252376e-09	0.01
0.44890625		4.11315252376e-09	0.01
0.44921875		4.11315252376e-09	0.01
0.44953125		4.11315252376e-09	0.01
0.44984375		4.11315252376e-09	0.01
0.45015625		4.11315252376e-09	0.01
0.45046875		4.11315252376e-09	0.01
0.45078125		4.11315252376e-09	0.01
0.45109375		4.11315252376e-09	0.01
0.45140625		4.11315252376e-09	0.01
0.45171875		4.11315252376e-09	0.01
0.45203125		4.11315252376e-09	0.01
0.45234375		4.11315252376e-09	0.01
0.45265625		4.11315252376e-09	0.01
0.45296875		4.11315252376e-09	0.01
0.45328125		4.11315252376e-09	0.01
0.45359375		4.11315252376e-09	0.01
0.45390625		4.11315252376e-09	0.01
0.45421875		4.11315252376e-09	0.01
0.45453125		4.11315252376e-09	0.01
0.45484375		4.11315252376e-09	0.01
0.45515625		4.11315252376e-09	0.01
0.45546875		4.11315252376e-09	0.01
0.45578125		4.11315252376e-09	0.01
0.45609375		4.11315252376e-09	0.01
0.45640625		4.11315252376e-09	0.01
0.45671875		4.11315252376e-09	0.01
0.45703125		4.11315252376e-09	0.01
0.45734375		4.11315252376e-09	0.01
0.45765625		4.11315252376e-09	0.01
0.45796875		4.11315252376e-09	0.01
0.45828125		4.11315252376e-09	0.01
0.45859375		4.11315252376e-09	0.01
0.45890625		4.11315252376e-09	0.01
0.45921875		4.11315252376e-09	0.01
0.45953125		4.11315252376e-09	0.01
0.45984375		4.11315252376e-09	0.01
0.46015625		4.11315252376e-09	0.01
0.46046875		4.11315252376e-09	0.01
0.46078125		4.11315252376e-09	0.01
0.46109375		4.11315252376e-09	0.01
0.46140625		4.11315252376e-09	0.01
0.46171875		4.11315252376e-09	0.01
0.46203125		4.11315252376e-09	0.01
0.46234375		4.11315252376e-09	0.01
0.46265625		4.11315252376e-09	0.01
0.46296875		4.11315252376e-09	0.01
0.46328125		4.11315252376e-09	0.01
0.46359375		4.11315252376e-09	0.01
0.46390625		4.11315252376e-09	0.01
0.46421875		4.11315252376e-09	0.01
0.46453125		4.11315252376e-09	0.01
0.46484375		4.11315252376e-09	0.01
0.46515625		4.11315252376e-09	0.01
0.46546875		4.11315252376e-09	0.01
0.46578125		4.11315252376e-09	0.01
0.46609375		4.11315252376e-09	0.01
0.46640625		4.11315252376e-09	0.01
0.46671875		4.11315252376e-09	0.01
0.46703125		4.11315252376e-09	0.01
0.46734375		4.11315252376e-09	0.01
0.46765625		4.11315252376e-09	0.01
0.46796875		4.11315252376e-09	0.01
0.46828125		4.11315252376e-09	0.01
0.46859375		4.11315252376e-09	0.01
0.46890625		4.11315252376e-09	0.01
0.46921875		4.11315252376e-09	0.01
0.46953125		4.11315252376e-09	0.01
0.46984375		4.11315252376e-09	0.01
0.47015625		4.11315252376e-09	0.01
0.47046875		4.11315252376e-09	0.01
0.47078125		4.11315252376e-09	0.01
0.47109375		4.11315252376e-09	0.01
0.47140625		4.11315252376e-09	0.01
0.47171875		4.11315252376e-09	0.01
0.47203125		4.11315252376e-09	0.01
0.47234375		4.11315252376e-09	0.01
0.47265625		4.11315252376e-09	0.01
0.47296875		4.11315252376e-09	0.01
0.47328125		4.11315252376e-09	0.01
0.47359375		4.11315252376e-09	0.01
0.47390625		4.11315252376e-09	0.01
0.47421875		4.11315252376e-09	0.01
0.47453125		4.11315252376e-09	0.01
0.47484375		4.11315252376e-09	0.01
0.47515625		4.11315252376e-09	0.01
0.47546875		4.11315252376e-09	0.01
0.47578125		4.11315252376e-09	0.01
0.47609375		4.11315252376e-09	0.01
0.47640625		4.11315252376e-09	0.01
0.47671875		4.11315252376e-09	0.01
0.47703125		4.11315252376e-09	0.01
0.47734375		4.11315252376e-09	0.01
0.47765625		4.11315252376e-09	0.01
0.47796875		4.11315252376e-09	0.01
0.47828125		4.11315252376e-09	0.01
0.47859375		4.11315252376e-09	0.01
0.47890625		4.11315252376e-09	0.01
0.47921875		4.11315252376e-09	0.01
0.47953125		4.11315252376e-09	0.01
0.47984375		4.11315252376e-09	0.01
0.48015625		4.11315252376e-09	0.01
0.48046875		4.11315252376e-09	0.01
0.48078125		4.11315252376e-09	0.01
0.48109375		4.11315252376e-09	0.01
0.48140625		4.11315252376e-09	0.01
0.48171875		4.11315252376e-09	0.01
0.48203125		4.11315252376e-09	0.01
0.48234375		4.11315252376e-09	0.01
0.48265625		4.11315252376e-09	0.01
0.48296875		4.11315252376e-09	0.01
0.48328125		4.11315252376e-09	0.01
0.48359375		4.11315252376e-09	0.01
0.48390625		4.11315252376e-09	0.01
0.48421875		4.11315252376e-09	0.01
0.48453125		4.11315252376e-09	0.01
0.48484375		4.11315252376e-09	0.01
0.48515625		4.11315252376e-09	0.01
0.48546875		4.11315252376e-09	0.01
0.48578125		4.11315252376e-09	0.01
0.48609375		4.11315252376e-09	0.01
0.48640625		4.11315252376e-09	0.01
0.48671875		4.11315252376e-09	0.01
0.48703125		4.11315252376e-09	0.01
0.48734375		4.11315252376e-09	0.01
0.48765625		4.11315252376e-09	0.01
0.48796875		4.11315252376e-09	0.01
0.48828125		4.11315252376e-09	0.01
0.48859375		4.11315252376e-09	0.01
0.48890625		4.11315252376e-09	0.01
0.48921875		4.11315252376e-09	0.01
0.48953125		4.11315252376e-09	0.01
0.48984375		4.11315252376e-09	0.01
0.49015625		4.11315252376e-09	0.01
0.49046875		4.11315252376e-09	0.01
0.49078125		4.11315252376e-09	0.01
0.49109375		4.11315252376e-09	0.01
0.49140625		4.11315252376e-09	0.01
0.49171875		4.11315252376e-09	0.01
0.49203125		4.11315252376e-09	0.01
0.49234375		4.11315252376e-09	0.01
0.49265625		4.11315252376e-09	0.01
0.49296875		4.11315252376e-09	0.01
0.49328125		4.11315252376e-09	0.01
0.49359375		4.11315252376e-09	0.01
0.49390625		4.11315252376e-09	0.01
0.49421875		4.11315252376e-09	0.01
0.49453125		4.11315252376e-09	0.01
0.49484375		4.11315252376e-09	0.01
0.49515625		4.11315252376e-09	0.01
0.49546875		4.11315252376e-09	0.01
0.49578125		4.11315252376e-09	0.01
0.49609375		4.11315252376e-09	0.01
0.49640625		4.11315252376e-09	0.01
0.49671875		4.11315252376e-09	0.01
0.49703125		4.11315252376e-09	0.01
0.49734375		4.11315252376e-09	0.01
0.49765625		4.11315252376e-09	0.01
0.49796875		4.11315252376e-09	0.01
0.49828125		4.11315252376e-09	0.01
0.49859375		4.11315252376e-09	0.01
0.49890625		4.11315252376e-09	0.01
0.49921875		4.11315252376e-09	0.01
0.49953125		4.11315252376e-09	0.01
0.49984375		4.11315252376e-09	0.01
