0.00015625		0.400896340432	0.993600547074
0.00046875		0.400632347586	0.993436474678
0.00078125		0.40026518892	0.993208767089
0.00109375		0.399917233705	0.992992587753
0.00140625		0.399629593099	0.992813727683
0.00171875		0.399370022481	0.992652288577
0.00203125		0.399121008883	0.992497395801
0.00234375		0.398874527687	0.992344025758
0.00265625		0.398628911419	0.99219115708
0.00296875		0.398384491061	0.99203890691
0.00328125		0.398142346852	0.991887999828
0.00359375		0.397902831902	0.991738675439
0.00390625		0.397666067447	0.991591003473
0.00421875		0.397432028158	0.991444956443
0.00453125		0.397200627586	0.991300451107
0.00484375		0.396971720937	0.991157406059
0.00515625		0.396745175458	0.991015755818
0.00546875		0.396520818476	0.990875430318
0.00578125		0.396298473405	0.990736343612
0.00609375		0.396077989017	0.990598407301
0.00640625		0.395859283642	0.990461559027
0.00671875		0.39564228573	0.990325745776
0.00703125		0.395426940113	0.990190901311
0.00734375		0.395213184365	0.990056954823
0.00765625		0.395000941686	0.9899238439
0.00796875		0.394790124021	0.989791531208
0.00828125		0.394580602334	0.989659979847
0.00859375		0.394372232543	0.989529139043
0.00890625		0.394164921761	0.989398956375
0.00921875		0.393958686361	0.989269400225
0.00953125		0.393753506647	0.989140440785
0.00984375		0.3935492833	0.989012037565
0.01015625		0.39334591179	0.988884156239
0.01046875		0.393143319197	0.98875675835
0.01078125		0.39294146844	0.988629802022
0.01109375		0.392740524569	0.98850325792
0.01140625		0.392540427183	0.988377113752
0.01171875		0.392341070634	0.988251358072
0.01203125		0.392142340184	0.98812596811
0.01234375		0.391944149919	0.988000916206
0.01265625		0.391746395405	0.987876176179
0.01296875		0.391549008082	0.987751729199
0.01328125		0.391352142279	0.987627559224
0.01359375		0.391155867367	0.987503649157
0.01390625		0.390960151555	0.987379982418
0.01421875		0.390764969279	0.987256543193
0.01453125		0.390570282329	0.987133317558
0.01484375		0.390376000107	0.987010296156
0.01515625		0.390182014796	0.986887465108
0.01546875		0.389988210065	0.986764804696
0.01578125		0.389794538819	0.986642306509
0.01609375		0.389601312513	0.986519971727
0.01640625		0.38940853041	0.986397794047
0.01671875		0.389216067517	0.98627575388
0.01703125		0.38902384586	0.986153828255
0.01734375		0.388831851781	0.98603200513
0.01765625		0.38864010948	0.98591028382
0.01796875		0.388448625387	0.985788660913
0.01828125		0.388257369219	0.985667127578
0.01859375		0.388066298606	0.985545675538
0.01890625		0.38787539214	0.985424298351
0.01921875		0.387684596362	0.985302992164
0.01953125		0.387493868593	0.985181755363
0.01984375		0.387303236918	0.985060586205
0.02015625		0.38711286034	0.984939479631
0.02046875		0.386922766664	0.984818427029
0.02078125		0.386732968587	0.984697420196
0.02109375		0.386543387972	0.984576454325
0.02140625		0.386353960354	0.984455528748
0.02171875		0.3861646228	0.984334642829
0.02203125		0.385975213885	0.98421378968
0.02234375		0.385785637919	0.98409295895
0.02265625		0.385595981337	0.983972145228
0.02296875		0.385406601856	0.983851349874
0.02328125		0.385217504171	0.983730574809
0.02359375		0.385028642717	0.983609816073
0.02390625		0.384840018835	0.983489064751
0.02421875		0.384651607796	0.983368314583
0.02453125		0.3844632293	0.983247565928
0.02484375		0.384274856125	0.983126821551
0.02515625		0.384086280683	0.983006080188
0.02546875		0.383897395247	0.982885335764
0.02578125		0.383708453143	0.982764582545
0.02609375		0.383519809004	0.982643819448
0.02640625		0.383331380745	0.982523048643
0.02671875		0.38314312102	0.982402269898
0.02703125		0.382955148577	0.982281478266
0.02734375		0.382767372988	0.982160667692
0.02765625		0.382579690292	0.982039836282
0.02796875		0.382391910094	0.981918986553
0.02828125		0.382203954934	0.981798120427
0.02859375		0.382015630967	0.981677235399
0.02890625		0.381827026795	0.98155632637
0.02921875		0.381638669909	0.981435390426
0.02953125		0.381450467344	0.981314428482
0.02984375		0.381262467193	0.981193441878
0.03015625		0.381074808821	0.98107242843
0.03046875		0.380887354447	0.980951383015
0.03078125		0.380700242633	0.980830302169
0.03109375		0.380512898978	0.980709186319
0.03140625		0.380325359704	0.980588037486
0.03171875		0.380137448769	0.980466855115
0.03203125		0.379949015357	0.980345636058
0.03234375		0.379760459067	0.980224378058
0.03265625		0.379572187696	0.980103081621
0.03296875		0.379384243433	0.979981748306
0.03328125		0.379196665157	0.979860377292
0.03359375		0.379009382462	0.979738964778
0.03390625		0.378822593321	0.979617507673
0.03421875		0.378635660401	0.979496005529
0.03453125		0.378448285966	0.979374460167
0.03484375		0.378260574841	0.979252871403
0.03515625		0.378072252786	0.979131236885
0.03546875		0.37788342915	0.979009554914
0.03578125		0.377694934517	0.978887825853
0.03609375		0.377506861578	0.978766050622
0.03640625		0.377319146037	0.978644228802
0.03671875		0.37713188577	0.97852235796
0.03703125		0.376945129478	0.978400435607
0.03734375		0.376758558856	0.978278461077
0.03765625		0.37657128588	0.978156435474
0.03796875		0.376383614837	0.978034358969
0.03828125		0.376195314125	0.977912229563
0.03859375		0.376006304223	0.977790045674
0.03890625		0.375817496242	0.97766780787
0.03921875		0.375629170697	0.977545517375
0.03953125		0.375441186239	0.977423173966
0.03984375		0.375253821135	0.977300774852
0.04015625		0.375066771734	0.977178316551
0.04046875		0.374880387238	0.977055798147
0.04078125		0.374693283409	0.976933221517
0.04109375		0.374505522099	0.976810588454
0.04140625		0.374317139636	0.97668789721
0.04171875		0.37412800373	0.976565145266
0.04203125		0.373938892052	0.976442332768
0.04234375		0.373750225392	0.976319461577
0.04265625		0.373562017736	0.976196532617
0.04296875		0.373374210216	0.976073543419
0.04328125		0.373186786798	0.975950489736
0.04359375		0.373000119296	0.975827370192
0.04390625		0.372813234777	0.975704186505
0.04421875		0.372625423757	0.97558094116
0.04453125		0.372436970642	0.975457633226
0.04484375		0.372247712699	0.975334259729
0.04515625		0.372058193353	0.975210820128
0.04546875		0.371869255032	0.975087316623
0.04578125		0.3716806689	0.974963751048
0.04609375		0.371492371603	0.974840121498
0.04640625		0.371304631922	0.974716423616
0.04671875		0.371117219987	0.97459265517
0.04703125		0.370930326684	0.974468817829
0.04734375		0.370742537503	0.974344914399
0.04765625		0.370554067156	0.974220944607
0.04796875		0.370364707402	0.974096905316
0.04828125		0.370174832986	0.973972795446
0.04859375		0.36998552301	0.973848617405
0.04890625		0.369796489336	0.973724373515
0.04921875		0.369607833966	0.973600062634
0.04953125		0.369419526372	0.973475680422
0.04984375		0.369231494662	0.973351223667
0.05015625		0.369044116991	0.973226693679
0.05046875		0.368856346482	0.973102093497
0.05078125		0.368667802554	0.972977423909
0.05109375		0.368478439505	0.972852681735
0.05140625		0.368288320797	0.972727864735
0.05171875		0.368098459148	0.972602974782
0.05203125		0.36790907267	0.972478015213
0.05234375		0.367719955361	0.972352986248
0.05265625		0.367531027523	0.972227883759
0.05296875		0.367342540024	0.97210270353
0.05328125		0.367154329455	0.971977446237
0.05359375		0.366966350239	0.971852115489
0.05390625		0.366777711988	0.971726712817
0.05421875		0.366588379018	0.971601235173
0.05453125		0.366398119095	0.971475679195
0.05484375		0.366207756876	0.971350046256
0.05515625		0.366017919555	0.971224340412
0.05546875		0.365828260941	0.971098563091
0.05578125		0.365638885088	0.970972710548
0.05609375		0.365449762254	0.970846777902
0.05640625		0.365260847994	0.970720764599
0.05671875		0.365072330841	0.97059467487
0.05703125		0.364883488402	0.970468511101
0.05734375		0.364694120749	0.970342270661
0.05765625		0.364503864349	0.970215949004
0.05796875		0.36431304035	0.970089546447
0.05828125		0.364122628228	0.969963067698
0.05859375		0.363932545097	0.969836515667
0.05890625		0.363742638386	0.969709887378
0.05921875		0.363552871323	0.969583176857
0.05953125		0.363363421065	0.969456382406
0.05984375		0.363174145835	0.969329508322
0.06015625		0.362984939226	0.96920255867
0.06046875		0.362795383596	0.96907553127
0.06078125		0.362605131745	0.968948420426
0.06109375		0.3624140324	0.968821224722
0.06140625		0.362223030764	0.968693949355
0.06171875		0.362032423064	0.968566599071
0.06203125		0.361841972246	0.968439172015
0.06234375		0.361651700055	0.968311661327
0.06265625		0.361461598119	0.968184063516
0.06296875		0.361271714815	0.968056382575
0.06328125		0.361081943348	0.967928624335
0.06359375		0.360892070265	0.967800788123
0.06390625		0.360701695867	0.967672867073
0.06421875		0.360510464283	0.967544857471
0.06453125		0.360318866999	0.967416764235
0.06484375		0.36012770952	0.967288594362
0.06515625		0.359936748908	0.967160347553
0.06546875		0.359745906846	0.967032016262
0.06578125		0.359555232381	0.966903594861
0.06609375		0.359364733651	0.966775086931
0.06640625		0.359174399696	0.966646499877
0.06671875		0.358984076616	0.966517834493
0.06703125		0.358793446245	0.966389083381
0.06734375		0.35860204807	0.966260240875
0.06765625		0.358410019022	0.966131311206
0.06796875		0.35821825587	0.966002302667
0.06828125		0.358026745233	0.965873216347
0.06859375		0.357835372478	0.965744045049
0.06890625		0.357644125737	0.965614782045
0.06921875		0.357453008044	0.96548542983
0.06953125		0.357262120389	0.965355995903
0.06984375		0.357071282128	0.965226482074
0.07015625		0.356880293246	0.965096881969
0.07046875		0.356688648753	0.964967189652
0.07078125		0.356496275245	0.964837407954
0.07109375		0.356303897808	0.964707544404
0.07140625		0.35611184957	0.964577600676
0.07171875		0.355919952572	0.964447570828
0.07203125		0.355728136459	0.96431744887
0.07234375		0.355536467442	0.964187236176
0.07265625		0.355344961213	0.964056939161
0.07296875		0.355153562063	0.963926559811
0.07328125		0.354962109573	0.96379609292
0.07359375		0.354770180898	0.963665532608
0.07390625		0.354577491742	0.963534880626
0.07421875		0.354384532922	0.963404144289
0.07453125		0.35419195399	0.96327332626
0.07484375		0.353999516085	0.963142421252
0.07515625		0.353807157951	0.963011422731
0.07546875		0.353614924842	0.96288033113
0.07578125		0.353422797477	0.962749152927
0.07609375		0.353230808114	0.96261789122
0.07640625		0.353038817004	0.962486541267
0.07671875		0.352846509378	0.9623550965
0.07703125		0.352653517821	0.962223557434
0.07734375		0.352460077801	0.962091931332
0.07765625		0.352266928942	0.961960222181
0.07796875		0.352073939794	0.961828425359
0.07828125		0.351881043919	0.961696534057
0.07859375		0.351688243128	0.961564547654
0.07890625		0.351495514786	0.961432472186
0.07921875		0.351302926336	0.961300311703
0.07953125		0.351110350716	0.96116806238
0.07984375		0.350917588624	0.961035717583
0.08015625		0.350724264585	0.960903276509
0.08046875		0.350530401365	0.960770745639
0.08078125		0.350336663301	0.960638129859
0.08109375		0.350143134299	0.960505425858
0.08140625		0.349949700083	0.960372626838
0.08171875		0.349756322123	0.960239731063
0.08203125		0.349563013399	0.960106743733
0.08234375		0.349369817899	0.959973669557
0.08265625		0.349176650539	0.959840505979
0.08296875		0.348983379174	0.959707246455
0.08328125		0.348789660788	0.959573889107
0.08359375		0.348595398416	0.959440439313
0.08390625		0.348401091472	0.959306902589
0.08421875		0.348207018272	0.959173276865
0.08453125		0.34801303923	0.95903955567
0.08484375		0.347819096293	0.958905736392
0.08515625		0.347625220392	0.958771823297
0.08546875		0.347431418312	0.958637821358
0.08578125		0.347237657884	0.958503729157
0.08609375		0.34704383664	0.958369540642
0.08640625		0.346849675926	0.958235253029
0.08671875		0.346654992907	0.95810087071
0.08703125		0.346460142764	0.957966399245
0.08734375		0.346265525794	0.957831837837
0.08765625		0.346070996182	0.957697180472
0.08796875		0.345876496777	0.957562423937
0.08828125		0.345682059923	0.957427571535
0.08859375		0.345487667111	0.957292628255
0.08890625		0.345293319124	0.957157593644
0.08921875		0.345098931214	0.957022462254
0.08953125		0.344904272834	0.956887230844
0.08984375		0.34470914182	0.956751902663
0.09015625		0.344513769354	0.956616483208
0.09046875		0.344318605383	0.95648097251
0.09078125		0.344123527323	0.956345365391
0.09109375		0.343928480497	0.956209658199
0.09140625		0.343733478234	0.956073853345
0.09171875		0.343538502041	0.955937955534
0.09203125		0.343343570937	0.955801965106
0.09234375		0.34314861	0.955665877445
0.09265625		0.342953426839	0.955529688909
0.09296875		0.342757822475	0.955393401861
0.09328125		0.342561945134	0.955257021323
0.09359375		0.342366227433	0.955120548237
0.09390625		0.342170597658	0.954983978116
0.09421875		0.341974997564	0.954847307159
0.09453125		0.34177942825	0.954710536857
0.09484375		0.341583874909	0.954573671566
0.09515625		0.341388363156	0.954436712333
0.09546875		0.341192827036	0.954299655246
0.09578125		0.34099710984	0.954162496627
0.09609375		0.340801014692	0.954025237771
0.09640625		0.340604630035	0.953887883349
0.09671875		0.340408356181	0.953750434905
0.09703125		0.340212170746	0.95361288887
0.09734375		0.340016017001	0.953475241283
0.09765625		0.339819884514	0.953337492739
0.09796875		0.339623758467	0.953199647178
0.09828125		0.339427667439	0.953061706223
0.09859375		0.339231553017	0.952923666944
0.09890625		0.339035288866	0.952785525422
0.09921875		0.338838689309	0.952647282074
0.09953125		0.338641795147	0.952508940985
0.09984375		0.33844496548	0.952370504471
0.10015625		0.338248224731	0.952231969839
0.10046875		0.338051516233	0.952093332992
0.10078125		0.337854820529	0.951954593554
0.10109375		0.337658123181	0.951815754942
0.10140625		0.33746145544	0.951676819595
0.10171875		0.337264763815	0.951537785429
0.10203125		0.337067943941	0.951398648525
0.10234375		0.336870826355	0.951259408095
0.10265625		0.336673416346	0.951120067685
0.10296875		0.336476032542	0.95098063032
0.10328125		0.336278737694	0.950841094443
0.10359375		0.336081473978	0.950701455899
0.10390625		0.33588421674	0.950561713114
0.10421875		0.335686950081	0.950421868892
0.10453125		0.335489706446	0.950281926343
0.10484375		0.335292440002	0.950141884683
0.10515625		0.335095061285	0.950001739873
0.10546875		0.334897411693	0.949861490009
0.10578125		0.334699479216	0.949721137758
0.10609375		0.334501542345	0.949580686885
0.10640625		0.334303693188	0.949440137098
0.10671875		0.334105872619	0.949299484333
0.10703125		0.33390805458	0.949158725882
0.10734375		0.333710221299	0.949017863553
0.10765625		0.333512402132	0.948876901234
0.10796875		0.33331456166	0.948735839315
0.10828125		0.333116622182	0.948594674108
0.10859375		0.332918434155	0.948453402437
0.10890625		0.332719973971	0.948312025979
0.10921875		0.332521485072	0.948170549037
0.10953125		0.332323079297	0.948028972641
0.10984375		0.332124701187	0.947887293098
0.11015625		0.331926323841	0.947745506521
0.11046875		0.331727925022	0.947603613851
0.11078125		0.331529531174	0.947461619222
0.11109375		0.331331116629	0.947319524422
0.11140625		0.331132612935	0.947177326101
0.11171875		0.330933880958	0.947035020162
0.11203125		0.330734889996	0.94689260725
0.11234375		0.330535851245	0.946750091779
0.11265625		0.330336888573	0.946607476099
0.11296875		0.330137952221	0.94646475702
0.11328125		0.329939016353	0.946321929888
0.11359375		0.329740054869	0.946178994536
0.11390625		0.329541088275	0.946035955212
0.11421875		0.329342099058	0.945892814807
0.11453125		0.329143027168	0.94574957064
0.11484375		0.328943746691	0.945606217886
0.11515625		0.328744220281	0.945462756135
0.11546875		0.328544633222	0.945319189782
0.11578125		0.328345114686	0.94517552218
0.11609375		0.328145621013	0.94503175085
0.11640625		0.327946127151	0.944887870555
0.11671875		0.327746604282	0.944743880145
0.11703125		0.327547067644	0.944599783694
0.11734375		0.327347504985	0.944455585062
0.11765625		0.32714786306	0.944311282271
0.11796875		0.326948029089	0.944166870093
0.11828125		0.326747963325	0.944022347106
0.11859375		0.326547829439	0.943877717424
0.11890625		0.326347755771	0.943732985208
0.11921875		0.326147704768	0.943588148816
0.11953125		0.325947652551	0.943443202733
0.11984375		0.325747568226	0.943298144824
0.12015625		0.325547462888	0.9431529788
0.12046875		0.325347328605	0.943007709133
0.12078125		0.325147118099	0.9428623349
0.12109375		0.324946729323	0.942716850685
0.12140625		0.324746123173	0.942571254051
0.12171875		0.324545442875	0.942425548492
0.12203125		0.32434481297	0.942279738763
0.12234375		0.32414420367	0.942133824458
0.12265625		0.323943591871	0.941987800012
0.12296875		0.323742946164	0.941841662216
0.12328125		0.323542273231	0.941695413972
0.12359375		0.323341568525	0.941549060383
0.12390625		0.323140791418	0.941402601812
0.12421875		0.322939849363	0.941256032945
0.12453125		0.322738704169	0.94110935019
0.12484375		0.322537477133	0.940962556124
0.12515625		0.322336289431	0.940815656042
0.12546875		0.322135120525	0.940668650869
0.12578125		0.321933948009	0.940521535325
0.12609375		0.321732741177	0.940374305098
0.12640625		0.321531502298	0.940226962115
0.12671875		0.321330229346	0.940079511763
0.12703125		0.321128887522	0.93993195583
0.12734375		0.32092739242	0.939784289446
0.12765625		0.320725707391	0.939636507977
0.12796875		0.320523934121	0.93948861293
0.12828125		0.320322189994	0.93934060966
0.12859375		0.320120461782	0.939192500532
0.12890625		0.319918729079	0.939044280933
0.12921875		0.319716961436	0.938895945645
0.12953125		0.319515158438	0.938747495424
0.12984375		0.319313319288	0.938598935547
0.13015625		0.319111413724	0.938450269102
0.13046875		0.318909365125	0.938301492134
0.13078125		0.318707138213	0.93815259925
0.13109375		0.318504819773	0.938003590714
0.13140625		0.318302521125	0.937854471571
0.13171875		0.318100235506	0.937705245314
0.13203125		0.317897943424	0.937555908491
0.13234375		0.317695615713	0.937406455315
0.13265625		0.317493250723	0.937256885317
0.13296875		0.317290847978	0.937107203236
0.13328125		0.317088380354	0.93695741315
0.13359375		0.316885777851	0.936807512367
0.13390625		0.316683007164	0.936657495095
0.13421875		0.316480143789	0.936507360421
0.13453125		0.316277292415	0.936357112671
0.13484375		0.316074451661	0.936206756223
0.13515625		0.315871601461	0.936056288914
0.13546875		0.315668714755	0.935905704764
0.13578125		0.315465789892	0.935755002213
0.13609375		0.31526282625	0.935604185147
0.13640625		0.315059798418	0.935453258341
0.13671875		0.314856642207	0.935302220422
0.13703125		0.314653326844	0.935151065613
0.13734375		0.314449918986	0.934999791931
0.13765625		0.314246516558	0.934848402792
0.13796875		0.314043122527	0.93469690304
0.13828125		0.313839715699	0.934545291868
0.13859375		0.313636271234	0.93439356355
0.13890625		0.313432788317	0.934241715495
0.13921875		0.313229266257	0.934089750636
0.13953125		0.313025680875	0.933937673978
0.13984375		0.312821972948	0.933785485499
0.14015625		0.312618113843	0.93363317987
0.14046875		0.312414161664	0.933480754164
0.14078125		0.312210208954	0.933328210779
0.14109375		0.312006262939	0.933175554585
0.14140625		0.311802301156	0.933022786069
0.14171875		0.3115983006	0.932869900185
0.14203125		0.311394261616	0.932716893553
0.14234375		0.311190183251	0.932563768016
0.14265625		0.310986043152	0.932410528393
0.14296875		0.310781786767	0.932257175847
0.14328125		0.31057738676	0.932103705918
0.14359375		0.310372890697	0.931950115029
0.14390625		0.310168387986	0.931796404437
0.14421875		0.309963890374	0.931642578674
0.14453125		0.30975937442	0.931488639339
0.14484375		0.309554819227	0.931334582399
0.14515625		0.309350226184	0.931180403951
0.14546875		0.309145594248	0.931026104676
0.14578125		0.308940903112	0.930871688905
0.14609375		0.308736102157	0.93071715883
0.14640625		0.308531164554	0.930562511078
0.14671875		0.308326125989	0.930407741676
0.14703125		0.308121074315	0.930252850742
0.14734375		0.307916025668	0.930097842214
0.14765625		0.307710956556	0.929942718609
0.14796875		0.30750584875	0.929787477054
0.14828125		0.307300703908	0.929632113401
0.14859375		0.30709552102	0.929476627175
0.14890625		0.306890282442	0.929321022052
0.14921875		0.306684940683	0.929165300985
0.14953125		0.3064794683	0.929009461824
0.14984375		0.306273889654	0.928853500469
0.15015625		0.306068289178	0.928697415884
0.15046875		0.305862690458	0.92854121134
0.15078125		0.305657070811	0.928384889993
0.15109375		0.305451412867	0.928228450238
0.15140625		0.305245718665	0.928071887919
0.15171875		0.305039987331	0.927915201387
0.15203125		0.304834204402	0.927758393596
0.15234375		0.304628325736	0.927601468065
0.15265625		0.304422322238	0.927444423899
0.15296875		0.304216207734	0.92728725711
0.15328125		0.304010060309	0.927129965514
0.15359375		0.303803912621	0.926972551597
0.15390625		0.303597744002	0.926815019003
0.15421875		0.303391538246	0.926657367419
0.15453125		0.303185297037	0.92649959292
0.15484375		0.302979019811	0.926341692741
0.15515625		0.302772695262	0.926183668928
0.15546875		0.302566284577	0.926025525362
0.15578125		0.302359756799	0.925867262539
0.15609375		0.302153110751	0.925708876782
0.15640625		0.301946416836	0.925550364837
0.15671875		0.301739719859	0.925391728184
0.15703125		0.301533004684	0.925232970743
0.15734375		0.301326255242	0.925074093688
0.15765625		0.301119468641	0.924915093507
0.15796875		0.300912648936	0.924755966378
0.15828125		0.300705786063	0.924596713168
0.15859375		0.300498848283	0.924437337963
0.15890625		0.30029180085	0.92427784281
0.15921875		0.300084630762	0.924118224583
0.15953125		0.29987739278	0.923958479048
0.15984375		0.299670145823	0.923798606314
0.16015625		0.299462886552	0.923638610436
0.16046875		0.299255596494	0.923478494175
0.16078125		0.299048268961	0.923318254788
0.16109375		0.298840910681	0.92315788758
0.16140625		0.29863351316	0.922997391784
0.16171875		0.298426051184	0.922836771429
0.16203125		0.298218489143	0.922676030115
0.16234375		0.298010803414	0.922515165827
0.16265625		0.297803026535	0.922354173636
0.16296875		0.29759523048	0.922193051829
0.16328125		0.297387428234	0.922031804126
0.16359375		0.297179599542	0.921870434766
0.16390625		0.296971736158	0.921708942491
0.16421875		0.296763844478	0.921547322102
0.16453125		0.296555916497	0.921385570859
0.16484375		0.296347934426	0.921223692122
0.16515625		0.296139860266	0.921061690849
0.16546875		0.295931667972	0.920899566817
0.16578125		0.295723362834	0.920737314826
0.16609375		0.295515020248	0.920574931164
0.16640625		0.295306674518	0.920412418559
0.16671875		0.295098309519	0.920249782483
0.16703125		0.294889914851	0.920087023701
0.16734375		0.294681492807	0.919924136988
0.16765625		0.294473039553	0.91976111763
0.16796875		0.294264540046	0.919597967659
0.16828125		0.294055960211	0.919434693046
0.16859375		0.293847268768	0.919271295692
0.16890625		0.293638451069	0.919107770722
0.16921875		0.293429568235	0.918944112618
0.16953125		0.293220679381	0.918780322533
0.16984375		0.293011779629	0.918616406632
0.17015625		0.292802856018	0.918452367836
0.17046875		0.292593906565	0.918288201658
0.17078125		0.292384933774	0.918123901756
0.17109375		0.292175921065	0.91795946831
0.17140625		0.291966843061	0.917794907554
0.17171875		0.291757659747	0.917630223511
0.17203125		0.291548347261	0.917465412484
0.17234375		0.291338933374	0.917300467701
0.17265625		0.291129501299	0.917135388265
0.17296875		0.290920069706	0.916970180058
0.17328125		0.29071062026	0.916804848094
0.17359375		0.290501149347	0.916639389609
0.17390625		0.290291661639	0.916473797317
0.17421875		0.29008214094	0.916308068863
0.17453125		0.289872566431	0.916142209601
0.17484375		0.289662898745	0.91597622584
0.17515625		0.289453106857	0.915810116268
0.17546875		0.289243188014	0.91564387334
0.17578125		0.289033217496	0.915477493166
0.17609375		0.288823254546	0.915310980342
0.17640625		0.288613281229	0.915144342256
0.17671875		0.288403291968	0.914977579146
0.17703125		0.288193289429	0.914810683201
0.17734375		0.287983268911	0.914643648742
0.17765625		0.287773202223	0.914476479444
0.17796875		0.287563058688	0.914309183627
0.17828125		0.28735279464	0.914141763253
0.17859375		0.287142394941	0.913974210834
0.17890625		0.286931913094	0.913806519363
0.17921875		0.286721418586	0.913638691401
0.17953125		0.286510931237	0.913470735613
0.17984375		0.286300427925	0.913302655582
0.18015625		0.28608991016	0.913134444445
0.18046875		0.285879386865	0.912966093832
0.18078125		0.285668832051	0.912797604931
0.18109375		0.28545821937	0.912628986376
0.18140625		0.28524749925	0.91246024334
0.18171875		0.285036636162	0.912291370108
0.18203125		0.284825669363	0.912122357614
0.18234375		0.284614665134	0.911953205699
0.18265625		0.284403661935	0.911783922591
0.18296875		0.284192660865	0.911614514674
0.18328125		0.283981645692	0.911444977529
0.18359375		0.283770608668	0.911275301479
0.18390625		0.283559561047	0.911105484697
0.18421875		0.283348475775	0.91093553473
0.18453125		0.283137312765	0.910765458957
0.18484375		0.282926018254	0.910595254954
0.18515625		0.282714600185	0.910424913033
0.18546875		0.282503113921	0.910254429493
0.18578125		0.282291598854	0.910083811162
0.18609375		0.282080098087	0.909913066203
0.18640625		0.281868599343	0.909742193994
0.18671875		0.281657081808	0.909571185054
0.18703125		0.281445537037	0.909400033569
0.18734375		0.28123396902	0.909228745392
0.18765625		0.281022357237	0.909057329643
0.18796875		0.280810653157	0.908885786936
0.18828125		0.280598821691	0.908714108697
0.18859375		0.280386900623	0.908542287653
0.18890625		0.280174910177	0.908370328933
0.18921875		0.279962895937	0.908198242187
0.18953125		0.27975091155	0.908026028387
0.18984375		0.279538935945	0.907853678983
0.19015625		0.279326935816	0.907681187711
0.19046875		0.279114898922	0.907508558767
0.19078125		0.278902822418	0.907335801204
0.19109375		0.278690690914	0.907162914649
0.19140625		0.278478469895	0.906989890898
0.19171875		0.278266159041	0.906816727738
0.19203125		0.278053758497	0.906643429261
0.19234375		0.277841276996	0.906470000852
0.19265625		0.277628795339	0.90629644152
0.19296875		0.277416352905	0.906122746505
0.19328125		0.277203918754	0.905948915395
0.19359375		0.27699146642	0.905774950025
0.19390625		0.276778964744	0.905600851532
0.19421875		0.276566398135	0.905426620363
0.19453125		0.276353767229	0.905252255175
0.19484375		0.276141078782	0.905077757462
0.19515625		0.275928327408	0.904903126308
0.19546875		0.275715493829	0.904728359339
0.19578125		0.275502574557	0.904553458489
0.19609375		0.275289664428	0.904378428733
0.19640625		0.27507679515	0.904203274374
0.19671875		0.27486393044	0.90402799195
0.19703125		0.27465104298	0.903852569055
0.19734375		0.274438112704	0.903676993808
0.19765625		0.274225087759	0.90350124294
0.19796875		0.274011853539	0.903325255841
0.19828125		0.273798298303	0.903148952733
0.19859375		0.273584245324	0.902972155716
0.19890625		0.273369094618	0.902794354912
0.19921875		0.273151333208	0.902614298761
0.19953125		0.272926473345	0.902428290271
0.19984375		0.272676790924	0.902221824703
0.20015625		0.272291594344	0.901979146561
0.20046875		0.271728094679	0.901511362281
0.20078125		0.271095798386	0.900986284876
0.20109375		0.270445181465	0.90044501871
0.20140625		0.269793207798	0.899901600304
0.20171875		0.269145954328	0.899361115505
0.20203125		0.268499590206	0.898820391876
0.20234375		0.26785263568	0.898278210022
0.20265625		0.267204811755	0.897734327051
0.20296875		0.266556076557	0.897188701692
0.20328125		0.265906437119	0.896641304597
0.20359375		0.265255912587	0.896092081899
0.20390625		0.264604443999	0.895541003736
0.20421875		0.263951982712	0.894988059186
0.20453125		0.263298509465	0.894433240474
0.20484375		0.262644003283	0.893876538133
0.20515625		0.261988448394	0.893317941491
0.20546875		0.261331827923	0.892757439487
0.20578125		0.260674138584	0.892195020978
0.20609375		0.260015493465	0.891630674365
0.20640625		0.259355948067	0.891064386708
0.20671875		0.258695448101	0.890496144681
0.20703125		0.258033935142	0.889925935816
0.20734375		0.257371397996	0.889353748175
0.20765625		0.256707821512	0.888779569054
0.20796875		0.256043192684	0.888203384967
0.20828125		0.2553775022	0.887625182303
0.20859375		0.254710734298	0.887044947216
0.20890625		0.254042865455	0.886462665793
0.20921875		0.253373993232	0.885878323867
0.20953125		0.252704178343	0.885291906625
0.20984375		0.252033332628	0.884703398918
0.21015625		0.251361420244	0.884112785763
0.21046875		0.250688456832	0.883520051966
0.21078125		0.250014441866	0.882925182164
0.21109375		0.249339349515	0.882328160793
0.21140625		0.248663155214	0.881728972199
0.21171875		0.24798584347	0.881127600614
0.21203125		0.247307413955	0.880524030059
0.21234375		0.24662787719	0.87991824419
0.21265625		0.245947264551	0.879310226213
0.21296875		0.24526560488	0.878699959052
0.21328125		0.244582887176	0.87808742542
0.21359375		0.243899079415	0.877472607892
0.21390625		0.243214164225	0.876855488868
0.21421875		0.242528117458	0.876236050563
0.21453125		0.24184091699	0.875614274981
0.21484375		0.241152547144	0.874990143955
0.21515625		0.240463000184	0.874363639072
0.21546875		0.239772276726	0.873734741682
0.21578125		0.239080396892	0.873103432801
0.21609375		0.238387420404	0.872469692986
0.21640625		0.23769335264	0.871833502349
0.21671875		0.236998147762	0.871194840874
0.21703125		0.236301772992	0.870553688439
0.21734375		0.235604195217	0.869910024751
0.21765625		0.234905395282	0.869263829316
0.21796875		0.234205370342	0.868615081414
0.21828125		0.233504116775	0.867963760016
0.21859375		0.232801633236	0.8673098438
0.21890625		0.232097914393	0.866653311122
0.21921875		0.231393008428	0.865994139964
0.21953125		0.230686954029	0.865332307729
0.21984375		0.229979714663	0.864667791397
0.22015625		0.229271240036	0.864000567839
0.22046875		0.228561492105	0.863330613793
0.22078125		0.227850440367	0.862657905825
0.22109375		0.22713808998	0.861982420255
0.22140625		0.226424453687	0.861304132986
0.22171875		0.225709533827	0.860623019504
0.22203125		0.224993320561	0.859939054917
0.22234375		0.22427581388	0.859252213985
0.22265625		0.22355705649	0.858562471018
0.22296875		0.222837048795	0.857869799752
0.22328125		0.222115742241	0.857174173634
0.22359375		0.221393099289	0.856475565907
0.22390625		0.220669077954	0.855773949585
0.22421875		0.219943668595	0.855069297426
0.22453125		0.219216890346	0.854361581748
0.22484375		0.21848875904	0.853650774323
0.22515625		0.217759269674	0.852936846429
0.22546875		0.217028408828	0.852219768899
0.22578125		0.216296174187	0.851499512162
0.22609375		0.215562582644	0.850776046148
0.22640625		0.214827618776	0.850049340265
0.22671875		0.214091252336	0.849319363495
0.22703125		0.213353443475	0.848586084388
0.22734375		0.212614157424	0.847849471386
0.22765625		0.211873398805	0.847109492556
0.22796875		0.211131188654	0.84636611528
0.22828125		0.210387533954	0.84561930627
0.22859375		0.209642422601	0.844869031682
0.22890625		0.208895843374	0.84411525717
0.22921875		0.208147793337	0.843357947845
0.22953125		0.207398262651	0.842597068238
0.22984375		0.206647231379	0.841832582353
0.23015625		0.205894678189	0.841064453685
0.23046875		0.205140573303	0.840292645224
0.23078125		0.204384895356	0.83951711946
0.23109375		0.203627646955	0.838737838291
0.23140625		0.202868836904	0.837954762911
0.23171875		0.202108466212	0.837167853793
0.23203125		0.201346525605	0.836377070734
0.23234375		0.200583007046	0.835582372858
0.23265625		0.199817896025	0.834783718604
0.23296875		0.199051168081	0.833981065756
0.23328125		0.198282801936	0.833174371466
0.23359375		0.197512777324	0.832363592218
0.23390625		0.196741079194	0.831548683802
0.23421875		0.195967699992	0.830729601256
0.23453125		0.19519263497	0.829906298809
0.23484375		0.194415878727	0.829078729861
0.23515625		0.193637423483	0.828246846969
0.23546875		0.192857261911	0.827410601844
0.23578125		0.192075385182	0.826569945324
0.23609375		0.191291772224	0.825724827378
0.23640625		0.190506395303	0.824875197146
0.23671875		0.189719227091	0.824021002943
0.23703125		0.188930251719	0.823162192219
0.23734375		0.188139465026	0.822298711465
0.23765625		0.187346861353	0.821430506143
0.23796875		0.186552429212	0.82055752068
0.23828125		0.185756152709	0.81967969847
0.23859375		0.18495801854	0.818796981857
0.23890625		0.184158016896	0.817909312096
0.23921875		0.183356132853	0.817016629313
0.23953125		0.182552343547	0.816118872521
0.23984375		0.181746622567	0.815215979619
0.24015625		0.180938943659	0.81430788738
0.24046875		0.180129292688	0.81339453139
0.24078125		0.179317662122	0.812475845958
0.24109375		0.178504042552	0.811551764059
0.24140625		0.177688417676	0.810622217318
0.24171875		0.176870769754	0.809687136006
0.24203125		0.176051082004	0.808746448998
0.24234375		0.175229335026	0.807800083741
0.24265625		0.174405507044	0.80684796623
0.24296875		0.17357957591	0.805890020977
0.24328125		0.172751517367	0.804926170965
0.24359375		0.171921308449	0.803956337616
0.24390625		0.171088930424	0.802980440721
0.24421875		0.170254368338	0.801998398368
0.24453125		0.169417607148	0.801010126879
0.24484375		0.168578628231	0.800015540777
0.24515625		0.167737412114	0.799014552754
0.24546875		0.166893935836	0.798007073618
0.24578125		0.166048172651	0.796993012241
0.24609375		0.165200096356	0.795972275524
0.24640625		0.164349682176	0.794944768322
0.24671875		0.163496905989	0.793910393385
0.24703125		0.16264174381	0.792869051277
0.24734375		0.161784172838	0.791820640312
0.24765625		0.160924171582	0.790765056467
0.24796875		0.160061717028	0.789702193313
0.24828125		0.159196786016	0.78863194194
0.24859375		0.158329354491	0.787554190876
0.24890625		0.157459394105	0.786468826017
0.24921875		0.15658687361	0.785375730563
0.24953125		0.155711761874	0.784274784937
0.24984375		0.154834028168	0.783165866693
0.25015625		0.15395364385	0.782048850405
0.25046875		0.153070582308	0.780923607558
0.25078125		0.152184816256	0.779790006427
0.25109375		0.151296316307	0.778647911973
0.25140625		0.150405051948	0.777497185742
0.25171875		0.149510992576	0.776337685744
0.25203125		0.148614105945	0.775169266331
0.25234375		0.147714357562	0.773991778077
0.25265625		0.1468117114	0.772805067654
0.25296875		0.145906130557	0.771608977692
0.25328125		0.144997577132	0.770403346638
0.25359375		0.144086014316	0.7691880086
0.25390625		0.143171408135	0.767962793164
0.25421875		0.142253723826	0.766727525215
0.25453125		0.141332924506	0.765482024764
0.25484375		0.140408971309	0.764226106769
0.25515625		0.139481822661	0.762959580949
0.25546875		0.138551435451	0.761682251596
0.25578125		0.137617766261	0.760393917366
0.25609375		0.136680771062	0.759094371059
0.25640625		0.135740404861	0.757783399369
0.25671875		0.134796621363	0.756460782625
0.25703125		0.133849373101	0.755126294549
0.25734375		0.132898612658	0.753779701984
0.25765625		0.131944293001	0.752420764596
0.25796875		0.130986366573	0.75104923456
0.25828125		0.130024783264	0.749664856244
0.25859375		0.129059488812	0.748267365883
0.25890625		0.128090426358	0.746856491243
0.25921875		0.127117538331	0.745431951253
0.25953125		0.126140767265	0.743993455604
0.25984375		0.125160054892	0.742540704328
0.26015625		0.124175340952	0.741073387349
0.26046875		0.123186563333	0.739591184022
0.26078125		0.122193658368	0.738093762629
0.26109375		0.121196560786	0.736580779858
0.26140625		0.120195203749	0.735051880247
0.26171875		0.119189518954	0.733506695599
0.26203125		0.11817943534	0.731944844348
0.26234375		0.117164877811	0.73036593091
0.26265625		0.116145768035	0.728769544978
0.26296875		0.115122026286	0.727155260781
0.26328125		0.114093571648	0.725522636269
0.26359375		0.113060321467	0.723871212252
0.26390625		0.1120221908	0.722200511486
0.26421875		0.110979091548	0.7205100377
0.26453125		0.109930931905	0.718799274552
0.26484375		0.108877616498	0.717067684526
0.26515625		0.107819046975	0.715314707738
0.26546875		0.106755122074	0.713539760651
0.26578125		0.105685736774	0.711742234704
0.26609375		0.104610781495	0.709921494834
0.26640625		0.103530142303	0.708076877904
0.26671875		0.102443701496	0.706207690995
0.26703125		0.101351337703	0.704313209562
0.26734375		0.100252925753	0.702392675437
0.26765625		0.0991483359922	0.700445294687
0.26796875		0.0980374332011	0.698470235276
0.26828125		0.0969200758731	0.696466624566
0.26859375		0.0957961162666	0.694433546584
0.26890625		0.0946654005965	0.692370039071
0.26921875		0.0935277689427	0.690275090248
0.26953125		0.0923830548662	0.688147635309
0.26984375		0.0912310847456	0.685986552576
0.27015625		0.0900716770411	0.683790659312
0.27046875		0.0889046417506	0.681558707134
0.27078125		0.0877297801276	0.679289376982
0.27109375		0.0865468845868	0.676981273594
0.27140625		0.0853557381085	0.674632919417
0.27171875		0.0841561127775	0.672242747901
0.27203125		0.0829477684987	0.66980909608
0.27234375		0.0817304523239	0.667330196374
0.27265625		0.0805038979248	0.664804167474
0.27296875		0.0792678249643	0.662229004209
0.27328125		0.0780219382072	0.659602566243
0.27359375		0.0767659260912	0.656922565434
0.27390625		0.0754994589723	0.654186551662
0.27421875		0.0742221874154	0.651391896918
0.27453125		0.0729337405803	0.648535777362
0.27484375		0.0716337245065	0.645615153035
0.27515625		0.0703217201311	0.642626744846
0.27546875		0.0689972809065	0.639567008364
0.27578125		0.0676599299332	0.636432103896
0.27609375		0.066309156717	0.633217862188
0.27640625		0.0649444136829	0.629919744941
0.27671875		0.063565112449	0.626532799153
0.27703125		0.06217061967	0.623051604078
0.27734375		0.0607602520723	0.619470209339
0.27765625		0.0593332703571	0.615782062359
0.27796875		0.0578888719593	0.611979922797
0.27828125		0.0564261827999	0.608055761048
0.27859375		0.0549442480297	0.604000637075
0.27890625		0.0534420212898	0.599804554733
0.27921875		0.0519183517033	0.595456285345
0.27953125		0.0503719680213	0.590943152296
0.27984375		0.0488014595075	0.586250765901
0.28015625		0.0472052529566	0.581362694346
0.28046875		0.0455815847112	0.57626005083
0.28078125		0.0439284658099	0.570920968274
0.28109375		0.0422436380464	0.565319922981
0.28140625		0.0405245185261	0.559426853987
0.28171875		0.0387681288856	0.553205998751
0.28203125		0.0369710025467	0.54661432304
0.28234375		0.0351290605544	0.539599357784
0.28265625		0.0332374418837	0.532096147825
0.28296875		0.0312902660826	0.524022835146
0.28328125		0.0292802954496	0.515274078517
0.28359375		0.0271984328627	0.505710840561
0.28390625		0.0250329354918	0.495143794878
0.28421875		0.0227681736616	0.483305089169
0.28453125		0.0203825484102	0.469796751782
0.28484375		0.0178444913786	0.453985956399
0.28515625		0.0151032516682	0.434757332533
0.28546875		0.0120662276452	0.409826805278
0.28578125		0.00854327411412	0.373354575261
0.28609375		0.00437512418184	0.311481291887
0.28640625		0.000569633546231	0.166826189089
0.28671875		5.94166933442e-08	0.0158216053137
0.28703125		4.11449979936e-09	0.0100003243296
0.28734375		4.11315255668e-09	0.010000000008
0.28765625		4.11315252376e-09	0.01
0.28796875		4.11315252376e-09	0.01
0.28828125		4.11315252376e-09	0.01
0.28859375		4.11315252376e-09	0.01
0.28890625		4.11315252376e-09	0.01
0.28921875		4.11315252376e-09	0.01
0.28953125		4.11315252376e-09	0.01
0.28984375		4.11315252376e-09	0.01
0.29015625		4.11315252376e-09	0.01
0.29046875		4.11315252376e-09	0.01
0.29078125		4.11315252376e-09	0.01
0.29109375		4.11315252376e-09	0.01
0.29140625		4.11315252376e-09	0.01
0.29171875		4.11315252376e-09	0.01
0.29203125		4.11315252376e-09	0.01
0.29234375		4.11315252376e-09	0.01
0.29265625		4.11315252376e-09	0.01
0.29296875		4.11315252376e-09	0.01
0.29328125		4.11315252376e-09	0.01
0.29359375		4.11315252376e-09	0.01
0.29390625		4.11315252376e-09	0.01
0.29421875		4.11315252376e-09	0.01
0.29453125		4.11315252376e-09	0.01
0.29484375		4.11315252376e-09	0.01
0.29515625		4.11315252376e-09	0.01
0.29546875		4.11315252376e-09	0.01
0.29578125		4.11315252376e-09	0.01
0.29609375		4.11315252376e-09	0.01
0.29640625		4.11315252376e-09	0.01
0.29671875		4.11315252376e-09	0.01
0.29703125		4.11315252376e-09	0.01
0.29734375		4.11315252376e-09	0.01
0.29765625		4.11315252376e-09	0.01
0.29796875		4.11315252376e-09	0.01
0.29828125		4.11315252376e-09	0.01
0.29859375		4.11315252376e-09	0.01
0.29890625		4.11315252376e-09	0.01
0.29921875		4.11315252376e-09	0.01
0.29953125		4.11315252376e-09	0.01
0.29984375		4.11315252376e-09	0.01
0.30015625		4.11315252376e-09	0.01
0.30046875		4.11315252376e-09	0.01
0.30078125		4.11315252376e-09	0.01
0.30109375		4.11315252376e-09	0.01
0.30140625		4.11315252376e-09	0.01
0.30171875		4.11315252376e-09	0.01
0.30203125		4.11315252376e-09	0.01
0.30234375		4.11315252376e-09	0.01
0.30265625		4.11315252376e-09	0.01
0.30296875		4.11315252376e-09	0.01
0.30328125		4.11315252376e-09	0.01
0.30359375		4.11315252376e-09	0.01
0.30390625		4.11315252376e-09	0.01
0.30421875		4.11315252376e-09	0.01
0.30453125		4.11315252376e-09	0.01
0.30484375		4.11315252376e-09	0.01
0.30515625		4.11315252376e-09	0.01
0.30546875		4.11315252376e-09	0.01
0.30578125		4.11315252376e-09	0.01
0.30609375		4.11315252376e-09	0.01
0.30640625		4.11315252376e-09	0.01
0.30671875		4.11315252376e-09	0.01
0.30703125		4.11315252376e-09	0.01
0.30734375		4.11315252376e-09	0.01
0.30765625		4.11315252376e-09	0.01
0.30796875		4.11315252376e-09	0.01
0.30828125		4.11315252376e-09	0.01
0.30859375		4.11315252376e-09	0.01
0.30890625		4.11315252376e-09	0.01
0.30921875		4.11315252376e-09	0.01
0.30953125		4.11315252376e-09	0.01
0.30984375		4.11315252376e-09	0.01
0.31015625		4.11315252376e-09	0.01
0.31046875		4.11315252376e-09	0.01
0.31078125		4.11315252376e-09	0.01
0.31109375		4.11315252376e-09	0.01
0.31140625		4.11315252376e-09	0.01
0.31171875		4.11315252376e-09	0.01
0.31203125		4.11315252376e-09	0.01
0.31234375		4.11315252376e-09	0.01
0.31265625		4.11315252376e-09	0.01
0.31296875		4.11315252376e-09	0.01
0.31328125		4.11315252376e-09	0.01
0.31359375		4.11315252376e-09	0.01
0.31390625		4.11315252376e-09	0.01
0.31421875		4.11315252376e-09	0.01
0.31453125		4.11315252376e-09	0.01
0.31484375		4.11315252376e-09	0.01
0.31515625		4.11315252376e-09	0.01
0.31546875		4.11315252376e-09	0.01
0.31578125		4.11315252376e-09	0.01
0.31609375		4.11315252376e-09	0.01
0.31640625		4.11315252376e-09	0.01
0.31671875		4.11315252376e-09	0.01
0.31703125		4.11315252376e-09	0.01
0.31734375		4.11315252376e-09	0.01
0.31765625		4.11315252376e-09	0.01
0.31796875		4.11315252376e-09	0.01
0.31828125		4.11315252376e-09	0.01
0.31859375		4.11315252376e-09	0.01
0.31890625		4.11315252376e-09	0.01
0.31921875		4.11315252376e-09	0.01
0.31953125		4.11315252376e-09	0.01
0.31984375		4.11315252376e-09	0.01
0.32015625		4.11315252376e-09	0.01
0.32046875		4.11315252376e-09	0.01
0.32078125		4.11315252376e-09	0.01
0.32109375		4.11315252376e-09	0.01
0.32140625		4.11315252376e-09	0.01
0.32171875		4.11315252376e-09	0.01
0.32203125		4.11315252376e-09	0.01
0.32234375		4.11315252376e-09	0.01
0.32265625		4.11315252376e-09	0.01
0.32296875		4.11315252376e-09	0.01
0.32328125		4.11315252376e-09	0.01
0.32359375		4.11315252376e-09	0.01
0.32390625		4.11315252376e-09	0.01
0.32421875		4.11315252376e-09	0.01
0.32453125		4.11315252376e-09	0.01
0.32484375		4.11315252376e-09	0.01
0.32515625		4.11315252376e-09	0.01
0.32546875		4.11315252376e-09	0.01
0.32578125		4.11315252376e-09	0.01
0.32609375		4.11315252376e-09	0.01
0.32640625		4.11315252376e-09	0.01
0.32671875		4.11315252376e-09	0.01
0.32703125		4.11315252376e-09	0.01
0.32734375		4.11315252376e-09	0.01
0.32765625		4.11315252376e-09	0.01
0.32796875		4.11315252376e-09	0.01
0.32828125		4.11315252376e-09	0.01
0.32859375		4.11315252376e-09	0.01
0.32890625		4.11315252376e-09	0.01
0.32921875		4.11315252376e-09	0.01
0.32953125		4.11315252376e-09	0.01
0.32984375		4.11315252376e-09	0.01
0.33015625		4.11315252376e-09	0.01
0.33046875		4.11315252376e-09	0.01
0.33078125		4.11315252376e-09	0.01
0.33109375		4.11315252376e-09	0.01
0.33140625		4.11315252376e-09	0.01
0.33171875		4.11315252376e-09	0.01
0.33203125		4.11315252376e-09	0.01
0.33234375		4.11315252376e-09	0.01
0.33265625		4.11315252376e-09	0.01
0.33296875		4.11315252376e-09	0.01
0.33328125		4.11315252376e-09	0.01
0.33359375		4.11315252376e-09	0.01
0.33390625		4.11315252376e-09	0.01
0.33421875		4.11315252376e-09	0.01
0.33453125		4.11315252376e-09	0.01
0.33484375		4.11315252376e-09	0.01
0.33515625		4.11315252376e-09	0.01
0.33546875		4.11315252376e-09	0.01
0.33578125		4.11315252376e-09	0.01
0.33609375		4.11315252376e-09	0.01
0.33640625		4.11315252376e-09	0.01
0.33671875		4.11315252376e-09	0.01
0.33703125		4.11315252376e-09	0.01
0.33734375		4.11315252376e-09	0.01
0.33765625		4.11315252376e-09	0.01
0.33796875		4.11315252376e-09	0.01
0.33828125		4.11315252376e-09	0.01
0.33859375		4.11315252376e-09	0.01
0.33890625		4.11315252376e-09	0.01
0.33921875		4.11315252376e-09	0.01
0.33953125		4.11315252376e-09	0.01
0.33984375		4.11315252376e-09	0.01
0.34015625		4.11315252376e-09	0.01
0.34046875		4.11315252376e-09	0.01
0.34078125		4.11315252376e-09	0.01
0.34109375		4.11315252376e-09	0.01
0.34140625		4.11315252376e-09	0.01
0.34171875		4.11315252376e-09	0.01
0.34203125		4.11315252376e-09	0.01
0.34234375		4.11315252376e-09	0.01
0.34265625		4.11315252376e-09	0.01
0.34296875		4.11315252376e-09	0.01
0.34328125		4.11315252376e-09	0.01
0.34359375		4.11315252376e-09	0.01
0.34390625		4.11315252376e-09	0.01
0.34421875		4.11315252376e-09	0.01
0.34453125		4.11315252376e-09	0.01
0.34484375		4.11315252376e-09	0.01
0.34515625		4.11315252376e-09	0.01
0.34546875		4.11315252376e-09	0.01
0.34578125		4.11315252376e-09	0.01
0.34609375		4.11315252376e-09	0.01
0.34640625		4.11315252376e-09	0.01
0.34671875		4.11315252376e-09	0.01
0.34703125		4.11315252376e-09	0.01
0.34734375		4.11315252376e-09	0.01
0.34765625		4.11315252376e-09	0.01
0.34796875		4.11315252376e-09	0.01
0.34828125		4.11315252376e-09	0.01
0.34859375		4.11315252376e-09	0.01
0.34890625		4.11315252376e-09	0.01
0.34921875		4.11315252376e-09	0.01
0.34953125		4.11315252376e-09	0.01
0.34984375		4.11315252376e-09	0.01
0.35015625		4.11315252376e-09	0.01
0.35046875		4.11315252376e-09	0.01
0.35078125		4.11315252376e-09	0.01
0.35109375		4.11315252376e-09	0.01
0.35140625		4.11315252376e-09	0.01
0.35171875		4.11315252376e-09	0.01
0.35203125		4.11315252376e-09	0.01
0.35234375		4.11315252376e-09	0.01
0.35265625		4.11315252376e-09	0.01
0.35296875		4.11315252376e-09	0.01
0.35328125		4.11315252376e-09	0.01
0.35359375		4.11315252376e-09	0.01
0.35390625		4.11315252376e-09	0.01
0.35421875		4.11315252376e-09	0.01
0.35453125		4.11315252376e-09	0.01
0.35484375		4.11315252376e-09	0.01
0.35515625		4.11315252376e-09	0.01
0.35546875		4.11315252376e-09	0.01
0.35578125		4.11315252376e-09	0.01
0.35609375		4.11315252376e-09	0.01
0.35640625		4.11315252376e-09	0.01
0.35671875		4.11315252376e-09	0.01
0.35703125		4.11315252376e-09	0.01
0.35734375		4.11315252376e-09	0.01
0.35765625		4.11315252376e-09	0.01
0.35796875		4.11315252376e-09	0.01
0.35828125		4.11315252376e-09	0.01
0.35859375		4.11315252376e-09	0.01
0.35890625		4.11315252376e-09	0.01
0.35921875		4.11315252376e-09	0.01
0.35953125		4.11315252376e-09	0.01
0.35984375		4.11315252376e-09	0.01
0.36015625		4.11315252376e-09	0.01
0.36046875		4.11315252376e-09	0.01
0.36078125		4.11315252376e-09	0.01
0.36109375		4.11315252376e-09	0.01
0.36140625		4.11315252376e-09	0.01
0.36171875		4.11315252376e-09	0.01
0.36203125		4.11315252376e-09	0.01
0.36234375		4.11315252376e-09	0.01
0.36265625		4.11315252376e-09	0.01
0.36296875		4.11315252376e-09	0.01
0.36328125		4.11315252376e-09	0.01
0.36359375		4.11315252376e-09	0.01
0.36390625		4.11315252376e-09	0.01
0.36421875		4.11315252376e-09	0.01
0.36453125		4.11315252376e-09	0.01
0.36484375		4.11315252376e-09	0.01
0.36515625		4.11315252376e-09	0.01
0.36546875		4.11315252376e-09	0.01
0.36578125		4.11315252376e-09	0.01
0.36609375		4.11315252376e-09	0.01
0.36640625		4.11315252376e-09	0.01
0.36671875		4.11315252376e-09	0.01
0.36703125		4.11315252376e-09	0.01
0.36734375		4.11315252376e-09	0.01
0.36765625		4.11315252376e-09	0.01
0.36796875		4.11315252376e-09	0.01
0.36828125		4.11315252376e-09	0.01
0.36859375		4.11315252376e-09	0.01
0.36890625		4.11315252376e-09	0.01
0.36921875		4.11315252376e-09	0.01
0.36953125		4.11315252376e-09	0.01
0.36984375		4.11315252376e-09	0.01
0.37015625		4.11315252376e-09	0.01
0.37046875		4.11315252376e-09	0.01
0.37078125		4.11315252376e-09	0.01
0.37109375		4.11315252376e-09	0.01
0.37140625		4.11315252376e-09	0.01
0.37171875		4.11315252376e-09	0.01
0.37203125		4.11315252376e-09	0.01
0.37234375		4.11315252376e-09	0.01
0.37265625		4.11315252376e-09	0.01
0.37296875		4.11315252376e-09	0.01
0.37328125		4.11315252376e-09	0.01
0.37359375		4.11315252376e-09	0.01
0.37390625		4.11315252376e-09	0.01
0.37421875		4.11315252376e-09	0.01
0.37453125		4.11315252376e-09	0.01
0.37484375		4.11315252376e-09	0.01
0.37515625		4.11315252376e-09	0.01
0.37546875		4.11315252376e-09	0.01
0.37578125		4.11315252376e-09	0.01
0.37609375		4.11315252376e-09	0.01
0.37640625		4.11315252376e-09	0.01
0.37671875		4.11315252376e-09	0.01
0.37703125		4.11315252376e-09	0.01
0.37734375		4.11315252376e-09	0.01
0.37765625		4.11315252376e-09	0.01
0.37796875		4.11315252376e-09	0.01
0.37828125		4.11315252376e-09	0.01
0.37859375		4.11315252376e-09	0.01
0.37890625		4.11315252376e-09	0.01
0.37921875		4.11315252376e-09	0.01
0.37953125		4.11315252376e-09	0.01
0.37984375		4.11315252376e-09	0.01
0.38015625		4.11315252376e-09	0.01
0.38046875		4.11315252376e-09	0.01
0.38078125		4.11315252376e-09	0.01
0.38109375		4.11315252376e-09	0.01
0.38140625		4.11315252376e-09	0.01
0.38171875		4.11315252376e-09	0.01
0.38203125		4.11315252376e-09	0.01
0.38234375		4.11315252376e-09	0.01
0.38265625		4.11315252376e-09	0.01
0.38296875		4.11315252376e-09	0.01
0.38328125		4.11315252376e-09	0.01
0.38359375		4.11315252376e-09	0.01
0.38390625		4.11315252376e-09	0.01
0.38421875		4.11315252376e-09	0.01
0.38453125		4.11315252376e-09	0.01
0.38484375		4.11315252376e-09	0.01
0.38515625		4.11315252376e-09	0.01
0.38546875		4.11315252376e-09	0.01
0.38578125		4.11315252376e-09	0.01
0.38609375		4.11315252376e-09	0.01
0.38640625		4.11315252376e-09	0.01
0.38671875		4.11315252376e-09	0.01
0.38703125		4.11315252376e-09	0.01
0.38734375		4.11315252376e-09	0.01
0.38765625		4.11315252376e-09	0.01
0.38796875		4.11315252376e-09	0.01
0.38828125		4.11315252376e-09	0.01
0.38859375		4.11315252376e-09	0.01
0.38890625		4.11315252376e-09	0.01
0.38921875		4.11315252376e-09	0.01
0.38953125		4.11315252376e-09	0.01
0.38984375		4.11315252376e-09	0.01
0.39015625		4.11315252376e-09	0.01
0.39046875		4.11315252376e-09	0.01
0.39078125		4.11315252376e-09	0.01
0.39109375		4.11315252376e-09	0.01
0.39140625		4.11315252376e-09	0.01
0.39171875		4.11315252376e-09	0.01
0.39203125		4.11315252376e-09	0.01
0.39234375		4.11315252376e-09	0.01
0.39265625		4.11315252376e-09	0.01
0.39296875		4.11315252376e-09	0.01
0.39328125		4.11315252376e-09	0.01
0.39359375		4.11315252376e-09	0.01
0.39390625		4.11315252376e-09	0.01
0.39421875		4.11315252376e-09	0.01
0.39453125		4.11315252376e-09	0.01
0.39484375		4.11315252376e-09	0.01
0.39515625		4.11315252376e-09	0.01
0.39546875		4.11315252376e-09	0.01
0.39578125		4.11315252376e-09	0.01
0.39609375		4.11315252376e-09	0.01
0.39640625		4.11315252376e-09	0.01
0.39671875		4.11315252376e-09	0.01
0.39703125		4.11315252376e-09	0.01
0.39734375		4.11315252376e-09	0.01
0.39765625		4.11315252376e-09	0.01
0.39796875		4.11315252376e-09	0.01
0.39828125		4.11315252376e-09	0.01
0.39859375		4.11315252376e-09	0.01
0.39890625		4.11315252376e-09	0.01
0.39921875		4.11315252376e-09	0.01
0.39953125		4.11315252376e-09	0.01
0.39984375		4.11315252376e-09	0.01
0.40015625		4.11315252376e-09	0.01
0.40046875		4.11315252376e-09	0.01
0.40078125		4.11315252376e-09	0.01
0.40109375		4.11315252376e-09	0.01
0.40140625		4.11315252376e-09	0.01
0.40171875		4.11315252376e-09	0.01
0.40203125		4.11315252376e-09	0.01
0.40234375		4.11315252376e-09	0.01
0.40265625		4.11315252376e-09	0.01
0.40296875		4.11315252376e-09	0.01
0.40328125		4.11315252376e-09	0.01
0.40359375		4.11315252376e-09	0.01
0.40390625		4.11315252376e-09	0.01
0.40421875		4.11315252376e-09	0.01
0.40453125		4.11315252376e-09	0.01
0.40484375		4.11315252376e-09	0.01
0.40515625		4.11315252376e-09	0.01
0.40546875		4.11315252376e-09	0.01
0.40578125		4.11315252376e-09	0.01
0.40609375		4.11315252376e-09	0.01
0.40640625		4.11315252376e-09	0.01
0.40671875		4.11315252376e-09	0.01
0.40703125		4.11315252376e-09	0.01
0.40734375		4.11315252376e-09	0.01
0.40765625		4.11315252376e-09	0.01
0.40796875		4.11315252376e-09	0.01
0.40828125		4.11315252376e-09	0.01
0.40859375		4.11315252376e-09	0.01
0.40890625		4.11315252376e-09	0.01
0.40921875		4.11315252376e-09	0.01
0.40953125		4.11315252376e-09	0.01
0.40984375		4.11315252376e-09	0.01
0.41015625		4.11315252376e-09	0.01
0.41046875		4.11315252376e-09	0.01
0.41078125		4.11315252376e-09	0.01
0.41109375		4.11315252376e-09	0.01
0.41140625		4.11315252376e-09	0.01
0.41171875		4.11315252376e-09	0.01
0.41203125		4.11315252376e-09	0.01
0.41234375		4.11315252376e-09	0.01
0.41265625		4.11315252376e-09	0.01
0.41296875		4.11315252376e-09	0.01
0.41328125		4.11315252376e-09	0.01
0.41359375		4.11315252376e-09	0.01
0.41390625		4.11315252376e-09	0.01
0.41421875		4.11315252376e-09	0.01
0.41453125		4.11315252376e-09	0.01
0.41484375		4.11315252376e-09	0.01
0.41515625		4.11315252376e-09	0.01
0.41546875		4.11315252376e-09	0.01
0.41578125		4.11315252376e-09	0.01
0.41609375		4.11315252376e-09	0.01
0.41640625		4.11315252376e-09	0.01
0.41671875		4.11315252376e-09	0.01
0.41703125		4.11315252376e-09	0.01
0.41734375		4.11315252376e-09	0.01
0.41765625		4.11315252376e-09	0.01
0.41796875		4.11315252376e-09	0.01
0.41828125		4.11315252376e-09	0.01
0.41859375		4.11315252376e-09	0.01
0.41890625		4.11315252376e-09	0.01
0.41921875		4.11315252376e-09	0.01
0.41953125		4.11315252376e-09	0.01
0.41984375		4.11315252376e-09	0.01
0.42015625		4.11315252376e-09	0.01
0.42046875		4.11315252376e-09	0.01
0.42078125		4.11315252376e-09	0.01
0.42109375		4.11315252376e-09	0.01
0.42140625		4.11315252376e-09	0.01
0.42171875		4.11315252376e-09	0.01
0.42203125		4.11315252376e-09	0.01
0.42234375		4.11315252376e-09	0.01
0.42265625		4.11315252376e-09	0.01
0.42296875		4.11315252376e-09	0.01
0.42328125		4.11315252376e-09	0.01
0.42359375		4.11315252376e-09	0.01
0.42390625		4.11315252376e-09	0.01
0.42421875		4.11315252376e-09	0.01
0.42453125		4.11315252376e-09	0.01
0.42484375		4.11315252376e-09	0.01
0.42515625		4.11315252376e-09	0.01
0.42546875		4.11315252376e-09	0.01
0.42578125		4.11315252376e-09	0.01
0.42609375		4.11315252376e-09	0.01
0.42640625		4.11315252376e-09	0.01
0.42671875		4.11315252376e-09	0.01
0.42703125		4.11315252376e-09	0.01
0.42734375		4.11315252376e-09	0.01
0.42765625		4.11315252376e-09	0.01
0.42796875		4.11315252376e-09	0.01
0.42828125		4.11315252376e-09	0.01
0.42859375		4.11315252376e-09	0.01
0.42890625		4.11315252376e-09	0.01
0.42921875		4.11315252376e-09	0.01
0.42953125		4.11315252376e-09	0.01
0.42984375		4.11315252376e-09	0.01
0.43015625		4.11315252376e-09	0.01
0.43046875		4.11315252376e-09	0.01
0.43078125		4.11315252376e-09	0.01
0.43109375		4.11315252376e-09	0.01
0.43140625		4.11315252376e-09	0.01
0.43171875		4.11315252376e-09	0.01
0.43203125		4.11315252376e-09	0.01
0.43234375		4.11315252376e-09	0.01
0.43265625		4.11315252376e-09	0.01
0.43296875		4.11315252376e-09	0.01
0.43328125		4.11315252376e-09	0.01
0.43359375		4.11315252376e-09	0.01
0.43390625		4.11315252376e-09	0.01
0.43421875		4.11315252376e-09	0.01
0.43453125		4.11315252376e-09	0.01
0.43484375		4.11315252376e-09	0.01
0.43515625		4.11315252376e-09	0.01
0.43546875		4.11315252376e-09	0.01
0.43578125		4.11315252376e-09	0.01
0.43609375		4.11315252376e-09	0.01
0.43640625		4.11315252376e-09	0.01
0.43671875		4.11315252376e-09	0.01
0.43703125		4.11315252376e-09	0.01
0.43734375		4.11315252376e-09	0.01
0.43765625		4.11315252376e-09	0.01
0.43796875		4.11315252376e-09	0.01
0.43828125		4.11315252376e-09	0.01
0.43859375		4.11315252376e-09	0.01
0.43890625		4.11315252376e-09	0.01
0.43921875		4.11315252376e-09	0.01
0.43953125		4.11315252376e-09	0.01
0.43984375		4.11315252376e-09	0.01
0.44015625		4.11315252376e-09	0.01
0.44046875		4.11315252376e-09	0.01
0.44078125		4.11315252376e-09	0.01
0.44109375		4.11315252376e-09	0.01
0.44140625		4.11315252376e-09	0.01
0.44171875		4.11315252376e-09	0.01
0.44203125		4.11315252376e-09	0.01
0.44234375		4.11315252376e-09	0.01
0.44265625		4.11315252376e-09	0.01
0.44296875		4.11315252376e-09	0.01
0.44328125		4.11315252376e-09	0.01
0.44359375		4.11315252376e-09	0.01
0.44390625		4.11315252376e-09	0.01
0.44421875		4.11315252376e-09	0.01
0.44453125		4.11315252376e-09	0.01
0.44484375		4.11315252376e-09	0.01
0.44515625		4.11315252376e-09	0.01
0.44546875		4.11315252376e-09	0.01
0.44578125		4.11315252376e-09	0.01
0.44609375		4.11315252376e-09	0.01
0.44640625		4.11315252376e-09	0.01
0.44671875		4.11315252376e-09	0.01
0.44703125		4.11315252376e-09	0.01
0.44734375		4.11315252376e-09	0.01
0.44765625		4.11315252376e-09	0.01
0.44796875		4.11315252376e-09	0.01
0.44828125		4.11315252376e-09	0.01
0.44859375		4.11315252376e-09	0.01
0.44890625		4.11315252376e-09	0.01
0.44921875		4.11315252376e-09	0.01
0.44953125		4.11315252376e-09	0.01
0.44984375		4.11315252376e-09	0.01
0.45015625		4.11315252376e-09	0.01
0.45046875		4.11315252376e-09	0.01
0.45078125		4.11315252376e-09	0.01
0.45109375		4.11315252376e-09	0.01
0.45140625		4.11315252376e-09	0.01
0.45171875		4.11315252376e-09	0.01
0.45203125		4.11315252376e-09	0.01
0.45234375		4.11315252376e-09	0.01
0.45265625		4.11315252376e-09	0.01
0.45296875		4.11315252376e-09	0.01
0.45328125		4.11315252376e-09	0.01
0.45359375		4.11315252376e-09	0.01
0.45390625		4.11315252376e-09	0.01
0.45421875		4.11315252376e-09	0.01
0.45453125		4.11315252376e-09	0.01
0.45484375		4.11315252376e-09	0.01
0.45515625		4.11315252376e-09	0.01
0.45546875		4.11315252376e-09	0.01
0.45578125		4.11315252376e-09	0.01
0.45609375		4.11315252376e-09	0.01
0.45640625		4.11315252376e-09	0.01
0.45671875		4.11315252376e-09	0.01
0.45703125		4.11315252376e-09	0.01
0.45734375		4.11315252376e-09	0.01
0.45765625		4.11315252376e-09	0.01
0.45796875		4.11315252376e-09	0.01
0.45828125		4.11315252376e-09	0.01
0.45859375		4.11315252376e-09	0.01
0.45890625		4.11315252376e-09	0.01
0.45921875		4.11315252376e-09	0.01
0.45953125		4.11315252376e-09	0.01
0.45984375		4.11315252376e-09	0.01
0.46015625		4.11315252376e-09	0.01
0.46046875		4.11315252376e-09	0.01
0.46078125		4.11315252376e-09	0.01
0.46109375		4.11315252376e-09	0.01
0.46140625		4.11315252376e-09	0.01
0.46171875		4.11315252376e-09	0.01
0.46203125		4.11315252376e-09	0.01
0.46234375		4.11315252376e-09	0.01
0.46265625		4.11315252376e-09	0.01
0.46296875		4.11315252376e-09	0.01
0.46328125		4.11315252376e-09	0.01
0.46359375		4.11315252376e-09	0.01
0.46390625		4.11315252376e-09	0.01
0.46421875		4.11315252376e-09	0.01
0.46453125		4.11315252376e-09	0.01
0.46484375		4.11315252376e-09	0.01
0.46515625		4.11315252376e-09	0.01
0.46546875		4.11315252376e-09	0.01
0.46578125		4.11315252376e-09	0.01
0.46609375		4.11315252376e-09	0.01
0.46640625		4.11315252376e-09	0.01
0.46671875		4.11315252376e-09	0.01
0.46703125		4.11315252376e-09	0.01
0.46734375		4.11315252376e-09	0.01
0.46765625		4.11315252376e-09	0.01
0.46796875		4.11315252376e-09	0.01
0.46828125		4.11315252376e-09	0.01
0.46859375		4.11315252376e-09	0.01
0.46890625		4.11315252376e-09	0.01
0.46921875		4.11315252376e-09	0.01
0.46953125		4.11315252376e-09	0.01
0.46984375		4.11315252376e-09	0.01
0.47015625		4.11315252376e-09	0.01
0.47046875		4.11315252376e-09	0.01
0.47078125		4.11315252376e-09	0.01
0.47109375		4.11315252376e-09	0.01
0.47140625		4.11315252376e-09	0.01
0.47171875		4.11315252376e-09	0.01
0.47203125		4.11315252376e-09	0.01
0.47234375		4.11315252376e-09	0.01
0.47265625		4.11315252376e-09	0.01
0.47296875		4.11315252376e-09	0.01
0.47328125		4.11315252376e-09	0.01
0.47359375		4.11315252376e-09	0.01
0.47390625		4.11315252376e-09	0.01
0.47421875		4.11315252376e-09	0.01
0.47453125		4.11315252376e-09	0.01
0.47484375		4.11315252376e-09	0.01
0.47515625		4.11315252376e-09	0.01
0.47546875		4.11315252376e-09	0.01
0.47578125		4.11315252376e-09	0.01
0.47609375		4.11315252376e-09	0.01
0.47640625		4.11315252376e-09	0.01
0.47671875		4.11315252376e-09	0.01
0.47703125		4.11315252376e-09	0.01
0.47734375		4.11315252376e-09	0.01
0.47765625		4.11315252376e-09	0.01
0.47796875		4.11315252376e-09	0.01
0.47828125		4.11315252376e-09	0.01
0.47859375		4.11315252376e-09	0.01
0.47890625		4.11315252376e-09	0.01
0.47921875		4.11315252376e-09	0.01
0.47953125		4.11315252376e-09	0.01
0.47984375		4.11315252376e-09	0.01
0.48015625		4.11315252376e-09	0.01
0.48046875		4.11315252376e-09	0.01
0.48078125		4.11315252376e-09	0.01
0.48109375		4.11315252376e-09	0.01
0.48140625		4.11315252376e-09	0.01
0.48171875		4.11315252376e-09	0.01
0.48203125		4.11315252376e-09	0.01
0.48234375		4.11315252376e-09	0.01
0.48265625		4.11315252376e-09	0.01
0.48296875		4.11315252376e-09	0.01
0.48328125		4.11315252376e-09	0.01
0.48359375		4.11315252376e-09	0.01
0.48390625		4.11315252376e-09	0.01
0.48421875		4.11315252376e-09	0.01
0.48453125		4.11315252376e-09	0.01
0.48484375		4.11315252376e-09	0.01
0.48515625		4.11315252376e-09	0.01
0.48546875		4.11315252376e-09	0.01
0.48578125		4.11315252376e-09	0.01
0.48609375		4.11315252376e-09	0.01
0.48640625		4.11315252376e-09	0.01
0.48671875		4.11315252376e-09	0.01
0.48703125		4.11315252376e-09	0.01
0.48734375		4.11315252376e-09	0.01
0.48765625		4.11315252376e-09	0.01
0.48796875		4.11315252376e-09	0.01
0.48828125		4.11315252376e-09	0.01
0.48859375		4.11315252376e-09	0.01
0.48890625		4.11315252376e-09	0.01
0.48921875		4.11315252376e-09	0.01
0.48953125		4.11315252376e-09	0.01
0.48984375		4.11315252376e-09	0.01
0.49015625		4.11315252376e-09	0.01
0.49046875		4.11315252376e-09	0.01
0.49078125		4.11315252376e-09	0.01
0.49109375		4.11315252376e-09	0.01
0.49140625		4.11315252376e-09	0.01
0.49171875		4.11315252376e-09	0.01
0.49203125		4.11315252376e-09	0.01
0.49234375		4.11315252376e-09	0.01
0.49265625		4.11315252376e-09	0.01
0.49296875		4.11315252376e-09	0.01
0.49328125		4.11315252376e-09	0.01
0.49359375		4.11315252376e-09	0.01
0.49390625		4.11315252376e-09	0.01
0.49421875		4.11315252376e-09	0.01
0.49453125		4.11315252376e-09	0.01
0.49484375		4.11315252376e-09	0.01
0.49515625		4.11315252376e-09	0.01
0.49546875		4.11315252376e-09	0.01
0.49578125		4.11315252376e-09	0.01
0.49609375		4.11315252376e-09	0.01
0.49640625		4.11315252376e-09	0.01
0.49671875		4.11315252376e-09	0.01
0.49703125		4.11315252376e-09	0.01
0.49734375		4.11315252376e-09	0.01
0.49765625		4.11315252376e-09	0.01
0.49796875		4.11315252376e-09	0.01
0.49828125		4.11315252376e-09	0.01
0.49859375		4.11315252376e-09	0.01
0.49890625		4.11315252376e-09	0.01
0.49921875		4.11315252376e-09	0.01
0.49953125		4.11315252376e-09	0.01
0.49984375		4.11315252376e-09	0.01
