0.00015625		0.384134445089	0.983016533571
0.00046875		0.383431217553	0.982564208735
0.00078125		0.382450752549	0.981934494194
0.00109375		0.381517603767	0.981333813999
0.00140625		0.380743593728	0.980834661116
0.00171875		0.380042967471	0.980382132613
0.00203125		0.37936939318	0.979946456369
0.00234375		0.37870261987	0.979514605315
0.00265625		0.378038008064	0.979083541092
0.00296875		0.377376370871	0.978653813686
0.00328125		0.376720770991	0.978227404166
0.00359375		0.376072144862	0.97780496061
0.00390625		0.375430621895	0.97738661937
0.00421875		0.374796023195	0.976972297886
0.00453125		0.374168048432	0.976561811772
0.00484375		0.373546352558	0.976154946474
0.00515625		0.372930627674	0.975751482144
0.00546875		0.372320538198	0.975351196098
0.00578125		0.371715728121	0.974953868486
0.00609375		0.371115860839	0.974559289097
0.00640625		0.370520604258	0.974167259351
0.00671875		0.369929636349	0.973777587539
0.00703125		0.369342655447	0.973390088563
0.00734375		0.368759391184	0.973004595817
0.00765625		0.368179621987	0.972620969639
0.00796875		0.367603192455	0.972239089418
0.00828125		0.367029873148	0.971858824371
0.00859375		0.366459438244	0.971480028651
0.00890625		0.365891689119	0.97110257622
0.00921875		0.365326502239	0.970726382285
0.00953125		0.364763736571	0.970351357006
0.00984375		0.364203188119	0.969977359587
0.01015625		0.363644598322	0.969604238255
0.01046875		0.36308779133	0.969231900883
0.01078125		0.362532701073	0.968860306056
0.01109375		0.361979272408	0.968489406397
0.01140625		0.361427450084	0.968119132928
0.01171875		0.360877098701	0.967749403864
0.01203125		0.360328075661	0.967380137514
0.01234375		0.359780263383	0.967011262662
0.01265625		0.359233591931	0.966642726898
0.01296875		0.358688007824	0.966274497282
0.01328125		0.358143449085	0.9659065513
0.01359375		0.35759982479	0.965538855427
0.01390625		0.35705701696	0.965171331486
0.01421875		0.356514954031	0.964803876761
0.01453125		0.355973599481	0.964436427449
0.01484375		0.355432957064	0.964068988737
0.01515625		0.354892981962	0.963701565127
0.01546875		0.354353578467	0.963334128773
0.01578125		0.353814644381	0.962966628431
0.01609375		0.353276064804	0.962599006359
0.01640625		0.35273774833	0.96223121292
0.01671875		0.352199845109	0.961863213367
0.01703125		0.351662346693	0.961494986035
0.01734375		0.351125158228	0.961126515659
0.01765625		0.350588204384	0.9607577865
0.01796875		0.35005141873	0.96038878089
0.01828125		0.349514751887	0.960019479335
0.01859375		0.348978195195	0.959649861447
0.01890625		0.348441861263	0.959279906543
0.01921875		0.34790571357	0.958909594441
0.01953125		0.347369676666	0.958538906016
0.01984375		0.346833696724	0.958167823518
0.02015625		0.3462976502	0.957796330544
0.02046875		0.345761395625	0.957424411805
0.02078125		0.345224997985	0.957052052675
0.02109375		0.344688813544	0.956679238298
0.02140625		0.344152767408	0.95630595329
0.02171875		0.343616775446	0.955932182437
0.02203125		0.343080763791	0.955557911083
0.02234375		0.342544660285	0.955183125346
0.02265625		0.342008334752	0.954807812113
0.02296875		0.341471593153	0.954431958759
0.02328125		0.340934277957	0.954055553478
0.02359375		0.340396738562	0.953678585358
0.02390625		0.339859439453	0.953301043294
0.02421875		0.339322243128	0.952922916134
0.02453125		0.338785059014	0.952544193007
0.02484375		0.338247744937	0.952164863288
0.02515625		0.337710172906	0.951784917007
0.02546875		0.337172215228	0.951404344719
0.02578125		0.336633687949	0.951023137329
0.02609375		0.336094439583	0.950641285855
0.02640625		0.335554682038	0.950258781545
0.02671875		0.33501506074	0.949875615907
0.02703125		0.334475483752	0.949491780249
0.02734375		0.333935905599	0.949107265895
0.02765625		0.333396221624	0.948722064238
0.02796875		0.332856215632	0.948336166928
0.02828125		0.332315748904	0.94794956622
0.02859375		0.331774690952	0.947562254876
0.02890625		0.331232982482	0.947174225588
0.02921875		0.330690589784	0.946785471091
0.02953125		0.330147834804	0.946395984182
0.02984375		0.329605085494	0.946005757595
0.03015625		0.329062190301	0.945614783887
0.03046875		0.328519018373	0.945223056037
0.03078125		0.327975761496	0.944830567006
0.03109375		0.327432252701	0.944437309587
0.03140625		0.326888282715	0.944043277045
0.03171875		0.326343697021	0.943648462974
0.03203125		0.325798407665	0.943252861177
0.03234375		0.325252384208	0.942856465397
0.03265625		0.324705648978	0.942459269558
0.03296875		0.324158623426	0.942061267134
0.03328125		0.323611486941	0.941662450913
0.03359375		0.323064213942	0.941262813284
0.03390625		0.322516985532	0.940862347074
0.03421875		0.321969632642	0.940461044861
0.03453125		0.321421798303	0.940058899679
0.03484375		0.320873197405	0.939655904557
0.03515625		0.320323690213	0.939252053258
0.03546875		0.319773218919	0.938847339583
0.03578125		0.319221815436	0.938441758046
0.03609375		0.318669857326	0.938035302453
0.03640625		0.318117915158	0.937627965997
0.03671875		0.317566049278	0.937219741603
0.03703125		0.31701420109	0.936810622378
0.03734375		0.316462477741	0.93640060167
0.03765625		0.31591044717	0.935989672311
0.03796875		0.315357598006	0.935577827493
0.03828125		0.314803429397	0.935165061127
0.03859375		0.314247791706	0.934751368291
0.03890625		0.313690843801	0.934336744065
0.03921875		0.313133481711	0.933921182978
0.03953125		0.31257639712	0.933504677603
0.03984375		0.312019379331	0.933087221051
0.04015625		0.311462490204	0.932668806238
0.04046875		0.310905929082	0.932249426277
0.04078125		0.310349240744	0.931829073213
0.04109375		0.309791827172	0.931407740041
0.04140625		0.30923267948	0.930985420743
0.04171875		0.308671272293	0.930562111139
0.04203125		0.308108172304	0.930137806951
0.04234375		0.307545149227	0.929712502607
0.04265625		0.306982539342	0.929286189959
0.04296875		0.306420166945	0.928858861808
0.04328125		0.305858112243	0.928430510228
0.04359375		0.305296640001	0.928001127848
0.04390625		0.304735006184	0.927570705918
0.04421875		0.30417233632	0.927139237939
0.04453125		0.303607106371	0.926706717741
0.04484375		0.30303887609	0.926273142331
0.04515625		0.302469303414	0.925838507476
0.04546875		0.301900712559	0.925402806269
0.04578125		0.301332445516	0.924966029924
0.04609375		0.300764695866	0.924528170224
0.04640625		0.300197517055	0.924089219496
0.04671875		0.299630835649	0.923649168281
0.04703125		0.299063791439	0.923208009257
0.04734375		0.298494671198	0.92276573492
0.04765625		0.297921930903	0.92232234146
0.04796875		0.297346232486	0.921877826017
0.04828125		0.296770976985	0.921432183361
0.04859375		0.296196804309	0.9209854041
0.04890625		0.295623053999	0.920537479248
0.04921875		0.29504971065	0.920088399833
0.04953125		0.294477260199	0.919638157176
0.04984375		0.293904805665	0.91918674183
0.05015625		0.293331196278	0.918734145947
0.05046875		0.29275404206	0.918280363399
0.05078125		0.29217276211	0.917825391556
0.05109375		0.291590708225	0.917369226675
0.05140625		0.291010327949	0.916911859671
0.05171875		0.290430353868	0.916453280381
0.05203125		0.289850920553	0.915993479336
0.05234375		0.289271972777	0.915532447454
0.05265625		0.288693370145	0.915070174854
0.05296875		0.288114166309	0.91460665289
0.05328125		0.287532186947	0.914141874195
0.05359375		0.286945766202	0.91367583478
0.05390625		0.286357076474	0.913208530878
0.05421875		0.285770009213	0.912739955238
0.05453125		0.285183632088	0.912270096097
0.05484375		0.284597758245	0.911798944428
0.05515625		0.284012101164	0.911326489956
0.05546875		0.283426951827	0.910852723059
0.05578125		0.282841438567	0.910377633989
0.05609375		0.282253860137	0.909901214306
0.05640625		0.281662169496	0.90942345897
0.05671875		0.281067204421	0.908944363489
0.05703125		0.280473108849	0.908463921004
0.05734375		0.279880104713	0.907982119713
0.05765625		0.279287377182	0.907498949371
0.05796875		0.278694829872	0.90701439993
0.05828125		0.278102813731	0.90652846049
0.05859375		0.277510587585	0.90604112075
0.05890625		0.276917072376	0.905552370648
0.05921875		0.276320095609	0.905062203809
0.05953125		0.275719083349	0.904570614765
0.05984375		0.275117606075	0.904077597951
0.06015625		0.274517331816	0.903583141688
0.06046875		0.273917317395	0.903087234637
0.06078125		0.27331753609	0.902589866495
0.06109375		0.272717738259	0.902091025706
0.06140625		0.272118253401	0.901590701637
0.06171875		0.271518273476	0.901088882422
0.06203125		0.270916269405	0.900585559399
0.06234375		0.27031044349	0.900080725017
0.06265625		0.269701331081	0.899574373878
0.06296875		0.269092816052	0.899066497291
0.06328125		0.268484977202	0.898557082555
0.06359375		0.26787721748	0.898046118177
0.06390625		0.267269338458	0.897533592584
0.06421875		0.266661299063	0.897019494321
0.06453125		0.266053560493	0.896503810896
0.06484375		0.265445385155	0.895986530968
0.06515625		0.264835677647	0.895467643603
0.06546875		0.264222589949	0.894947140264
0.06578125		0.263605913062	0.894425013518
0.06609375		0.262988809246	0.893901255135
0.06640625		0.262372590132	0.893375852229
0.06671875		0.26175639999	0.892848791883
0.06703125		0.261139896884	0.892320061603
0.06734375		0.260522829972	0.891789648808
0.06765625		0.259905344116	0.891257541143
0.06796875		0.259288047934	0.890723726132
0.06828125		0.258670253257	0.890188191066
0.06859375		0.258050922166	0.889650923794
0.06890625		0.257428462548	0.889111913708
0.06921875		0.256802630025	0.888571151883
0.06953125		0.256176091755	0.888028629291
0.06984375		0.255550287534	0.887484332151
0.07015625		0.254924532732	0.886938246026
0.07046875		0.254298440843	0.886390356369
0.07078125		0.253671795372	0.885840649504
0.07109375		0.253044576153	0.88528911218
0.07140625		0.252417262652	0.884735730751
0.07171875		0.251789191623	0.884180491048
0.07203125		0.251159110513	0.883623379472
0.07234375		0.25052580377	0.883064384743
0.07265625		0.249889894063	0.88250349677
0.07296875		0.249254217094	0.881940703241
0.07328125		0.248618929055	0.881375987907
0.07359375		0.247983505141	0.880809334966
0.07390625		0.247347623098	0.880240728531
0.07421875		0.246710997888	0.879670153776
0.07453125		0.24607397914	0.879097595583
0.07484375		0.245436127545	0.878523038727
0.07515625		0.244796418803	0.877946468262
0.07546875		0.244153792487	0.877367870878
0.07578125		0.243508600059	0.876787234243
0.07609375		0.242863275853	0.876204544505
0.07640625		0.242218359201	0.875619784583
0.07671875		0.24157329732	0.875032936804
0.07703125		0.240927650231	0.874443983588
0.07734375		0.240281185504	0.873852907737
0.07765625		0.239634078197	0.873259692849
0.07796875		0.238985958837	0.872664322223
0.07828125		0.238335889894	0.872066779862
0.07859375		0.237683028043	0.871467050278
0.07890625		0.237027926233	0.870865118563
0.07921875		0.236372674487	0.870260968724
0.07953125		0.235717714421	0.869654581765
0.07984375		0.235062562832	0.869045938383
0.08015625		0.23440659406	0.868435018439
0.08046875		0.233749739201	0.86782180312
0.08078125		0.233092010333	0.867206274055
0.08109375		0.232433070662	0.866588413132
0.08140625		0.23177199449	0.865968202167
0.08171875		0.231108290166	0.86534562318
0.08203125		0.230442667724	0.864720658812
0.08234375		0.229777021676	0.864093290508
0.08265625		0.229111513681	0.863463497001
0.08296875		0.228445669855	0.862831256143
0.08328125		0.227778801567	0.862196545855
0.08359375		0.227110910437	0.861559345081
0.08390625		0.226441976361	0.86091963369
0.08421875		0.225771550162	0.860277390737
0.08453125		0.225098829075	0.859632596013
0.08484375		0.224423644918	0.858985228775
0.08515625		0.223746964199	0.858335269124
0.08546875		0.223070313507	0.857682695035
0.08578125		0.222393670581	0.857027482343
0.08609375		0.221716374459	0.856369606069
0.08640625		0.221037923603	0.855709041602
0.08671875		0.2203583033	0.855045765787
0.08703125		0.219677463121	0.854379755073
0.08734375		0.218994798952	0.853710986542
0.08765625		0.218309787982	0.853039436191
0.08796875		0.217622542621	0.852365081043
0.08828125		0.216934207781	0.851687897075
0.08859375		0.216245820759	0.85100785862
0.08890625		0.215557291155	0.850324938066
0.08921875		0.214867805965	0.849639107375
0.08953125		0.214177003942	0.848950339533
0.08984375		0.213484952529	0.848258607629
0.09015625		0.212791411378	0.847563885151
0.09046875		0.2120957726	0.8468661449
0.09078125		0.211397843869	0.846165360337
0.09109375		0.210697922698	0.845461504038
0.09140625		0.209997208653	0.844754548082
0.09171875		0.209296278975	0.844044462278
0.09203125		0.208594887891	0.843331214954
0.09234375		0.207892308416	0.842614774333
0.09265625		0.2071882917	0.841895109324
0.09296875		0.206482930019	0.841172189561
0.09328125		0.205775907684	0.840445983882
0.09359375		0.205066725201	0.839716461174
0.09390625		0.204355353647	0.838983589783
0.09421875		0.203642159517	0.83824733789
0.09453125		0.202928177889	0.837507672597
0.09484375		0.202213804783	0.836764558681
0.09515625		0.201498647938	0.836017959934
0.09546875		0.200782061673	0.835267839799
0.09578125		0.200063891902	0.834514162934
0.09609375		0.199343826273	0.833756893658
0.09640625		0.198621562595	0.832995996718
0.09671875		0.197897247826	0.832231435788
0.09703125		0.197171707095	0.831463173358
0.09734375		0.196445501369	0.830691169888
0.09765625		0.195718347739	0.829915384918
0.09796875		0.194989689594	0.829135778397
0.09828125		0.194259324029	0.828352309551
0.09859375		0.193526803119	0.827564937688
0.09890625		0.192792053126	0.826773621957
0.09921875		0.192055379574	0.825978321505
0.09953125		0.191317801343	0.8251789933
0.09984375		0.190579609864	0.824375591725
0.10015625		0.189840250461	0.823568070303
0.10046875		0.189099219074	0.822756382868
0.10078125		0.188356431542	0.821940483783
0.10109375		0.187611492945	0.821120326383
0.10140625		0.186864089341	0.820295864145
0.10171875		0.186114400846	0.819467049383
0.10203125		0.185362945748	0.81863383365
0.10234375		0.184610565879	0.817796166273
0.10265625		0.183857415501	0.816953994557
0.10296875		0.18310300557	0.816107264476
0.10328125		0.182346820168	0.815255921981
0.10359375		0.181588806402	0.814399912885
0.10390625		0.18082878793	0.813539182517
0.10421875		0.180066430519	0.812673675532
0.10453125		0.179301675916	0.811803335843
0.10484375		0.178534726779	0.810928105918
0.10515625		0.177765915529	0.810047927036
0.10546875		0.176995909379	0.809162738536
0.10578125		0.176224875815	0.808272477392
0.10609375		0.175452396432	0.807377079173
0.10640625		0.174678005733	0.806476478908
0.10671875		0.173901624408	0.805570611516
0.10703125		0.173123075937	0.804659410596
0.10734375		0.172342070598	0.803742809241
0.10765625		0.171558584255	0.802820739037
0.10796875		0.170772793411	0.801893130256
0.10828125		0.169984917965	0.800959911302
0.10859375		0.169195621601	0.800021008592
0.10890625		0.168405113454	0.799076345554
0.10921875		0.16761299755	0.798125844064
0.10953125		0.166818809108	0.797169425179
0.10984375		0.166022426525	0.796207009247
0.11015625		0.16522362678	0.795238514906
0.11046875		0.164422188856	0.794263859825
0.11078125		0.163618155953	0.793282959985
0.11109375		0.162811679403	0.79229572944
0.11140625		0.162002922331	0.791302079832
0.11171875		0.161192518893	0.790301920161
0.11203125		0.160380676888	0.78929515629
0.11234375		0.159567001728	0.788281691899
0.11265625		0.158751055667	0.787261429528
0.11296875		0.157932684595	0.786234269947
0.11328125		0.15711161574	0.785200112246
0.11359375		0.156287702967	0.784158853444
0.11390625		0.15546102041	0.783110388726
0.11421875		0.154631689402	0.782054609998
0.11453125		0.153799853192	0.780991406854
0.11484375		0.152966135217	0.779920664797
0.11515625		0.152130719455	0.778842266081
0.11546875		0.151293193167	0.77775608962
0.11578125		0.150453152909	0.776662012761
0.11609375		0.149610415696	0.775559909876
0.11640625		0.148764679128	0.774449653112
0.11671875		0.147915857646	0.773331111709
0.11703125		0.147064025397	0.772204151912
0.11734375		0.146209279984	0.771068635801
0.11765625		0.145351726332	0.769924421942
0.11796875		0.14449193792	0.768771364252
0.11828125		0.143630135227	0.767609312017
0.11859375		0.142765950572	0.766438110213
0.11890625		0.141898990352	0.765257600373
0.11921875		0.141029026219	0.764067620261
0.11953125		0.140155758563	0.762868004073
0.11984375		0.139279098247	0.761658582293
0.12015625		0.138399118079	0.760439180349
0.12046875		0.137515870485	0.75920961805
0.12078125		0.136629445314	0.757969709724
0.12109375		0.135740136649	0.756719264741
0.12140625		0.134848325323	0.755458086237
0.12171875		0.13395389301	0.754185970378
0.12203125		0.133056436087	0.752902707034
0.12234375		0.132155729298	0.751608080832
0.12265625		0.131251449327	0.750301871054
0.12296875		0.130343384175	0.748983851564
0.12328125		0.129431533724	0.747653788466
0.12359375		0.128515918335	0.746311439867
0.12390625		0.127596646129	0.744956555729
0.12421875		0.12667389062	0.743588879219
0.12453125		0.125747757169	0.742208144669
0.12484375		0.124818463258	0.740814076852
0.12515625		0.123885879755	0.739406389036
0.12546875		0.122949730578	0.737984786116
0.12578125		0.122009842044	0.73654896425
0.12609375		0.121065860634	0.735098611017
0.12640625		0.120117477639	0.733633401973
0.12671875		0.119164555484	0.732153000753
0.12703125		0.118207151064	0.730657059159
0.12734375		0.117245511334	0.729145217772
0.12765625		0.116279826855	0.727617103304
0.12796875		0.115310172837	0.726072327405
0.12828125		0.114336645601	0.724510486276
0.12859375		0.113359041944	0.722931159888
0.12890625		0.112377175626	0.721333913418
0.12921875		0.111390828796	0.719718295226
0.12953125		0.110399541194	0.718083837292
0.12984375		0.109402864775	0.716430053379
0.13015625		0.108400637909	0.714756437148
0.13046875		0.107393073935	0.713062460796
0.13078125		0.106380557351	0.711347573601
0.13109375		0.105363220473	0.709611202149
0.13140625		0.104341110562	0.707852746458
0.13171875		0.103314120502	0.706071577614
0.13203125		0.102282037864	0.704267038054
0.13234375		0.10124461836	0.702438442526
0.13265625		0.100201432139	0.700585077517
0.13296875		0.099151846758	0.698706194643
0.13328125		0.0980954523431	0.696801008075
0.13359375		0.0970323134807	0.694868693718
0.13390625		0.0959628780354	0.692908390993
0.13421875		0.0948874321999	0.690919195663
0.13453125		0.0938059840281	0.688900150552
0.13484375		0.0927184132196	0.686850243671
0.13515625		0.0916244961577	0.684768411493
0.13546875		0.0905238897559	0.682653540654
0.13578125		0.0894161014594	0.68050445703
0.13609375		0.0883003686562	0.678319912612
0.13640625		0.0871761023952	0.676098583482
0.13671875		0.0860432410842	0.673839075232
0.13703125		0.0849022002908	0.671539917773
0.13734375		0.0837532527062	0.669199545416
0.13765625		0.0825963270575	0.666816280151
0.13796875		0.0814312519945	0.664388330276
0.13828125		0.0802577297188	0.661913795278
0.13859375		0.0790752867275	0.659390656822
0.13890625		0.0778833308007	0.656816752208
0.13921875		0.0766811610116	0.654189750607
0.13953125		0.0754678877468	0.651507147405
0.13984375		0.0742430390386	0.648766263835
0.14015625		0.0730067734338	0.645964226275
0.14046875		0.0717593103231	0.643097920966
0.14078125		0.0705005201775	0.640163954991
0.14109375		0.0692301315632	0.637158642065
0.14140625		0.0679476161284	0.634077995354
0.14171875		0.0666521391752	0.630917690576
0.14203125		0.0653427758461	0.627672989811
0.14234375		0.0640186521588	0.624338666422
0.14265625		0.0626789282857	0.620908962677
0.14296875		0.0613225396706	0.617377552059
0.14328125		0.059948707207	0.613737450914
0.14359375		0.0585570012071	0.609980864526
0.14390625		0.0571469962253	0.606099026554
0.14421875		0.055718013722	0.602082077035
0.14453125		0.0542690164544	0.597918926725
0.14484375		0.0527984885662	0.593597013952
0.14515625		0.0513046336454	0.589101931771
0.14546875		0.0497855386754	0.584417028463
0.14578125		0.0482391236041	0.579522987526
0.14609375		0.0466629361681	0.574397206359
0.14640625		0.0450544156235	0.569012855851
0.14671875		0.043411074402	0.563337706513
0.14703125		0.0417300650629	0.557332638947
0.14734375		0.0400078098988	0.550949518716
0.14765625		0.0382397897074	0.544128015882
0.14796875		0.0364202724235	0.536790708228
0.14828125		0.0345419936196	0.528835270493
0.14859375		0.0325959640571	0.520121545966
0.14890625		0.0305704582726	0.510449659697
0.14921875		0.0284485544648	0.499523850859
0.14953125		0.0262054137352	0.486894115401
0.14984375		0.0238066662618	0.471853152023
0.15015625		0.0212036316319	0.453231340055
0.15046875		0.0183270853144	0.428958510665
0.15078125		0.0150752407921	0.394949139261
0.15109375		0.0111348209537	0.34205293714
0.15140625		0.00563694342065	0.252511141437
0.15171875		0.000174992426979	0.0793736128532
0.15203125		1.67391255546e-08	0.0105952713664
0.15234375		4.11391005017e-09	0.0100000389191
0.15265625		4.11315256922e-09	0.0100000000023
0.15296875		4.11315252376e-09	0.01
0.15328125		4.11315252376e-09	0.01
0.15359375		4.11315252376e-09	0.01
0.15390625		4.11315252376e-09	0.01
0.15421875		4.11315252376e-09	0.01
0.15453125		4.11315252376e-09	0.01
0.15484375		4.11315252376e-09	0.01
0.15515625		4.11315252376e-09	0.01
0.15546875		4.11315252376e-09	0.01
0.15578125		4.11315252376e-09	0.01
0.15609375		4.11315252376e-09	0.01
0.15640625		4.11315252376e-09	0.01
0.15671875		4.11315252376e-09	0.01
0.15703125		4.11315252376e-09	0.01
0.15734375		4.11315252376e-09	0.01
0.15765625		4.11315252376e-09	0.01
0.15796875		4.11315252376e-09	0.01
0.15828125		4.11315252376e-09	0.01
0.15859375		4.11315252376e-09	0.01
0.15890625		4.11315252376e-09	0.01
0.15921875		4.11315252376e-09	0.01
0.15953125		4.11315252376e-09	0.01
0.15984375		4.11315252376e-09	0.01
0.16015625		4.11315252376e-09	0.01
0.16046875		4.11315252376e-09	0.01
0.16078125		4.11315252376e-09	0.01
0.16109375		4.11315252376e-09	0.01
0.16140625		4.11315252376e-09	0.01
0.16171875		4.11315252376e-09	0.01
0.16203125		4.11315252376e-09	0.01
0.16234375		4.11315252376e-09	0.01
0.16265625		4.11315252376e-09	0.01
0.16296875		4.11315252376e-09	0.01
0.16328125		4.11315252376e-09	0.01
0.16359375		4.11315252376e-09	0.01
0.16390625		4.11315252376e-09	0.01
0.16421875		4.11315252376e-09	0.01
0.16453125		4.11315252376e-09	0.01
0.16484375		4.11315252376e-09	0.01
0.16515625		4.11315252376e-09	0.01
0.16546875		4.11315252376e-09	0.01
0.16578125		4.11315252376e-09	0.01
0.16609375		4.11315252376e-09	0.01
0.16640625		4.11315252376e-09	0.01
0.16671875		4.11315252376e-09	0.01
0.16703125		4.11315252376e-09	0.01
0.16734375		4.11315252376e-09	0.01
0.16765625		4.11315252376e-09	0.01
0.16796875		4.11315252376e-09	0.01
0.16828125		4.11315252376e-09	0.01
0.16859375		4.11315252376e-09	0.01
0.16890625		4.11315252376e-09	0.01
0.16921875		4.11315252376e-09	0.01
0.16953125		4.11315252376e-09	0.01
0.16984375		4.11315252376e-09	0.01
0.17015625		4.11315252376e-09	0.01
0.17046875		4.11315252376e-09	0.01
0.17078125		4.11315252376e-09	0.01
0.17109375		4.11315252376e-09	0.01
0.17140625		4.11315252376e-09	0.01
0.17171875		4.11315252376e-09	0.01
0.17203125		4.11315252376e-09	0.01
0.17234375		4.11315252376e-09	0.01
0.17265625		4.11315252376e-09	0.01
0.17296875		4.11315252376e-09	0.01
0.17328125		4.11315252376e-09	0.01
0.17359375		4.11315252376e-09	0.01
0.17390625		4.11315252376e-09	0.01
0.17421875		4.11315252376e-09	0.01
0.17453125		4.11315252376e-09	0.01
0.17484375		4.11315252376e-09	0.01
0.17515625		4.11315252376e-09	0.01
0.17546875		4.11315252376e-09	0.01
0.17578125		4.11315252376e-09	0.01
0.17609375		4.11315252376e-09	0.01
0.17640625		4.11315252376e-09	0.01
0.17671875		4.11315252376e-09	0.01
0.17703125		4.11315252376e-09	0.01
0.17734375		4.11315252376e-09	0.01
0.17765625		4.11315252376e-09	0.01
0.17796875		4.11315252376e-09	0.01
0.17828125		4.11315252376e-09	0.01
0.17859375		4.11315252376e-09	0.01
0.17890625		4.11315252376e-09	0.01
0.17921875		4.11315252376e-09	0.01
0.17953125		4.11315252376e-09	0.01
0.17984375		4.11315252376e-09	0.01
0.18015625		4.11315252376e-09	0.01
0.18046875		4.11315252376e-09	0.01
0.18078125		4.11315252376e-09	0.01
0.18109375		4.11315252376e-09	0.01
0.18140625		4.11315252376e-09	0.01
0.18171875		4.11315252376e-09	0.01
0.18203125		4.11315252376e-09	0.01
0.18234375		4.11315252376e-09	0.01
0.18265625		4.11315252376e-09	0.01
0.18296875		4.11315252376e-09	0.01
0.18328125		4.11315252376e-09	0.01
0.18359375		4.11315252376e-09	0.01
0.18390625		4.11315252376e-09	0.01
0.18421875		4.11315252376e-09	0.01
0.18453125		4.11315252376e-09	0.01
0.18484375		4.11315252376e-09	0.01
0.18515625		4.11315252376e-09	0.01
0.18546875		4.11315252376e-09	0.01
0.18578125		4.11315252376e-09	0.01
0.18609375		4.11315252376e-09	0.01
0.18640625		4.11315252376e-09	0.01
0.18671875		4.11315252376e-09	0.01
0.18703125		4.11315252376e-09	0.01
0.18734375		4.11315252376e-09	0.01
0.18765625		4.11315252376e-09	0.01
0.18796875		4.11315252376e-09	0.01
0.18828125		4.11315252376e-09	0.01
0.18859375		4.11315252376e-09	0.01
0.18890625		4.11315252376e-09	0.01
0.18921875		4.11315252376e-09	0.01
0.18953125		4.11315252376e-09	0.01
0.18984375		4.11315252376e-09	0.01
0.19015625		4.11315252376e-09	0.01
0.19046875		4.11315252376e-09	0.01
0.19078125		4.11315252376e-09	0.01
0.19109375		4.11315252376e-09	0.01
0.19140625		4.11315252376e-09	0.01
0.19171875		4.11315252376e-09	0.01
0.19203125		4.11315252376e-09	0.01
0.19234375		4.11315252376e-09	0.01
0.19265625		4.11315252376e-09	0.01
0.19296875		4.11315252376e-09	0.01
0.19328125		4.11315252376e-09	0.01
0.19359375		4.11315252376e-09	0.01
0.19390625		4.11315252376e-09	0.01
0.19421875		4.11315252376e-09	0.01
0.19453125		4.11315252376e-09	0.01
0.19484375		4.11315252376e-09	0.01
0.19515625		4.11315252376e-09	0.01
0.19546875		4.11315252376e-09	0.01
0.19578125		4.11315252376e-09	0.01
0.19609375		4.11315252376e-09	0.01
0.19640625		4.11315252376e-09	0.01
0.19671875		4.11315252376e-09	0.01
0.19703125		4.11315252376e-09	0.01
0.19734375		4.11315252376e-09	0.01
0.19765625		4.11315252376e-09	0.01
0.19796875		4.11315252376e-09	0.01
0.19828125		4.11315252376e-09	0.01
0.19859375		4.11315252376e-09	0.01
0.19890625		4.11315252376e-09	0.01
0.19921875		4.11315252376e-09	0.01
0.19953125		4.11315252376e-09	0.01
0.19984375		4.11315252376e-09	0.01
0.20015625		4.11315252376e-09	0.01
0.20046875		4.11315252376e-09	0.01
0.20078125		4.11315252376e-09	0.01
0.20109375		4.11315252376e-09	0.01
0.20140625		4.11315252376e-09	0.01
0.20171875		4.11315252376e-09	0.01
0.20203125		4.11315252376e-09	0.01
0.20234375		4.11315252376e-09	0.01
0.20265625		4.11315252376e-09	0.01
0.20296875		4.11315252376e-09	0.01
0.20328125		4.11315252376e-09	0.01
0.20359375		4.11315252376e-09	0.01
0.20390625		4.11315252376e-09	0.01
0.20421875		4.11315252376e-09	0.01
0.20453125		4.11315252376e-09	0.01
0.20484375		4.11315252376e-09	0.01
0.20515625		4.11315252376e-09	0.01
0.20546875		4.11315252376e-09	0.01
0.20578125		4.11315252376e-09	0.01
0.20609375		4.11315252376e-09	0.01
0.20640625		4.11315252376e-09	0.01
0.20671875		4.11315252376e-09	0.01
0.20703125		4.11315252376e-09	0.01
0.20734375		4.11315252376e-09	0.01
0.20765625		4.11315252376e-09	0.01
0.20796875		4.11315252376e-09	0.01
0.20828125		4.11315252376e-09	0.01
0.20859375		4.11315252376e-09	0.01
0.20890625		4.11315252376e-09	0.01
0.20921875		4.11315252376e-09	0.01
0.20953125		4.11315252376e-09	0.01
0.20984375		4.11315252376e-09	0.01
0.21015625		4.11315252376e-09	0.01
0.21046875		4.11315252376e-09	0.01
0.21078125		4.11315252376e-09	0.01
0.21109375		4.11315252376e-09	0.01
0.21140625		4.11315252376e-09	0.01
0.21171875		4.11315252376e-09	0.01
0.21203125		4.11315252376e-09	0.01
0.21234375		4.11315252376e-09	0.01
0.21265625		4.11315252376e-09	0.01
0.21296875		4.11315252376e-09	0.01
0.21328125		4.11315252376e-09	0.01
0.21359375		4.11315252376e-09	0.01
0.21390625		4.11315252376e-09	0.01
0.21421875		4.11315252376e-09	0.01
0.21453125		4.11315252376e-09	0.01
0.21484375		4.11315252376e-09	0.01
0.21515625		4.11315252376e-09	0.01
0.21546875		4.11315252376e-09	0.01
0.21578125		4.11315252376e-09	0.01
0.21609375		4.11315252376e-09	0.01
0.21640625		4.11315252376e-09	0.01
0.21671875		4.11315252376e-09	0.01
0.21703125		4.11315252376e-09	0.01
0.21734375		4.11315252376e-09	0.01
0.21765625		4.11315252376e-09	0.01
0.21796875		4.11315252376e-09	0.01
0.21828125		4.11315252376e-09	0.01
0.21859375		4.11315252376e-09	0.01
0.21890625		4.11315252376e-09	0.01
0.21921875		4.11315252376e-09	0.01
0.21953125		4.11315252376e-09	0.01
0.21984375		4.11315252376e-09	0.01
0.22015625		4.11315252376e-09	0.01
0.22046875		4.11315252376e-09	0.01
0.22078125		4.11315252376e-09	0.01
0.22109375		4.11315252376e-09	0.01
0.22140625		4.11315252376e-09	0.01
0.22171875		4.11315252376e-09	0.01
0.22203125		4.11315252376e-09	0.01
0.22234375		4.11315252376e-09	0.01
0.22265625		4.11315252376e-09	0.01
0.22296875		4.11315252376e-09	0.01
0.22328125		4.11315252376e-09	0.01
0.22359375		4.11315252376e-09	0.01
0.22390625		4.11315252376e-09	0.01
0.22421875		4.11315252376e-09	0.01
0.22453125		4.11315252376e-09	0.01
0.22484375		4.11315252376e-09	0.01
0.22515625		4.11315252376e-09	0.01
0.22546875		4.11315252376e-09	0.01
0.22578125		4.11315252376e-09	0.01
0.22609375		4.11315252376e-09	0.01
0.22640625		4.11315252376e-09	0.01
0.22671875		4.11315252376e-09	0.01
0.22703125		4.11315252376e-09	0.01
0.22734375		4.11315252376e-09	0.01
0.22765625		4.11315252376e-09	0.01
0.22796875		4.11315252376e-09	0.01
0.22828125		4.11315252376e-09	0.01
0.22859375		4.11315252376e-09	0.01
0.22890625		4.11315252376e-09	0.01
0.22921875		4.11315252376e-09	0.01
0.22953125		4.11315252376e-09	0.01
0.22984375		4.11315252376e-09	0.01
0.23015625		4.11315252376e-09	0.01
0.23046875		4.11315252376e-09	0.01
0.23078125		4.11315252376e-09	0.01
0.23109375		4.11315252376e-09	0.01
0.23140625		4.11315252376e-09	0.01
0.23171875		4.11315252376e-09	0.01
0.23203125		4.11315252376e-09	0.01
0.23234375		4.11315252376e-09	0.01
0.23265625		4.11315252376e-09	0.01
0.23296875		4.11315252376e-09	0.01
0.23328125		4.11315252376e-09	0.01
0.23359375		4.11315252376e-09	0.01
0.23390625		4.11315252376e-09	0.01
0.23421875		4.11315252376e-09	0.01
0.23453125		4.11315252376e-09	0.01
0.23484375		4.11315252376e-09	0.01
0.23515625		4.11315252376e-09	0.01
0.23546875		4.11315252376e-09	0.01
0.23578125		4.11315252376e-09	0.01
0.23609375		4.11315252376e-09	0.01
0.23640625		4.11315252376e-09	0.01
0.23671875		4.11315252376e-09	0.01
0.23703125		4.11315252376e-09	0.01
0.23734375		4.11315252376e-09	0.01
0.23765625		4.11315252376e-09	0.01
0.23796875		4.11315252376e-09	0.01
0.23828125		4.11315252376e-09	0.01
0.23859375		4.11315252376e-09	0.01
0.23890625		4.11315252376e-09	0.01
0.23921875		4.11315252376e-09	0.01
0.23953125		4.11315252376e-09	0.01
0.23984375		4.11315252376e-09	0.01
0.24015625		4.11315252376e-09	0.01
0.24046875		4.11315252376e-09	0.01
0.24078125		4.11315252376e-09	0.01
0.24109375		4.11315252376e-09	0.01
0.24140625		4.11315252376e-09	0.01
0.24171875		4.11315252376e-09	0.01
0.24203125		4.11315252376e-09	0.01
0.24234375		4.11315252376e-09	0.01
0.24265625		4.11315252376e-09	0.01
0.24296875		4.11315252376e-09	0.01
0.24328125		4.11315252376e-09	0.01
0.24359375		4.11315252376e-09	0.01
0.24390625		4.11315252376e-09	0.01
0.24421875		4.11315252376e-09	0.01
0.24453125		4.11315252376e-09	0.01
0.24484375		4.11315252376e-09	0.01
0.24515625		4.11315252376e-09	0.01
0.24546875		4.11315252376e-09	0.01
0.24578125		4.11315252376e-09	0.01
0.24609375		4.11315252376e-09	0.01
0.24640625		4.11315252376e-09	0.01
0.24671875		4.11315252376e-09	0.01
0.24703125		4.11315252376e-09	0.01
0.24734375		4.11315252376e-09	0.01
0.24765625		4.11315252376e-09	0.01
0.24796875		4.11315252376e-09	0.01
0.24828125		4.11315252376e-09	0.01
0.24859375		4.11315252376e-09	0.01
0.24890625		4.11315252376e-09	0.01
0.24921875		4.11315252376e-09	0.01
0.24953125		4.11315252376e-09	0.01
0.24984375		4.11315252376e-09	0.01
0.25015625		4.11315252376e-09	0.01
0.25046875		4.11315252376e-09	0.01
0.25078125		4.11315252376e-09	0.01
0.25109375		4.11315252376e-09	0.01
0.25140625		4.11315252376e-09	0.01
0.25171875		4.11315252376e-09	0.01
0.25203125		4.11315252376e-09	0.01
0.25234375		4.11315252376e-09	0.01
0.25265625		4.11315252376e-09	0.01
0.25296875		4.11315252376e-09	0.01
0.25328125		4.11315252376e-09	0.01
0.25359375		4.11315252376e-09	0.01
0.25390625		4.11315252376e-09	0.01
0.25421875		4.11315252376e-09	0.01
0.25453125		4.11315252376e-09	0.01
0.25484375		4.11315252376e-09	0.01
0.25515625		4.11315252376e-09	0.01
0.25546875		4.11315252376e-09	0.01
0.25578125		4.11315252376e-09	0.01
0.25609375		4.11315252376e-09	0.01
0.25640625		4.11315252376e-09	0.01
0.25671875		4.11315252376e-09	0.01
0.25703125		4.11315252376e-09	0.01
0.25734375		4.11315252376e-09	0.01
0.25765625		4.11315252376e-09	0.01
0.25796875		4.11315252376e-09	0.01
0.25828125		4.11315252376e-09	0.01
0.25859375		4.11315252376e-09	0.01
0.25890625		4.11315252376e-09	0.01
0.25921875		4.11315252376e-09	0.01
0.25953125		4.11315252376e-09	0.01
0.25984375		4.11315252376e-09	0.01
0.26015625		4.11315252376e-09	0.01
0.26046875		4.11315252376e-09	0.01
0.26078125		4.11315252376e-09	0.01
0.26109375		4.11315252376e-09	0.01
0.26140625		4.11315252376e-09	0.01
0.26171875		4.11315252376e-09	0.01
0.26203125		4.11315252376e-09	0.01
0.26234375		4.11315252376e-09	0.01
0.26265625		4.11315252376e-09	0.01
0.26296875		4.11315252376e-09	0.01
0.26328125		4.11315252376e-09	0.01
0.26359375		4.11315252376e-09	0.01
0.26390625		4.11315252376e-09	0.01
0.26421875		4.11315252376e-09	0.01
0.26453125		4.11315252376e-09	0.01
0.26484375		4.11315252376e-09	0.01
0.26515625		4.11315252376e-09	0.01
0.26546875		4.11315252376e-09	0.01
0.26578125		4.11315252376e-09	0.01
0.26609375		4.11315252376e-09	0.01
0.26640625		4.11315252376e-09	0.01
0.26671875		4.11315252376e-09	0.01
0.26703125		4.11315252376e-09	0.01
0.26734375		4.11315252376e-09	0.01
0.26765625		4.11315252376e-09	0.01
0.26796875		4.11315252376e-09	0.01
0.26828125		4.11315252376e-09	0.01
0.26859375		4.11315252376e-09	0.01
0.26890625		4.11315252376e-09	0.01
0.26921875		4.11315252376e-09	0.01
0.26953125		4.11315252376e-09	0.01
0.26984375		4.11315252376e-09	0.01
0.27015625		4.11315252376e-09	0.01
0.27046875		4.11315252376e-09	0.01
0.27078125		4.11315252376e-09	0.01
0.27109375		4.11315252376e-09	0.01
0.27140625		4.11315252376e-09	0.01
0.27171875		4.11315252376e-09	0.01
0.27203125		4.11315252376e-09	0.01
0.27234375		4.11315252376e-09	0.01
0.27265625		4.11315252376e-09	0.01
0.27296875		4.11315252376e-09	0.01
0.27328125		4.11315252376e-09	0.01
0.27359375		4.11315252376e-09	0.01
0.27390625		4.11315252376e-09	0.01
0.27421875		4.11315252376e-09	0.01
0.27453125		4.11315252376e-09	0.01
0.27484375		4.11315252376e-09	0.01
0.27515625		4.11315252376e-09	0.01
0.27546875		4.11315252376e-09	0.01
0.27578125		4.11315252376e-09	0.01
0.27609375		4.11315252376e-09	0.01
0.27640625		4.11315252376e-09	0.01
0.27671875		4.11315252376e-09	0.01
0.27703125		4.11315252376e-09	0.01
0.27734375		4.11315252376e-09	0.01
0.27765625		4.11315252376e-09	0.01
0.27796875		4.11315252376e-09	0.01
0.27828125		4.11315252376e-09	0.01
0.27859375		4.11315252376e-09	0.01
0.27890625		4.11315252376e-09	0.01
0.27921875		4.11315252376e-09	0.01
0.27953125		4.11315252376e-09	0.01
0.27984375		4.11315252376e-09	0.01
0.28015625		4.11315252376e-09	0.01
0.28046875		4.11315252376e-09	0.01
0.28078125		4.11315252376e-09	0.01
0.28109375		4.11315252376e-09	0.01
0.28140625		4.11315252376e-09	0.01
0.28171875		4.11315252376e-09	0.01
0.28203125		4.11315252376e-09	0.01
0.28234375		4.11315252376e-09	0.01
0.28265625		4.11315252376e-09	0.01
0.28296875		4.11315252376e-09	0.01
0.28328125		4.11315252376e-09	0.01
0.28359375		4.11315252376e-09	0.01
0.28390625		4.11315252376e-09	0.01
0.28421875		4.11315252376e-09	0.01
0.28453125		4.11315252376e-09	0.01
0.28484375		4.11315252376e-09	0.01
0.28515625		4.11315252376e-09	0.01
0.28546875		4.11315252376e-09	0.01
0.28578125		4.11315252376e-09	0.01
0.28609375		4.11315252376e-09	0.01
0.28640625		4.11315252376e-09	0.01
0.28671875		4.11315252376e-09	0.01
0.28703125		4.11315252376e-09	0.01
0.28734375		4.11315252376e-09	0.01
0.28765625		4.11315252376e-09	0.01
0.28796875		4.11315252376e-09	0.01
0.28828125		4.11315252376e-09	0.01
0.28859375		4.11315252376e-09	0.01
0.28890625		4.11315252376e-09	0.01
0.28921875		4.11315252376e-09	0.01
0.28953125		4.11315252376e-09	0.01
0.28984375		4.11315252376e-09	0.01
0.29015625		4.11315252376e-09	0.01
0.29046875		4.11315252376e-09	0.01
0.29078125		4.11315252376e-09	0.01
0.29109375		4.11315252376e-09	0.01
0.29140625		4.11315252376e-09	0.01
0.29171875		4.11315252376e-09	0.01
0.29203125		4.11315252376e-09	0.01
0.29234375		4.11315252376e-09	0.01
0.29265625		4.11315252376e-09	0.01
0.29296875		4.11315252376e-09	0.01
0.29328125		4.11315252376e-09	0.01
0.29359375		4.11315252376e-09	0.01
0.29390625		4.11315252376e-09	0.01
0.29421875		4.11315252376e-09	0.01
0.29453125		4.11315252376e-09	0.01
0.29484375		4.11315252376e-09	0.01
0.29515625		4.11315252376e-09	0.01
0.29546875		4.11315252376e-09	0.01
0.29578125		4.11315252376e-09	0.01
0.29609375		4.11315252376e-09	0.01
0.29640625		4.11315252376e-09	0.01
0.29671875		4.11315252376e-09	0.01
0.29703125		4.11315252376e-09	0.01
0.29734375		4.11315252376e-09	0.01
0.29765625		4.11315252376e-09	0.01
0.29796875		4.11315252376e-09	0.01
0.29828125		4.11315252376e-09	0.01
0.29859375		4.11315252376e-09	0.01
0.29890625		4.11315252376e-09	0.01
0.29921875		4.11315252376e-09	0.01
0.29953125		4.11315252376e-09	0.01
0.29984375		4.11315252376e-09	0.01
0.30015625		4.11315252376e-09	0.01
0.30046875		4.11315252376e-09	0.01
0.30078125		4.11315252376e-09	0.01
0.30109375		4.11315252376e-09	0.01
0.30140625		4.11315252376e-09	0.01
0.30171875		4.11315252376e-09	0.01
0.30203125		4.11315252376e-09	0.01
0.30234375		4.11315252376e-09	0.01
0.30265625		4.11315252376e-09	0.01
0.30296875		4.11315252376e-09	0.01
0.30328125		4.11315252376e-09	0.01
0.30359375		4.11315252376e-09	0.01
0.30390625		4.11315252376e-09	0.01
0.30421875		4.11315252376e-09	0.01
0.30453125		4.11315252376e-09	0.01
0.30484375		4.11315252376e-09	0.01
0.30515625		4.11315252376e-09	0.01
0.30546875		4.11315252376e-09	0.01
0.30578125		4.11315252376e-09	0.01
0.30609375		4.11315252376e-09	0.01
0.30640625		4.11315252376e-09	0.01
0.30671875		4.11315252376e-09	0.01
0.30703125		4.11315252376e-09	0.01
0.30734375		4.11315252376e-09	0.01
0.30765625		4.11315252376e-09	0.01
0.30796875		4.11315252376e-09	0.01
0.30828125		4.11315252376e-09	0.01
0.30859375		4.11315252376e-09	0.01
0.30890625		4.11315252376e-09	0.01
0.30921875		4.11315252376e-09	0.01
0.30953125		4.11315252376e-09	0.01
0.30984375		4.11315252376e-09	0.01
0.31015625		4.11315252376e-09	0.01
0.31046875		4.11315252376e-09	0.01
0.31078125		4.11315252376e-09	0.01
0.31109375		4.11315252376e-09	0.01
0.31140625		4.11315252376e-09	0.01
0.31171875		4.11315252376e-09	0.01
0.31203125		4.11315252376e-09	0.01
0.31234375		4.11315252376e-09	0.01
0.31265625		4.11315252376e-09	0.01
0.31296875		4.11315252376e-09	0.01
0.31328125		4.11315252376e-09	0.01
0.31359375		4.11315252376e-09	0.01
0.31390625		4.11315252376e-09	0.01
0.31421875		4.11315252376e-09	0.01
0.31453125		4.11315252376e-09	0.01
0.31484375		4.11315252376e-09	0.01
0.31515625		4.11315252376e-09	0.01
0.31546875		4.11315252376e-09	0.01
0.31578125		4.11315252376e-09	0.01
0.31609375		4.11315252376e-09	0.01
0.31640625		4.11315252376e-09	0.01
0.31671875		4.11315252376e-09	0.01
0.31703125		4.11315252376e-09	0.01
0.31734375		4.11315252376e-09	0.01
0.31765625		4.11315252376e-09	0.01
0.31796875		4.11315252376e-09	0.01
0.31828125		4.11315252376e-09	0.01
0.31859375		4.11315252376e-09	0.01
0.31890625		4.11315252376e-09	0.01
0.31921875		4.11315252376e-09	0.01
0.31953125		4.11315252376e-09	0.01
0.31984375		4.11315252376e-09	0.01
0.32015625		4.11315252376e-09	0.01
0.32046875		4.11315252376e-09	0.01
0.32078125		4.11315252376e-09	0.01
0.32109375		4.11315252376e-09	0.01
0.32140625		4.11315252376e-09	0.01
0.32171875		4.11315252376e-09	0.01
0.32203125		4.11315252376e-09	0.01
0.32234375		4.11315252376e-09	0.01
0.32265625		4.11315252376e-09	0.01
0.32296875		4.11315252376e-09	0.01
0.32328125		4.11315252376e-09	0.01
0.32359375		4.11315252376e-09	0.01
0.32390625		4.11315252376e-09	0.01
0.32421875		4.11315252376e-09	0.01
0.32453125		4.11315252376e-09	0.01
0.32484375		4.11315252376e-09	0.01
0.32515625		4.11315252376e-09	0.01
0.32546875		4.11315252376e-09	0.01
0.32578125		4.11315252376e-09	0.01
0.32609375		4.11315252376e-09	0.01
0.32640625		4.11315252376e-09	0.01
0.32671875		4.11315252376e-09	0.01
0.32703125		4.11315252376e-09	0.01
0.32734375		4.11315252376e-09	0.01
0.32765625		4.11315252376e-09	0.01
0.32796875		4.11315252376e-09	0.01
0.32828125		4.11315252376e-09	0.01
0.32859375		4.11315252376e-09	0.01
0.32890625		4.11315252376e-09	0.01
0.32921875		4.11315252376e-09	0.01
0.32953125		4.11315252376e-09	0.01
0.32984375		4.11315252376e-09	0.01
0.33015625		4.11315252376e-09	0.01
0.33046875		4.11315252376e-09	0.01
0.33078125		4.11315252376e-09	0.01
0.33109375		4.11315252376e-09	0.01
0.33140625		4.11315252376e-09	0.01
0.33171875		4.11315252376e-09	0.01
0.33203125		4.11315252376e-09	0.01
0.33234375		4.11315252376e-09	0.01
0.33265625		4.11315252376e-09	0.01
0.33296875		4.11315252376e-09	0.01
0.33328125		4.11315252376e-09	0.01
0.33359375		4.11315252376e-09	0.01
0.33390625		4.11315252376e-09	0.01
0.33421875		4.11315252376e-09	0.01
0.33453125		4.11315252376e-09	0.01
0.33484375		4.11315252376e-09	0.01
0.33515625		4.11315252376e-09	0.01
0.33546875		4.11315252376e-09	0.01
0.33578125		4.11315252376e-09	0.01
0.33609375		4.11315252376e-09	0.01
0.33640625		4.11315252376e-09	0.01
0.33671875		4.11315252376e-09	0.01
0.33703125		4.11315252376e-09	0.01
0.33734375		4.11315252376e-09	0.01
0.33765625		4.11315252376e-09	0.01
0.33796875		4.11315252376e-09	0.01
0.33828125		4.11315252376e-09	0.01
0.33859375		4.11315252376e-09	0.01
0.33890625		4.11315252376e-09	0.01
0.33921875		4.11315252376e-09	0.01
0.33953125		4.11315252376e-09	0.01
0.33984375		4.11315252376e-09	0.01
0.34015625		4.11315252376e-09	0.01
0.34046875		4.11315252376e-09	0.01
0.34078125		4.11315252376e-09	0.01
0.34109375		4.11315252376e-09	0.01
0.34140625		4.11315252376e-09	0.01
0.34171875		4.11315252376e-09	0.01
0.34203125		4.11315252376e-09	0.01
0.34234375		4.11315252376e-09	0.01
0.34265625		4.11315252376e-09	0.01
0.34296875		4.11315252376e-09	0.01
0.34328125		4.11315252376e-09	0.01
0.34359375		4.11315252376e-09	0.01
0.34390625		4.11315252376e-09	0.01
0.34421875		4.11315252376e-09	0.01
0.34453125		4.11315252376e-09	0.01
0.34484375		4.11315252376e-09	0.01
0.34515625		4.11315252376e-09	0.01
0.34546875		4.11315252376e-09	0.01
0.34578125		4.11315252376e-09	0.01
0.34609375		4.11315252376e-09	0.01
0.34640625		4.11315252376e-09	0.01
0.34671875		4.11315252376e-09	0.01
0.34703125		4.11315252376e-09	0.01
0.34734375		4.11315252376e-09	0.01
0.34765625		4.11315252376e-09	0.01
0.34796875		4.11315252376e-09	0.01
0.34828125		4.11315252376e-09	0.01
0.34859375		4.11315252376e-09	0.01
0.34890625		4.11315252376e-09	0.01
0.34921875		4.11315252376e-09	0.01
0.34953125		4.11315252376e-09	0.01
0.34984375		4.11315252376e-09	0.01
0.35015625		4.11315252376e-09	0.01
0.35046875		4.11315252376e-09	0.01
0.35078125		4.11315252376e-09	0.01
0.35109375		4.11315252376e-09	0.01
0.35140625		4.11315252376e-09	0.01
0.35171875		4.11315252376e-09	0.01
0.35203125		4.11315252376e-09	0.01
0.35234375		4.11315252376e-09	0.01
0.35265625		4.11315252376e-09	0.01
0.35296875		4.11315252376e-09	0.01
0.35328125		4.11315252376e-09	0.01
0.35359375		4.11315252376e-09	0.01
0.35390625		4.11315252376e-09	0.01
0.35421875		4.11315252376e-09	0.01
0.35453125		4.11315252376e-09	0.01
0.35484375		4.11315252376e-09	0.01
0.35515625		4.11315252376e-09	0.01
0.35546875		4.11315252376e-09	0.01
0.35578125		4.11315252376e-09	0.01
0.35609375		4.11315252376e-09	0.01
0.35640625		4.11315252376e-09	0.01
0.35671875		4.11315252376e-09	0.01
0.35703125		4.11315252376e-09	0.01
0.35734375		4.11315252376e-09	0.01
0.35765625		4.11315252376e-09	0.01
0.35796875		4.11315252376e-09	0.01
0.35828125		4.11315252376e-09	0.01
0.35859375		4.11315252376e-09	0.01
0.35890625		4.11315252376e-09	0.01
0.35921875		4.11315252376e-09	0.01
0.35953125		4.11315252376e-09	0.01
0.35984375		4.11315252376e-09	0.01
0.36015625		4.11315252376e-09	0.01
0.36046875		4.11315252376e-09	0.01
0.36078125		4.11315252376e-09	0.01
0.36109375		4.11315252376e-09	0.01
0.36140625		4.11315252376e-09	0.01
0.36171875		4.11315252376e-09	0.01
0.36203125		4.11315252376e-09	0.01
0.36234375		4.11315252376e-09	0.01
0.36265625		4.11315252376e-09	0.01
0.36296875		4.11315252376e-09	0.01
0.36328125		4.11315252376e-09	0.01
0.36359375		4.11315252376e-09	0.01
0.36390625		4.11315252376e-09	0.01
0.36421875		4.11315252376e-09	0.01
0.36453125		4.11315252376e-09	0.01
0.36484375		4.11315252376e-09	0.01
0.36515625		4.11315252376e-09	0.01
0.36546875		4.11315252376e-09	0.01
0.36578125		4.11315252376e-09	0.01
0.36609375		4.11315252376e-09	0.01
0.36640625		4.11315252376e-09	0.01
0.36671875		4.11315252376e-09	0.01
0.36703125		4.11315252376e-09	0.01
0.36734375		4.11315252376e-09	0.01
0.36765625		4.11315252376e-09	0.01
0.36796875		4.11315252376e-09	0.01
0.36828125		4.11315252376e-09	0.01
0.36859375		4.11315252376e-09	0.01
0.36890625		4.11315252376e-09	0.01
0.36921875		4.11315252376e-09	0.01
0.36953125		4.11315252376e-09	0.01
0.36984375		4.11315252376e-09	0.01
0.37015625		4.11315252376e-09	0.01
0.37046875		4.11315252376e-09	0.01
0.37078125		4.11315252376e-09	0.01
0.37109375		4.11315252376e-09	0.01
0.37140625		4.11315252376e-09	0.01
0.37171875		4.11315252376e-09	0.01
0.37203125		4.11315252376e-09	0.01
0.37234375		4.11315252376e-09	0.01
0.37265625		4.11315252376e-09	0.01
0.37296875		4.11315252376e-09	0.01
0.37328125		4.11315252376e-09	0.01
0.37359375		4.11315252376e-09	0.01
0.37390625		4.11315252376e-09	0.01
0.37421875		4.11315252376e-09	0.01
0.37453125		4.11315252376e-09	0.01
0.37484375		4.11315252376e-09	0.01
0.37515625		4.11315252376e-09	0.01
0.37546875		4.11315252376e-09	0.01
0.37578125		4.11315252376e-09	0.01
0.37609375		4.11315252376e-09	0.01
0.37640625		4.11315252376e-09	0.01
0.37671875		4.11315252376e-09	0.01
0.37703125		4.11315252376e-09	0.01
0.37734375		4.11315252376e-09	0.01
0.37765625		4.11315252376e-09	0.01
0.37796875		4.11315252376e-09	0.01
0.37828125		4.11315252376e-09	0.01
0.37859375		4.11315252376e-09	0.01
0.37890625		4.11315252376e-09	0.01
0.37921875		4.11315252376e-09	0.01
0.37953125		4.11315252376e-09	0.01
0.37984375		4.11315252376e-09	0.01
0.38015625		4.11315252376e-09	0.01
0.38046875		4.11315252376e-09	0.01
0.38078125		4.11315252376e-09	0.01
0.38109375		4.11315252376e-09	0.01
0.38140625		4.11315252376e-09	0.01
0.38171875		4.11315252376e-09	0.01
0.38203125		4.11315252376e-09	0.01
0.38234375		4.11315252376e-09	0.01
0.38265625		4.11315252376e-09	0.01
0.38296875		4.11315252376e-09	0.01
0.38328125		4.11315252376e-09	0.01
0.38359375		4.11315252376e-09	0.01
0.38390625		4.11315252376e-09	0.01
0.38421875		4.11315252376e-09	0.01
0.38453125		4.11315252376e-09	0.01
0.38484375		4.11315252376e-09	0.01
0.38515625		4.11315252376e-09	0.01
0.38546875		4.11315252376e-09	0.01
0.38578125		4.11315252376e-09	0.01
0.38609375		4.11315252376e-09	0.01
0.38640625		4.11315252376e-09	0.01
0.38671875		4.11315252376e-09	0.01
0.38703125		4.11315252376e-09	0.01
0.38734375		4.11315252376e-09	0.01
0.38765625		4.11315252376e-09	0.01
0.38796875		4.11315252376e-09	0.01
0.38828125		4.11315252376e-09	0.01
0.38859375		4.11315252376e-09	0.01
0.38890625		4.11315252376e-09	0.01
0.38921875		4.11315252376e-09	0.01
0.38953125		4.11315252376e-09	0.01
0.38984375		4.11315252376e-09	0.01
0.39015625		4.11315252376e-09	0.01
0.39046875		4.11315252376e-09	0.01
0.39078125		4.11315252376e-09	0.01
0.39109375		4.11315252376e-09	0.01
0.39140625		4.11315252376e-09	0.01
0.39171875		4.11315252376e-09	0.01
0.39203125		4.11315252376e-09	0.01
0.39234375		4.11315252376e-09	0.01
0.39265625		4.11315252376e-09	0.01
0.39296875		4.11315252376e-09	0.01
0.39328125		4.11315252376e-09	0.01
0.39359375		4.11315252376e-09	0.01
0.39390625		4.11315252376e-09	0.01
0.39421875		4.11315252376e-09	0.01
0.39453125		4.11315252376e-09	0.01
0.39484375		4.11315252376e-09	0.01
0.39515625		4.11315252376e-09	0.01
0.39546875		4.11315252376e-09	0.01
0.39578125		4.11315252376e-09	0.01
0.39609375		4.11315252376e-09	0.01
0.39640625		4.11315252376e-09	0.01
0.39671875		4.11315252376e-09	0.01
0.39703125		4.11315252376e-09	0.01
0.39734375		4.11315252376e-09	0.01
0.39765625		4.11315252376e-09	0.01
0.39796875		4.11315252376e-09	0.01
0.39828125		4.11315252376e-09	0.01
0.39859375		4.11315252376e-09	0.01
0.39890625		4.11315252376e-09	0.01
0.39921875		4.11315252376e-09	0.01
0.39953125		4.11315252376e-09	0.01
0.39984375		4.11315252376e-09	0.01
0.40015625		4.11315252376e-09	0.01
0.40046875		4.11315252376e-09	0.01
0.40078125		4.11315252376e-09	0.01
0.40109375		4.11315252376e-09	0.01
0.40140625		4.11315252376e-09	0.01
0.40171875		4.11315252376e-09	0.01
0.40203125		4.11315252376e-09	0.01
0.40234375		4.11315252376e-09	0.01
0.40265625		4.11315252376e-09	0.01
0.40296875		4.11315252376e-09	0.01
0.40328125		4.11315252376e-09	0.01
0.40359375		4.11315252376e-09	0.01
0.40390625		4.11315252376e-09	0.01
0.40421875		4.11315252376e-09	0.01
0.40453125		4.11315252376e-09	0.01
0.40484375		4.11315252376e-09	0.01
0.40515625		4.11315252376e-09	0.01
0.40546875		4.11315252376e-09	0.01
0.40578125		4.11315252376e-09	0.01
0.40609375		4.11315252376e-09	0.01
0.40640625		4.11315252376e-09	0.01
0.40671875		4.11315252376e-09	0.01
0.40703125		4.11315252376e-09	0.01
0.40734375		4.11315252376e-09	0.01
0.40765625		4.11315252376e-09	0.01
0.40796875		4.11315252376e-09	0.01
0.40828125		4.11315252376e-09	0.01
0.40859375		4.11315252376e-09	0.01
0.40890625		4.11315252376e-09	0.01
0.40921875		4.11315252376e-09	0.01
0.40953125		4.11315252376e-09	0.01
0.40984375		4.11315252376e-09	0.01
0.41015625		4.11315252376e-09	0.01
0.41046875		4.11315252376e-09	0.01
0.41078125		4.11315252376e-09	0.01
0.41109375		4.11315252376e-09	0.01
0.41140625		4.11315252376e-09	0.01
0.41171875		4.11315252376e-09	0.01
0.41203125		4.11315252376e-09	0.01
0.41234375		4.11315252376e-09	0.01
0.41265625		4.11315252376e-09	0.01
0.41296875		4.11315252376e-09	0.01
0.41328125		4.11315252376e-09	0.01
0.41359375		4.11315252376e-09	0.01
0.41390625		4.11315252376e-09	0.01
0.41421875		4.11315252376e-09	0.01
0.41453125		4.11315252376e-09	0.01
0.41484375		4.11315252376e-09	0.01
0.41515625		4.11315252376e-09	0.01
0.41546875		4.11315252376e-09	0.01
0.41578125		4.11315252376e-09	0.01
0.41609375		4.11315252376e-09	0.01
0.41640625		4.11315252376e-09	0.01
0.41671875		4.11315252376e-09	0.01
0.41703125		4.11315252376e-09	0.01
0.41734375		4.11315252376e-09	0.01
0.41765625		4.11315252376e-09	0.01
0.41796875		4.11315252376e-09	0.01
0.41828125		4.11315252376e-09	0.01
0.41859375		4.11315252376e-09	0.01
0.41890625		4.11315252376e-09	0.01
0.41921875		4.11315252376e-09	0.01
0.41953125		4.11315252376e-09	0.01
0.41984375		4.11315252376e-09	0.01
0.42015625		4.11315252376e-09	0.01
0.42046875		4.11315252376e-09	0.01
0.42078125		4.11315252376e-09	0.01
0.42109375		4.11315252376e-09	0.01
0.42140625		4.11315252376e-09	0.01
0.42171875		4.11315252376e-09	0.01
0.42203125		4.11315252376e-09	0.01
0.42234375		4.11315252376e-09	0.01
0.42265625		4.11315252376e-09	0.01
0.42296875		4.11315252376e-09	0.01
0.42328125		4.11315252376e-09	0.01
0.42359375		4.11315252376e-09	0.01
0.42390625		4.11315252376e-09	0.01
0.42421875		4.11315252376e-09	0.01
0.42453125		4.11315252376e-09	0.01
0.42484375		4.11315252376e-09	0.01
0.42515625		4.11315252376e-09	0.01
0.42546875		4.11315252376e-09	0.01
0.42578125		4.11315252376e-09	0.01
0.42609375		4.11315252376e-09	0.01
0.42640625		4.11315252376e-09	0.01
0.42671875		4.11315252376e-09	0.01
0.42703125		4.11315252376e-09	0.01
0.42734375		4.11315252376e-09	0.01
0.42765625		4.11315252376e-09	0.01
0.42796875		4.11315252376e-09	0.01
0.42828125		4.11315252376e-09	0.01
0.42859375		4.11315252376e-09	0.01
0.42890625		4.11315252376e-09	0.01
0.42921875		4.11315252376e-09	0.01
0.42953125		4.11315252376e-09	0.01
0.42984375		4.11315252376e-09	0.01
0.43015625		4.11315252376e-09	0.01
0.43046875		4.11315252376e-09	0.01
0.43078125		4.11315252376e-09	0.01
0.43109375		4.11315252376e-09	0.01
0.43140625		4.11315252376e-09	0.01
0.43171875		4.11315252376e-09	0.01
0.43203125		4.11315252376e-09	0.01
0.43234375		4.11315252376e-09	0.01
0.43265625		4.11315252376e-09	0.01
0.43296875		4.11315252376e-09	0.01
0.43328125		4.11315252376e-09	0.01
0.43359375		4.11315252376e-09	0.01
0.43390625		4.11315252376e-09	0.01
0.43421875		4.11315252376e-09	0.01
0.43453125		4.11315252376e-09	0.01
0.43484375		4.11315252376e-09	0.01
0.43515625		4.11315252376e-09	0.01
0.43546875		4.11315252376e-09	0.01
0.43578125		4.11315252376e-09	0.01
0.43609375		4.11315252376e-09	0.01
0.43640625		4.11315252376e-09	0.01
0.43671875		4.11315252376e-09	0.01
0.43703125		4.11315252376e-09	0.01
0.43734375		4.11315252376e-09	0.01
0.43765625		4.11315252376e-09	0.01
0.43796875		4.11315252376e-09	0.01
0.43828125		4.11315252376e-09	0.01
0.43859375		4.11315252376e-09	0.01
0.43890625		4.11315252376e-09	0.01
0.43921875		4.11315252376e-09	0.01
0.43953125		4.11315252376e-09	0.01
0.43984375		4.11315252376e-09	0.01
0.44015625		4.11315252376e-09	0.01
0.44046875		4.11315252376e-09	0.01
0.44078125		4.11315252376e-09	0.01
0.44109375		4.11315252376e-09	0.01
0.44140625		4.11315252376e-09	0.01
0.44171875		4.11315252376e-09	0.01
0.44203125		4.11315252376e-09	0.01
0.44234375		4.11315252376e-09	0.01
0.44265625		4.11315252376e-09	0.01
0.44296875		4.11315252376e-09	0.01
0.44328125		4.11315252376e-09	0.01
0.44359375		4.11315252376e-09	0.01
0.44390625		4.11315252376e-09	0.01
0.44421875		4.11315252376e-09	0.01
0.44453125		4.11315252376e-09	0.01
0.44484375		4.11315252376e-09	0.01
0.44515625		4.11315252376e-09	0.01
0.44546875		4.11315252376e-09	0.01
0.44578125		4.11315252376e-09	0.01
0.44609375		4.11315252376e-09	0.01
0.44640625		4.11315252376e-09	0.01
0.44671875		4.11315252376e-09	0.01
0.44703125		4.11315252376e-09	0.01
0.44734375		4.11315252376e-09	0.01
0.44765625		4.11315252376e-09	0.01
0.44796875		4.11315252376e-09	0.01
0.44828125		4.11315252376e-09	0.01
0.44859375		4.11315252376e-09	0.01
0.44890625		4.11315252376e-09	0.01
0.44921875		4.11315252376e-09	0.01
0.44953125		4.11315252376e-09	0.01
0.44984375		4.11315252376e-09	0.01
0.45015625		4.11315252376e-09	0.01
0.45046875		4.11315252376e-09	0.01
0.45078125		4.11315252376e-09	0.01
0.45109375		4.11315252376e-09	0.01
0.45140625		4.11315252376e-09	0.01
0.45171875		4.11315252376e-09	0.01
0.45203125		4.11315252376e-09	0.01
0.45234375		4.11315252376e-09	0.01
0.45265625		4.11315252376e-09	0.01
0.45296875		4.11315252376e-09	0.01
0.45328125		4.11315252376e-09	0.01
0.45359375		4.11315252376e-09	0.01
0.45390625		4.11315252376e-09	0.01
0.45421875		4.11315252376e-09	0.01
0.45453125		4.11315252376e-09	0.01
0.45484375		4.11315252376e-09	0.01
0.45515625		4.11315252376e-09	0.01
0.45546875		4.11315252376e-09	0.01
0.45578125		4.11315252376e-09	0.01
0.45609375		4.11315252376e-09	0.01
0.45640625		4.11315252376e-09	0.01
0.45671875		4.11315252376e-09	0.01
0.45703125		4.11315252376e-09	0.01
0.45734375		4.11315252376e-09	0.01
0.45765625		4.11315252376e-09	0.01
0.45796875		4.11315252376e-09	0.01
0.45828125		4.11315252376e-09	0.01
0.45859375		4.11315252376e-09	0.01
0.45890625		4.11315252376e-09	0.01
0.45921875		4.11315252376e-09	0.01
0.45953125		4.11315252376e-09	0.01
0.45984375		4.11315252376e-09	0.01
0.46015625		4.11315252376e-09	0.01
0.46046875		4.11315252376e-09	0.01
0.46078125		4.11315252376e-09	0.01
0.46109375		4.11315252376e-09	0.01
0.46140625		4.11315252376e-09	0.01
0.46171875		4.11315252376e-09	0.01
0.46203125		4.11315252376e-09	0.01
0.46234375		4.11315252376e-09	0.01
0.46265625		4.11315252376e-09	0.01
0.46296875		4.11315252376e-09	0.01
0.46328125		4.11315252376e-09	0.01
0.46359375		4.11315252376e-09	0.01
0.46390625		4.11315252376e-09	0.01
0.46421875		4.11315252376e-09	0.01
0.46453125		4.11315252376e-09	0.01
0.46484375		4.11315252376e-09	0.01
0.46515625		4.11315252376e-09	0.01
0.46546875		4.11315252376e-09	0.01
0.46578125		4.11315252376e-09	0.01
0.46609375		4.11315252376e-09	0.01
0.46640625		4.11315252376e-09	0.01
0.46671875		4.11315252376e-09	0.01
0.46703125		4.11315252376e-09	0.01
0.46734375		4.11315252376e-09	0.01
0.46765625		4.11315252376e-09	0.01
0.46796875		4.11315252376e-09	0.01
0.46828125		4.11315252376e-09	0.01
0.46859375		4.11315252376e-09	0.01
0.46890625		4.11315252376e-09	0.01
0.46921875		4.11315252376e-09	0.01
0.46953125		4.11315252376e-09	0.01
0.46984375		4.11315252376e-09	0.01
0.47015625		4.11315252376e-09	0.01
0.47046875		4.11315252376e-09	0.01
0.47078125		4.11315252376e-09	0.01
0.47109375		4.11315252376e-09	0.01
0.47140625		4.11315252376e-09	0.01
0.47171875		4.11315252376e-09	0.01
0.47203125		4.11315252376e-09	0.01
0.47234375		4.11315252376e-09	0.01
0.47265625		4.11315252376e-09	0.01
0.47296875		4.11315252376e-09	0.01
0.47328125		4.11315252376e-09	0.01
0.47359375		4.11315252376e-09	0.01
0.47390625		4.11315252376e-09	0.01
0.47421875		4.11315252376e-09	0.01
0.47453125		4.11315252376e-09	0.01
0.47484375		4.11315252376e-09	0.01
0.47515625		4.11315252376e-09	0.01
0.47546875		4.11315252376e-09	0.01
0.47578125		4.11315252376e-09	0.01
0.47609375		4.11315252376e-09	0.01
0.47640625		4.11315252376e-09	0.01
0.47671875		4.11315252376e-09	0.01
0.47703125		4.11315252376e-09	0.01
0.47734375		4.11315252376e-09	0.01
0.47765625		4.11315252376e-09	0.01
0.47796875		4.11315252376e-09	0.01
0.47828125		4.11315252376e-09	0.01
0.47859375		4.11315252376e-09	0.01
0.47890625		4.11315252376e-09	0.01
0.47921875		4.11315252376e-09	0.01
0.47953125		4.11315252376e-09	0.01
0.47984375		4.11315252376e-09	0.01
0.48015625		4.11315252376e-09	0.01
0.48046875		4.11315252376e-09	0.01
0.48078125		4.11315252376e-09	0.01
0.48109375		4.11315252376e-09	0.01
0.48140625		4.11315252376e-09	0.01
0.48171875		4.11315252376e-09	0.01
0.48203125		4.11315252376e-09	0.01
0.48234375		4.11315252376e-09	0.01
0.48265625		4.11315252376e-09	0.01
0.48296875		4.11315252376e-09	0.01
0.48328125		4.11315252376e-09	0.01
0.48359375		4.11315252376e-09	0.01
0.48390625		4.11315252376e-09	0.01
0.48421875		4.11315252376e-09	0.01
0.48453125		4.11315252376e-09	0.01
0.48484375		4.11315252376e-09	0.01
0.48515625		4.11315252376e-09	0.01
0.48546875		4.11315252376e-09	0.01
0.48578125		4.11315252376e-09	0.01
0.48609375		4.11315252376e-09	0.01
0.48640625		4.11315252376e-09	0.01
0.48671875		4.11315252376e-09	0.01
0.48703125		4.11315252376e-09	0.01
0.48734375		4.11315252376e-09	0.01
0.48765625		4.11315252376e-09	0.01
0.48796875		4.11315252376e-09	0.01
0.48828125		4.11315252376e-09	0.01
0.48859375		4.11315252376e-09	0.01
0.48890625		4.11315252376e-09	0.01
0.48921875		4.11315252376e-09	0.01
0.48953125		4.11315252376e-09	0.01
0.48984375		4.11315252376e-09	0.01
0.49015625		4.11315252376e-09	0.01
0.49046875		4.11315252376e-09	0.01
0.49078125		4.11315252376e-09	0.01
0.49109375		4.11315252376e-09	0.01
0.49140625		4.11315252376e-09	0.01
0.49171875		4.11315252376e-09	0.01
0.49203125		4.11315252376e-09	0.01
0.49234375		4.11315252376e-09	0.01
0.49265625		4.11315252376e-09	0.01
0.49296875		4.11315252376e-09	0.01
0.49328125		4.11315252376e-09	0.01
0.49359375		4.11315252376e-09	0.01
0.49390625		4.11315252376e-09	0.01
0.49421875		4.11315252376e-09	0.01
0.49453125		4.11315252376e-09	0.01
0.49484375		4.11315252376e-09	0.01
0.49515625		4.11315252376e-09	0.01
0.49546875		4.11315252376e-09	0.01
0.49578125		4.11315252376e-09	0.01
0.49609375		4.11315252376e-09	0.01
0.49640625		4.11315252376e-09	0.01
0.49671875		4.11315252376e-09	0.01
0.49703125		4.11315252376e-09	0.01
0.49734375		4.11315252376e-09	0.01
0.49765625		4.11315252376e-09	0.01
0.49796875		4.11315252376e-09	0.01
0.49828125		4.11315252376e-09	0.01
0.49859375		4.11315252376e-09	0.01
0.49890625		4.11315252376e-09	0.01
0.49921875		4.11315252376e-09	0.01
0.49953125		4.11315252376e-09	0.01
0.49984375		4.11315252376e-09	0.01
