0.00015625		0.403763982235	0.995375989303
0.00046875		0.403573428937	0.995258191369
0.00078125		0.403308381481	0.995094795949
0.00109375		0.403057060666	0.994939794959
0.00140625		0.402849362439	0.994811639004
0.00171875		0.40266215957	0.99469604531
0.00203125		0.402482775167	0.994585202228
0.00234375		0.40230526667	0.994475466097
0.00265625		0.402128446296	0.994366100357
0.00296875		0.401952428663	0.994257203568
0.00328125		0.401778066307	0.994149287039
0.00359375		0.401605637097	0.994042522508
0.00390625		0.401435198114	0.993936957632
0.00421875		0.40126671365	0.993832570432
0.00453125		0.401100066953	0.993729308457
0.00484375		0.400935166891	0.993627115647
0.00515625		0.40077190935	0.993525934916
0.00546875		0.400610217726	0.993425715965
0.00578125		0.400450040025	0.993326403508
0.00609375		0.400291312661	0.99322793836
0.00640625		0.400133985924	0.993130270934
0.00671875		0.399977987748	0.993033355677
0.00703125		0.399823212042	0.992937152201
0.00734375		0.399669527672	0.9928416147
0.00765625		0.399516819829	0.992746697611
0.00796875		0.399365019519	0.992652366212
0.00828125		0.399214132787	0.992558592727
0.00859375		0.399064157233	0.992465350159
0.00890625		0.398915033441	0.992372603325
0.00921875		0.398766715219	0.992280318566
0.00953125		0.398619167305	0.99218847374
0.00984375		0.398472340368	0.992097050395
0.01015625		0.398326185017	0.992006020867
0.01046875		0.398180723538	0.991915353152
0.01078125		0.398035876382	0.991825020239
0.01109375		0.397891551638	0.991735003381
0.01140625		0.397747691106	0.991645289403
0.01171875		0.397604257065	0.991555867388
0.01203125		0.397461208542	0.991466723372
0.01234375		0.397318645875	0.991377840061
0.01265625		0.397176595177	0.991289198979
0.01296875		0.397035006193	0.991200783683
0.01328125		0.396893855739	0.991112582497
0.01359375		0.396753115484	0.991024586821
0.01390625		0.396612723465	0.990936788094
0.01421875		0.396472610585	0.990849176095
0.01453125		0.396332714459	0.990761736489
0.01484375		0.39619298925	0.990674453113
0.01515625		0.396053572095	0.990587316401
0.01546875		0.395914508429	0.990500322432
0.01578125		0.395775760643	0.99041346712
0.01609375		0.395637278392	0.990326743662
0.01640625		0.395499035979	0.990240143726
0.01671875		0.395361010919	0.990153659613
0.01703125		0.395223163261	0.990067283146
0.01734375		0.395085469771	0.989981004017
0.01765625		0.394947947735	0.989894812528
0.01796875		0.394810639894	0.989808703802
0.01828125		0.39467349884	0.989722676234
0.01859375		0.394536479386	0.989636726071
0.01890625		0.394399561169	0.989550848701
0.01921875		0.394262737108	0.989465040675
0.01953125		0.394126109469	0.989379298746
0.01984375		0.393989699747	0.989293619131
0.02015625		0.393853483541	0.989207998469
0.02046875		0.393717425573	0.989122434703
0.02078125		0.393581485459	0.989036924823
0.02109375		0.393445609906	0.988951464249
0.02140625		0.393309723806	0.988866047867
0.02171875		0.393173792376	0.988780672156
0.02203125		0.393037966745	0.988695335369
0.02234375		0.392902339019	0.98861003609
0.02265625		0.392766868746	0.988524771534
0.02296875		0.392631566182	0.988439537342
0.02328125		0.392496400456	0.988354329705
0.02359375		0.392361363476	0.988269146835
0.02390625		0.392226346447	0.988183988594
0.02421875		0.39209135971	0.988098853929
0.02453125		0.391956293837	0.988013739909
0.02484375		0.391821109112	0.987928643345
0.02515625		0.391686009877	0.987843562504
0.02546875		0.39155106478	0.987758496999
0.02578125		0.391416264706	0.987673446543
0.02609375		0.391281587779	0.987588408992
0.02640625		0.391147035027	0.987503381272
0.02671875		0.39101264475	0.987418361127
0.02703125		0.39087826069	0.987333348148
0.02734375		0.390743851453	0.987248342257
0.02765625		0.390609401792	0.987163342235
0.02796875		0.390474804489	0.987078345891
0.02828125		0.390340116825	0.986993351594
0.02859375		0.390205575022	0.986908358789
0.02890625		0.390071117605	0.986823367273
0.02921875		0.389936776298	0.986738376367
0.02953125		0.389802577432	0.986653384465
0.02984375		0.389668496187	0.986568389873
0.03015625		0.389534606129	0.986483391363
0.03046875		0.389400671588	0.986398388716
0.03078125		0.389266649873	0.986313381535
0.03109375		0.389132554258	0.986228368869
0.03140625		0.388998279703	0.986143349167
0.03171875		0.388863848333	0.986058321638
0.03203125		0.38872952194	0.985973285923
0.03234375		0.388595303187	0.985888241742
0.03265625		0.38846120539	0.985803188371
0.03296875		0.388327328869	0.985718124524
0.03328125		0.388193574651	0.985633048807
0.03359375		0.388060077564	0.985547960463
0.03390625		0.387926451794	0.985462859308
0.03421875		0.387792641277	0.98537774519
0.03453125		0.387658722141	0.985292617256
0.03484375		0.387524566459	0.98520747479
0.03515625		0.387390164976	0.985122317482
0.03546875		0.387255868195	0.985037145529
0.03578125		0.387121768214	0.984951958554
0.03609375		0.38698784385	0.984866755511
0.03640625		0.386854180535	0.984781535411
0.03671875		0.386720695494	0.984696297401
0.03703125		0.386587465128	0.984611041275
0.03734375		0.386453977339	0.984525766583
0.03765625		0.386320227892	0.984440472953
0.03796875		0.386186336201	0.984355159732
0.03828125		0.38605215276	0.984269826658
0.03859375		0.385917721288	0.984184474125
0.03890625		0.385783455479	0.984099101835
0.03921875		0.385649407658	0.984013709305
0.03953125		0.385515562067	0.983928295339
0.03984375		0.385381998267	0.983842859433
0.04015625		0.385248667816	0.983757401032
0.04046875		0.385115600005	0.983671919747
0.04078125		0.384982170783	0.983586415037
0.04109375		0.38484840457	0.983500886717
0.04140625		0.384714468916	0.983415334603
0.04171875		0.384580204727	0.983329758751
0.04203125		0.384445687697	0.98324415944
0.04234375		0.384311372335	0.983158536197
0.04265625		0.384177289466	0.983072888404
0.04296875		0.384043429965	0.982987215054
0.04328125		0.383909882274	0.982901516016
0.04359375		0.383776605511	0.982815790792
0.04390625		0.383643648633	0.982730038752
0.04421875		0.383510227122	0.982644259091
0.04453125		0.383376372758	0.982558451823
0.04484375		0.383242290278	0.982472617181
0.04515625		0.383107843134	0.982386755649
0.04546875		0.382973216261	0.982300867466
0.04578125		0.382838863918	0.982214951951
0.04609375		0.382704726258	0.982129008269
0.04640625		0.382570797209	0.982043035786
0.04671875		0.382437195078	0.981957034533
0.04703125		0.382303867862	0.981871004092
0.04734375		0.38217092134	0.981784943624
0.04765625		0.382037402021	0.981698852168
0.04796875		0.381903390886	0.981612730137
0.04828125		0.381769080961	0.981526578201
0.04859375		0.381634404175	0.981440396794
0.04890625		0.381499753432	0.981354186018
0.04921875		0.381365353149	0.981267944727
0.04953125		0.381231132024	0.981181672424
0.04984375		0.381097100432	0.981095368901
0.05015625		0.380963378801	0.981009034224
0.05046875		0.38082989614	0.980922667875
0.05078125		0.380696813254	0.980836268488
0.05109375		0.380563130401	0.980749835654
0.05140625		0.380428947593	0.980663369996
0.05171875		0.380294395508	0.980576872599
0.05203125		0.380159526961	0.980490343522
0.05234375		0.380024841456	0.980403782428
0.05265625		0.379890359197	0.980317188174
0.05296875		0.379756025109	0.980230560834
0.05328125		0.379621846089	0.980143900471
0.05359375		0.379487946827	0.980057206995
0.05390625		0.379354255665	0.979970479373
0.05421875		0.379220911315	0.979883716513
0.05453125		0.379086979227	0.979796918274
0.05484375		0.378952609728	0.979710085826
0.05515625		0.378817809021	0.97962321984
0.05546875		0.378682798742	0.979536320101
0.05578125		0.378548046873	0.979449385881
0.05609375		0.378413464286	0.97936241656
0.05640625		0.378279013026	0.979275412543
0.05671875		0.378144664325	0.979188373999
0.05703125		0.37801053349	0.979101300273
0.05734375		0.377876636928	0.97901419031
0.05765625		0.377742886149	0.978927043312
0.05796875		0.377608632029	0.978839859866
0.05828125		0.37747400826	0.978752641038
0.05859375		0.377338946865	0.978665387025
0.05890625		0.37720386896	0.978578097275
0.05921875		0.377069048961	0.978490771062
0.05953125		0.376934317569	0.978403408353
0.05984375		0.376799732063	0.978316009694
0.06015625		0.376665248246	0.978228574969
0.06046875		0.376530875225	0.978141103172
0.06078125		0.376396776989	0.978053593365
0.06109375		0.376262532928	0.977966045362
0.06140625		0.376127936809	0.977878460214
0.06171875		0.375992962548	0.977790838505
0.06203125		0.375857668468	0.977703180085
0.06234375		0.375722541234	0.977615484103
0.06265625		0.37558760121	0.977527750125
0.06296875		0.375452759517	0.977439978626
0.06328125		0.375317966966	0.977352170072
0.06359375		0.375183341201	0.977264323863
0.06390625		0.375048807053	0.977176438872
0.06421875		0.374914365352	0.977088514405
0.06453125		0.374779671751	0.97700055103
0.06484375		0.374644669667	0.976912549831
0.06515625		0.374509274373	0.976824511084
0.06546875		0.374373867534	0.976736434119
0.06578125		0.374238683678	0.976648317902
0.06609375		0.374103570537	0.976560162559
0.06640625		0.373968546732	0.976471968885
0.06671875		0.373833636806	0.976383737082
0.06703125		0.373698787994	0.976295466081
0.06734375		0.373564055562	0.976207154671
0.06765625		0.373429179889	0.976118802788
0.06796875		0.373294059559	0.976030411575
0.06828125		0.373158547035	0.975941982014
0.06859375		0.373022896044	0.975853513782
0.06890625		0.372887450091	0.975765005623
0.06921875		0.37275208862	0.975676456912
0.06953125		0.372616823664	0.975587868384
0.06984375		0.372481621773	0.975499240895
0.07015625		0.372346501838	0.975410573982
0.07046875		0.372211467363	0.97532186621
0.07078125		0.372076363223	0.975233116811
0.07109375		0.371941064228	0.975144326507
0.07140625		0.371805404898	0.975055496721
0.07171875		0.371669521574	0.974966627841
0.07203125		0.371533814257	0.974877718804
0.07234375		0.371398208584	0.974788768278
0.07265625		0.371262680627	0.974699776452
0.07296875		0.37112720301	0.974610744394
0.07328125		0.37099181772	0.974521672509
0.07359375		0.370856484423	0.974432559742
0.07390625		0.370721128623	0.974343404674
0.07421875		0.370585613552	0.974254207321
0.07453125		0.370449759022	0.97416496899
0.07484375		0.370313656307	0.97407569095
0.07515625		0.370177693158	0.973986372676
0.07546875		0.370041834716	0.973897012531
0.07578125		0.369906033753	0.973807609903
0.07609375		0.36977029735	0.973718165609
0.07640625		0.369634635403	0.973628680691
0.07671875		0.369499025436	0.973539154733
0.07703125		0.369363406053	0.973449586369
0.07734375		0.369227642584	0.973359974771
0.07765625		0.369091553184	0.973270320815
0.07796875		0.368955217821	0.973180626079
0.07828125		0.368819008967	0.973090890744
0.07859375		0.368682894831	0.973001113504
0.07890625		0.368546830293	0.972911293122
0.07921875		0.368410831553	0.972821429853
0.07953125		0.368274892813	0.972731524778
0.07984375		0.368139013935	0.972641578243
0.08015625		0.368003127685	0.972551589283
0.08046875		0.367867088425	0.972461556686
0.08078125		0.367730732187	0.972371480683
0.08109375		0.367594154244	0.972281362596
0.08140625		0.367457705593	0.97219120333
0.08171875		0.367321340494	0.97210100201
0.08203125		0.367185015883	0.972010757414
0.08234375		0.367048754415	0.971920469044
0.08265625		0.366912541904	0.971830137637
0.08296875		0.366776387071	0.971739763888
0.08328125		0.366640221976	0.97164934741
0.08359375		0.366503892224	0.971558887293
0.08390625		0.366367254436	0.971468383204
0.08421875		0.366230431536	0.971377836028
0.08453125		0.366093743865	0.971287246514
0.08484375		0.365957125508	0.971196614522
0.08515625		0.365820540599	0.971105939061
0.08546875		0.365684014672	0.97101521953
0.08578125		0.365547529875	0.970924456063
0.08609375		0.365411086916	0.970833649276
0.08640625		0.365274623296	0.970742799192
0.08671875		0.365137990788	0.970651905186
0.08703125		0.365001070634	0.9705609669
0.08734375		0.36486400321	0.970469984702
0.08765625		0.364727071288	0.970378959224
0.08796875		0.364590198946	0.9702878905
0.08828125		0.364453356226	0.970196778015
0.08859375		0.364316558618	0.970105621033
0.08890625		0.364179804757	0.970014419472
0.08921875		0.36404307204	0.96992317364
0.08953125		0.363906300274	0.969831883849
0.08984375		0.363769343091	0.969740549815
0.09015625		0.363632123305	0.969649171237
0.09046875		0.363494830183	0.969557748212
0.09078125		0.363357652801	0.969466280999
0.09109375		0.363220520988	0.969374769812
0.09140625		0.36308342185	0.969283214349
0.09171875		0.362946351223	0.969191614126
0.09203125		0.362809329766	0.969099968858
0.09234375		0.362672305024	0.969008278666
0.09265625		0.362535211486	0.968916543738
0.09296875		0.362397911911	0.968824764143
0.09328125		0.362260384692	0.968732939763
0.09359375		0.36212287686	0.968641070561
0.09390625		0.361985456713	0.968549156505
0.09421875		0.361848063925	0.968457197672
0.09453125		0.361710707177	0.968365194011
0.09484375		0.361573372534	0.968273145186
0.09515625		0.361436069313	0.968181050973
0.09546875		0.361298749308	0.968088911288
0.09578125		0.36116131345	0.967996726293
0.09609375		0.361023652634	0.967904496079
0.09640625		0.360885847862	0.967812220732
0.09671875		0.360748126359	0.967719900166
0.09703125		0.360610460042	0.967627534234
0.09734375		0.360472815109	0.967535122905
0.09765625		0.360335191107	0.967442666058
0.09796875		0.360197600978	0.967350163574
0.09828125		0.360060010033	0.967257615295
0.09859375		0.359922365593	0.967165021179
0.09890625		0.359784550132	0.967072381246
0.09921875		0.359646531345	0.966979695679
0.09953125		0.359508508237	0.966886964498
0.09984375		0.359370566692	0.966794187571
0.10015625		0.359232645247	0.96670136482
0.10046875		0.359094750123	0.966608496159
0.10078125		0.358956875009	0.966515581463
0.10109375		0.358819009012	0.966422620524
0.10140625		0.358681113604	0.966329613313
0.10171875		0.358543092972	0.966236559893
0.10203125		0.358404865779	0.966143460421
0.10234375		0.358266571345	0.966050314924
0.10265625		0.358128358912	0.965957123236
0.10296875		0.357990170167	0.965863885184
0.10328125		0.357852005266	0.965770600817
0.10359375		0.357713851075	0.965677270121
0.10390625		0.357575711465	0.965583892922
0.10421875		0.357437555604	0.965490469017
0.10453125		0.357299302167	0.965396998296
0.10484375		0.35716086664	0.965303480989
0.10515625		0.35702231968	0.965209917352
0.10546875		0.356883828617	0.965116307351
0.10578125		0.356745373139	0.96502265061
0.10609375		0.356606933232	0.964928946933
0.10640625		0.356468497108	0.964835196352
0.10671875		0.35633008079	0.964741398991
0.10703125		0.356191655018	0.964647554793
0.10734375		0.356053174123	0.96455366349
0.10765625		0.355914550012	0.964459724938
0.10796875		0.355775766852	0.964365739305
0.10828125		0.355636986049	0.964271706941
0.10859375		0.35549825154	0.964177627794
0.10890625		0.355359527808	0.964083501577
0.10921875		0.355220815198	0.963989327905
0.10953125		0.355082104194	0.963895106713
0.10984375		0.354943400854	0.963800838213
0.11015625		0.354804677618	0.963706522541
0.11046875		0.354665868154	0.963612159523
0.11078125		0.354526907035	0.963517748872
0.11109375		0.354387838366	0.963423290616
0.11140625		0.354248807146	0.963328785011
0.11171875		0.354109800257	0.963234232259
0.11203125		0.353970796479	0.963139632125
0.11234375		0.353831798182	0.963044984192
0.11265625		0.353692801949	0.962950288172
0.11296875		0.353553804738	0.962855544232
0.11328125		0.353414777276	0.9627607527
0.11359375		0.353275656963	0.962665913592
0.11390625		0.353136392742	0.962571026589
0.11421875		0.352997048471	0.962476091458
0.11453125		0.352857744478	0.962381108329
0.11484375		0.352718453639	0.962286077525
0.11515625		0.352579162557	0.962190999133
0.11546875		0.35243987328	0.962095872678
0.11578125		0.352300582033	0.962000697698
0.11609375		0.352161287505	0.961905474134
0.11640625		0.352021960451	0.961810202429
0.11671875		0.351882545213	0.961714882858
0.11703125		0.35174299738	0.961619515215
0.11734375		0.351603371294	0.961524099073
0.11765625		0.351463781362	0.96142863426
0.11796875		0.351324200675	0.961333121153
0.11828125		0.351184618415	0.961237560091
0.11859375		0.35104503429	0.96114195087
0.11890625		0.350905441966	0.961046292812
0.11921875		0.350765848693	0.960950585574
0.11953125		0.350626226432	0.960854829488
0.11984375		0.350486525761	0.960759025138
0.12015625		0.350346702261	0.960663172562
0.12046875		0.350206791846	0.960567271246
0.12078125		0.350066908367	0.960471320715
0.12109375		0.349927034167	0.960375321128
0.12140625		0.349787158486	0.960279273109
0.12171875		0.349647279	0.960183176758
0.12203125		0.349507385413	0.960087031464
0.12234375		0.349367490417	0.959990836528
0.12265625		0.349227570589	0.959894592004
0.12296875		0.349087586221	0.959798298583
0.12328125		0.348947490881	0.959701956726
0.12359375		0.348807297951	0.959605566024
0.12390625		0.348667116222	0.959509125746
0.12421875		0.348526947912	0.959412635691
0.12453125		0.348386779049	0.959316096473
0.12484375		0.348246603856	0.959219508667
0.12515625		0.348106411789	0.959122871879
0.12546875		0.34796621554	0.959026185211
0.12578125		0.347825996485	0.958929448282
0.12609375		0.347685723117	0.958832661665
0.12640625		0.347545350147	0.958735826175
0.12671875		0.347404878161	0.958638941822
0.12703125		0.34726439883	0.958542007714
0.12734375		0.347123937039	0.958445023258
0.12765625		0.34698347436	0.958347988825
0.12796875		0.346843003993	0.958250905235
0.12828125		0.346702516296	0.958153772645
0.12859375		0.346562019884	0.958056590092
0.12890625		0.34642150136	0.95795935681
0.12921875		0.34628093561	0.957862073056
0.12953125		0.346140281235	0.957764739743
0.12984375		0.345999529058	0.9576673574
0.13015625		0.345858752936	0.957569925261
0.13046875		0.345717997903	0.957472442383
0.13078125		0.345577241325	0.957374908847
0.13109375		0.345436475476	0.957277325395
0.13140625		0.345295692771	0.957179692653
0.13171875		0.345154895969	0.957082009935
0.13203125		0.345014079273	0.956984276187
0.13234375		0.344873220575	0.9568864914
0.13265625		0.344732284467	0.956788656274
0.13296875		0.344591252881	0.956690771652
0.13328125		0.344450179253	0.95659283716
0.13359375		0.344309129173	0.956494851701
0.13390625		0.344168077413	0.956396815108
0.13421875		0.34402701562	0.956298727912
0.13453125		0.343885936988	0.956200590822
0.13484375		0.343744839674	0.956102403617
0.13515625		0.34360372451	0.956004165219
0.13546875		0.343462573216	0.955905875395
0.13578125		0.343321355873	0.955807534631
0.13609375		0.34318004925	0.955709143625
0.13640625		0.343038683125	0.95561070244
0.13671875		0.342897331458	0.955512210182
0.13703125		0.342755982348	0.955413666474
0.13734375		0.342614623705	0.955315071663
0.13765625		0.342473248736	0.955216426225
0.13796875		0.342331851452	0.955117730226
0.13828125		0.342190437413	0.955018982967
0.13859375		0.342048991881	0.954920183999
0.13890625		0.341907491805	0.954821333651
0.13921875		0.341765912355	0.954722432326
0.13953125		0.341624260859	0.954623480218
0.13984375		0.341482604584	0.954524476943
0.14015625		0.34134095709	0.954425421994
0.14046875		0.341199301528	0.954326315563
0.14078125		0.34105762953	0.954227157833
0.14109375		0.340915934168	0.954127948894
0.14140625		0.340774221554	0.954028688537
0.14171875		0.340632479659	0.953929376318
0.14203125		0.340490692808	0.953830012337
0.14234375		0.340348836717	0.953730596743
0.14265625		0.34020690587	0.953631129666
0.14296875		0.340064948026	0.953531611153
0.14328125		0.339923002711	0.95343204087
0.14359375		0.339781049459	0.953332418721
0.14390625		0.339639080223	0.953232744701
0.14421875		0.339497087917	0.953133018812
0.14453125		0.339355076559	0.953033241167
0.14484375		0.339213039616	0.952933411578
0.14515625		0.339070963591	0.952833529855
0.14546875		0.338928826196	0.952733595952
0.14578125		0.338786617673	0.952633609922
0.14609375		0.338644365229	0.952533572029
0.14640625		0.338502119682	0.952433482251
0.14671875		0.338359868831	0.95233334029
0.14703125		0.33821760217	0.952233145926
0.14734375		0.338075313458	0.952132899121
0.14765625		0.337933003516	0.952032600082
0.14796875		0.337790671066	0.951932248907
0.14828125		0.337648304693	0.951831845337
0.14859375		0.337505886274	0.951731389084
0.14890625		0.33736340216	0.951630880149
0.14921875		0.337220860971	0.951530318813
0.14953125		0.337078312286	0.951429705318
0.14984375		0.336935761989	0.951329039416
0.15015625		0.336793196903	0.951228320671
0.15046875		0.336650611665	0.951127548965
0.15078125		0.33650800321	0.951026724499
0.15109375		0.336365375162	0.950925847554
0.15140625		0.336222718345	0.950824918001
0.15171875		0.336080018679	0.950723935372
0.15203125		0.335937260495	0.950622899527
0.15234375		0.335794438433	0.950521810731
0.15265625		0.335651585927	0.950420669351
0.15296875		0.335508733044	0.950319475355
0.15328125		0.33536586884	0.950218228205
0.15359375		0.335222986309	0.950116927598
0.15390625		0.33508008086	0.950015573698
0.15421875		0.334937157106	0.94991416685
0.15453125		0.334794208672	0.949812707138
0.15484375		0.334651226847	0.949711194101
0.15515625		0.334508192984	0.949609627379
0.15546875		0.334365096385	0.949508007133
0.15578125		0.334221946082	0.949406333772
0.15609375		0.334078787308	0.949304607498
0.15640625		0.333935623106	0.949202827885
0.15671875		0.333792442767	0.949100994405
0.15703125		0.333649242277	0.948999107079
0.15734375		0.333506022057	0.948897166266
0.15765625		0.333362782155	0.948795172251
0.15796875		0.333219515537	0.948693124746
0.15828125		0.333076205128	0.948591023185
0.15859375		0.332932834228	0.948488867518
0.15890625		0.332789397377	0.948386658137
0.15921875		0.332645932982	0.948284395459
0.15953125		0.332502465972	0.948182079294
0.15984375		0.332358988871	0.948079708977
0.16015625		0.332215492959	0.947977284264
0.16046875		0.332071976286	0.947874805468
0.16078125		0.331928443277	0.947772273059
0.16109375		0.331784888484	0.947669686993
0.16140625		0.331641299982	0.947567046635
0.16171875		0.331497656487	0.947464351627
0.16203125		0.331353945529	0.947361602246
0.16234375		0.331210181181	0.947258799079
0.16265625		0.331066407704	0.947155942249
0.16296875		0.330922631874	0.947053031128
0.16328125		0.330778839973	0.946950065145
0.16359375		0.330635028126	0.946847044418
0.16390625		0.33049119853	0.946743969552
0.16421875		0.330347352355	0.946640840829
0.16453125		0.330203480863	0.946537657735
0.16484375		0.330059566816	0.94643441956
0.16515625		0.329915590179	0.94633112629
0.16546875		0.329771545715	0.946227778594
0.16578125		0.32962746462	0.946124376991
0.16609375		0.329483381924	0.946020921094
0.16640625		0.329339294276	0.94591741003
0.16671875		0.329195187291	0.945813843541
0.16703125		0.329051060852	0.945710222222
0.16734375		0.328906917882	0.94560654676
0.16765625		0.328762756802	0.945502816949
0.16796875		0.32861856592	0.945399031846
0.16828125		0.328474326488	0.945295190959
0.16859375		0.328330021542	0.945191294806
0.16890625		0.328185652128	0.945087344318
0.16921875		0.328041258745	0.944983339594
0.16953125		0.327896867094	0.944879279668
0.16984375		0.327752466216	0.944775163746
0.17015625		0.327608044492	0.944670992113
0.17046875		0.327463603559	0.944566765788
0.17078125		0.327319147319	0.944462485151
0.17109375		0.327174670874	0.944358149323
0.17140625		0.327030160463	0.944253757265
0.17171875		0.326885596159	0.944149308994
0.17203125		0.326740963998	0.944044805603
0.17234375		0.326596276761	0.943940247878
0.17265625		0.326451575645	0.943835635185
0.17296875		0.326306877285	0.94373096625
0.17328125		0.326162163952	0.943626240742
0.17359375		0.326017426949	0.943521459661
0.17390625		0.325872670869	0.943416624042
0.17421875		0.325727903006	0.943311733519
0.17453125		0.325583111839	0.94320678668
0.17484375		0.325438281059	0.943101782854
0.17515625		0.32529338998	0.942996722885
0.17546875		0.325148433713	0.942891608079
0.17578125		0.325003437491	0.94278643853
0.17609375		0.324858434411	0.942681212865
0.17640625		0.324713430051	0.942575930072
0.17671875		0.324568403412	0.94247059071
0.17703125		0.324423349656	0.94236519609
0.17734375		0.324278280428	0.942259746659
0.17765625		0.324133202531	0.942154241181
0.17796875		0.323988096537	0.942048678393
0.17828125		0.323842943899	0.941943058537
0.17859375		0.323697728497	0.941837382881
0.17890625		0.323552457877	0.941731652192
0.17921875		0.323407158835	0.941625865671
0.17953125		0.323261854227	0.94152002201
0.17984375		0.32311654167	0.941414121106
0.18015625		0.32297119893	0.941308163934
0.18046875		0.322825828712	0.941202151287
0.18078125		0.322680449248	0.94109608278
0.18109375		0.322535060825	0.94098995719
0.18140625		0.322389640538	0.940883774115
0.18171875		0.322244169361	0.940777534215
0.18203125		0.322098638949	0.940671238284
0.18234375		0.32195306373	0.940564886329
0.18265625		0.321807461964	0.940458477547
0.18296875		0.32166184878	0.940352011436
0.18328125		0.321516222323	0.940245488224
0.18359375		0.321370564153	0.940138908387
0.18390625		0.321224882704	0.940032272065
0.18421875		0.321079195365	0.939925578924
0.18453125		0.320933495262	0.93981882848
0.18484375		0.320787761263	0.939712020601
0.18515625		0.320641977892	0.939605155411
0.18546875		0.32049614058	0.939498233103
0.18578125		0.320350261436	0.939391253881
0.18609375		0.320204349883	0.939284217671
0.18640625		0.32005842086	0.93917712408
0.18671875		0.31991248009	0.939069972676
0.18703125		0.319766511359	0.93896276336
0.18734375		0.319620521525	0.938855496665
0.18765625		0.319474524417	0.938748173023
0.18796875		0.319328511224	0.938640791946
0.18828125		0.31918246424	0.938533352519
0.18859375		0.319036369775	0.938425854264
0.18890625		0.318890223788	0.938318297836
0.18921875		0.318744034529	0.93821068431
0.18953125		0.318597807687	0.938103013553
0.18984375		0.318451561363	0.93799528423
0.19015625		0.318305306987	0.937887495236
0.19046875		0.318159026557	0.937779646991
0.19078125		0.318012723402	0.937671740947
0.19109375		0.317866408011	0.937563777458
0.19140625		0.317720073922	0.93745575501
0.19171875		0.317573707137	0.937347671986
0.19203125		0.317427296393	0.93723952849
0.19234375		0.317280834788	0.937131326075
0.19265625		0.317134323515	0.937023065532
0.19296875		0.316987769528	0.936914745561
0.19328125		0.316841199465	0.936806364266
0.19359375		0.316694616821	0.936697921312
0.19390625		0.316548002392	0.936589417755
0.19421875		0.31640136398	0.93648085436
0.19453125		0.316254713059	0.936372230131
0.19484375		0.316108045106	0.936263543467
0.19515625		0.315961346493	0.936154793666
0.19546875		0.315814596536	0.936045981028
0.19578125		0.315667780777	0.935937105946
0.19609375		0.315520901354	0.935828169311
0.19640625		0.315373994244	0.935719172344
0.19671875		0.315227081822	0.935610115533
0.19703125		0.315080145018	0.935500994705
0.19734375		0.314933161392	0.935391798759
0.19765625		0.314786115056	0.935282508361
0.19796875		0.314638958915	0.935173088638
0.19828125		0.314491591865	0.93506346904
0.19859375		0.314343813054	0.934953506328
0.19890625		0.314195192288	0.934842884772
0.19921875		0.314044658722	0.934730817887
0.19953125		0.313889062916	0.934614981199
0.19984375		0.313716226709	0.934486421198
0.20015625		0.31345011792	0.934313365309
0.20046875		0.313060080924	0.934022199241
0.20078125		0.312623624456	0.933696521251
0.20109375		0.312175322174	0.933361596432
0.20140625		0.311726718461	0.933026035196
0.20171875		0.311281137149	0.932692366344
0.20203125		0.310836541806	0.932359062099
0.20234375		0.310392087128	0.932025489133
0.20265625		0.309947443142	0.931691414328
0.20296875		0.309502413517	0.931356728058
0.20328125		0.309056975485	0.931021391976
0.20359375		0.308611135714	0.930685395423
0.20390625		0.308164909564	0.930348731583
0.20421875		0.307718306076	0.930011394565
0.20453125		0.307271319009	0.929673379962
0.20484375		0.306823931124	0.929334683992
0.20515625		0.306376128565	0.928995302987
0.20546875		0.305927904147	0.928655233457
0.20578125		0.305479249542	0.928314471963
0.20609375		0.305030152919	0.927973015226
0.20640625		0.304580603398	0.927630860058
0.20671875		0.304130597919	0.927288003476
0.20703125		0.30368020467	0.926944442495
0.20734375		0.303229441756	0.926600173961
0.20765625		0.302778258049	0.926255194752
0.20796875		0.302326637022	0.925909501972
0.20828125		0.301874587994	0.925563092717
0.20859375		0.301422114576	0.925215964033
0.20890625		0.300969204234	0.924868112915
0.20921875		0.30051584221	0.924519536463
0.20953125		0.300062028167	0.924170231804
0.20984375		0.299607755314	0.923820196072
0.21015625		0.299153052759	0.923469426368
0.21046875		0.298697951824	0.92311791962
0.21078125		0.298242428955	0.922765672686
0.21109375		0.297786474283	0.922412682473
0.21140625		0.297330088078	0.92205894585
0.21171875		0.296873265203	0.921704459689
0.21203125		0.296415994158	0.921349220846
0.21234375		0.295958261273	0.920993226183
0.21265625		0.295500059797	0.920636472589
0.21296875		0.295041393676	0.920278956945
0.21328125		0.294582280905	0.919920676049
0.21359375		0.294122744655	0.91956162658
0.21390625		0.293662784827	0.919201805109
0.21421875		0.293202396697	0.918841208202
0.21453125		0.292741565558	0.918479832436
0.21484375		0.292280280602	0.918117674422
0.21515625		0.291818529527	0.917754730786
0.21546875		0.291356305395	0.917390998164
0.21578125		0.290893604438	0.917026473184
0.21609375		0.290430427756	0.916661152435
0.21640625		0.289966782381	0.916295032473
0.21671875		0.289502702554	0.915928109745
0.21703125		0.289038197428	0.915560380553
0.21734375		0.288573254482	0.915191841141
0.21765625		0.288107851314	0.914822487809
0.21796875		0.28764197551	0.914452316893
0.21828125		0.287175616471	0.914081324746
0.21859375		0.286708772627	0.913709507702
0.21890625		0.286241444754	0.91333686208
0.21921875		0.28577363459	0.912963384157
0.21953125		0.285305338533	0.912589070196
0.21984375		0.284836587297	0.912213916387
0.22015625		0.284367402343	0.91183791876
0.22046875		0.283897768442	0.911461073258
0.22078125		0.283427657689	0.91108337589
0.22109375		0.282957056145	0.910704822714
0.22140625		0.282485953126	0.910325409814
0.22171875		0.282014350069	0.909945133267
0.22203125		0.281542254588	0.909563989096
0.22234375		0.281069671705	0.909181973256
0.22265625		0.280596595695	0.908799081659
0.22296875		0.28012304065	0.908415310179
0.22328125		0.279649026887	0.90803065458
0.22359375		0.279174549687	0.907645110526
0.22390625		0.27869958353	0.907258673705
0.22421875		0.278224113762	0.906871339857
0.22453125		0.277748126018	0.906483104745
0.22484375		0.277271620233	0.906093964142
0.22515625		0.276794608466	0.905703913762
0.22546875		0.276317099536	0.905312949226
0.22578125		0.275839090936	0.904921066089
0.22609375		0.275360585302	0.904528259881
0.22640625		0.274881594429	0.904134526055
0.22671875		0.274402116908	0.903739859992
0.22703125		0.273922135888	0.903344257064
0.22734375		0.273441640372	0.902947712667
0.22765625		0.272960615005	0.902550222206
0.22796875		0.272479055557	0.902151781093
0.22828125		0.271996972277	0.90175238469
0.22859375		0.271514375102	0.901352028271
0.22890625		0.271031266152	0.900950707032
0.22921875		0.270547646949	0.900548416119
0.22953125		0.270063521076	0.900145150619
0.22984375		0.269578882219	0.89974090557
0.23015625		0.269093721547	0.899335676
0.23046875		0.268608031821	0.898929456923
0.23078125		0.268121799863	0.898522243346
0.23109375		0.267635020379	0.898114030282
0.23140625		0.267147699766	0.897704812703
0.23171875		0.266659845574	0.897294585498
0.23203125		0.266171462086	0.89688334348
0.23234375		0.26568255283	0.896471081396
0.23265625		0.265193117167	0.89605779393
0.23296875		0.264703146646	0.895643475733
0.23328125		0.264212634599	0.895228121435
0.23359375		0.263721573463	0.89481172565
0.23390625		0.263229953452	0.894394282972
0.23421875		0.262737772037	0.893975787981
0.23453125		0.26224503414	0.8935562352
0.23484375		0.26175174456	0.893135619076
0.23515625		0.261257904525	0.892713933981
0.23546875		0.260763518293	0.89229117423
0.23578125		0.260268585534	0.891867334062
0.23609375		0.259773097997	0.891442407679
0.23640625		0.259277048787	0.891016389257
0.23671875		0.258780428628	0.890589272952
0.23703125		0.258283229757	0.8901610529
0.23734375		0.257785453044	0.889731723204
0.23765625		0.25728710379	0.889301277893
0.23796875		0.256788184812	0.888869710914
0.23828125		0.256288695031	0.888437016145
0.23859375		0.25578863469	0.888003187412
0.23890625		0.255288004455	0.887568218467
0.23921875		0.254786799143	0.88713210301
0.23953125		0.254285011531	0.886694834707
0.23984375		0.253782631616	0.886256407198
0.24015625		0.253279652064	0.885816814106
0.24046875		0.252776075372	0.885376049002
0.24078125		0.252271906916	0.884934105376
0.24109375		0.251767148534	0.884490976627
0.24140625		0.251261798011	0.884046656087
0.24171875		0.250755853989	0.883601137026
0.24203125		0.250249315513	0.883154412653
0.24234375		0.249742177757	0.882706476113
0.24265625		0.249234434622	0.88225732051
0.24296875		0.248726077827	0.8818069389
0.24328125		0.248217100955	0.881355324312
0.24359375		0.247707505676	0.880902469711
0.24390625		0.247197295971	0.88044836798
0.24421875		0.246686473348	0.879993011909
0.24453125		0.246175035803	0.879536394212
0.24484375		0.245662981882	0.879078507537
0.24515625		0.24515030854	0.878619344459
0.24546875		0.244637009698	0.878158897495
0.24578125		0.244123079632	0.877697159112
0.24609375		0.243608511498	0.877234121722
0.24640625		0.243093302139	0.876769777687
0.24671875		0.242577452814	0.876304119292
0.24703125		0.242060964922	0.875837138731
0.24734375		0.241543838199	0.87536882811
0.24765625		0.24102607095	0.874899179454
0.24796875		0.240507661893	0.874428184709
0.24828125		0.239988607294	0.87395583574
0.24859375		0.239468900815	0.87348212435
0.24890625		0.238948535818	0.873007042278
0.24921875		0.23842750651	0.872530581205
0.24953125		0.237905811957	0.872052732742
0.24984375		0.237383453413	0.871573488406
0.25015625		0.236860430687	0.871092839613
0.25046875		0.23633674163	0.870610777692
0.25078125		0.235812384109	0.870127293883
0.25109375		0.235287356478	0.869642379338
0.25140625		0.234761654648	0.869156025122
0.25171875		0.234235273065	0.868668222223
0.25203125		0.233708205417	0.868178961551
0.25234375		0.2331804464	0.867688233948
0.25265625		0.232651995012	0.867196030167
0.25296875		0.232122851751	0.866702340859
0.25328125		0.231593015778	0.866207156567
0.25359375		0.231062484291	0.865710467732
0.25390625		0.230531254783	0.8652122647
0.25421875		0.229999324657	0.864712537719
0.25453125		0.229466689522	0.864211276938
0.25484375		0.228933344337	0.863708472414
0.25515625		0.228399283822	0.863204114116
0.25546875		0.227864503237	0.862698191918
0.25578125		0.227329000577	0.862190695599
0.25609375		0.226792774916	0.86168161482
0.25640625		0.226255824772	0.861170939129
0.25671875		0.225718147384	0.860658657958
0.25703125		0.225179740076	0.86014476063
0.25734375		0.224640599787	0.859629236352
0.25765625		0.224100721884	0.859112074221
0.25796875		0.223560101244	0.858593263228
0.25828125		0.223018732931	0.858072792257
0.25859375		0.222476612816	0.857550650082
0.25890625		0.221933738345	0.857026825359
0.25921875		0.221390107306	0.856501306619
0.25953125		0.220845717241	0.855974082263
0.25984375		0.220300565098	0.855445140565
0.26015625		0.219754647891	0.854914469671
0.26046875		0.219207962583	0.854382057596
0.26078125		0.218660504872	0.853847892227
0.26109375		0.218112269549	0.85331196132
0.26140625		0.217563251362	0.852774252511
0.26171875		0.217013445902	0.852234753303
0.26203125		0.21646285018	0.851693451067
0.26234375		0.215911461426	0.851150333028
0.26265625		0.215359276533	0.850605386264
0.26296875		0.214806291852	0.850058597709
0.26328125		0.214252503749	0.849509954148
0.26359375		0.213697908892	0.848959442219
0.26390625		0.213142503321	0.848407048405
0.26421875		0.212586282218	0.847852759039
0.26453125		0.21202924036	0.847296560307
0.26484375		0.211471372525	0.846738438239
0.26515625		0.210912674605	0.846178378714
0.26546875		0.210353143219	0.845616367445
0.26578125		0.209792775067	0.845052389977
0.26609375		0.209231566308	0.844486431686
0.26640625		0.208669512733	0.843918477773
0.26671875		0.20810661034	0.843348513271
0.26703125		0.20754285488	0.842776523031
0.26734375		0.206978241588	0.842202491731
0.26765625		0.20641276548	0.841626403868
0.26796875		0.205846421427	0.84104824376
0.26828125		0.205279204229	0.840467995539
0.26859375		0.204711109201	0.839885643153
0.26890625		0.20414213226	0.839301170356
0.26921875		0.203572269581	0.838714560701
0.26953125		0.203001516799	0.838125797541
0.26984375		0.202429869377	0.837534864026
0.27015625		0.20185732264	0.836941743097
0.27046875		0.201283871437	0.836346417488
0.27078125		0.200709510398	0.83574886972
0.27109375		0.200134234273	0.835149082104
0.27140625		0.199558037853	0.834547036729
0.27171875		0.198980915632	0.833942715464
0.27203125		0.198402862231	0.833336099953
0.27234375		0.197823872888	0.83272717161
0.27265625		0.197243943099	0.832115911609
0.27296875		0.196663067977	0.831502300883
0.27328125		0.196081242501	0.830886320123
0.27359375		0.195498461343	0.830267949766
0.27390625		0.194914718603	0.829647170001
0.27421875		0.194330008243	0.829023960766
0.27453125		0.19374432445	0.828398301736
0.27484375		0.193157661564	0.827770172325
0.27515625		0.19257001379	0.827139551678
0.27546875		0.191981375282	0.826506418666
0.27578125		0.191391740483	0.825870751878
0.27609375		0.190801103887	0.82523252962
0.27640625		0.190209459854	0.824591729905
0.27671875		0.189616802753	0.823948330449
0.27703125		0.189023126662	0.823302308667
0.27734375		0.188428425069	0.822653641668
0.27765625		0.187832691237	0.822002306252
0.27796875		0.187235918581	0.821348278905
0.27828125		0.1866381007	0.820691535791
0.27859375		0.18603923121	0.820032052745
0.27890625		0.185439303757	0.819369805267
0.27921875		0.184838311956	0.818704768515
0.27953125		0.184236249373	0.818036917295
0.27984375		0.183633109453	0.81736622606
0.28015625		0.183028885642	0.816692668899
0.28046875		0.182423571221	0.816016219533
0.28078125		0.181817159074	0.815336851305
0.28109375		0.181209641814	0.814654537178
0.28140625		0.180601011987	0.813969249727
0.28171875		0.179991262204	0.813280961129
0.28203125		0.1793803851	0.812589643157
0.28234375		0.17876837351	0.811895267171
0.28265625		0.178155220295	0.811197804105
0.28296875		0.177540918158	0.810497224462
0.28328125		0.176925459582	0.809793498305
0.28359375		0.176308836856	0.809086595247
0.28390625		0.175691042075	0.808376484444
0.28421875		0.175072067213	0.807663134585
0.28453125		0.174451904126	0.806946513885
0.28484375		0.173830544521	0.806226590071
0.28515625		0.173207979992	0.805503330378
0.28546875		0.172584202071	0.804776701532
0.28578125		0.171959202301	0.804046669743
0.28609375		0.171332972365	0.803313200694
0.28640625		0.170705503985	0.802576259524
0.28671875		0.170076788701	0.80183581082
0.28703125		0.169446817654	0.801091818605
0.28734375		0.16881558157	0.800344246326
0.28765625		0.168183071079	0.799593056846
0.28796875		0.167549276837	0.798838212425
0.28828125		0.1669141895	0.798079674712
0.28859375		0.166277799603	0.797317404729
0.28890625		0.165640097463	0.796551362856
0.28921875		0.165001073235	0.795781508814
0.28953125		0.164360717081	0.79500780166
0.28984375		0.163719019193	0.794230199758
0.29015625		0.163075969706	0.793448660774
0.29046875		0.162431558542	0.792663141652
0.29078125		0.161785775185	0.791873598602
0.29109375		0.16113860876	0.791079987085
0.29140625		0.160490048255	0.790282261793
0.29171875		0.159840082708	0.789480376633
0.29203125		0.159188701162	0.788674284708
0.29234375		0.158535892499	0.787863938295
0.29265625		0.157881645416	0.787049288826
0.29296875		0.157225948426	0.786230286867
0.29328125		0.156568789843	0.7854068821
0.29359375		0.155910157827	0.784579023299
0.29390625		0.155250040454	0.783746658308
0.29421875		0.154588425653	0.782909734016
0.29453125		0.15392530101	0.782068196338
0.29484375		0.153260653712	0.781221990187
0.29515625		0.152594470717	0.780371059452
0.29546875		0.151926738946	0.779515346969
0.29578125		0.15125744525	0.778654794498
0.29609375		0.150586576383	0.777789342691
0.29640625		0.149914118928	0.776918931063
0.29671875		0.149240059175	0.776043497964
0.29703125		0.148564383055	0.775162980547
0.29734375		0.147887076196	0.774277314741
0.29765625		0.147208124089	0.773386435212
0.29796875		0.146527512099	0.772490275334
0.29828125		0.145845225334	0.771588767154
0.29859375		0.145161248518	0.770681841351
0.29890625		0.144475566028	0.769769427206
0.29921875		0.143788162013	0.768851452557
0.29953125		0.143099020461	0.767927843764
0.29984375		0.142408125241	0.766998525665
0.30015625		0.14171546002	0.766063421532
0.30046875		0.141021008152	0.765122453025
0.30078125		0.140324752543	0.76417554015
0.30109375		0.139626675638	0.763222601208
0.30140625		0.138926759578	0.76226355275
0.30171875		0.138224986331	0.761298309523
0.30203125		0.137521337623	0.760326784419
0.30234375		0.136815794835	0.759348888414
0.30265625		0.136108338952	0.758364530517
0.30296875		0.135398950543	0.757373617708
0.30328125		0.134687609797	0.756376054876
0.30359375		0.133974296613	0.755371744755
0.30390625		0.133258990655	0.754360587861
0.30421875		0.132541671295	0.753342482414
0.30453125		0.131822317456	0.752317324274
0.30484375		0.131100907403	0.751285006862
0.30515625		0.130377418817	0.750245421082
0.30546875		0.129651829056	0.749198455247
0.30578125		0.128924115209	0.748143994988
0.30609375		0.128194254005	0.747081923168
0.30640625		0.127462221704	0.74601211979
0.30671875		0.126727993998	0.744934461899
0.30703125		0.125991545991	0.743848823488
0.30734375		0.125252852268	0.74275507539
0.30765625		0.12451188697	0.741653085175
0.30796875		0.123768623789	0.740542717029
0.30828125		0.12302303589	0.739423831646
0.30859375		0.122275095784	0.738296286095
0.30890625		0.121524775222	0.737159933698
0.30921875		0.120772045282	0.736014623897
0.30953125		0.120016876508	0.73486020211
0.30984375		0.11925923894	0.733696509586
0.31015625		0.118499102049	0.73252338325
0.31046875		0.117736434599	0.731340655542
0.31078125		0.116971204528	0.730148154246
0.31109375		0.116203378932	0.728945702319
0.31140625		0.115432924145	0.727733117701
0.31171875		0.114659805778	0.726510213125
0.31203125		0.113883988694	0.72527679591
0.31234375		0.113105436942	0.724032667749
0.31265625		0.112324113655	0.722777624482
0.31296875		0.111539980987	0.721511455861
0.31328125		0.110753000111	0.720233945304
0.31359375		0.109963131255	0.71894486963
0.31390625		0.109170333781	0.717643998788
0.31421875		0.108374566124	0.716331095564
0.31453125		0.107575785602	0.715005915277
0.31484375		0.106773948276	0.713668205454
0.31515625		0.105969008965	0.712317705497
0.31546875		0.105160921297	0.710954146322
0.31578125		0.104349637727	0.70957724998
0.31609375		0.103535109487	0.70818672926
0.31640625		0.102717286496	0.706782287261
0.31671875		0.101896117224	0.705363616948
0.31703125		0.101071548606	0.703930400676
0.31734375		0.100243526025	0.702482309691
0.31765625		0.0994119933172	0.701019003594
0.31796875		0.0985768927585	0.69954012978
0.31828125		0.0977381649812	0.698045322832
0.31859375		0.0968957487857	0.696534203887
0.31890625		0.0960495810005	0.695006379957
0.31921875		0.095199596431	0.693461443205
0.31953125		0.0943457278508	0.69189897018
0.31984375		0.0934879059725	0.690318520992
0.32015625		0.0926260593706	0.68871963844
0.32046875		0.0917601143267	0.687101847074
0.32078125		0.0908899946172	0.685464652195
0.32109375		0.0900156213681	0.683807538789
0.32140625		0.0891369129793	0.682129970375
0.32171875		0.088253785064	0.680431387785
0.32203125		0.0873661503532	0.678711207837
0.32234375		0.0864739185204	0.676968821925
0.32265625		0.0855769959543	0.67520359449
0.32296875		0.0846752855317	0.67341486138
0.32328125		0.0837686864208	0.671601928084
0.32359375		0.0828570939438	0.669764067823
0.32390625		0.081940399461	0.667900519486
0.32421875		0.0810184901644	0.666010485396
0.32453125		0.0800912487685	0.664093128898
0.32484375		0.0791585531747	0.662147571726
0.32515625		0.0782202761577	0.660172891163
0.32546875		0.0772762850801	0.658168116932
0.32578125		0.0763264416287	0.656132227827
0.32609375		0.0753706015279	0.654064148022
0.32640625		0.0744086141506	0.65196274304
0.32671875		0.073440322036	0.649826815342
0.32703125		0.0724655603807	0.647655099491
0.32734375		0.0714841565338	0.645446256835
0.32765625		0.0704959294958	0.643198869652
0.32796875		0.0695006893925	0.640911434704
0.32828125		0.0684982368711	0.638582356095
0.32859375		0.0674883623863	0.636209937378
0.32890625		0.0664708453732	0.633792372783
0.32921875		0.0654454533434	0.63132773746
0.32953125		0.0644119409499	0.628813976607
0.32984375		0.0633700490089	0.626248893303
0.33015625		0.0623195034132	0.623630134875
0.33046875		0.0612600138776	0.620955177574
0.33078125		0.0601912725	0.618221309295
0.33109375		0.0591129521397	0.615425610041
0.33140625		0.058024704626	0.612564929759
0.33171875		0.0569261587906	0.609635863116
0.33203125		0.0558169182767	0.606634720678
0.33234375		0.0546965590568	0.603557495863
0.33265625		0.0535646265867	0.600399826893
0.33296875		0.0524206325304	0.597156952803
0.33328125		0.0512640510048	0.593823662353
0.33359375		0.0500943142975	0.590394234406
0.33390625		0.0489108079667	0.586862368009
0.33421875		0.0477128651807	0.583221099935
0.33453125		0.0464997601139	0.579462706845
0.33484375		0.0452707001788	0.575578588464
0.33515625		0.044024816839	0.571559127192
0.33546875		0.0427611547239	0.567393518189
0.33578125		0.0414786586654	0.563069562019
0.33609375		0.0401761581145	0.558573409368
0.33640625		0.0388523482144	0.553889243798
0.33671875		0.037505766583	0.548998883424
0.33703125		0.0361347645379	0.543881275141
0.33734375		0.034737471106	0.538511844587
0.33765625		0.0333117475392	0.532861648995
0.33796875		0.0318551288668	0.526896254864
0.33828125		0.0303647474189	0.520574225294
0.33859375		0.0288372315669	0.513845042923
0.33890625		0.0272685689942	0.506646190164
0.33921875		0.0256539161389	0.498898928975
0.33953125		0.0239873242262	0.490502006012
0.33984375		0.022261333601	0.481321915558
0.34015625		0.0204663496162	0.471177156524
0.34046875		0.0185896352221	0.459811380017
0.34078125		0.0166136178666	0.446844531916
0.34109375		0.0145127580605	0.431675101968
0.34140625		0.0122466967865	0.413254283016
0.34171875		0.00974302275982	0.389463503457
0.34203125		0.00685192099424	0.354929755957
0.34234375		0.00352958286576	0.297550296266
0.34265625		0.000578052086623	0.174372870114
0.34296875		9.65162311347e-08	0.0182611570111
0.34328125		4.11557307854e-09	0.0100006713913
0.34359375		4.11315258759e-09	0.0100000000179
0.34390625		4.11315252376e-09	0.01
0.34421875		4.11315252376e-09	0.01
0.34453125		4.11315252376e-09	0.01
0.34484375		4.11315252376e-09	0.01
0.34515625		4.11315252376e-09	0.01
0.34546875		4.11315252376e-09	0.01
0.34578125		4.11315252376e-09	0.01
0.34609375		4.11315252376e-09	0.01
0.34640625		4.11315252376e-09	0.01
0.34671875		4.11315252376e-09	0.01
0.34703125		4.11315252376e-09	0.01
0.34734375		4.11315252376e-09	0.01
0.34765625		4.11315252376e-09	0.01
0.34796875		4.11315252376e-09	0.01
0.34828125		4.11315252376e-09	0.01
0.34859375		4.11315252376e-09	0.01
0.34890625		4.11315252376e-09	0.01
0.34921875		4.11315252376e-09	0.01
0.34953125		4.11315252376e-09	0.01
0.34984375		4.11315252376e-09	0.01
0.35015625		4.11315252376e-09	0.01
0.35046875		4.11315252376e-09	0.01
0.35078125		4.11315252376e-09	0.01
0.35109375		4.11315252376e-09	0.01
0.35140625		4.11315252376e-09	0.01
0.35171875		4.11315252376e-09	0.01
0.35203125		4.11315252376e-09	0.01
0.35234375		4.11315252376e-09	0.01
0.35265625		4.11315252376e-09	0.01
0.35296875		4.11315252376e-09	0.01
0.35328125		4.11315252376e-09	0.01
0.35359375		4.11315252376e-09	0.01
0.35390625		4.11315252376e-09	0.01
0.35421875		4.11315252376e-09	0.01
0.35453125		4.11315252376e-09	0.01
0.35484375		4.11315252376e-09	0.01
0.35515625		4.11315252376e-09	0.01
0.35546875		4.11315252376e-09	0.01
0.35578125		4.11315252376e-09	0.01
0.35609375		4.11315252376e-09	0.01
0.35640625		4.11315252376e-09	0.01
0.35671875		4.11315252376e-09	0.01
0.35703125		4.11315252376e-09	0.01
0.35734375		4.11315252376e-09	0.01
0.35765625		4.11315252376e-09	0.01
0.35796875		4.11315252376e-09	0.01
0.35828125		4.11315252376e-09	0.01
0.35859375		4.11315252376e-09	0.01
0.35890625		4.11315252376e-09	0.01
0.35921875		4.11315252376e-09	0.01
0.35953125		4.11315252376e-09	0.01
0.35984375		4.11315252376e-09	0.01
0.36015625		4.11315252376e-09	0.01
0.36046875		4.11315252376e-09	0.01
0.36078125		4.11315252376e-09	0.01
0.36109375		4.11315252376e-09	0.01
0.36140625		4.11315252376e-09	0.01
0.36171875		4.11315252376e-09	0.01
0.36203125		4.11315252376e-09	0.01
0.36234375		4.11315252376e-09	0.01
0.36265625		4.11315252376e-09	0.01
0.36296875		4.11315252376e-09	0.01
0.36328125		4.11315252376e-09	0.01
0.36359375		4.11315252376e-09	0.01
0.36390625		4.11315252376e-09	0.01
0.36421875		4.11315252376e-09	0.01
0.36453125		4.11315252376e-09	0.01
0.36484375		4.11315252376e-09	0.01
0.36515625		4.11315252376e-09	0.01
0.36546875		4.11315252376e-09	0.01
0.36578125		4.11315252376e-09	0.01
0.36609375		4.11315252376e-09	0.01
0.36640625		4.11315252376e-09	0.01
0.36671875		4.11315252376e-09	0.01
0.36703125		4.11315252376e-09	0.01
0.36734375		4.11315252376e-09	0.01
0.36765625		4.11315252376e-09	0.01
0.36796875		4.11315252376e-09	0.01
0.36828125		4.11315252376e-09	0.01
0.36859375		4.11315252376e-09	0.01
0.36890625		4.11315252376e-09	0.01
0.36921875		4.11315252376e-09	0.01
0.36953125		4.11315252376e-09	0.01
0.36984375		4.11315252376e-09	0.01
0.37015625		4.11315252376e-09	0.01
0.37046875		4.11315252376e-09	0.01
0.37078125		4.11315252376e-09	0.01
0.37109375		4.11315252376e-09	0.01
0.37140625		4.11315252376e-09	0.01
0.37171875		4.11315252376e-09	0.01
0.37203125		4.11315252376e-09	0.01
0.37234375		4.11315252376e-09	0.01
0.37265625		4.11315252376e-09	0.01
0.37296875		4.11315252376e-09	0.01
0.37328125		4.11315252376e-09	0.01
0.37359375		4.11315252376e-09	0.01
0.37390625		4.11315252376e-09	0.01
0.37421875		4.11315252376e-09	0.01
0.37453125		4.11315252376e-09	0.01
0.37484375		4.11315252376e-09	0.01
0.37515625		4.11315252376e-09	0.01
0.37546875		4.11315252376e-09	0.01
0.37578125		4.11315252376e-09	0.01
0.37609375		4.11315252376e-09	0.01
0.37640625		4.11315252376e-09	0.01
0.37671875		4.11315252376e-09	0.01
0.37703125		4.11315252376e-09	0.01
0.37734375		4.11315252376e-09	0.01
0.37765625		4.11315252376e-09	0.01
0.37796875		4.11315252376e-09	0.01
0.37828125		4.11315252376e-09	0.01
0.37859375		4.11315252376e-09	0.01
0.37890625		4.11315252376e-09	0.01
0.37921875		4.11315252376e-09	0.01
0.37953125		4.11315252376e-09	0.01
0.37984375		4.11315252376e-09	0.01
0.38015625		4.11315252376e-09	0.01
0.38046875		4.11315252376e-09	0.01
0.38078125		4.11315252376e-09	0.01
0.38109375		4.11315252376e-09	0.01
0.38140625		4.11315252376e-09	0.01
0.38171875		4.11315252376e-09	0.01
0.38203125		4.11315252376e-09	0.01
0.38234375		4.11315252376e-09	0.01
0.38265625		4.11315252376e-09	0.01
0.38296875		4.11315252376e-09	0.01
0.38328125		4.11315252376e-09	0.01
0.38359375		4.11315252376e-09	0.01
0.38390625		4.11315252376e-09	0.01
0.38421875		4.11315252376e-09	0.01
0.38453125		4.11315252376e-09	0.01
0.38484375		4.11315252376e-09	0.01
0.38515625		4.11315252376e-09	0.01
0.38546875		4.11315252376e-09	0.01
0.38578125		4.11315252376e-09	0.01
0.38609375		4.11315252376e-09	0.01
0.38640625		4.11315252376e-09	0.01
0.38671875		4.11315252376e-09	0.01
0.38703125		4.11315252376e-09	0.01
0.38734375		4.11315252376e-09	0.01
0.38765625		4.11315252376e-09	0.01
0.38796875		4.11315252376e-09	0.01
0.38828125		4.11315252376e-09	0.01
0.38859375		4.11315252376e-09	0.01
0.38890625		4.11315252376e-09	0.01
0.38921875		4.11315252376e-09	0.01
0.38953125		4.11315252376e-09	0.01
0.38984375		4.11315252376e-09	0.01
0.39015625		4.11315252376e-09	0.01
0.39046875		4.11315252376e-09	0.01
0.39078125		4.11315252376e-09	0.01
0.39109375		4.11315252376e-09	0.01
0.39140625		4.11315252376e-09	0.01
0.39171875		4.11315252376e-09	0.01
0.39203125		4.11315252376e-09	0.01
0.39234375		4.11315252376e-09	0.01
0.39265625		4.11315252376e-09	0.01
0.39296875		4.11315252376e-09	0.01
0.39328125		4.11315252376e-09	0.01
0.39359375		4.11315252376e-09	0.01
0.39390625		4.11315252376e-09	0.01
0.39421875		4.11315252376e-09	0.01
0.39453125		4.11315252376e-09	0.01
0.39484375		4.11315252376e-09	0.01
0.39515625		4.11315252376e-09	0.01
0.39546875		4.11315252376e-09	0.01
0.39578125		4.11315252376e-09	0.01
0.39609375		4.11315252376e-09	0.01
0.39640625		4.11315252376e-09	0.01
0.39671875		4.11315252376e-09	0.01
0.39703125		4.11315252376e-09	0.01
0.39734375		4.11315252376e-09	0.01
0.39765625		4.11315252376e-09	0.01
0.39796875		4.11315252376e-09	0.01
0.39828125		4.11315252376e-09	0.01
0.39859375		4.11315252376e-09	0.01
0.39890625		4.11315252376e-09	0.01
0.39921875		4.11315252376e-09	0.01
0.39953125		4.11315252376e-09	0.01
0.39984375		4.11315252376e-09	0.01
0.40015625		4.11315252376e-09	0.01
0.40046875		4.11315252376e-09	0.01
0.40078125		4.11315252376e-09	0.01
0.40109375		4.11315252376e-09	0.01
0.40140625		4.11315252376e-09	0.01
0.40171875		4.11315252376e-09	0.01
0.40203125		4.11315252376e-09	0.01
0.40234375		4.11315252376e-09	0.01
0.40265625		4.11315252376e-09	0.01
0.40296875		4.11315252376e-09	0.01
0.40328125		4.11315252376e-09	0.01
0.40359375		4.11315252376e-09	0.01
0.40390625		4.11315252376e-09	0.01
0.40421875		4.11315252376e-09	0.01
0.40453125		4.11315252376e-09	0.01
0.40484375		4.11315252376e-09	0.01
0.40515625		4.11315252376e-09	0.01
0.40546875		4.11315252376e-09	0.01
0.40578125		4.11315252376e-09	0.01
0.40609375		4.11315252376e-09	0.01
0.40640625		4.11315252376e-09	0.01
0.40671875		4.11315252376e-09	0.01
0.40703125		4.11315252376e-09	0.01
0.40734375		4.11315252376e-09	0.01
0.40765625		4.11315252376e-09	0.01
0.40796875		4.11315252376e-09	0.01
0.40828125		4.11315252376e-09	0.01
0.40859375		4.11315252376e-09	0.01
0.40890625		4.11315252376e-09	0.01
0.40921875		4.11315252376e-09	0.01
0.40953125		4.11315252376e-09	0.01
0.40984375		4.11315252376e-09	0.01
0.41015625		4.11315252376e-09	0.01
0.41046875		4.11315252376e-09	0.01
0.41078125		4.11315252376e-09	0.01
0.41109375		4.11315252376e-09	0.01
0.41140625		4.11315252376e-09	0.01
0.41171875		4.11315252376e-09	0.01
0.41203125		4.11315252376e-09	0.01
0.41234375		4.11315252376e-09	0.01
0.41265625		4.11315252376e-09	0.01
0.41296875		4.11315252376e-09	0.01
0.41328125		4.11315252376e-09	0.01
0.41359375		4.11315252376e-09	0.01
0.41390625		4.11315252376e-09	0.01
0.41421875		4.11315252376e-09	0.01
0.41453125		4.11315252376e-09	0.01
0.41484375		4.11315252376e-09	0.01
0.41515625		4.11315252376e-09	0.01
0.41546875		4.11315252376e-09	0.01
0.41578125		4.11315252376e-09	0.01
0.41609375		4.11315252376e-09	0.01
0.41640625		4.11315252376e-09	0.01
0.41671875		4.11315252376e-09	0.01
0.41703125		4.11315252376e-09	0.01
0.41734375		4.11315252376e-09	0.01
0.41765625		4.11315252376e-09	0.01
0.41796875		4.11315252376e-09	0.01
0.41828125		4.11315252376e-09	0.01
0.41859375		4.11315252376e-09	0.01
0.41890625		4.11315252376e-09	0.01
0.41921875		4.11315252376e-09	0.01
0.41953125		4.11315252376e-09	0.01
0.41984375		4.11315252376e-09	0.01
0.42015625		4.11315252376e-09	0.01
0.42046875		4.11315252376e-09	0.01
0.42078125		4.11315252376e-09	0.01
0.42109375		4.11315252376e-09	0.01
0.42140625		4.11315252376e-09	0.01
0.42171875		4.11315252376e-09	0.01
0.42203125		4.11315252376e-09	0.01
0.42234375		4.11315252376e-09	0.01
0.42265625		4.11315252376e-09	0.01
0.42296875		4.11315252376e-09	0.01
0.42328125		4.11315252376e-09	0.01
0.42359375		4.11315252376e-09	0.01
0.42390625		4.11315252376e-09	0.01
0.42421875		4.11315252376e-09	0.01
0.42453125		4.11315252376e-09	0.01
0.42484375		4.11315252376e-09	0.01
0.42515625		4.11315252376e-09	0.01
0.42546875		4.11315252376e-09	0.01
0.42578125		4.11315252376e-09	0.01
0.42609375		4.11315252376e-09	0.01
0.42640625		4.11315252376e-09	0.01
0.42671875		4.11315252376e-09	0.01
0.42703125		4.11315252376e-09	0.01
0.42734375		4.11315252376e-09	0.01
0.42765625		4.11315252376e-09	0.01
0.42796875		4.11315252376e-09	0.01
0.42828125		4.11315252376e-09	0.01
0.42859375		4.11315252376e-09	0.01
0.42890625		4.11315252376e-09	0.01
0.42921875		4.11315252376e-09	0.01
0.42953125		4.11315252376e-09	0.01
0.42984375		4.11315252376e-09	0.01
0.43015625		4.11315252376e-09	0.01
0.43046875		4.11315252376e-09	0.01
0.43078125		4.11315252376e-09	0.01
0.43109375		4.11315252376e-09	0.01
0.43140625		4.11315252376e-09	0.01
0.43171875		4.11315252376e-09	0.01
0.43203125		4.11315252376e-09	0.01
0.43234375		4.11315252376e-09	0.01
0.43265625		4.11315252376e-09	0.01
0.43296875		4.11315252376e-09	0.01
0.43328125		4.11315252376e-09	0.01
0.43359375		4.11315252376e-09	0.01
0.43390625		4.11315252376e-09	0.01
0.43421875		4.11315252376e-09	0.01
0.43453125		4.11315252376e-09	0.01
0.43484375		4.11315252376e-09	0.01
0.43515625		4.11315252376e-09	0.01
0.43546875		4.11315252376e-09	0.01
0.43578125		4.11315252376e-09	0.01
0.43609375		4.11315252376e-09	0.01
0.43640625		4.11315252376e-09	0.01
0.43671875		4.11315252376e-09	0.01
0.43703125		4.11315252376e-09	0.01
0.43734375		4.11315252376e-09	0.01
0.43765625		4.11315252376e-09	0.01
0.43796875		4.11315252376e-09	0.01
0.43828125		4.11315252376e-09	0.01
0.43859375		4.11315252376e-09	0.01
0.43890625		4.11315252376e-09	0.01
0.43921875		4.11315252376e-09	0.01
0.43953125		4.11315252376e-09	0.01
0.43984375		4.11315252376e-09	0.01
0.44015625		4.11315252376e-09	0.01
0.44046875		4.11315252376e-09	0.01
0.44078125		4.11315252376e-09	0.01
0.44109375		4.11315252376e-09	0.01
0.44140625		4.11315252376e-09	0.01
0.44171875		4.11315252376e-09	0.01
0.44203125		4.11315252376e-09	0.01
0.44234375		4.11315252376e-09	0.01
0.44265625		4.11315252376e-09	0.01
0.44296875		4.11315252376e-09	0.01
0.44328125		4.11315252376e-09	0.01
0.44359375		4.11315252376e-09	0.01
0.44390625		4.11315252376e-09	0.01
0.44421875		4.11315252376e-09	0.01
0.44453125		4.11315252376e-09	0.01
0.44484375		4.11315252376e-09	0.01
0.44515625		4.11315252376e-09	0.01
0.44546875		4.11315252376e-09	0.01
0.44578125		4.11315252376e-09	0.01
0.44609375		4.11315252376e-09	0.01
0.44640625		4.11315252376e-09	0.01
0.44671875		4.11315252376e-09	0.01
0.44703125		4.11315252376e-09	0.01
0.44734375		4.11315252376e-09	0.01
0.44765625		4.11315252376e-09	0.01
0.44796875		4.11315252376e-09	0.01
0.44828125		4.11315252376e-09	0.01
0.44859375		4.11315252376e-09	0.01
0.44890625		4.11315252376e-09	0.01
0.44921875		4.11315252376e-09	0.01
0.44953125		4.11315252376e-09	0.01
0.44984375		4.11315252376e-09	0.01
0.45015625		4.11315252376e-09	0.01
0.45046875		4.11315252376e-09	0.01
0.45078125		4.11315252376e-09	0.01
0.45109375		4.11315252376e-09	0.01
0.45140625		4.11315252376e-09	0.01
0.45171875		4.11315252376e-09	0.01
0.45203125		4.11315252376e-09	0.01
0.45234375		4.11315252376e-09	0.01
0.45265625		4.11315252376e-09	0.01
0.45296875		4.11315252376e-09	0.01
0.45328125		4.11315252376e-09	0.01
0.45359375		4.11315252376e-09	0.01
0.45390625		4.11315252376e-09	0.01
0.45421875		4.11315252376e-09	0.01
0.45453125		4.11315252376e-09	0.01
0.45484375		4.11315252376e-09	0.01
0.45515625		4.11315252376e-09	0.01
0.45546875		4.11315252376e-09	0.01
0.45578125		4.11315252376e-09	0.01
0.45609375		4.11315252376e-09	0.01
0.45640625		4.11315252376e-09	0.01
0.45671875		4.11315252376e-09	0.01
0.45703125		4.11315252376e-09	0.01
0.45734375		4.11315252376e-09	0.01
0.45765625		4.11315252376e-09	0.01
0.45796875		4.11315252376e-09	0.01
0.45828125		4.11315252376e-09	0.01
0.45859375		4.11315252376e-09	0.01
0.45890625		4.11315252376e-09	0.01
0.45921875		4.11315252376e-09	0.01
0.45953125		4.11315252376e-09	0.01
0.45984375		4.11315252376e-09	0.01
0.46015625		4.11315252376e-09	0.01
0.46046875		4.11315252376e-09	0.01
0.46078125		4.11315252376e-09	0.01
0.46109375		4.11315252376e-09	0.01
0.46140625		4.11315252376e-09	0.01
0.46171875		4.11315252376e-09	0.01
0.46203125		4.11315252376e-09	0.01
0.46234375		4.11315252376e-09	0.01
0.46265625		4.11315252376e-09	0.01
0.46296875		4.11315252376e-09	0.01
0.46328125		4.11315252376e-09	0.01
0.46359375		4.11315252376e-09	0.01
0.46390625		4.11315252376e-09	0.01
0.46421875		4.11315252376e-09	0.01
0.46453125		4.11315252376e-09	0.01
0.46484375		4.11315252376e-09	0.01
0.46515625		4.11315252376e-09	0.01
0.46546875		4.11315252376e-09	0.01
0.46578125		4.11315252376e-09	0.01
0.46609375		4.11315252376e-09	0.01
0.46640625		4.11315252376e-09	0.01
0.46671875		4.11315252376e-09	0.01
0.46703125		4.11315252376e-09	0.01
0.46734375		4.11315252376e-09	0.01
0.46765625		4.11315252376e-09	0.01
0.46796875		4.11315252376e-09	0.01
0.46828125		4.11315252376e-09	0.01
0.46859375		4.11315252376e-09	0.01
0.46890625		4.11315252376e-09	0.01
0.46921875		4.11315252376e-09	0.01
0.46953125		4.11315252376e-09	0.01
0.46984375		4.11315252376e-09	0.01
0.47015625		4.11315252376e-09	0.01
0.47046875		4.11315252376e-09	0.01
0.47078125		4.11315252376e-09	0.01
0.47109375		4.11315252376e-09	0.01
0.47140625		4.11315252376e-09	0.01
0.47171875		4.11315252376e-09	0.01
0.47203125		4.11315252376e-09	0.01
0.47234375		4.11315252376e-09	0.01
0.47265625		4.11315252376e-09	0.01
0.47296875		4.11315252376e-09	0.01
0.47328125		4.11315252376e-09	0.01
0.47359375		4.11315252376e-09	0.01
0.47390625		4.11315252376e-09	0.01
0.47421875		4.11315252376e-09	0.01
0.47453125		4.11315252376e-09	0.01
0.47484375		4.11315252376e-09	0.01
0.47515625		4.11315252376e-09	0.01
0.47546875		4.11315252376e-09	0.01
0.47578125		4.11315252376e-09	0.01
0.47609375		4.11315252376e-09	0.01
0.47640625		4.11315252376e-09	0.01
0.47671875		4.11315252376e-09	0.01
0.47703125		4.11315252376e-09	0.01
0.47734375		4.11315252376e-09	0.01
0.47765625		4.11315252376e-09	0.01
0.47796875		4.11315252376e-09	0.01
0.47828125		4.11315252376e-09	0.01
0.47859375		4.11315252376e-09	0.01
0.47890625		4.11315252376e-09	0.01
0.47921875		4.11315252376e-09	0.01
0.47953125		4.11315252376e-09	0.01
0.47984375		4.11315252376e-09	0.01
0.48015625		4.11315252376e-09	0.01
0.48046875		4.11315252376e-09	0.01
0.48078125		4.11315252376e-09	0.01
0.48109375		4.11315252376e-09	0.01
0.48140625		4.11315252376e-09	0.01
0.48171875		4.11315252376e-09	0.01
0.48203125		4.11315252376e-09	0.01
0.48234375		4.11315252376e-09	0.01
0.48265625		4.11315252376e-09	0.01
0.48296875		4.11315252376e-09	0.01
0.48328125		4.11315252376e-09	0.01
0.48359375		4.11315252376e-09	0.01
0.48390625		4.11315252376e-09	0.01
0.48421875		4.11315252376e-09	0.01
0.48453125		4.11315252376e-09	0.01
0.48484375		4.11315252376e-09	0.01
0.48515625		4.11315252376e-09	0.01
0.48546875		4.11315252376e-09	0.01
0.48578125		4.11315252376e-09	0.01
0.48609375		4.11315252376e-09	0.01
0.48640625		4.11315252376e-09	0.01
0.48671875		4.11315252376e-09	0.01
0.48703125		4.11315252376e-09	0.01
0.48734375		4.11315252376e-09	0.01
0.48765625		4.11315252376e-09	0.01
0.48796875		4.11315252376e-09	0.01
0.48828125		4.11315252376e-09	0.01
0.48859375		4.11315252376e-09	0.01
0.48890625		4.11315252376e-09	0.01
0.48921875		4.11315252376e-09	0.01
0.48953125		4.11315252376e-09	0.01
0.48984375		4.11315252376e-09	0.01
0.49015625		4.11315252376e-09	0.01
0.49046875		4.11315252376e-09	0.01
0.49078125		4.11315252376e-09	0.01
0.49109375		4.11315252376e-09	0.01
0.49140625		4.11315252376e-09	0.01
0.49171875		4.11315252376e-09	0.01
0.49203125		4.11315252376e-09	0.01
0.49234375		4.11315252376e-09	0.01
0.49265625		4.11315252376e-09	0.01
0.49296875		4.11315252376e-09	0.01
0.49328125		4.11315252376e-09	0.01
0.49359375		4.11315252376e-09	0.01
0.49390625		4.11315252376e-09	0.01
0.49421875		4.11315252376e-09	0.01
0.49453125		4.11315252376e-09	0.01
0.49484375		4.11315252376e-09	0.01
0.49515625		4.11315252376e-09	0.01
0.49546875		4.11315252376e-09	0.01
0.49578125		4.11315252376e-09	0.01
0.49609375		4.11315252376e-09	0.01
0.49640625		4.11315252376e-09	0.01
0.49671875		4.11315252376e-09	0.01
0.49703125		4.11315252376e-09	0.01
0.49734375		4.11315252376e-09	0.01
0.49765625		4.11315252376e-09	0.01
0.49796875		4.11315252376e-09	0.01
0.49828125		4.11315252376e-09	0.01
0.49859375		4.11315252376e-09	0.01
0.49890625		4.11315252376e-09	0.01
0.49921875		4.11315252376e-09	0.01
0.49953125		4.11315252376e-09	0.01
0.49984375		4.11315252376e-09	0.01
