0.00015625		0.404740898664	0.995978404389
0.00046875		0.40457497852	0.995876172533
0.00078125		0.404344464756	0.995734394613
0.00109375		0.404126232547	0.995599936553
0.00140625		0.403945936852	0.995488791496
0.00171875		0.403783387885	0.99538856359
0.00203125		0.403627582457	0.995292473821
0.00234375		0.403473411992	0.995197354194
0.00265625		0.403319756249	0.995102555114
0.00296875		0.403166812244	0.995008171073
0.00328125		0.403015267656	0.994914638498
0.00359375		0.40286534861	0.994822111801
0.00390625		0.402717146841	0.994730630876
0.00421875		0.402570663127	0.99464017438
0.00453125		0.402425858826	0.99455069939
0.00484375		0.402282664381	0.994462158076
0.00515625		0.402141007805	0.994374499813
0.00546875		0.402000759374	0.994287681533
0.00578125		0.401861778321	0.994201651902
0.00609375		0.401723951285	0.994116362954
0.00640625		0.401587221694	0.994031770737
0.00671875		0.40145157876	0.993947837326
0.00703125		0.401316973539	0.993864527812
0.00734375		0.401183367928	0.993781798115
0.00765625		0.401050714453	0.993699611257
0.00796875		0.400918929606	0.993617937963
0.00828125		0.400788005162	0.993536756026
0.00859375		0.400657885383	0.993456037635
0.00890625		0.400528490013	0.993375751205
0.00921875		0.400399780403	0.99329587444
0.00953125		0.400271716545	0.993216388653
0.00984375		0.400144234326	0.993137267869
0.01015625		0.400017284585	0.993058491811
0.01046875		0.399890824761	0.992980038269
0.01078125		0.399764884414	0.992901883687
0.01109375		0.399639503183	0.992824003999
0.01140625		0.399514647779	0.992746389208
0.01171875		0.399390293193	0.992669032855
0.01203125		0.399266355385	0.992591925935
0.01234375		0.399142795044	0.992515051444
0.01265625		0.399019539206	0.992438391042
0.01296875		0.39889654899	0.992361932055
0.01328125		0.398773891128	0.99228566519
0.01359375		0.39865160097	0.992209582095
0.01390625		0.39852964957	0.992133671417
0.01421875		0.398408006931	0.99205792029
0.01453125		0.398286678569	0.991982320089
0.01484375		0.398165635595	0.991906865961
0.01515625		0.398044829058	0.99183155321
0.01546875		0.397924208489	0.991756370602
0.01578125		0.397803714928	0.991681305015
0.01609375		0.397683434799	0.991606354277
0.01640625		0.39756344985	0.991531519373
0.01671875		0.397443693781	0.991456796305
0.01703125		0.397324105596	0.991382171274
0.01734375		0.397204658811	0.991307630125
0.01765625		0.397085367197	0.991233168241
0.01796875		0.396966240107	0.991158785871
0.01828125		0.396847286423	0.991084481171
0.01859375		0.396728503426	0.991010250797
0.01890625		0.396609851102	0.990936089725
0.01921875		0.396491298592	0.990861991267
0.01953125		0.396372812985	0.990787951444
0.01984375		0.396254363751	0.990713971548
0.02015625		0.396136071342	0.990640051797
0.02046875		0.396017958612	0.990566187714
0.02078125		0.39590000243	0.990492372485
0.02109375		0.39578219922	0.990418601402
0.02140625		0.395664558258	0.990344872784
0.02171875		0.395546953959	0.990271186212
0.02203125		0.395429401045	0.990197540399
0.02234375		0.395311848303	0.990123931763
0.02265625		0.39519422036	0.990050355525
0.02296875		0.395076667126	0.989976808573
0.02328125		0.394959282782	0.989903290588
0.02359375		0.394842041013	0.989829802133
0.02390625		0.39472494957	0.989756341555
0.02421875		0.394607985672	0.989682904885
0.02453125		0.39449118594	0.98960948841
0.02484375		0.394374336602	0.989536091351
0.02515625		0.394257462047	0.98946271482
0.02546875		0.394140561016	0.989389358494
0.02578125		0.394023558415	0.989316019444
0.02609375		0.393906579234	0.989242694366
0.02640625		0.393789732268	0.98916938199
0.02671875		0.393673013563	0.989096082868
0.02703125		0.393556432075	0.989022796967
0.02734375		0.393439963996	0.988949521989
0.02765625		0.393323712138	0.988876254911
0.02796875		0.393207468794	0.988802994251
0.02828125		0.393091079745	0.988729740728
0.02859375		0.392974656046	0.988656495069
0.02890625		0.392858130614	0.988583256521
0.02921875		0.392741478293	0.98851002304
0.02953125		0.392624925155	0.988436792872
0.02984375		0.392508493343	0.988363565512
0.03015625		0.39239217753	0.988290341261
0.03046875		0.392276045078	0.988217119524
0.03078125		0.392160067102	0.988143898291
0.03109375		0.392044323646	0.98807067546
0.03140625		0.39192840732	0.987997450201
0.03171875		0.391812318879	0.987924223166
0.03203125		0.391696154972	0.987850994638
0.03234375		0.391579788167	0.987777763696
0.03265625		0.391463280107	0.98770452895
0.03296875		0.391346923178	0.987631289561
0.03328125		0.391230736309	0.987558045743
0.03359375		0.391114765495	0.987484797752
0.03390625		0.390998957669	0.987411544654
0.03421875		0.390883523096	0.987338284637
0.03453125		0.390768064373	0.987265016437
0.03484375		0.390652234566	0.987191740503
0.03515625		0.390536277412	0.987118457461
0.03546875		0.390420124977	0.987045166693
0.03578125		0.39030369399	0.986971867093
0.03609375		0.390187290551	0.986898558309
0.03640625		0.39007113252	0.98682524026
0.03671875		0.389955179908	0.98675191298
0.03703125		0.389839498905	0.986678575557
0.03734375		0.389724098586	0.98660522678
0.03765625		0.389608986332	0.986531865699
0.03796875		0.389493491296	0.986458492301
0.03828125		0.389377646039	0.986385107435
0.03859375		0.389261646523	0.986311710779
0.03890625		0.389145324631	0.986238301482
0.03921875		0.389028854951	0.986164879139
0.03953125		0.388912640284	0.986091443935
0.03984375		0.388796643687	0.986017995818
0.04015625		0.388680947356	0.985944534305
0.04046875		0.388565451522	0.985871057718
0.04078125		0.388450475991	0.98579756489
0.04109375		0.388335347956	0.985724055532
0.04140625		0.388219631267	0.985650530801
0.04171875		0.388103703557	0.985576991383
0.04203125		0.387987493207	0.98550343606
0.04234375		0.387871012484	0.985429863976
0.04265625		0.387754718078	0.985356275149
0.04296875		0.387638659134	0.985282670447
0.04328125		0.387522796946	0.985209049972
0.04359375		0.387407239748	0.985135412296
0.04390625		0.387291982512	0.985061755411
0.04421875		0.387177107551	0.984988078569
0.04453125		0.387061688572	0.984914382975
0.04484375		0.386945804203	0.984840670057
0.04515625		0.386829679791	0.984766939175
0.04546875		0.386713232156	0.984693188692
0.04578125		0.386596842143	0.984619418394
0.04609375		0.386480672208	0.984545629243
0.04640625		0.386364695485	0.984471822265
0.04671875		0.386248933328	0.984397996332
0.04703125		0.386133391051	0.984324149265
0.04734375		0.386018322875	0.984250279783
0.04765625		0.385903258165	0.984176388568
0.04796875		0.385787515122	0.984102477527
0.04828125		0.385671464427	0.984028546869
0.04859375		0.385555068972	0.983954594834
0.04890625		0.385438552845	0.983880620395
0.04921875		0.385322286878	0.983806624571
0.04953125		0.385206165613	0.983732608689
0.04984375		0.385090200278	0.983658572773
0.05015625		0.384974482446	0.983584514412
0.05046875		0.384858939899	0.983510431751
0.05078125		0.384743876901	0.983436325113
0.05109375		0.384628419788	0.983362196232
0.05140625		0.384512437105	0.98328804623
0.05171875		0.384396141248	0.983213873508
0.05203125		0.384279555455	0.983139676404
0.05234375		0.384163125804	0.983065455466
0.05265625		0.384046884234	0.982991212622
0.05296875		0.38393077477	0.982916948515
0.05328125		0.383814781633	0.982842661252
0.05359375		0.383699006586	0.982768348203
0.05390625		0.383583481714	0.982694009277
0.05421875		0.383468179992	0.982619646321
0.05453125		0.3833523283	0.982545260728
0.05484375		0.383236137886	0.982470851468
0.05515625		0.383119584119	0.982396416251
0.05546875		0.383002960752	0.982321955056
0.05578125		0.382886573203	0.98224747004
0.05609375		0.382770292794	0.982172962751
0.05640625		0.382654138564	0.982098431701
0.05671875		0.382538105806	0.982023873979
0.05703125		0.382422199711	0.981949288579
0.05734375		0.382306632008	0.981874677469
0.05765625		0.382190937414	0.981800042609
0.05796875		0.382074805588	0.981725383451
0.05828125		0.38195836234	0.981650697358
0.05859375		0.381841623738	0.981575983365
0.05890625		0.381725016463	0.98150124356
0.05921875		0.381608594045	0.98142648025
0.05953125		0.381492250345	0.981351693018
0.05984375		0.381375973228	0.98127687867
0.06015625		0.381259869719	0.981202035292
0.06046875		0.381143836787	0.981127164269
0.06078125		0.381028068545	0.981052268367
0.06109375		0.380911997878	0.980977347751
0.06140625		0.380795633894	0.980902399848
0.06171875		0.380678934091	0.980827422549
0.06203125		0.380562104633	0.980752417292
0.06234375		0.380445467857	0.980677387183
0.06265625		0.380328942408	0.980602332867
0.06296875		0.380212497652	0.98052725164
0.06328125		0.380096099203	0.980452140476
0.06359375		0.379979829462	0.98037699983
0.06390625		0.379863701492	0.980301832726
0.06421875		0.379747617764	0.980226640594
0.06453125		0.379631254852	0.980151421259
0.06484375		0.379514634001	0.980076171748
0.06515625		0.379397709747	0.980000892209
0.06546875		0.379280822919	0.979925585934
0.06578125		0.379164105361	0.97985025502
0.06609375		0.379047436908	0.979774897563
0.06640625		0.378930849323	0.979699510018
0.06671875		0.37881433592	0.979624091379
0.06703125		0.378697887734	0.979548644415
0.06734375		0.378581599602	0.979473171771
0.06765625		0.37846518743	0.979397672307
0.06796875		0.378348566526	0.979322142554
0.06828125		0.378231660128	0.979246581205
0.06859375		0.378114560478	0.979170990923
0.06890625		0.37799759874	0.979095375036
0.06921875		0.377880747971	0.979019732985
0.06953125		0.37776395359	0.978944061189
0.06984375		0.377647186925	0.978868357357
0.07015625		0.377530534536	0.978792623227
0.07046875		0.377413934756	0.978716862146
0.07078125		0.377297389944	0.978641074535
0.07109375		0.377180692525	0.978565257135
0.07140625		0.377063780883	0.978489407287
0.07171875		0.376946581132	0.978413526422
0.07203125		0.376829373364	0.978337618319
0.07234375		0.376712309752	0.97826168418
0.07265625		0.376595293379	0.978185720949
0.07296875		0.376478338871	0.978109725383
0.07328125		0.376361435222	0.978033697754
0.07359375		0.376244592298	0.977957641526
0.07390625		0.37612782691	0.977881558591
0.07421875		0.376010996939	0.977805446617
0.07453125		0.375894015545	0.977729302094
0.07484375		0.375776762106	0.977653124866
0.07515625		0.37565934151	0.977576918435
0.07546875		0.375542043943	0.977500685461
0.07578125		0.375424829999	0.977424424255
0.07609375		0.375307659913	0.977348130931
0.07640625		0.375190525454	0.977271804324
0.07671875		0.375073462365	0.977195447171
0.07703125		0.374956449854	0.977119062561
0.07734375		0.37483943934	0.977042649623
0.07765625		0.374722338369	0.976966204669
0.07796875		0.374605011052	0.976889725899
0.07828125		0.374487439266	0.97681321585
0.07859375		0.374369905655	0.976736678157
0.07890625		0.374252476608	0.976660112813
0.07921875		0.374135089185	0.976583516177
0.07953125		0.374017744767	0.97650688561
0.07984375		0.37390044669	0.976430222579
0.08015625		0.373783203753	0.976353530729
0.08046875		0.373665981681	0.976276810968
0.08078125		0.373548721715	0.976200060129
0.08109375		0.373431291004	0.976123275083
0.08140625		0.37331359583	0.976046456796
0.08171875		0.373195830096	0.975969609281
0.08203125		0.373078182618	0.975892734237
0.08234375		0.372960587808	0.975815828969
0.08265625		0.37284302253	0.975738889745
0.08296875		0.372725496026	0.975661916475
0.08328125		0.372608022554	0.975584912696
0.08359375		0.372490583776	0.975507880776
0.08390625		0.372373138203	0.975430818749
0.08421875		0.372255568361	0.975353722776
0.08453125		0.37213775071	0.975276592242
0.08484375		0.37201977704	0.975199430612
0.08515625		0.371901908058	0.975122240871
0.08546875		0.371784095309	0.9750450217
0.08578125		0.371666312632	0.974967769239
0.08609375		0.371548568666	0.974890481886
0.08640625		0.371430860078	0.974813162209
0.08671875		0.371313203082	0.974735813425
0.08703125		0.371195553561	0.974658435084
0.08734375		0.371077819128	0.974581023722
0.08765625		0.37095986192	0.974503577358
0.08796875		0.370841707565	0.974426098127
0.08828125		0.37072361036	0.974348589427
0.08859375		0.370605580579	0.974271051388
0.08890625		0.370487585843	0.974193481027
0.08921875		0.370369619695	0.974115875956
0.08953125		0.37025168168	0.974038237355
0.08984375		0.370133801917	0.973960568154
0.09015625		0.370015932785	0.973882869062
0.09046875		0.369898016293	0.973805137594
0.09078125		0.369779909006	0.973727371378
0.09109375		0.369661585428	0.973649571349
0.09140625		0.369543258972	0.97357174056
0.09171875		0.369425015607	0.973493880055
0.09203125		0.369306809796	0.973415987615
0.09234375		0.369188622397	0.973338060522
0.09265625		0.369070463464	0.973260098966
0.09296875		0.368952345526	0.973182105651
0.09328125		0.368834248416	0.973104082093
0.09359375		0.368716128597	0.973026026657
0.09390625		0.368597861445	0.972947936524
0.09421875		0.368479375791	0.972869811572
0.09453125		0.368360828546	0.972791654506
0.09484375		0.368242372323	0.972713467314
0.09515625		0.368123949529	0.972635248714
0.09546875		0.368005540937	0.972556995733
0.09578125		0.36788716394	0.972478707511
0.09609375		0.36776881175	0.972400386248
0.09640625		0.367650482679	0.972322034187
0.09671875		0.367532143614	0.972243650626
0.09703125		0.367413694682	0.97216523282
0.09734375		0.367295045515	0.97208677957
0.09765625		0.367176289988	0.972008292921
0.09796875		0.367057618386	0.971929775351
0.09828125		0.36693897912	0.971851226701
0.09859375		0.366820353958	0.971772644242
0.09890625		0.366701751926	0.971694026125
0.09921875		0.36658316682	0.971615373717
0.09953125		0.366464607809	0.971536689655
0.09984375		0.366346045173	0.971457974372
0.10015625		0.366227399124	0.971379225381
0.10046875		0.366108576145	0.971300440667
0.10078125		0.365989627045	0.971221621329
0.10109375		0.365870734558	0.971142770135
0.10140625		0.365751875902	0.971063887878
0.10171875		0.365633034003	0.970984972428
0.10203125		0.36551420971	0.97090602129
0.10234375		0.365395394647	0.97082703478
0.10265625		0.365276604673	0.970748015536
0.10296875		0.365157812971	0.970668964979
0.10328125		0.36503896154	0.970589881415
0.10359375		0.364919957474	0.970510762169
0.10390625		0.364800815383	0.970431607243
0.10421875		0.364681702961	0.970352419263
0.10453125		0.36456262682	0.970273200054
0.10484375		0.364443567325	0.970193948235
0.10515625		0.364324517952	0.97011466098
0.10546875		0.364205474442	0.970035337532
0.10578125		0.36408645397	0.96995598012
0.10609375		0.363967431277	0.969876590983
0.10640625		0.363848367335	0.96979716938
0.10671875		0.363729176926	0.96971771258
0.10703125		0.363609845214	0.969638219374
0.10734375		0.363490511139	0.969558691773
0.10765625		0.363371215453	0.969479132304
0.10796875		0.363251936947	0.969399540777
0.10828125		0.363132662975	0.969319914382
0.10859375		0.363013393531	0.9692402513
0.10890625		0.362894141209	0.96916055294
0.10921875		0.362774888789	0.969080822077
0.10953125		0.362655607841	0.96900105915
0.10984375		0.36253622215	0.968921261675
0.11015625		0.362416699855	0.968841427541
0.11046875		0.362297145737	0.968761557691
0.11078125		0.362177630545	0.968681654963
0.11109375		0.362058130975	0.96860172037
0.11140625		0.361938633092	0.968521751768
0.11171875		0.361819139586	0.968441746455
0.11203125		0.361699654772	0.968361704645
0.11234375		0.361580172843	0.968281629094
0.11265625		0.361460670347	0.968201521529
0.11296875		0.361341085329	0.968121380288
0.11328125		0.361221370675	0.968041202552
0.11359375		0.361101598011	0.967960988039
0.11390625		0.36098186288	0.967880739263
0.11421875		0.360862140102	0.967800458415
0.11453125		0.360742418191	0.967720144361
0.11484375		0.360622700586	0.967639794099
0.11515625		0.360502984232	0.967559406487
0.11546875		0.360383272835	0.967478983659
0.11578125		0.360263546676	0.967398528276
0.11609375		0.360143754844	0.96731804002
0.11640625		0.360023848331	0.967237515944
0.11671875		0.359903862379	0.967156954424
0.11703125		0.359783903597	0.967076357124
0.11734375		0.359663956384	0.966995726926
0.11765625		0.359544011846	0.96691506419
0.11796875		0.359424068471	0.966834366096
0.11828125		0.359304120588	0.96675363036
0.11859375		0.359184179289	0.966672857936
0.11890625		0.359064226874	0.966592051838
0.11921875		0.358944225482	0.966511213227
0.11953125		0.358824124436	0.966430339828
0.11984375		0.358703931303	0.966349428962
0.12015625		0.358583745861	0.966268480949
0.12046875		0.358463573858	0.966187498646
0.12078125		0.35834340572	0.966106483925
0.12109375		0.358223235764	0.966025434959
0.12140625		0.358103058244	0.965944348641
0.12171875		0.357982886223	0.965863224488
0.12203125		0.357862704841	0.965782065087
0.12234375		0.357742489591	0.965700872976
0.12265625		0.357622191219	0.965619647097
0.12296875		0.35750179613	0.965538384315
0.12328125		0.35738138326	0.965457083472
0.12359375		0.357260986463	0.965375746696
0.12390625		0.357140594436	0.965294376894
0.12421875		0.357020198867	0.965212973824
0.12453125		0.356899794782	0.965131534225
0.12484375		0.356779388906	0.965050056183
0.12515625		0.356658978296	0.964968541259
0.12546875		0.356538543418	0.964886992648
0.12578125		0.35641804264	0.964805411051
0.12609375		0.356297448232	0.964723793526
0.12640625		0.356176810158	0.964642137654
0.12671875		0.356056188928	0.964560444297
0.12703125		0.355935571909	0.964478716625
0.12734375		0.355814950812	0.964396956131
0.12765625		0.355694321911	0.964315160298
0.12796875		0.355573683859	0.96423332611
0.12828125		0.355453043585	0.96415145366
0.12859375		0.355332385066	0.964069545943
0.12890625		0.355211674914	0.963987605312
0.12921875		0.355090882191	0.963905630011
0.12953125		0.354970025551	0.963823616727
0.12984375		0.35484917799	0.963741564826
0.13015625		0.354728334687	0.963659476854
0.13046875		0.354607488073	0.963577355759
0.13078125		0.354486633712	0.963495200568
0.13109375		0.354365765704	0.963413007661
0.13140625		0.354244894469	0.963330775659
0.13171875		0.354124009128	0.963248506633
0.13203125		0.354003086755	0.963166203962
0.13234375		0.35388209501	0.96308386769
0.13265625		0.353761028042	0.963001494239
0.13296875		0.353639950078	0.962919081651
0.13328125		0.353518879122	0.962836631394
0.13359375		0.353397806588	0.96275414691
0.13390625		0.353276725646	0.962671629105
0.13421875		0.353155630302	0.962589074562
0.13453125		0.353034528191	0.962506480759
0.13484375		0.352913414365	0.962423848555
0.13515625		0.352792276108	0.962341181294
0.13546875		0.352671081838	0.962258480748
0.13578125		0.352549811663	0.96217574411
0.13609375		0.352428503943	0.962092968472
0.13640625		0.352307204201	0.962010154059
0.13671875		0.352185904526	0.961927303816
0.13703125		0.352064596173	0.961844420158
0.13734375		0.351943275725	0.96176150093
0.13765625		0.351821942624	0.961678542814
0.13796875		0.351700600627	0.961595545457
0.13828125		0.351579240644	0.961512511391
0.13859375		0.351457837885	0.961429443575
0.13890625		0.351336367433	0.961346340705
0.13921875		0.351214838522	0.961263199353
0.13953125		0.351093308239	0.961180018648
0.13984375		0.350971780336	0.961096800576
0.14015625		0.350850245843	0.961013548275
0.14046875		0.350728699933	0.960930261247
0.14078125		0.350607138067	0.960846936063
0.14109375		0.350485566937	0.960763571307
0.14140625		0.350363981388	0.960680168466
0.14171875		0.350242364833	0.960596730743
0.14203125		0.350120691082	0.960513258495
0.14234375		0.349998950294	0.960429748631
0.14265625		0.349877189762	0.960346199297
0.14296875		0.349755433055	0.96026261143
0.14328125		0.349633672441	0.960178988012
0.14359375		0.349511900192	0.960095330069
0.14390625		0.349390111857	0.96001163494
0.14421875		0.349268312538	0.959927900345
0.14453125		0.349146499893	0.959844126721
0.14484375		0.349024665446	0.959760316773
0.14515625		0.34890278272	0.959676472146
0.14546875		0.348780835389	0.95959259083
0.14578125		0.348658848343	0.959508670345
0.14609375		0.348536862057	0.959424710606
0.14640625		0.348414874823	0.959340713881
0.14671875		0.348292876202	0.959256682167
0.14703125		0.34817086311	0.959172614092
0.14734375		0.348048835851	0.959088507054
0.14765625		0.347926796545	0.959004360465
0.14796875		0.347804739826	0.95892017619
0.14828125		0.347682644703	0.958835956467
0.14859375		0.347560491906	0.958751700688
0.14890625		0.347438284686	0.958667406383
0.14921875		0.347316067971	0.958583072494
0.14953125		0.347193852606	0.958498700387
0.14984375		0.347071628883	0.958414292307
0.15015625		0.346949391392	0.958329848289
0.15046875		0.346827137375	0.958245366075
0.15078125		0.346704870988	0.958160844188
0.15109375		0.346582589288	0.958076283507
0.15140625		0.346460278952	0.95799168623
0.15171875		0.346337918245	0.957907053046
0.15203125		0.34621549788	0.957822382111
0.15234375		0.346093053287	0.957737671678
0.15265625		0.345970608581	0.957652922081
0.15296875		0.345848159322	0.957568135298
0.15328125		0.345725696309	0.957483312467
0.15359375		0.345603216208	0.957398452195
0.15390625		0.345480723041	0.957313552538
0.15421875		0.345358215777	0.957228613297
0.15453125		0.345235687483	0.957143636236
0.15484375		0.345113116549	0.957058622881
0.15515625		0.344990488334	0.956973572419
0.15546875		0.344867818825	0.956888482905
0.15578125		0.344745144024	0.956803353604
0.15609375		0.344622467728	0.956718185944
0.15640625		0.344499779326	0.956632981629
0.15671875		0.344377074628	0.956547740402
0.15703125		0.344254354783	0.956462460373
0.15734375		0.344131621238	0.956377140322
0.15765625		0.344008870704	0.956291781332
0.15796875		0.343886087838	0.956206385236
0.15828125		0.34376325449	0.956120952386
0.15859375		0.343640367692	0.956035481123
0.15890625		0.343517462457	0.955949969845
0.15921875		0.343394556195	0.955864419152
0.15953125		0.343271642469	0.955778830863
0.15984375		0.343148714028	0.955693205859
0.16015625		0.343025768156	0.955607542739
0.16046875		0.342902808476	0.955521839606
0.16078125		0.342779834067	0.955436096511
0.16109375		0.342656836347	0.955350315251
0.16140625		0.342533796003	0.955264497232
0.16171875		0.342410699311	0.955178641477
0.16203125		0.342287567907	0.955092745953
0.16234375		0.342164430855	0.955006810068
0.16265625		0.34204128992	0.954920835452
0.16296875		0.341918135539	0.954834823886
0.16328125		0.341794964971	0.954748774879
0.16359375		0.341671780452	0.954662686341
0.16390625		0.341548581634	0.954576557033
0.16421875		0.341425364893	0.954490388355
0.16453125		0.341302114116	0.954404182407
0.16484375		0.34117881383	0.954317939322
0.16515625		0.341055463695	0.954231657105
0.16546875		0.340932096012	0.954145333944
0.16578125		0.340808725407	0.954058970826
0.16609375		0.34068534555	0.953972570011
0.16640625		0.340561950669	0.953886132272
0.16671875		0.340438540558	0.953799655752
0.16703125		0.34031511688	0.953713138163
0.16734375		0.340191677967	0.953626579975
0.16765625		0.340068215766	0.953539983541
0.16796875		0.339944711475	0.953453350294
0.16828125		0.339821150785	0.953366678703
0.16859375		0.339697555967	0.953279966185
0.16890625		0.339573954137	0.95319321255
0.16921875		0.339450347692	0.953106420068
0.16953125		0.339326728792	0.953019590746
0.16984375		0.339203094529	0.952932723464
0.17015625		0.339079446341	0.952845815457
0.17046875		0.338955783847	0.9527588658
0.17078125		0.338832103865	0.952671876596
0.17109375		0.338708392196	0.952584850375
0.17140625		0.338584629596	0.952497786615
0.17171875		0.338460816012	0.95241068251
0.17203125		0.338336983433	0.952323536388
0.17234375		0.338213147894	0.952236350018
0.17265625		0.338089304042	0.952149126295
0.17296875		0.337965446157	0.952061865419
0.17328125		0.337841575061	0.951974564634
0.17359375		0.33771768999	0.95188722156
0.17390625		0.337593787825	0.951799837472
0.17421875		0.337469863666	0.951712415479
0.17453125		0.337345899103	0.951624956602
0.17484375		0.337221877671	0.95153745836
0.17515625		0.337097820169	0.951449917848
0.17546875		0.33697375328	0.951362335643
0.17578125		0.336849683308	0.951274714851
0.17609375		0.336725602694	0.951187057293
0.17640625		0.336601507912	0.951099360979
0.17671875		0.336477399083	0.951011622551
0.17703125		0.33635327551	0.950923841752
0.17734375		0.336229133113	0.950836021501
0.17765625		0.336104962444	0.950748164366
0.17796875		0.33598074117	0.950660269108
0.17828125		0.335856468278	0.950572332108
0.17859375		0.335732173132	0.950484352206
0.17890625		0.335607873325	0.950396331965
0.17921875		0.335483568338	0.950308274555
0.17953125		0.33535925057	0.950220179634
0.17984375		0.335234918371	0.95013204348
0.18015625		0.335110570583	0.950043864007
0.18046875		0.33498620721	0.949955643251
0.18078125		0.334861822885	0.949867384714
0.18109375		0.334737402207	0.949779089039
0.18140625		0.334612926659	0.949690752781
0.18171875		0.334488411116	0.949602373083
0.18203125		0.334363879201	0.949513951284
0.18234375		0.334239344775	0.949425490876
0.18265625		0.33411480484	0.949336993428
0.18296875		0.333990250093	0.949248456119
0.18328125		0.333865678298	0.949159875537
0.18359375		0.33374109142	0.949071252172
0.18390625		0.333616486239	0.948982589144
0.18421875		0.333491854411	0.948893888644
0.18453125		0.333367181358	0.948805148822
0.18484375		0.333242457601	0.94871636622
0.18515625		0.333117704001	0.948627540457
0.18546875		0.332992934442	0.94853867398
0.18578125		0.332868164158	0.948449769197
0.18609375		0.332743385326	0.948360825414
0.18640625		0.332618588839	0.948271839597
0.18671875		0.33249377296	0.948182810542
0.18703125		0.332368942462	0.9480937397
0.18734375		0.332244090538	0.948004629187
0.18765625		0.332119209326	0.947915479405
0.18796875		0.331994285802	0.947826288352
0.18828125		0.331869318004	0.947737054353
0.18859375		0.331744321885	0.947647777659
0.18890625		0.331619311926	0.947558459712
0.18921875		0.331494296617	0.94746910176
0.18953125		0.331369265705	0.947379703167
0.18984375		0.331244216681	0.947290262218
0.19015625		0.331119149576	0.947200777796
0.19046875		0.330994068172	0.94711125023
0.19078125		0.33086896627	0.947021681123
0.19109375		0.330743835211	0.946932071421
0.19140625		0.3306186597	0.946842419861
0.19171875		0.330493433776	0.946752724383
0.19203125		0.33036817426	0.94666298415
0.19234375		0.3302429063	0.946573200519
0.19265625		0.330117626765	0.94648337522
0.19296875		0.329992329423	0.946393507803
0.19328125		0.329867015559	0.946303596264
0.19359375		0.329741683342	0.946213638987
0.19390625		0.329616334109	0.946123636087
0.19421875		0.32949096201	0.94603358916
0.19453125		0.329365555507	0.945943498561
0.19484375		0.329240095685	0.945853362992
0.19515625		0.329114578502	0.94576318079
0.19546875		0.328989023469	0.945672950944
0.19578125		0.328863461073	0.945582674292
0.19609375		0.328737889306	0.945492352717
0.19640625		0.32861229917	0.945401987459
0.19671875		0.328486688318	0.945311578617
0.19703125		0.328361055587	0.945221123243
0.19734375		0.328235390298	0.945130612748
0.19765625		0.328109661568	0.945040030089
0.19796875		0.327983821881	0.944949343432
0.19828125		0.327857775202	0.944858490447
0.19859375		0.327731338465	0.944767348183
0.19890625		0.327604148548	0.944675652928
0.19921875		0.327475318708	0.944582750809
0.19953125		0.327342178703	0.944486710333
0.19984375		0.327194314342	0.944380125056
0.20015625		0.326966768984	0.944231676542
0.20046875		0.326633007154	0.943990316247
0.20078125		0.326259782248	0.943720596511
0.20109375		0.325876619551	0.943443397796
0.20140625		0.325493352522	0.943165823981
0.20171875		0.325112622973	0.942889845517
0.20203125		0.324732819372	0.942614297255
0.20234375		0.324353180141	0.94233863728
0.20265625		0.323973436081	0.942062680846
0.20296875		0.323593484429	0.941786335962
0.20328125		0.323213304128	0.941509560065
0.20359375		0.322832877632	0.941232338285
0.20390625		0.322452187386	0.940954666675
0.20421875		0.322071219376	0.940676542846
0.20453125		0.32168996328	0.940397963962
0.20484375		0.321308410056	0.94011892705
0.20515625		0.320926548027	0.939839429338
0.20546875		0.320544376234	0.939559468275
0.20578125		0.320161895622	0.939279041387
0.20609375		0.319779105207	0.93899814649
0.20640625		0.319396054052	0.938716781471
0.20671875		0.319012733542	0.938434944207
0.20703125		0.318629110397	0.93815263269
0.20734375		0.318245188886	0.937869845158
0.20765625		0.317860976024	0.937586579862
0.20796875		0.317476463782	0.937302835132
0.20828125		0.317091639934	0.937018609311
0.20859375		0.3167064953	0.936733900816
0.20890625		0.316321033895	0.936448708041
0.20921875		0.315935248323	0.93616302942
0.20953125		0.315549158318	0.935876863369
0.20984375		0.315162794969	0.935590208189
0.21015625		0.3147761419	0.935303062118
0.21046875		0.31438918646	0.935015423461
0.21078125		0.314001932177	0.934727290513
0.21109375		0.313614374696	0.93443866155
0.21140625		0.313226504247	0.934149534889
0.21171875		0.312838309753	0.933859908872
0.21203125		0.312449784315	0.933569781897
0.21234375		0.312060931545	0.933279152334
0.21265625		0.311671760516	0.932988018535
0.21296875		0.311282298241	0.932696378744
0.21328125		0.310892545247	0.93240423114
0.21359375		0.310502493655	0.932111573896
0.21390625		0.310112138125	0.931818405186
0.21421875		0.309721470069	0.931524723211
0.21453125		0.30933048111	0.931230526172
0.21484375		0.308939163974	0.930935812315
0.21515625		0.308547514357	0.930640579873
0.21546875		0.308155530638	0.930344827097
0.21578125		0.307763218355	0.930048552204
0.21609375		0.307370598148	0.929751753371
0.21640625		0.306977681588	0.929454428664
0.21671875		0.306584466477	0.929156576121
0.21703125		0.306190941341	0.928858193777
0.21734375		0.305797094494	0.928559279712
0.21765625		0.305402918478	0.928259832027
0.21796875		0.305008405842	0.927959848845
0.21828125		0.304613557133	0.927659328292
0.21859375		0.30421837431	0.927358268479
0.21890625		0.303822857805	0.927056667479
0.21921875		0.303427013146	0.926754523349
0.21953125		0.303030860703	0.926451834085
0.21984375		0.302634406868	0.926148597592
0.22015625		0.302237638741	0.925844811751
0.22046875		0.30184054095	0.925540474503
0.22078125		0.301443105321	0.925235583828
0.22109375		0.301045324755	0.924930137738
0.22140625		0.300647200759	0.924624134236
0.22171875		0.300248738035	0.924317571304
0.22203125		0.299849939886	0.924010446877
0.22234375		0.299450803656	0.923702758881
0.22265625		0.299051342337	0.923394505205
0.22296875		0.29865156836	0.923085683674
0.22328125		0.298251476261	0.922776292055
0.22359375		0.297851048846	0.922466328157
0.22390625		0.297450277102	0.92215578982
0.22421875		0.297049152403	0.921844674909
0.22453125		0.296647674163	0.921532981299
0.22484375		0.296245849916	0.921220706837
0.22515625		0.295843685519	0.920907849327
0.22546875		0.295441179458	0.920594406535
0.22578125		0.295038334499	0.920280376219
0.22609375		0.294635160048	0.919965756089
0.22640625		0.294231657561	0.919650543814
0.22671875		0.293827814267	0.919334737061
0.22703125		0.293423622708	0.919018333527
0.22734375		0.293019073556	0.918701330919
0.22765625		0.292614161699	0.918383726966
0.22796875		0.292208892448	0.918065519384
0.22828125		0.291803273805	0.917746705844
0.22859375		0.291397308048	0.917427283971
0.22890625		0.290990995374	0.917107251368
0.22921875		0.290584339042	0.916786605612
0.22953125		0.290177340642	0.916465344248
0.22984375		0.289769993101	0.916143464808
0.23015625		0.289362291026	0.91582096484
0.23046875		0.288954228046	0.915497841889
0.23078125		0.28854579638	0.915174093513
0.23109375		0.288136996567	0.91484971727
0.23140625		0.287727835356	0.914524710688
0.23171875		0.287318316714	0.914199071249
0.23203125		0.286908443027	0.913872796405
0.23234375		0.286498215409	0.91354588358
0.23265625		0.286087633405	0.91321833017
0.23296875		0.285676691702	0.912890133564
0.23328125		0.285265386647	0.912561291151
0.23359375		0.284853714098	0.912231800314
0.23390625		0.284441667385	0.911901658436
0.23421875		0.284029244343	0.911570862903
0.23453125		0.283616448502	0.911239411081
0.23484375		0.283203283716	0.910907300294
0.23515625		0.282789752028	0.910574527837
0.23546875		0.282375855818	0.910241090969
0.23578125		0.281961595248	0.909906986925
0.23609375		0.281546965275	0.909572212919
0.23640625		0.281131962104	0.909236766168
0.23671875		0.280716581917	0.90890064388
0.23703125		0.2803008194	0.908563843259
0.23734375		0.279884672305	0.908226361506
0.23765625		0.279468142765	0.907888195804
0.23796875		0.279051233706	0.907549343298
0.23828125		0.278633946228	0.907209801102
0.23859375		0.278216280104	0.906869566307
0.23890625		0.277798238499	0.906528635972
0.23921875		0.277379818344	0.906187007129
0.23953125		0.27696101554	0.905844676801
0.23984375		0.27654182602	0.905501642004
0.24015625		0.276122244362	0.905157899747
0.24046875		0.275702267871	0.904813447037
0.24078125		0.275281898507	0.904468280862
0.24109375		0.274861139261	0.90412239817
0.24140625		0.274439990873	0.903775795877
0.24171875		0.274018452174	0.903428470871
0.24203125		0.273596522897	0.903080420016
0.24234375		0.27317420357	0.902731640151
0.24265625		0.272751491959	0.902382128093
0.24296875		0.272328384243	0.902031880654
0.24328125		0.271904875473	0.90168089463
0.24359375		0.271480960869	0.901329166812
0.24390625		0.27105664097	0.900976693976
0.24421875		0.270631919032	0.900623472863
0.24453125		0.270206796644	0.900269500175
0.24484375		0.269781272697	0.899914772583
0.24515625		0.269355345918	0.899559286737
0.24546875		0.268929016039	0.89920303926
0.24578125		0.268502281368	0.89884602675
0.24609375		0.268075138869	0.898488245788
0.24640625		0.267647585751	0.898129692937
0.24671875		0.267219617606	0.897770364745
0.24703125		0.266791232188	0.89741025775
0.24734375		0.266362430954	0.897049368459
0.24765625		0.26593321573	0.896687693348
0.24796875		0.265503586758	0.896325228851
0.24828125		0.265073542929	0.895961971376
0.24859375		0.264643083515	0.895597917305
0.24890625		0.26421220674	0.895233062992
0.24921875		0.26378090937	0.894867404769
0.24953125		0.263349188873	0.894500938951
0.24984375		0.262917042097	0.894133661831
0.25015625		0.262484466936	0.893765569686
0.25046875		0.262051463383	0.893396658763
0.25078125		0.261618032059	0.893026925278
0.25109375		0.261184172969	0.892656365409
0.25140625		0.260749885281	0.892284975302
0.25171875		0.26031516837	0.891912751074
0.25203125		0.259880021306	0.891539688809
0.25234375		0.259444441363	0.891165784565
0.25265625		0.259008425398	0.890791034377
0.25296875		0.258571970109	0.89041543426
0.25328125		0.258135073199	0.890038980206
0.25359375		0.25769773469	0.88966166818
0.25390625		0.257259955037	0.889283494109
0.25421875		0.25682173372	0.888904453881
0.25453125		0.256383069363	0.888524543353
0.25484375		0.255943960851	0.888143758349
0.25515625		0.255504407526	0.887762094662
0.25546875		0.255064407692	0.887379548049
0.25578125		0.254623958641	0.886996114239
0.25609375		0.254183057493	0.886611788936
0.25640625		0.253741701012	0.886226567815
0.25671875		0.253299887973	0.885840446528
0.25703125		0.252857618711	0.885453420686
0.25734375		0.252414893144	0.885065485862
0.25765625		0.251971710058	0.884676637588
0.25796875		0.251528067888	0.884286871363
0.25828125		0.251083965496	0.883896182649
0.25859375		0.250639401305	0.883504566873
0.25890625		0.250194372941	0.883112019429
0.25921875		0.249748878143	0.882718535678
0.25953125		0.249302914286	0.882324110949
0.25984375		0.248856479047	0.881928740539
0.26015625		0.248409571549	0.881532419711
0.26046875		0.247962191394	0.881135143686
0.26078125		0.247514337878	0.88073690764
0.26109375		0.24706600961	0.880337706712
0.26140625		0.246617205318	0.879937535998
0.26171875		0.246167923421	0.879536390557
0.26203125		0.245718161493	0.879134265407
0.26234375		0.245267917041	0.878731155533
0.26265625		0.244817187731	0.878327055881
0.26296875		0.244365971452	0.87792196136
0.26328125		0.243914266877	0.877515866842
0.26359375		0.243462072949	0.877108767151
0.26390625		0.243009388507	0.87670065707
0.26421875		0.242556212183	0.876291531335
0.26453125		0.242102542582	0.875881384638
0.26484375		0.241648378392	0.875470211627
0.26515625		0.241193717658	0.875058006905
0.26546875		0.240738557725	0.874644765032
0.26578125		0.240282895919	0.874230480529
0.26609375		0.239826729791	0.873815147875
0.26640625		0.239370057897	0.873398761506
0.26671875		0.238912879164	0.872981315807
0.26703125		0.238455192256	0.872562805117
0.26734375		0.237996995468	0.872143223722
0.26765625		0.237538286992	0.871722565862
0.26796875		0.237079065323	0.871300825728
0.26828125		0.236619328807	0.870877997461
0.26859375		0.236159075215	0.870454075151
0.26890625		0.235698301998	0.87002905284
0.26921875		0.235237006449	0.869602924526
0.26953125		0.234775186299	0.869175684155
0.26984375		0.234312840086	0.868747325624
0.27015625		0.233849966513	0.868317842774
0.27046875		0.233386564031	0.867887229391
0.27078125		0.232922630685	0.867455479206
0.27109375		0.232458164617	0.867022585895
0.27140625		0.231993163938	0.866588543079
0.27171875		0.231527626445	0.866153344324
0.27203125		0.231061549765	0.865716983139
0.27234375		0.230594931464	0.865279452979
0.27265625		0.230127769049	0.864840747246
0.27296875		0.229660060347	0.864400859282
0.27328125		0.229191803529	0.863959782372
0.27359375		0.228722996951	0.863517509739
0.27390625		0.228253638826	0.863074034544
0.27421875		0.22778372719	0.862629349885
0.27453125		0.22731326006	0.862183448798
0.27484375		0.226842235141	0.861736324258
0.27515625		0.226370649853	0.861287969174
0.27546875		0.225898501657	0.860838376395
0.27578125		0.225425788062	0.860387538707
0.27609375		0.224952506793	0.859935448831
0.27640625		0.224478655638	0.859482099422
0.27671875		0.224004232502	0.859027483066
0.27703125		0.223529235385	0.858571592283
0.27734375		0.223053662171	0.858114419519
0.27765625		0.222577510762	0.857655957153
0.27796875		0.222100778989	0.85719619749
0.27828125		0.22162346432	0.856735132763
0.27859375		0.221145563998	0.856272755135
0.27890625		0.220667075264	0.855809056697
0.27921875		0.220187995467	0.855344029468
0.27953125		0.219708322225	0.85487766539
0.27984375		0.219228053302	0.854409956333
0.28015625		0.218747186505	0.853940894084
0.28046875		0.218265719451	0.853470470353
0.28078125		0.217783649691	0.85299867677
0.28109375		0.217300974876	0.852525504886
0.28140625		0.216817692544	0.852050946166
0.28171875		0.216333799985	0.851574991997
0.28203125		0.215849294365	0.851097633681
0.28234375		0.2153641728	0.850618862437
0.28265625		0.214878432353	0.850138669402
0.28296875		0.214392070353	0.849657045623
0.28328125		0.213905084458	0.849173982064
0.28359375		0.213417472302	0.848689469595
0.28390625		0.212929231262	0.848203498994
0.28421875		0.212440358666	0.847716060951
0.28453125		0.211950851803	0.847227146058
0.28484375		0.211460707806	0.846736744817
0.28515625		0.21096992373	0.846244847632
0.28546875		0.210478496633	0.845751444816
0.28578125		0.209986423547	0.845256526579
0.28609375		0.209493701358	0.844760083037
0.28640625		0.209000327051	0.844262104205
0.28671875		0.208506297947	0.843762579996
0.28703125		0.208011611417	0.843261500219
0.28734375		0.207516264643	0.842758854576
0.28765625		0.207020254751	0.842254632663
0.28796875		0.206523578703	0.841748823966
0.28828125		0.206026233246	0.841241417866
0.28859375		0.205528215105	0.840732403629
0.28890625		0.205029521099	0.840221770415
0.28921875		0.204530148098	0.839709507266
0.28953125		0.204030092888	0.839195603111
0.28984375		0.203529352185	0.838680046762
0.29015625		0.203027922879	0.838162826912
0.29046875		0.202525801926	0.837643932132
0.29078125		0.202022986225	0.837123350871
0.29109375		0.201519472663	0.836601071452
0.29140625		0.201015257946	0.836077082071
0.29171875		0.200510338506	0.835551370799
0.29203125		0.200004710709	0.835023925575
0.29234375		0.199498371021	0.834494734211
0.29265625		0.198991316004	0.833963784383
0.29296875		0.198483542206	0.833431063633
0.29328125		0.197975046152	0.832896559366
0.29359375		0.197465824374	0.832360258844
0.29390625		0.196955873396	0.831822149191
0.29421875		0.196445189706	0.831282217383
0.29453125		0.195933769802	0.830740450252
0.29484375		0.195421610071	0.830196834479
0.29515625		0.194908706691	0.829651356598
0.29546875		0.194395055729	0.829104002986
0.29578125		0.193880653255	0.828554759871
0.29609375		0.193365495366	0.828003613319
0.29640625		0.192849578218	0.827450549241
0.29671875		0.192332898067	0.826895553382
0.29703125		0.191815451151	0.826338611322
0.29734375		0.191297233618	0.825779708474
0.29765625		0.190778241524	0.825218830078
0.29796875		0.190258470848	0.824655961202
0.29828125		0.18973791747	0.824091086738
0.29859375		0.189216577217	0.823524191399
0.29890625		0.188694445871	0.822955259718
0.29921875		0.188171519156	0.822384276043
0.29953125		0.187647792763	0.821811224537
0.29984375		0.187123262368	0.821236089171
0.30015625		0.18659792369	0.820658853722
0.30046875		0.186071772529	0.820079501772
0.30078125		0.185544804667	0.819498016701
0.30109375		0.185017015775	0.818914381685
0.30140625		0.18448840132	0.818328579692
0.30171875		0.183958956613	0.817740593482
0.30203125		0.183428676956	0.8171504056
0.30234375		0.18289755769	0.816557998376
0.30265625		0.182365594162	0.815963353918
0.30296875		0.181832781656	0.815366454111
0.30328125		0.181299115359	0.814767280609
0.30359375		0.180764590428	0.814165814835
0.30390625		0.180229202048	0.813562037976
0.30421875		0.179692945409	0.812955930977
0.30453125		0.179155815671	0.812347474538
0.30484375		0.17861780787	0.811736649109
0.30515625		0.17807891684	0.811123434887
0.30546875		0.177539137289	0.810507811812
0.30578125		0.176998463917	0.809889759562
0.30609375		0.176456891469	0.809269257548
0.30640625		0.175914414684	0.80864628491
0.30671875		0.17537102824	0.80802082051
0.30703125		0.174826726764	0.807392842929
0.30734375		0.174281504812	0.80676233046
0.30765625		0.173735356863	0.806129261104
0.30796875		0.173188277349	0.805493612565
0.30828125		0.172640260666	0.804855362244
0.30859375		0.172091301117	0.804214487232
0.30890625		0.171541392861	0.803570964305
0.30921875		0.170990529929	0.802924769923
0.30953125		0.170438706308	0.802275880218
0.30984375		0.169885915987	0.80162427099
0.31015625		0.169332152945	0.8009699177
0.31046875		0.168777411144	0.800312795466
0.31078125		0.168221684495	0.799652879052
0.31109375		0.167664966785	0.798990142864
0.31140625		0.167107251636	0.798324560942
0.31171875		0.166548532577	0.797656106953
0.31203125		0.165988803105	0.796984754187
0.31234375		0.165428056664	0.796310475545
0.31265625		0.164866286602	0.795633243535
0.31296875		0.164303486148	0.79495303026
0.31328125		0.163739648438	0.794269807415
0.31359375		0.163174766542	0.793583546276
0.31390625		0.16260883351	0.792894217691
0.31421875		0.162041842375	0.792201792072
0.31453125		0.161473786111	0.791506239388
0.31484375		0.160904657544	0.79080752915
0.31515625		0.160334449299	0.790105630408
0.31546875		0.159763153852	0.789400511739
0.31578125		0.159190763623	0.788692141238
0.31609375		0.158617271013	0.787980486508
0.31640625		0.158042668365	0.787265514649
0.31671875		0.157466947895	0.786547192246
0.31703125		0.156890101694	0.785825485361
0.31734375		0.156312121737	0.78510035952
0.31765625		0.155732999921	0.7843717797
0.31796875		0.155152728069	0.783639710321
0.31828125		0.154571297944	0.78290411523
0.31859375		0.153988701196	0.782164957691
0.31890625		0.153404929253	0.781422200371
0.31921875		0.152819973342	0.780675805326
0.31953125		0.1522338246	0.779925733992
0.31984375		0.151646474136	0.779171947165
0.32015625		0.15105791298	0.778414404991
0.32046875		0.150468132057	0.777653066951
0.32078125		0.149877122148	0.776887891841
0.32109375		0.149284873862	0.776118837761
0.32140625		0.148691377651	0.775345862099
0.32171875		0.148096623847	0.774568921511
0.32203125		0.147500602689	0.773787971909
0.32234375		0.146903304311	0.773002968438
0.32265625		0.146304718653	0.772213865463
0.32296875		0.145704835434	0.771420616545
0.32328125		0.145103644208	0.770623174428
0.32359375		0.144501134435	0.769821491016
0.32390625		0.143897295469	0.769015517352
0.32421875		0.143292116559	0.768205203598
0.32453125		0.142685586786	0.767390499015
0.32484375		0.142077695029	0.766571351936
0.32515625		0.141468429938	0.765747709747
0.32546875		0.140857779975	0.764919518863
0.32578125		0.140245733468	0.764086724703
0.32609375		0.139632278598	0.763249271664
0.32640625		0.139017403362	0.762407103097
0.32671875		0.138401095552	0.761560161277
0.32703125		0.13778334274	0.76070838738
0.32734375		0.137164132289	0.759851721447
0.32765625		0.136543451381	0.758990102364
0.32796875		0.135921287055	0.758123467822
0.32828125		0.135297626178	0.757251754292
0.32859375		0.134672455389	0.756374896989
0.32890625		0.134045761042	0.755492829837
0.32921875		0.133417529201	0.754605485438
0.32953125		0.132787745716	0.753712795034
0.32984375		0.132156396252	0.752814688469
0.33015625		0.131523466269	0.751911094152
0.33046875		0.130888940991	0.751001939015
0.33078125		0.130252805366	0.750087148472
0.33109375		0.129615044052	0.749166646375
0.33140625		0.128975641427	0.748240354972
0.33171875		0.128334581625	0.747308194861
0.33203125		0.127691848545	0.746370084939
0.33234375		0.127047425822	0.745425942352
0.33265625		0.126401296772	0.744475682449
0.33296875		0.125753444347	0.743519218723
0.33328125		0.125103851156	0.74255646276
0.33359375		0.124452499511	0.741587324176
0.33390625		0.123799371459	0.740611710566
0.33421875		0.123144448764	0.739629527432
0.33453125		0.122487712846	0.738640678128
0.33484375		0.121829144731	0.737645063783
0.33515625		0.12116872504	0.73664258324
0.33546875		0.120506434026	0.73563313298
0.33578125		0.119842251585	0.734616607049
0.33609375		0.119176157258	0.733592896976
0.33640625		0.118508130195	0.732561891694
0.33671875		0.117838149114	0.731523477456
0.33703125		0.117166192268	0.730477537743
0.33734375		0.116492237452	0.729423953177
0.33765625		0.115816262015	0.728362601421
0.33796875		0.115138242893	0.727293357082
0.33828125		0.114458156595	0.726216091604
0.33859375		0.113775979142	0.72513067316
0.33890625		0.113091685995	0.724036966538
0.33921875		0.112405252043	0.722934833023
0.33953125		0.111716651639	0.721824130273
0.33984375		0.111025858609	0.720704712191
0.34015625		0.110332846251	0.719576428785
0.34046875		0.109637587302	0.718439126032
0.34078125		0.108940053866	0.717292645726
0.34109375		0.108240217371	0.716136825321
0.34140625		0.107538048576	0.714971497775
0.34171875		0.106833517582	0.713796491376
0.34203125		0.106126593852	0.712611629561
0.34234375		0.105417246176	0.711416730734
0.34265625		0.104705442601	0.710211608065
0.34296875		0.103991150357	0.708996069289
0.34328125		0.103274335847	0.707769916482
0.34359375		0.102554964655	0.706532945842
0.34390625		0.101833001544	0.705284947445
0.34421875		0.101108410444	0.704025704995
0.34453125		0.100381154411	0.70275499556
0.34484375		0.099651195539	0.70147258929
0.34515625		0.0989184949024	0.700178249128
0.34546875		0.0981830125365	0.698871730497
0.34578125		0.0974447074401	0.697552780976
0.34609375		0.0967035375644	0.696221139956
0.34640625		0.0959594597719	0.694876538274
0.34671875		0.0952124297485	0.693518697828
0.34703125		0.0944624019182	0.692147331174
0.34734375		0.0937093293963	0.690762141095
0.34765625		0.0929531639717	0.689362820143
0.34796875		0.0921938560885	0.687949050161
0.34828125		0.0914313548035	0.686520501771
0.34859375		0.0906656077081	0.685076833828
0.34890625		0.0898965608227	0.683617692846
0.34921875		0.0891241585103	0.682142712388
0.34953125		0.0883483434198	0.680651512413
0.34984375		0.0875690564399	0.679143698584
0.35015625		0.0867862366485	0.677618861533
0.35046875		0.0859998212285	0.676076576071
0.35078125		0.085209745353	0.674516400352
0.35109375		0.0844159420661	0.672937874976
0.35140625		0.083618342173	0.671340522031
0.35171875		0.0828168741481	0.669723844075
0.35203125		0.0820114640601	0.668087323031
0.35234375		0.0812020354755	0.666430419021
0.35265625		0.0803885093131	0.664752569098
0.35296875		0.0795708036736	0.663053185895
0.35328125		0.0787488336767	0.66133165617
0.35359375		0.0779225113112	0.659587339237
0.35390625		0.077091745293	0.65781956528
0.35421875		0.0762564409202	0.656027633532
0.35453125		0.075416499888	0.654210810304
0.35484375		0.0745718200609	0.65236832686
0.35515625		0.0737222952302	0.65049937711
0.35546875		0.0728678148713	0.648603115116
0.35578125		0.0720082639053	0.646678652374
0.35609375		0.0711435224499	0.644725054867
0.35640625		0.0702734655405	0.64274133985
0.35671875		0.0693979628115	0.640726472349
0.35703125		0.0685168781337	0.63867936133
0.35734375		0.0676300692197	0.636598855511
0.35765625		0.0667373872161	0.634483738772
0.35796875		0.0658386762853	0.632332725115
0.35828125		0.0649337731527	0.630144453116
0.35859375		0.0640225065937	0.627917479816
0.35890625		0.0631046968533	0.625650273969
0.35921875		0.0621801550004	0.623341208573
0.35953125		0.061248682231	0.620988552583
0.35984375		0.0603100691245	0.618590461708
0.36015625		0.0593640948373	0.61614496814
0.36046875		0.0584105262057	0.6136499691
0.36078125		0.0574491167333	0.611103213999
0.36109375		0.0564796054572	0.608502290019
0.36140625		0.0555017156881	0.605844605883
0.36171875		0.0545151536193	0.603127373516
0.36203125		0.0535196067818	0.60034758727
0.36234375		0.052514742319	0.597502000298
0.36265625		0.0515002050387	0.594587097605
0.36296875		0.0504756152018	0.591599065187
0.36328125		0.0494405660079	0.58853375455
0.36359375		0.0483946207403	0.585386641756
0.36390625		0.0473373095219	0.582152779936
0.36421875		0.0462681256088	0.578826743972
0.36453125		0.045186521124	0.575402565732
0.36484375		0.0440919021142	0.571873657832
0.36515625		0.0429836227931	0.568232723397
0.36546875		0.0418609788113	0.564471648587
0.36578125		0.0407231993548	0.560581373753
0.36609375		0.0395694378129	0.556551737879
0.36640625		0.0383987606634	0.552371289301
0.36671875		0.0372101341247	0.54802705344
0.36703125		0.0360024080155	0.543504245248
0.36734375		0.0347742960735	0.538785909707
0.36765625		0.0335243516946	0.533852467325
0.36796875		0.0322509376824	0.528681132424
0.36828125		0.0309521881024	0.523245158632
0.36859375		0.0296259595797	0.517512845789
0.36890625		0.028269768276	0.511446211042
0.36921875		0.026880706852	0.504999176288
0.36953125		0.025455332801	0.498115041358
0.36984375		0.0239895155113	0.490722874864
0.37015625		0.022478220934	0.482732205754
0.37046875		0.0209151970325	0.474024931906
0.37078125		0.0192924961953	0.464442456595
0.37109375		0.0175997176579	0.453764173439
0.37140625		0.0158227508646	0.441669205888
0.37171875		0.0139415878828	0.427662933708
0.37203125		0.0119260264428	0.410918523072
0.37234375		0.00972535436902	0.389868575188
0.37265625		0.00724289683048	0.36090364349
0.37296875		0.00435833977505	0.315275735159
0.37328125		0.0015716251515	0.237794290979
0.37359375		7.82374755209e-06	0.0556249052526
0.37390625		4.33473682173e-09	0.0100657735978
0.37421875		4.11315859291e-09	0.0100000018043
0.37453125		4.1131525239e-09	0.01
0.37484375		4.11315252376e-09	0.01
0.37515625		4.11315252376e-09	0.01
0.37546875		4.11315252376e-09	0.01
0.37578125		4.11315252376e-09	0.01
0.37609375		4.11315252376e-09	0.01
0.37640625		4.11315252376e-09	0.01
0.37671875		4.11315252376e-09	0.01
0.37703125		4.11315252376e-09	0.01
0.37734375		4.11315252376e-09	0.01
0.37765625		4.11315252376e-09	0.01
0.37796875		4.11315252376e-09	0.01
0.37828125		4.11315252376e-09	0.01
0.37859375		4.11315252376e-09	0.01
0.37890625		4.11315252376e-09	0.01
0.37921875		4.11315252376e-09	0.01
0.37953125		4.11315252376e-09	0.01
0.37984375		4.11315252376e-09	0.01
0.38015625		4.11315252376e-09	0.01
0.38046875		4.11315252376e-09	0.01
0.38078125		4.11315252376e-09	0.01
0.38109375		4.11315252376e-09	0.01
0.38140625		4.11315252376e-09	0.01
0.38171875		4.11315252376e-09	0.01
0.38203125		4.11315252376e-09	0.01
0.38234375		4.11315252376e-09	0.01
0.38265625		4.11315252376e-09	0.01
0.38296875		4.11315252376e-09	0.01
0.38328125		4.11315252376e-09	0.01
0.38359375		4.11315252376e-09	0.01
0.38390625		4.11315252376e-09	0.01
0.38421875		4.11315252376e-09	0.01
0.38453125		4.11315252376e-09	0.01
0.38484375		4.11315252376e-09	0.01
0.38515625		4.11315252376e-09	0.01
0.38546875		4.11315252376e-09	0.01
0.38578125		4.11315252376e-09	0.01
0.38609375		4.11315252376e-09	0.01
0.38640625		4.11315252376e-09	0.01
0.38671875		4.11315252376e-09	0.01
0.38703125		4.11315252376e-09	0.01
0.38734375		4.11315252376e-09	0.01
0.38765625		4.11315252376e-09	0.01
0.38796875		4.11315252376e-09	0.01
0.38828125		4.11315252376e-09	0.01
0.38859375		4.11315252376e-09	0.01
0.38890625		4.11315252376e-09	0.01
0.38921875		4.11315252376e-09	0.01
0.38953125		4.11315252376e-09	0.01
0.38984375		4.11315252376e-09	0.01
0.39015625		4.11315252376e-09	0.01
0.39046875		4.11315252376e-09	0.01
0.39078125		4.11315252376e-09	0.01
0.39109375		4.11315252376e-09	0.01
0.39140625		4.11315252376e-09	0.01
0.39171875		4.11315252376e-09	0.01
0.39203125		4.11315252376e-09	0.01
0.39234375		4.11315252376e-09	0.01
0.39265625		4.11315252376e-09	0.01
0.39296875		4.11315252376e-09	0.01
0.39328125		4.11315252376e-09	0.01
0.39359375		4.11315252376e-09	0.01
0.39390625		4.11315252376e-09	0.01
0.39421875		4.11315252376e-09	0.01
0.39453125		4.11315252376e-09	0.01
0.39484375		4.11315252376e-09	0.01
0.39515625		4.11315252376e-09	0.01
0.39546875		4.11315252376e-09	0.01
0.39578125		4.11315252376e-09	0.01
0.39609375		4.11315252376e-09	0.01
0.39640625		4.11315252376e-09	0.01
0.39671875		4.11315252376e-09	0.01
0.39703125		4.11315252376e-09	0.01
0.39734375		4.11315252376e-09	0.01
0.39765625		4.11315252376e-09	0.01
0.39796875		4.11315252376e-09	0.01
0.39828125		4.11315252376e-09	0.01
0.39859375		4.11315252376e-09	0.01
0.39890625		4.11315252376e-09	0.01
0.39921875		4.11315252376e-09	0.01
0.39953125		4.11315252376e-09	0.01
0.39984375		4.11315252376e-09	0.01
0.40015625		4.11315252376e-09	0.01
0.40046875		4.11315252376e-09	0.01
0.40078125		4.11315252376e-09	0.01
0.40109375		4.11315252376e-09	0.01
0.40140625		4.11315252376e-09	0.01
0.40171875		4.11315252376e-09	0.01
0.40203125		4.11315252376e-09	0.01
0.40234375		4.11315252376e-09	0.01
0.40265625		4.11315252376e-09	0.01
0.40296875		4.11315252376e-09	0.01
0.40328125		4.11315252376e-09	0.01
0.40359375		4.11315252376e-09	0.01
0.40390625		4.11315252376e-09	0.01
0.40421875		4.11315252376e-09	0.01
0.40453125		4.11315252376e-09	0.01
0.40484375		4.11315252376e-09	0.01
0.40515625		4.11315252376e-09	0.01
0.40546875		4.11315252376e-09	0.01
0.40578125		4.11315252376e-09	0.01
0.40609375		4.11315252376e-09	0.01
0.40640625		4.11315252376e-09	0.01
0.40671875		4.11315252376e-09	0.01
0.40703125		4.11315252376e-09	0.01
0.40734375		4.11315252376e-09	0.01
0.40765625		4.11315252376e-09	0.01
0.40796875		4.11315252376e-09	0.01
0.40828125		4.11315252376e-09	0.01
0.40859375		4.11315252376e-09	0.01
0.40890625		4.11315252376e-09	0.01
0.40921875		4.11315252376e-09	0.01
0.40953125		4.11315252376e-09	0.01
0.40984375		4.11315252376e-09	0.01
0.41015625		4.11315252376e-09	0.01
0.41046875		4.11315252376e-09	0.01
0.41078125		4.11315252376e-09	0.01
0.41109375		4.11315252376e-09	0.01
0.41140625		4.11315252376e-09	0.01
0.41171875		4.11315252376e-09	0.01
0.41203125		4.11315252376e-09	0.01
0.41234375		4.11315252376e-09	0.01
0.41265625		4.11315252376e-09	0.01
0.41296875		4.11315252376e-09	0.01
0.41328125		4.11315252376e-09	0.01
0.41359375		4.11315252376e-09	0.01
0.41390625		4.11315252376e-09	0.01
0.41421875		4.11315252376e-09	0.01
0.41453125		4.11315252376e-09	0.01
0.41484375		4.11315252376e-09	0.01
0.41515625		4.11315252376e-09	0.01
0.41546875		4.11315252376e-09	0.01
0.41578125		4.11315252376e-09	0.01
0.41609375		4.11315252376e-09	0.01
0.41640625		4.11315252376e-09	0.01
0.41671875		4.11315252376e-09	0.01
0.41703125		4.11315252376e-09	0.01
0.41734375		4.11315252376e-09	0.01
0.41765625		4.11315252376e-09	0.01
0.41796875		4.11315252376e-09	0.01
0.41828125		4.11315252376e-09	0.01
0.41859375		4.11315252376e-09	0.01
0.41890625		4.11315252376e-09	0.01
0.41921875		4.11315252376e-09	0.01
0.41953125		4.11315252376e-09	0.01
0.41984375		4.11315252376e-09	0.01
0.42015625		4.11315252376e-09	0.01
0.42046875		4.11315252376e-09	0.01
0.42078125		4.11315252376e-09	0.01
0.42109375		4.11315252376e-09	0.01
0.42140625		4.11315252376e-09	0.01
0.42171875		4.11315252376e-09	0.01
0.42203125		4.11315252376e-09	0.01
0.42234375		4.11315252376e-09	0.01
0.42265625		4.11315252376e-09	0.01
0.42296875		4.11315252376e-09	0.01
0.42328125		4.11315252376e-09	0.01
0.42359375		4.11315252376e-09	0.01
0.42390625		4.11315252376e-09	0.01
0.42421875		4.11315252376e-09	0.01
0.42453125		4.11315252376e-09	0.01
0.42484375		4.11315252376e-09	0.01
0.42515625		4.11315252376e-09	0.01
0.42546875		4.11315252376e-09	0.01
0.42578125		4.11315252376e-09	0.01
0.42609375		4.11315252376e-09	0.01
0.42640625		4.11315252376e-09	0.01
0.42671875		4.11315252376e-09	0.01
0.42703125		4.11315252376e-09	0.01
0.42734375		4.11315252376e-09	0.01
0.42765625		4.11315252376e-09	0.01
0.42796875		4.11315252376e-09	0.01
0.42828125		4.11315252376e-09	0.01
0.42859375		4.11315252376e-09	0.01
0.42890625		4.11315252376e-09	0.01
0.42921875		4.11315252376e-09	0.01
0.42953125		4.11315252376e-09	0.01
0.42984375		4.11315252376e-09	0.01
0.43015625		4.11315252376e-09	0.01
0.43046875		4.11315252376e-09	0.01
0.43078125		4.11315252376e-09	0.01
0.43109375		4.11315252376e-09	0.01
0.43140625		4.11315252376e-09	0.01
0.43171875		4.11315252376e-09	0.01
0.43203125		4.11315252376e-09	0.01
0.43234375		4.11315252376e-09	0.01
0.43265625		4.11315252376e-09	0.01
0.43296875		4.11315252376e-09	0.01
0.43328125		4.11315252376e-09	0.01
0.43359375		4.11315252376e-09	0.01
0.43390625		4.11315252376e-09	0.01
0.43421875		4.11315252376e-09	0.01
0.43453125		4.11315252376e-09	0.01
0.43484375		4.11315252376e-09	0.01
0.43515625		4.11315252376e-09	0.01
0.43546875		4.11315252376e-09	0.01
0.43578125		4.11315252376e-09	0.01
0.43609375		4.11315252376e-09	0.01
0.43640625		4.11315252376e-09	0.01
0.43671875		4.11315252376e-09	0.01
0.43703125		4.11315252376e-09	0.01
0.43734375		4.11315252376e-09	0.01
0.43765625		4.11315252376e-09	0.01
0.43796875		4.11315252376e-09	0.01
0.43828125		4.11315252376e-09	0.01
0.43859375		4.11315252376e-09	0.01
0.43890625		4.11315252376e-09	0.01
0.43921875		4.11315252376e-09	0.01
0.43953125		4.11315252376e-09	0.01
0.43984375		4.11315252376e-09	0.01
0.44015625		4.11315252376e-09	0.01
0.44046875		4.11315252376e-09	0.01
0.44078125		4.11315252376e-09	0.01
0.44109375		4.11315252376e-09	0.01
0.44140625		4.11315252376e-09	0.01
0.44171875		4.11315252376e-09	0.01
0.44203125		4.11315252376e-09	0.01
0.44234375		4.11315252376e-09	0.01
0.44265625		4.11315252376e-09	0.01
0.44296875		4.11315252376e-09	0.01
0.44328125		4.11315252376e-09	0.01
0.44359375		4.11315252376e-09	0.01
0.44390625		4.11315252376e-09	0.01
0.44421875		4.11315252376e-09	0.01
0.44453125		4.11315252376e-09	0.01
0.44484375		4.11315252376e-09	0.01
0.44515625		4.11315252376e-09	0.01
0.44546875		4.11315252376e-09	0.01
0.44578125		4.11315252376e-09	0.01
0.44609375		4.11315252376e-09	0.01
0.44640625		4.11315252376e-09	0.01
0.44671875		4.11315252376e-09	0.01
0.44703125		4.11315252376e-09	0.01
0.44734375		4.11315252376e-09	0.01
0.44765625		4.11315252376e-09	0.01
0.44796875		4.11315252376e-09	0.01
0.44828125		4.11315252376e-09	0.01
0.44859375		4.11315252376e-09	0.01
0.44890625		4.11315252376e-09	0.01
0.44921875		4.11315252376e-09	0.01
0.44953125		4.11315252376e-09	0.01
0.44984375		4.11315252376e-09	0.01
0.45015625		4.11315252376e-09	0.01
0.45046875		4.11315252376e-09	0.01
0.45078125		4.11315252376e-09	0.01
0.45109375		4.11315252376e-09	0.01
0.45140625		4.11315252376e-09	0.01
0.45171875		4.11315252376e-09	0.01
0.45203125		4.11315252376e-09	0.01
0.45234375		4.11315252376e-09	0.01
0.45265625		4.11315252376e-09	0.01
0.45296875		4.11315252376e-09	0.01
0.45328125		4.11315252376e-09	0.01
0.45359375		4.11315252376e-09	0.01
0.45390625		4.11315252376e-09	0.01
0.45421875		4.11315252376e-09	0.01
0.45453125		4.11315252376e-09	0.01
0.45484375		4.11315252376e-09	0.01
0.45515625		4.11315252376e-09	0.01
0.45546875		4.11315252376e-09	0.01
0.45578125		4.11315252376e-09	0.01
0.45609375		4.11315252376e-09	0.01
0.45640625		4.11315252376e-09	0.01
0.45671875		4.11315252376e-09	0.01
0.45703125		4.11315252376e-09	0.01
0.45734375		4.11315252376e-09	0.01
0.45765625		4.11315252376e-09	0.01
0.45796875		4.11315252376e-09	0.01
0.45828125		4.11315252376e-09	0.01
0.45859375		4.11315252376e-09	0.01
0.45890625		4.11315252376e-09	0.01
0.45921875		4.11315252376e-09	0.01
0.45953125		4.11315252376e-09	0.01
0.45984375		4.11315252376e-09	0.01
0.46015625		4.11315252376e-09	0.01
0.46046875		4.11315252376e-09	0.01
0.46078125		4.11315252376e-09	0.01
0.46109375		4.11315252376e-09	0.01
0.46140625		4.11315252376e-09	0.01
0.46171875		4.11315252376e-09	0.01
0.46203125		4.11315252376e-09	0.01
0.46234375		4.11315252376e-09	0.01
0.46265625		4.11315252376e-09	0.01
0.46296875		4.11315252376e-09	0.01
0.46328125		4.11315252376e-09	0.01
0.46359375		4.11315252376e-09	0.01
0.46390625		4.11315252376e-09	0.01
0.46421875		4.11315252376e-09	0.01
0.46453125		4.11315252376e-09	0.01
0.46484375		4.11315252376e-09	0.01
0.46515625		4.11315252376e-09	0.01
0.46546875		4.11315252376e-09	0.01
0.46578125		4.11315252376e-09	0.01
0.46609375		4.11315252376e-09	0.01
0.46640625		4.11315252376e-09	0.01
0.46671875		4.11315252376e-09	0.01
0.46703125		4.11315252376e-09	0.01
0.46734375		4.11315252376e-09	0.01
0.46765625		4.11315252376e-09	0.01
0.46796875		4.11315252376e-09	0.01
0.46828125		4.11315252376e-09	0.01
0.46859375		4.11315252376e-09	0.01
0.46890625		4.11315252376e-09	0.01
0.46921875		4.11315252376e-09	0.01
0.46953125		4.11315252376e-09	0.01
0.46984375		4.11315252376e-09	0.01
0.47015625		4.11315252376e-09	0.01
0.47046875		4.11315252376e-09	0.01
0.47078125		4.11315252376e-09	0.01
0.47109375		4.11315252376e-09	0.01
0.47140625		4.11315252376e-09	0.01
0.47171875		4.11315252376e-09	0.01
0.47203125		4.11315252376e-09	0.01
0.47234375		4.11315252376e-09	0.01
0.47265625		4.11315252376e-09	0.01
0.47296875		4.11315252376e-09	0.01
0.47328125		4.11315252376e-09	0.01
0.47359375		4.11315252376e-09	0.01
0.47390625		4.11315252376e-09	0.01
0.47421875		4.11315252376e-09	0.01
0.47453125		4.11315252376e-09	0.01
0.47484375		4.11315252376e-09	0.01
0.47515625		4.11315252376e-09	0.01
0.47546875		4.11315252376e-09	0.01
0.47578125		4.11315252376e-09	0.01
0.47609375		4.11315252376e-09	0.01
0.47640625		4.11315252376e-09	0.01
0.47671875		4.11315252376e-09	0.01
0.47703125		4.11315252376e-09	0.01
0.47734375		4.11315252376e-09	0.01
0.47765625		4.11315252376e-09	0.01
0.47796875		4.11315252376e-09	0.01
0.47828125		4.11315252376e-09	0.01
0.47859375		4.11315252376e-09	0.01
0.47890625		4.11315252376e-09	0.01
0.47921875		4.11315252376e-09	0.01
0.47953125		4.11315252376e-09	0.01
0.47984375		4.11315252376e-09	0.01
0.48015625		4.11315252376e-09	0.01
0.48046875		4.11315252376e-09	0.01
0.48078125		4.11315252376e-09	0.01
0.48109375		4.11315252376e-09	0.01
0.48140625		4.11315252376e-09	0.01
0.48171875		4.11315252376e-09	0.01
0.48203125		4.11315252376e-09	0.01
0.48234375		4.11315252376e-09	0.01
0.48265625		4.11315252376e-09	0.01
0.48296875		4.11315252376e-09	0.01
0.48328125		4.11315252376e-09	0.01
0.48359375		4.11315252376e-09	0.01
0.48390625		4.11315252376e-09	0.01
0.48421875		4.11315252376e-09	0.01
0.48453125		4.11315252376e-09	0.01
0.48484375		4.11315252376e-09	0.01
0.48515625		4.11315252376e-09	0.01
0.48546875		4.11315252376e-09	0.01
0.48578125		4.11315252376e-09	0.01
0.48609375		4.11315252376e-09	0.01
0.48640625		4.11315252376e-09	0.01
0.48671875		4.11315252376e-09	0.01
0.48703125		4.11315252376e-09	0.01
0.48734375		4.11315252376e-09	0.01
0.48765625		4.11315252376e-09	0.01
0.48796875		4.11315252376e-09	0.01
0.48828125		4.11315252376e-09	0.01
0.48859375		4.11315252376e-09	0.01
0.48890625		4.11315252376e-09	0.01
0.48921875		4.11315252376e-09	0.01
0.48953125		4.11315252376e-09	0.01
0.48984375		4.11315252376e-09	0.01
0.49015625		4.11315252376e-09	0.01
0.49046875		4.11315252376e-09	0.01
0.49078125		4.11315252376e-09	0.01
0.49109375		4.11315252376e-09	0.01
0.49140625		4.11315252376e-09	0.01
0.49171875		4.11315252376e-09	0.01
0.49203125		4.11315252376e-09	0.01
0.49234375		4.11315252376e-09	0.01
0.49265625		4.11315252376e-09	0.01
0.49296875		4.11315252376e-09	0.01
0.49328125		4.11315252376e-09	0.01
0.49359375		4.11315252376e-09	0.01
0.49390625		4.11315252376e-09	0.01
0.49421875		4.11315252376e-09	0.01
0.49453125		4.11315252376e-09	0.01
0.49484375		4.11315252376e-09	0.01
0.49515625		4.11315252376e-09	0.01
0.49546875		4.11315252376e-09	0.01
0.49578125		4.11315252376e-09	0.01
0.49609375		4.11315252376e-09	0.01
0.49640625		4.11315252376e-09	0.01
0.49671875		4.11315252376e-09	0.01
0.49703125		4.11315252376e-09	0.01
0.49734375		4.11315252376e-09	0.01
0.49765625		4.11315252376e-09	0.01
0.49796875		4.11315252376e-09	0.01
0.49828125		4.11315252376e-09	0.01
0.49859375		4.11315252376e-09	0.01
0.49890625		4.11315252376e-09	0.01
0.49921875		4.11315252376e-09	0.01
0.49953125		4.11315252376e-09	0.01
0.49984375		4.11315252376e-09	0.01
