0.00015625		0.395535555278	0.990250841716
0.00046875		0.395132936491	0.989997839781
0.00078125		0.394572582821	0.989646333767
0.00109375		0.394040913869	0.989312122186
0.00140625		0.393600970825	0.989035246776
0.00171875		0.393203541326	0.988784982701
0.00203125		0.392821995657	0.988544595465
0.00234375		0.392444473868	0.988306561818
0.00265625		0.392068158253	0.988069204919
0.00296875		0.391693615456	0.987832725128
0.00328125		0.391322509345	0.987598253125
0.00359375		0.390955391572	0.987366158301
0.00390625		0.390592429691	0.987136538943
0.00421875		0.390233578015	0.986909352342
0.00453125		0.38987871675	0.98668448281
0.00484375		0.389527657005	0.986461803202
0.00515625		0.38918017798	0.986241208344
0.00546875		0.388836017864	0.986022580771
0.00578125		0.388494907007	0.98580579111
0.00609375		0.388156604797	0.985590711417
0.00640625		0.387820967625	0.985377243204
0.00671875		0.3874878562	0.985165294781
0.00703125		0.387157218041	0.984954762751
0.00734375		0.386828916748	0.984745541435
0.00765625		0.386502828836	0.984537542128
0.00796875		0.3861788557	0.984330705228
0.00828125		0.385856844069	0.984124969175
0.00859375		0.38553658739	0.983920252344
0.00890625		0.385217944114	0.983716480433
0.00921875		0.38490092876	0.983513603639
0.00953125		0.384585447024	0.98331157379
0.00984375		0.384271345641	0.98311032961
0.01015625		0.383958422816	0.98290981036
0.01046875		0.383646536774	0.982709949186
0.01078125		0.383335841097	0.982510692511
0.01109375		0.383026480564	0.982312007422
0.01140625		0.382718322885	0.982113872365
0.01171875		0.382411239091	0.981916259569
0.01203125		0.382105081419	0.981719129449
0.01234375		0.381799683869	0.981522439914
0.01265625		0.381494908813	0.981326154323
0.01296875		0.38119065148	0.981130245278
0.01328125		0.380887185879	0.980934690143
0.01359375		0.380584554067	0.980739465721
0.01390625		0.380282695202	0.980544547351
0.01421875		0.379981545839	0.980349905587
0.01453125		0.37968104965	0.980155513133
0.01484375		0.379381119062	0.979961350135
0.01515625		0.379081531614	0.979767396581
0.01546875		0.378782176696	0.979573635935
0.01578125		0.378483137825	0.97938006067
0.01609375		0.378184797781	0.979186660513
0.01640625		0.377887000934	0.978993414182
0.01671875		0.377589578312	0.978800291585
0.01703125		0.377292442139	0.978607266068
0.01734375		0.376995592764	0.978414326187
0.01765625		0.376699045103	0.978221467108
0.01796875		0.376402804658	0.978028677993
0.01828125		0.376106858483	0.977835946937
0.01859375		0.375811150214	0.977643264508
0.01890625		0.375515637689	0.977450623606
0.01921875		0.375220253179	0.977258018391
0.01953125		0.374924903249	0.977065443685
0.01984375		0.374629843254	0.976872893163
0.02015625		0.37433515195	0.97668035775
0.02046875		0.374040825085	0.976487826986
0.02078125		0.373746775812	0.976295289971
0.02109375		0.373452903812	0.97610273905
0.02140625		0.37315915099	0.975910169604
0.02171875		0.372865357556	0.975717575661
0.02203125		0.372571335102	0.975524947983
0.02234375		0.372277079438	0.975332277336
0.02265625		0.371983120688	0.97513955887
0.02296875		0.371689506488	0.974946791405
0.02328125		0.371396239189	0.97475397187
0.02359375		0.371103362041	0.974561092336
0.02390625		0.370810693362	0.974368143633
0.02421875		0.370518087689	0.974175121057
0.02453125		0.370225333904	0.973982024554
0.02484375		0.369932180949	0.973788853181
0.02515625		0.369638585561	0.973595601349
0.02546875		0.369344900565	0.97340226142
0.02578125		0.369051620213	0.973208829238
0.02609375		0.368758591984	0.973015304439
0.02640625		0.368465909024	0.972821686156
0.02671875		0.368173611309	0.972627969234
0.02703125		0.367881556336	0.972434146339
0.02734375		0.367589533336	0.972240213355
0.02765625		0.367297176931	0.972046170397
0.02796875		0.367004161645	0.97185201851
0.02828125		0.366710565685	0.971657755983
0.02859375		0.366416990771	0.97146337795
0.02890625		0.366123768986	0.971268880344
0.02921875		0.365830713186	0.971074262196
0.02953125		0.365538018379	0.970879523759
0.02984375		0.365245827676	0.970684661987
0.03015625		0.364953999249	0.970489670473
0.03046875		0.364662221108	0.970294543774
0.03078125		0.364370066824	0.970099281396
0.03109375		0.364077014723	0.969903885254
0.03140625		0.363783094046	0.969708354829
0.03171875		0.363488927711	0.969512685496
0.03203125		0.363195241771	0.969316872442
0.03234375		0.362901812504	0.969120914841
0.03265625		0.362608814364	0.968924814518
0.03296875		0.362316480023	0.9687285704
0.03328125		0.362024535717	0.96853217741
0.03359375		0.36173266027	0.968335630528
0.03390625		0.361440424539	0.968138928945
0.03421875		0.361147204604	0.967942074881
0.03453125		0.360852705145	0.967745069238
0.03484375		0.36055751982	0.967547909535
0.03515625		0.360263089688	0.967350591765
0.03546875		0.359969108459	0.96715311419
0.03578125		0.359675602219	0.966955477244
0.03609375		0.359382937919	0.966757680512
0.03640625		0.359090704785	0.966559720384
0.03671875		0.358798602844	0.966361593031
0.03703125		0.358505939194	0.966163297121
0.03734375		0.35821224065	0.96596483418
0.03765625		0.357916994519	0.965766205704
0.03796875		0.357620761599	0.965567410675
0.03828125		0.357325453126	0.965368446173
0.03859375		0.357030770145	0.965169309445
0.03890625		0.356736583794	0.964970000474
0.03921875		0.356443373918	0.964770518328
0.03953125		0.356150654591	0.964570860202
0.03984375		0.35585815342	0.96437102146
0.04015625		0.355564869945	0.964171000883
0.04046875		0.355270418718	0.963970799548
0.04078125		0.35497422533	0.963770420213
0.04109375		0.354676973161	0.963569863062
0.04140625		0.354380836439	0.963369124853
0.04171875		0.354085309959	0.96316820221
0.04203125		0.353790347776	0.962967094552
0.04234375		0.353496314786	0.962765802631
0.04265625		0.35320273895	0.962564323836
0.04296875		0.352909590747	0.962362654383
0.04328125		0.35261562319	0.962160791129
0.04359375		0.352320361693	0.961958735535
0.04390625		0.352023129166	0.961756490648
0.04421875		0.351724888568	0.961554058235
0.04453125		0.351427873129	0.961351435166
0.04484375		0.351131368583	0.961148617152
0.04515625		0.350835518472	0.960945603465
0.04546875		0.350540476335	0.960742395225
0.04578125		0.350245860591	0.960538991385
0.04609375		0.349951765201	0.960335387971
0.04640625		0.349657016601	0.960131581351
0.04671875		0.349360946222	0.959927571358
0.04703125		0.349062730095	0.959723362128
0.04734375		0.348763452983	0.959518956156
0.04765625		0.348465405469	0.959314351544
0.04796875		0.348167930539	0.959109542177
0.04828125		0.347871071702	0.958904526701
0.04859375		0.347574829941	0.958699306139
0.04890625		0.347279125171	0.958493881454
0.04921875		0.346983835938	0.958288249251
0.04953125		0.346688132366	0.958082404867
0.04984375		0.34639116233	0.957876347166
0.05015625		0.34609199228	0.957670080678
0.05046875		0.345791700131	0.957463609905
0.05078125		0.345492584574	0.957256933023
0.05109375		0.34519405849	0.957050043739
0.05140625		0.344896051837	0.956842938627
0.05171875		0.344598536231	0.956635620136
0.05203125		0.344301657513	0.956428089989
0.05234375		0.344005052476	0.956220346521
0.05265625		0.343708281943	0.956012383329
0.05296875		0.343410325061	0.955804197811
0.05328125		0.343110206857	0.955595794381
0.05359375		0.342808869145	0.955387179194
0.05390625		0.342508626211	0.955178352213
0.05421875		0.342209012385	0.954969305358
0.05453125		0.341909754922	0.954760034652
0.05484375		0.341610983184	0.954550541201
0.05515625		0.341312787388	0.954340829824
0.05546875		0.341014927281	0.95413089895
0.05578125		0.340716993662	0.953920742228
0.05609375		0.340417926256	0.953710355114
0.05640625		0.34011673858	0.953499741629
0.05671875		0.339814337688	0.953288909469
0.05703125		0.339512970797	0.953077859165
0.05734375		0.339212173914	0.952866583372
0.05765625		0.338911656063	0.95265507619
0.05796875		0.338611636571	0.952443338833
0.05828125		0.338312077701	0.952231376241
0.05859375		0.338012938789	0.952019188349
0.05890625		0.337713775861	0.951806769383
0.05921875		0.337413505472	0.951594114274
0.05953125		0.337111188648	0.951381225656
0.05984375		0.336807672947	0.951168111007
0.06015625		0.336505159004	0.95095477142
0.06046875		0.336203161828	0.950741200585
0.06078125		0.335901428061	0.950527391386
0.06109375		0.335600106923	0.950313344698
0.06140625		0.335299145272	0.950099065282
0.06171875		0.334998599125	0.949884554312
0.06203125		0.334698059209	0.949669805682
0.06234375		0.334396597222	0.94945481272
0.06265625		0.334093213364	0.949239577684
0.06296875		0.333788597332	0.949024108317
0.06328125		0.333484866585	0.948808408233
0.06359375		0.333181614532	0.948592470557
0.06390625		0.33287861594	0.948376288064
0.06421875		0.332575937792	0.948159859599
0.06453125		0.332273526398	0.947943190644
0.06484375		0.33197149406	0.947726284104
0.06515625		0.331669485315	0.947509134779
0.06546875		0.331366777714	0.9472917358
0.06578125		0.33106237563	0.947074086597
0.06609375		0.330756691388	0.946856195272
0.06640625		0.330451661768	0.94663806613
0.06671875		0.330147099363	0.946419694619
0.06703125		0.329842793969	0.946201072391
0.06734375		0.329538737594	0.945982197233
0.06765625		0.329234864617	0.945763074035
0.06796875		0.328931329906	0.945543706596
0.06828125		0.328627819531	0.945324091683
0.06859375		0.328323796082	0.94510422143
0.06890625		0.328018320353	0.944884094547
0.06921875		0.327711537255	0.944663717212
0.06953125		0.327405179439	0.944443095432
0.06984375		0.327099307047	0.944222225569
0.07015625		0.326793673708	0.944001100001
0.07046875		0.326488210539	0.943779715158
0.07078125		0.326182883298	0.943558074701
0.07109375		0.325877846908	0.943336183359
0.07140625		0.325572821505	0.943114038737
0.07171875		0.325267415006	0.942891634325
0.07203125		0.324960784514	0.942668966882
0.07234375		0.324652888464	0.942446041603
0.07265625		0.324345188753	0.942222864115
0.07296875		0.32403797421	0.941999432983
0.07328125		0.323730976881	0.941775741168
0.07359375		0.323424098012	0.941551784407
0.07390625		0.323117333549	0.94132756489
0.07421875		0.322810797949	0.941103086905
0.07453125		0.322504268332	0.940878350074
0.07484375		0.322197444234	0.94065334845
0.07515625		0.321889577202	0.940428078554
0.07546875		0.321580521996	0.940202543279
0.07578125		0.321271469407	0.939976748354
0.07609375		0.320962886702	0.939750693333
0.07640625		0.32065451185	0.939524372779
0.07671875		0.320346218331	0.939297781926
0.07703125		0.32003801366	0.939070921365
0.07734375		0.319729969285	0.938843795086
0.07765625		0.319421941534	0.938616403374
0.07796875		0.3191136769	0.938388742249
0.07828125		0.318804527407	0.93816080741
0.07859375		0.318494265028	0.937932600465
0.07890625		0.318183842417	0.937704125949
0.07921875		0.317873869854	0.937475384827
0.07953125		0.317564094628	0.937246373032
0.07984375		0.317254374193	0.937017085622
0.08015625		0.316944720429	0.93678752214
0.08046875		0.316635177924	0.936557685241
0.08078125		0.316325655677	0.936327576598
0.08109375		0.316015937995	0.936097193074
0.08140625		0.315705474523	0.935866530857
0.08171875		0.315393965534	0.935635589842
0.08203125		0.315082156401	0.935404373714
0.08234375		0.314770777472	0.935172884148
0.08265625		0.31445957997	0.93494111823
0.08296875		0.31414841681	0.934709071705
0.08328125		0.313837308901	0.934476742504
0.08359375		0.313526268627	0.934244132892
0.08390625		0.313215249903	0.93401124456
0.08421875		0.312904070258	0.933778076075
0.08453125		0.312592273071	0.933544623463
0.08484375		0.312279499643	0.93331088555
0.08515625		0.311966289229	0.933076865039
0.08546875		0.311653476963	0.932842564023
0.08578125		0.311340832521	0.932607981121
0.08609375		0.311028219891	0.932373111969
0.08640625		0.310715651494	0.932137954244
0.08671875		0.310403104508	0.931902508803
0.08703125		0.310090589013	0.931666777858
0.08734375		0.309777946642	0.931430760722
0.08765625		0.30946478416	0.931194454026
0.08796875		0.309150745442	0.93095785565
0.08828125		0.308836143984	0.930720967254
0.08859375		0.308521848534	0.930483791472
0.08890625		0.308207742533	0.930246327533
0.08921875		0.307893680191	0.930008572005
0.08953125		0.307579636653	0.929770521592
0.08984375		0.30726557925	0.929532176633
0.09015625		0.306951558732	0.929293539074
0.09046875		0.306637436511	0.929054608981
0.09078125		0.306322908743	0.928815383434
0.09109375		0.306007590097	0.928575859894
0.09140625		0.305691623883	0.9283360394
0.09171875		0.305375811548	0.928095924364
0.09203125		0.305060219944	0.927855514768
0.09234375		0.304744693433	0.927614807413
0.09265625		0.30442917107	0.927373799164
0.09296875		0.304113602538	0.92713248959
0.09328125		0.30379806194	0.926890880435
0.09359375		0.303482439346	0.92664897211
0.09390625		0.303166520083	0.926406762117
0.09421875		0.302849920057	0.926164247876
0.09453125		0.302532624951	0.925921429641
0.09484375		0.302215284936	0.925678309753
0.09515625		0.301898190845	0.925434888452
0.09546875		0.301581183969	0.925191163159
0.09578125		0.30126417657	0.924947130613
0.09609375		0.300947114436	0.924702789971
0.09640625		0.30063002871	0.924458142726
0.09671875		0.300312892373	0.924213189517
0.09703125		0.299995535215	0.923967928373
0.09734375		0.299677636698	0.923722356376
0.09765625		0.299359039778	0.923476473276
0.09796875		0.299040183721	0.923230281099
0.09828125		0.298721578171	0.922983780733
0.09859375		0.298403074163	0.922736970042
0.09890625		0.298084574567	0.922489845761
0.09921875		0.297766026459	0.92224240646
0.09953125		0.297447411916	0.921994653265
0.09984375		0.297128751412	0.921746587153
0.10015625		0.2968099194	0.921498206547
0.10046875		0.296490659151	0.921249508604
0.10078125		0.296170762793	0.921000492298
0.10109375		0.295850459679	0.920751159497
0.10140625		0.295530324102	0.920501511468
0.10171875		0.295210307172	0.920251546542
0.10203125		0.294890307978	0.920001261361
0.10234375		0.294570273525	0.91975065408
0.10265625		0.294250143408	0.91949972562
0.10296875		0.293929957972	0.91924847719
0.10328125		0.293609630267	0.918996907656
0.10359375		0.29328896533	0.918745013916
0.10390625		0.292967743616	0.918492794559
0.10421875		0.29264604122	0.918240251027
0.10453125		0.29232437435	0.917987385114
0.10484375		0.292002838499	0.917734195572
0.10515625		0.291681332497	0.917480678982
0.10546875		0.291359802535	0.917226833071
0.10578125		0.291038167607	0.916972658441
0.10609375		0.290716460725	0.916718156696
0.10640625		0.290394626939	0.916463326941
0.10671875		0.290072533637	0.916208166108
0.10703125		0.289749960041	0.915952672109
0.10734375		0.289426881304	0.915696846186
0.10765625		0.289103689439	0.915440690551
0.10796875		0.288780630797	0.915184204391
0.10828125		0.288457609053	0.914927384252
0.10859375		0.288134574366	0.914670227281
0.10890625		0.287811438235	0.914412733947
0.10921875		0.287488212935	0.914154906099
0.10953125		0.287164870747	0.91389674335
0.10984375		0.286841327082	0.913638242412
0.11015625		0.286517384655	0.913379400639
0.11046875		0.286192959907	0.913120218977
0.11078125		0.285868260079	0.912860699903
0.11109375		0.285543666634	0.912600843329
0.11140625		0.285219117919	0.912340645618
0.11171875		0.28489456738	0.912080103526
0.11203125		0.284569935499	0.91181921718
0.11234375		0.284245191315	0.911557988723
0.11265625		0.283920338195	0.911296418181
0.11296875		0.283595321013	0.911034502267
0.11328125		0.283269993007	0.910772237748
0.11359375		0.282944218877	0.910509625095
0.11390625		0.282618078139	0.91024666714
0.11421875		0.282291933362	0.909983364375
0.11453125		0.281965850619	0.909719713358
0.11484375		0.281639773457	0.90945571023
0.11515625		0.281313648092	0.909191354673
0.11546875		0.280987395738	0.908926649061
0.11578125		0.280661031136	0.908661594038
0.11609375		0.280334525095	0.908396186408
0.11640625		0.280007774242	0.908130422333
0.11671875		0.279680635635	0.907864301627
0.11703125		0.279353093802	0.907597827232
0.11734375		0.279025417334	0.907331000589
0.11765625		0.278697806371	0.907063818535
0.11796875		0.278370201547	0.906796276628
0.11828125		0.278042573806	0.906528373769
0.11859375		0.277714825507	0.906260112404
0.11890625		0.277386956517	0.90599149404
0.11921875		0.277058955103	0.905722515908
0.11953125		0.276730753532	0.905453173553
0.11984375		0.276402213803	0.905183465795
0.12015625		0.276073286288	0.904913395582
0.12046875		0.275744121165	0.904642965171
0.12078125		0.275414986064	0.904372172181
0.12109375		0.275085860969	0.904101011629
0.12140625		0.274756723884	0.903829481428
0.12171875		0.274427486878	0.903557583858
0.12203125		0.274098124006	0.903285321267
0.12234375		0.273768626845	0.903012691666
0.12265625		0.27343895625	0.902739690105
0.12296875		0.273108992101	0.902466314331
0.12328125		0.272778663603	0.902192566811
0.12359375		0.272448049041	0.901918450739
0.12390625		0.272117399892	0.90164396479
0.12421875		0.271786768894	0.901369103634
0.12453125		0.271456126894	0.90109386409
0.12484375		0.271125402598	0.900818247798
0.12515625		0.27079455251	0.90054225792
0.12546875		0.27046356516	0.900265893603
0.12578125		0.270132420172	0.899989149747
0.12609375		0.269801012843	0.899712022851
0.12640625		0.269469264259	0.899434514629
0.12671875		0.269137213423	0.8991566289
0.12703125		0.268805072822	0.898878365584
0.12734375		0.268472950463	0.89859971952
0.12765625		0.268140812001	0.898320686351
0.12796875		0.267808605605	0.898041266893
0.12828125		0.267476273958	0.897761464707
0.12859375		0.267143805437	0.897481280174
0.12890625		0.266811184164	0.897200708449
0.12921875		0.266478323093	0.896919744973
0.12953125		0.266145139803	0.896638390525
0.12984375		0.265811658981	0.896356649106
0.13015625		0.265478049603	0.896074521887
0.13046875		0.265144447706	0.895792004194
0.13078125		0.264810823262	0.895509090772
0.13109375		0.26447713817	0.895225781499
0.13140625		0.264143330368	0.894942079883
0.13171875		0.263809388085	0.894657987346
0.13203125		0.263475297081	0.894373499805
0.13234375		0.26314098244	0.894088612003
0.13265625		0.262806362369	0.893803323637
0.13296875		0.262471453772	0.893517638419
0.13328125		0.262136387636	0.893231558325
0.13359375		0.261801317515	0.892945079765
0.13390625		0.261466217284	0.892658197151
0.13421875		0.261131059286	0.892370909258
0.13453125		0.260795782667	0.892083219091
0.13484375		0.260460373375	0.891795128599
0.13515625		0.26012481829	0.891506634761
0.13546875		0.259789056853	0.891217732345
0.13578125		0.259453007754	0.89092841998
0.13609375		0.259116677108	0.89063870071
0.13640625		0.258780166498	0.890348576907
0.13671875		0.258443635032	0.890058045945
0.13703125		0.258107068822	0.889767102551
0.13734375		0.257770443191	0.889475744612
0.13765625		0.257433704133	0.889183974369
0.13796875		0.257096838171	0.888891794033
0.13828125		0.256759830472	0.888599201389
0.13859375		0.256422629823	0.88830619159
0.13890625		0.256085158949	0.888012762526
0.13921875		0.255747410264	0.887718916471
0.13953125		0.255409468986	0.887424655899
0.13984375		0.255071487569	0.887129978926
0.14015625		0.254733469199	0.886834880765
0.14046875		0.2543953877	0.88653935884
0.14078125		0.254057196799	0.886243414665
0.14109375		0.253718883904	0.88594705029
0.14140625		0.253380433085	0.885650264062
0.14171875		0.25304180118	0.885353051701
0.14203125		0.252702913676	0.885055410828
0.14234375		0.252363754123	0.88475734298
0.14265625		0.252024394636	0.884458850311
0.14296875		0.251684979686	0.884159931432
0.14328125		0.251345524964	0.883860582195
0.14359375		0.251006001915	0.883560799954
0.14390625		0.250666370916	0.883260585548
0.14421875		0.250326624318	0.882959940638
0.14453125		0.24998674447	0.882658863851
0.14484375		0.249646693249	0.882357351502
0.14515625		0.249306397708	0.882055401282
0.14546875		0.248965835178	0.881753014118
0.14578125		0.248625069871	0.881450191733
0.14609375		0.248284235598	0.881146932879
0.14640625		0.247943361799	0.880843234009
0.14671875		0.24760241316	0.880539092717
0.14703125		0.247261356292	0.8802345094
0.14734375		0.246920191614	0.879929485173
0.14765625		0.246578899656	0.879624018614
0.14796875		0.246237444768	0.879318106606
0.14828125		0.245895755261	0.879011747162
0.14859375		0.245553804411	0.878704940862
0.14890625		0.245211645322	0.878397688807
0.14921875		0.244869403552	0.878089989665
0.14953125		0.244527126327	0.877781840457
0.14984375		0.244184771316	0.877473239118
0.15015625		0.243842306037	0.877164185847
0.15046875		0.243499739689	0.876854681187
0.15078125		0.243157053517	0.876544723511
0.15109375		0.242814213677	0.876234310158
0.15140625		0.242471150008	0.875923439434
0.15171875		0.242127829624	0.875612111793
0.15203125		0.241784292649	0.875300327839
0.15234375		0.241440656073	0.87498808603
0.15265625		0.241096990849	0.874675383763
0.15296875		0.240753250921	0.874362219292
0.15328125		0.240409397862	0.874048592789
0.15359375		0.240065446926	0.873734504383
0.15390625		0.239721388023	0.873419952241
0.15421875		0.239377183901	0.873104933851
0.15453125		0.239032770318	0.872789447735
0.15484375		0.238688102505	0.872473494394
0.15515625		0.238343209849	0.87215707414
0.15546875		0.237998194785	0.871840185346
0.15578125		0.237653155142	0.871522825459
0.15609375		0.237308051028	0.871204992804
0.15640625		0.236962834692	0.870886687679
0.15671875		0.236617520208	0.870567910129
0.15703125		0.236272112789	0.870248658245
0.15734375		0.235926572116	0.869928929369
0.15765625		0.235580835736	0.869608721987
0.15796875		0.235234845532	0.86928803668
0.15828125		0.234888619599	0.868966873845
0.15859375		0.234542247169	0.868645231892
0.15890625		0.234195846652	0.868323108082
0.15921875		0.233849402728	0.868000500622
0.15953125		0.233502854298	0.867677409805
0.15984375		0.233156203268	0.867353835895
0.16015625		0.232809473485	0.867029777264
0.16046875		0.232462625182	0.866705230972
0.16078125		0.232115592637	0.866380195105
0.16109375		0.231768308817	0.866054670063
0.16140625		0.231420780941	0.865728656632
0.16171875		0.231073081105	0.865402153676
0.16203125		0.230725336979	0.865075158341
0.16234375		0.23037757227	0.864747668288
0.16265625		0.230029722791	0.864419683439
0.16296875		0.229681766926	0.864091204581
0.16328125		0.22933374335	0.863762230694
0.16359375		0.22898561972	0.863432758812
0.16390625		0.228637330256	0.863102786342
0.16421875		0.228288794624	0.86277231295
0.16453125		0.227939993649	0.862441339825
0.16484375		0.22759100082	0.862109866777
0.16515625		0.227241938819	0.861777891231
0.16546875		0.226892875121	0.861445410245
0.16578125		0.226543748241	0.861112422755
0.16609375		0.226194525614	0.860778929606
0.16640625		0.225845243663	0.860444930858
0.16671875		0.225495878451	0.860110424168
0.16703125		0.225146374143	0.859775406445
0.16734375		0.224796631682	0.859439876148
0.16765625		0.22444660543	0.859103834031
0.16796875		0.224096356157	0.858767281028
0.16828125		0.223746007473	0.858430215712
0.16859375		0.223395673549	0.858092634982
0.16890625		0.223045299804	0.857754536456
0.16921875		0.222694851727	0.857415920048
0.16953125		0.222344345467	0.857076786718
0.16984375		0.221993777979	0.856737135668
0.17015625		0.221643095535	0.856396963966
0.17046875		0.221292196323	0.856056268848
0.17078125		0.220941004889	0.855715049599
0.17109375		0.220589551832	0.855373307479
0.17140625		0.220237962849	0.855031043091
0.17171875		0.219886385789	0.854688254202
0.17203125		0.219534797384	0.85434493743
0.17234375		0.219183166503	0.85400109079
0.17265625		0.218831481316	0.853656714747
0.17296875		0.218479755265	0.853311810667
0.17328125		0.218127938271	0.852966377285
0.17359375		0.217775936361	0.852620411205
0.17390625		0.21742364566	0.852273909332
0.17421875		0.21707105804	0.851926871628
0.17453125		0.216718283016	0.851579300741
0.17484375		0.216365502151	0.851231197179
0.17515625		0.216012741075	0.850882557615
0.17546875		0.215659967141	0.850533377285
0.17578125		0.215307158919	0.850183654324
0.17609375		0.214954332174	0.849833391665
0.17640625		0.214601437759	0.849482591874
0.17671875		0.214248392017	0.849131252314
0.17703125		0.213895067258	0.848779366918
0.17734375		0.213541413095	0.848426932082
0.17765625		0.213187516698	0.848073951632
0.17796875		0.212833590156	0.847720431239
0.17828125		0.21247972352	0.847366369373
0.17859375		0.212125864938	0.847011758073
0.17890625		0.211771997346	0.84665659065
0.17921875		0.211418136079	0.84630087069
0.17953125		0.211064227264	0.845944606547
0.17984375		0.210710204303	0.845587798777
0.18015625		0.210355919047	0.845230438092
0.18046875		0.210001279705	0.844872514148
0.18078125		0.209646342436	0.844514029866
0.18109375		0.209291346014	0.844154998208
0.18140625		0.2089364571	0.843795423555
0.18171875		0.20858159701	0.84343529419
0.18203125		0.208226750356	0.843074594835
0.18234375		0.207871921868	0.842713326608
0.18265625		0.20751707156	0.842351505869
0.18296875		0.207162136861	0.841989141088
0.18328125		0.206806960443	0.841626220749
0.18359375		0.20645141536	0.841262726067
0.18390625		0.206095559948	0.840898655441
0.18421875		0.205739633995	0.840534027544
0.18453125		0.205383812249	0.840168856225
0.18484375		0.205028048487	0.839803130785
0.18515625		0.204672308958	0.839436828594
0.18546875		0.204316577031	0.839069943897
0.18578125		0.20396085639	0.838702495636
0.18609375		0.203605092733	0.838334502335
0.18640625		0.203249134199	0.837965956359
0.18671875		0.202892824112	0.837596833528
0.18703125		0.202536235849	0.837227124784
0.18734375		0.202179543648	0.836856847968
0.18765625		0.20182287631	0.836486024959
0.18796875		0.201466319847	0.836114652779
0.18828125		0.201109826566	0.835742706887
0.18859375		0.200753322832	0.835370173477
0.18890625		0.200396822395	0.834997068798
0.18921875		0.200040306783	0.834623417573
0.18953125		0.199683708555	0.834249218486
0.18984375		0.199326873922	0.833874445747
0.19015625		0.198969814595	0.833499084917
0.19046875		0.198612534534	0.833123155487
0.19078125		0.198255157397	0.832746685377
0.19109375		0.197897947025	0.832369674127
0.19140625		0.197540832517	0.831992101899
0.19171875		0.197183779489	0.831613955982
0.19203125		0.196826759984	0.831235247276
0.19234375		0.196469757468	0.830855999683
0.19265625		0.196112726666	0.830476221329
0.19296875		0.195755601019	0.830095898135
0.19328125		0.195398310141	0.829715015268
0.19359375		0.195040795451	0.829333580914
0.19390625		0.194683123891	0.828951620892
0.19421875		0.194325499837	0.828569148777
0.19453125		0.19396814001	0.828186151988
0.19484375		0.193610966133	0.827802620841
0.19515625		0.19325390759	0.827418565851
0.19546875		0.192896907137	0.827034012978
0.19578125		0.192539879867	0.826648972795
0.19609375		0.192182772641	0.826263437402
0.19640625		0.19182560875	0.825877422523
0.19671875		0.191468420873	0.825490947052
0.19703125		0.191111265162	0.825104029413
0.19734375		0.190754163415	0.824716669471
0.19765625		0.190397276564	0.824328833053
0.19796875		0.190040527394	0.823940442819
0.19828125		0.189683603962	0.823551251048
0.19859375		0.189325975512	0.823160686264
0.19890625		0.188966823148	0.822767892059
0.19921875		0.188604379277	0.82237096691
0.19953125		0.188231556351	0.821962252565
0.19984375		0.187817850091	0.821508726499
0.20015625		0.18717524517	0.821155462871
0.20046875		0.186242277293	0.820127742266
0.20078125		0.18518468068	0.818959529481
0.20109375		0.18409031655	0.81774519601
0.20140625		0.182994816678	0.816523889382
0.20171875		0.181903574591	0.815301736758
0.20203125		0.180809792842	0.814070950463
0.20234375		0.179712378523	0.812830558881
0.20265625		0.17861130557	0.811580407517
0.20296875		0.177506414607	0.810320018525
0.20328125		0.176397470933	0.809049051055
0.20359375		0.175284342993	0.80776734587
0.20390625		0.174167017443	0.806474801126
0.20421875		0.173045570485	0.805171290636
0.20453125		0.171920116952	0.803856655171
0.20484375		0.17079078483	0.802530716965
0.20515625		0.169657480579	0.801193289605
0.20546875		0.168520094998	0.799844180097
0.20578125		0.16737850507	0.798483187191
0.20609375		0.166232583943	0.797110101421
0.20640625		0.165082240569	0.795724711474
0.20671875		0.163927421231	0.794326803517
0.20703125		0.162768158235	0.792916144516
0.20734375		0.161604527017	0.791492487637
0.20765625		0.160436569032	0.790055580183
0.20796875		0.159264222578	0.788605163042
0.20828125		0.158087336575	0.787140966807
0.20859375		0.156905825185	0.785662708058
0.20890625		0.155719624952	0.784170093853
0.20921875		0.154528600194	0.782662825586
0.20953125		0.15333260961	0.781140596736
0.20984375		0.152131603526	0.779603089829
0.21015625		0.15092555396	0.778049975267
0.21046875		0.149714432791	0.776480911166
0.21078125		0.148498199252	0.774895542943
0.21109375		0.147276820141	0.773293502805
0.21140625		0.146050236916	0.771674409081
0.21171875		0.144818347554	0.770037865864
0.21203125		0.143581020418	0.768383462563
0.21234375		0.142338113659	0.766710773341
0.21265625		0.141089480727	0.765019356563
0.21296875		0.139835003381	0.763308753882
0.21328125		0.138574597043	0.761578489177
0.21359375		0.137308184504	0.759828067304
0.21390625		0.136035706556	0.758056973028
0.21421875		0.13475710198	0.756264669863
0.21453125		0.133472294516	0.754450598956
0.21484375		0.132181166362	0.752614177982
0.21515625		0.130883561791	0.750754800038
0.21546875		0.129579310059	0.748871832452
0.21578125		0.128268227939	0.746964615275
0.21609375		0.126950147197	0.745032459649
0.21640625		0.12562493554	0.743074645787
0.21671875		0.124292476766	0.741090421048
0.21703125		0.122952643128	0.739078997887
0.21734375		0.12160529454	0.737039551619
0.21765625		0.12025029494	0.734971217838
0.21796875		0.118887506551	0.732873089703
0.21828125		0.117516752368	0.730744215157
0.21859375		0.116137814718	0.728583594203
0.21890625		0.114750454386	0.726390175903
0.21921875		0.113354432483	0.724162854852
0.21953125		0.11194952539	0.721900467103
0.21984375		0.110535534469	0.719601785515
0.22015625		0.109112265621	0.71726551474
0.22046875		0.107679491011	0.71489028606
0.22078125		0.106236958966	0.712474651916
0.22109375		0.104784425957	0.710017079625
0.22140625		0.103321637023	0.707515944301
0.22171875		0.101848293296	0.704969521308
0.22203125		0.100364062998	0.702375978094
0.22234375		0.0988686022824	0.699733365013
0.22265625		0.0973615608446	0.697039604938
0.22296875		0.095842580297	0.694292481273
0.22328125		0.094311284933	0.691489624926
0.22359375		0.092767283585	0.688628499879
0.22390625		0.0912101710484	0.685706386603
0.22421875		0.089639519341	0.682720363464
0.22453125		0.0880548623609	0.679667286019
0.22484375		0.0864556885529	0.676543763561
0.22515625		0.0848414464721	0.673346132341
0.22546875		0.0832115511608	0.670070425009
0.22578125		0.0815653826885	0.666712335497
0.22609375		0.0799022781375	0.663267178549
0.22640625		0.078221525703	0.659729842923
0.22671875		0.0765223594606	0.65609473706
0.22703125		0.0748039546335	0.652355725866
0.22734375		0.0730654257307	0.648506056685
0.22765625		0.0713058167898	0.644538271817
0.22796875		0.0695240831211	0.640444104758
0.22828125		0.0677190760525	0.636214356724
0.22859375		0.0658895328135	0.631838748428
0.22890625		0.0640340622747	0.627305740605
0.22921875		0.0621511263707	0.622602315022
0.22953125		0.060239020704	0.617713705121
0.22984375		0.05829585191	0.612623061465
0.23015625		0.0563195031436	0.607311031979
0.23046875		0.0543075870981	0.601755229871
0.23078125		0.0522573909305	0.595929551279
0.23109375		0.0501658117487	0.589803287388
0.23140625		0.0480292740104	0.583339947316
0.23171875		0.0458436178484	0.576495665285
0.23203125		0.0436039450235	0.569217008191
0.23234375		0.0413044124424	0.561437910717
0.23265625		0.0389379542179	0.553075256522
0.23296875		0.036495872905	0.544022232323
0.23328125		0.0339672140922	0.534138007635
0.23359375		0.031337839185	0.523231208314
0.23390625		0.0285889893304	0.511031898137
0.23421875		0.0256947759612	0.49713997098
0.23453125		0.0226172007556	0.480919457931
0.23484375		0.0192943890728	0.461246114978
0.23515625		0.0156123623862	0.435816882512
0.23546875		0.0113397463396	0.398798179602
0.23578125		0.00605185949648	0.334644402034
0.23609375		0.000962241240321	0.18527934346
0.23640625		1.3505196823e-07	0.0182026732339
0.23671875		4.11608987311e-09	0.0100005657193
0.23703125		4.11315259004e-09	0.0100000000129
0.23734375		4.11315252376e-09	0.01
0.23765625		4.11315252376e-09	0.01
0.23796875		4.11315252376e-09	0.01
0.23828125		4.11315252376e-09	0.01
0.23859375		4.11315252376e-09	0.01
0.23890625		4.11315252376e-09	0.01
0.23921875		4.11315252376e-09	0.01
0.23953125		4.11315252376e-09	0.01
0.23984375		4.11315252376e-09	0.01
0.24015625		4.11315252376e-09	0.01
0.24046875		4.11315252376e-09	0.01
0.24078125		4.11315252376e-09	0.01
0.24109375		4.11315252376e-09	0.01
0.24140625		4.11315252376e-09	0.01
0.24171875		4.11315252376e-09	0.01
0.24203125		4.11315252376e-09	0.01
0.24234375		4.11315252376e-09	0.01
0.24265625		4.11315252376e-09	0.01
0.24296875		4.11315252376e-09	0.01
0.24328125		4.11315252376e-09	0.01
0.24359375		4.11315252376e-09	0.01
0.24390625		4.11315252376e-09	0.01
0.24421875		4.11315252376e-09	0.01
0.24453125		4.11315252376e-09	0.01
0.24484375		4.11315252376e-09	0.01
0.24515625		4.11315252376e-09	0.01
0.24546875		4.11315252376e-09	0.01
0.24578125		4.11315252376e-09	0.01
0.24609375		4.11315252376e-09	0.01
0.24640625		4.11315252376e-09	0.01
0.24671875		4.11315252376e-09	0.01
0.24703125		4.11315252376e-09	0.01
0.24734375		4.11315252376e-09	0.01
0.24765625		4.11315252376e-09	0.01
0.24796875		4.11315252376e-09	0.01
0.24828125		4.11315252376e-09	0.01
0.24859375		4.11315252376e-09	0.01
0.24890625		4.11315252376e-09	0.01
0.24921875		4.11315252376e-09	0.01
0.24953125		4.11315252376e-09	0.01
0.24984375		4.11315252376e-09	0.01
0.25015625		4.11315252376e-09	0.01
0.25046875		4.11315252376e-09	0.01
0.25078125		4.11315252376e-09	0.01
0.25109375		4.11315252376e-09	0.01
0.25140625		4.11315252376e-09	0.01
0.25171875		4.11315252376e-09	0.01
0.25203125		4.11315252376e-09	0.01
0.25234375		4.11315252376e-09	0.01
0.25265625		4.11315252376e-09	0.01
0.25296875		4.11315252376e-09	0.01
0.25328125		4.11315252376e-09	0.01
0.25359375		4.11315252376e-09	0.01
0.25390625		4.11315252376e-09	0.01
0.25421875		4.11315252376e-09	0.01
0.25453125		4.11315252376e-09	0.01
0.25484375		4.11315252376e-09	0.01
0.25515625		4.11315252376e-09	0.01
0.25546875		4.11315252376e-09	0.01
0.25578125		4.11315252376e-09	0.01
0.25609375		4.11315252376e-09	0.01
0.25640625		4.11315252376e-09	0.01
0.25671875		4.11315252376e-09	0.01
0.25703125		4.11315252376e-09	0.01
0.25734375		4.11315252376e-09	0.01
0.25765625		4.11315252376e-09	0.01
0.25796875		4.11315252376e-09	0.01
0.25828125		4.11315252376e-09	0.01
0.25859375		4.11315252376e-09	0.01
0.25890625		4.11315252376e-09	0.01
0.25921875		4.11315252376e-09	0.01
0.25953125		4.11315252376e-09	0.01
0.25984375		4.11315252376e-09	0.01
0.26015625		4.11315252376e-09	0.01
0.26046875		4.11315252376e-09	0.01
0.26078125		4.11315252376e-09	0.01
0.26109375		4.11315252376e-09	0.01
0.26140625		4.11315252376e-09	0.01
0.26171875		4.11315252376e-09	0.01
0.26203125		4.11315252376e-09	0.01
0.26234375		4.11315252376e-09	0.01
0.26265625		4.11315252376e-09	0.01
0.26296875		4.11315252376e-09	0.01
0.26328125		4.11315252376e-09	0.01
0.26359375		4.11315252376e-09	0.01
0.26390625		4.11315252376e-09	0.01
0.26421875		4.11315252376e-09	0.01
0.26453125		4.11315252376e-09	0.01
0.26484375		4.11315252376e-09	0.01
0.26515625		4.11315252376e-09	0.01
0.26546875		4.11315252376e-09	0.01
0.26578125		4.11315252376e-09	0.01
0.26609375		4.11315252376e-09	0.01
0.26640625		4.11315252376e-09	0.01
0.26671875		4.11315252376e-09	0.01
0.26703125		4.11315252376e-09	0.01
0.26734375		4.11315252376e-09	0.01
0.26765625		4.11315252376e-09	0.01
0.26796875		4.11315252376e-09	0.01
0.26828125		4.11315252376e-09	0.01
0.26859375		4.11315252376e-09	0.01
0.26890625		4.11315252376e-09	0.01
0.26921875		4.11315252376e-09	0.01
0.26953125		4.11315252376e-09	0.01
0.26984375		4.11315252376e-09	0.01
0.27015625		4.11315252376e-09	0.01
0.27046875		4.11315252376e-09	0.01
0.27078125		4.11315252376e-09	0.01
0.27109375		4.11315252376e-09	0.01
0.27140625		4.11315252376e-09	0.01
0.27171875		4.11315252376e-09	0.01
0.27203125		4.11315252376e-09	0.01
0.27234375		4.11315252376e-09	0.01
0.27265625		4.11315252376e-09	0.01
0.27296875		4.11315252376e-09	0.01
0.27328125		4.11315252376e-09	0.01
0.27359375		4.11315252376e-09	0.01
0.27390625		4.11315252376e-09	0.01
0.27421875		4.11315252376e-09	0.01
0.27453125		4.11315252376e-09	0.01
0.27484375		4.11315252376e-09	0.01
0.27515625		4.11315252376e-09	0.01
0.27546875		4.11315252376e-09	0.01
0.27578125		4.11315252376e-09	0.01
0.27609375		4.11315252376e-09	0.01
0.27640625		4.11315252376e-09	0.01
0.27671875		4.11315252376e-09	0.01
0.27703125		4.11315252376e-09	0.01
0.27734375		4.11315252376e-09	0.01
0.27765625		4.11315252376e-09	0.01
0.27796875		4.11315252376e-09	0.01
0.27828125		4.11315252376e-09	0.01
0.27859375		4.11315252376e-09	0.01
0.27890625		4.11315252376e-09	0.01
0.27921875		4.11315252376e-09	0.01
0.27953125		4.11315252376e-09	0.01
0.27984375		4.11315252376e-09	0.01
0.28015625		4.11315252376e-09	0.01
0.28046875		4.11315252376e-09	0.01
0.28078125		4.11315252376e-09	0.01
0.28109375		4.11315252376e-09	0.01
0.28140625		4.11315252376e-09	0.01
0.28171875		4.11315252376e-09	0.01
0.28203125		4.11315252376e-09	0.01
0.28234375		4.11315252376e-09	0.01
0.28265625		4.11315252376e-09	0.01
0.28296875		4.11315252376e-09	0.01
0.28328125		4.11315252376e-09	0.01
0.28359375		4.11315252376e-09	0.01
0.28390625		4.11315252376e-09	0.01
0.28421875		4.11315252376e-09	0.01
0.28453125		4.11315252376e-09	0.01
0.28484375		4.11315252376e-09	0.01
0.28515625		4.11315252376e-09	0.01
0.28546875		4.11315252376e-09	0.01
0.28578125		4.11315252376e-09	0.01
0.28609375		4.11315252376e-09	0.01
0.28640625		4.11315252376e-09	0.01
0.28671875		4.11315252376e-09	0.01
0.28703125		4.11315252376e-09	0.01
0.28734375		4.11315252376e-09	0.01
0.28765625		4.11315252376e-09	0.01
0.28796875		4.11315252376e-09	0.01
0.28828125		4.11315252376e-09	0.01
0.28859375		4.11315252376e-09	0.01
0.28890625		4.11315252376e-09	0.01
0.28921875		4.11315252376e-09	0.01
0.28953125		4.11315252376e-09	0.01
0.28984375		4.11315252376e-09	0.01
0.29015625		4.11315252376e-09	0.01
0.29046875		4.11315252376e-09	0.01
0.29078125		4.11315252376e-09	0.01
0.29109375		4.11315252376e-09	0.01
0.29140625		4.11315252376e-09	0.01
0.29171875		4.11315252376e-09	0.01
0.29203125		4.11315252376e-09	0.01
0.29234375		4.11315252376e-09	0.01
0.29265625		4.11315252376e-09	0.01
0.29296875		4.11315252376e-09	0.01
0.29328125		4.11315252376e-09	0.01
0.29359375		4.11315252376e-09	0.01
0.29390625		4.11315252376e-09	0.01
0.29421875		4.11315252376e-09	0.01
0.29453125		4.11315252376e-09	0.01
0.29484375		4.11315252376e-09	0.01
0.29515625		4.11315252376e-09	0.01
0.29546875		4.11315252376e-09	0.01
0.29578125		4.11315252376e-09	0.01
0.29609375		4.11315252376e-09	0.01
0.29640625		4.11315252376e-09	0.01
0.29671875		4.11315252376e-09	0.01
0.29703125		4.11315252376e-09	0.01
0.29734375		4.11315252376e-09	0.01
0.29765625		4.11315252376e-09	0.01
0.29796875		4.11315252376e-09	0.01
0.29828125		4.11315252376e-09	0.01
0.29859375		4.11315252376e-09	0.01
0.29890625		4.11315252376e-09	0.01
0.29921875		4.11315252376e-09	0.01
0.29953125		4.11315252376e-09	0.01
0.29984375		4.11315252376e-09	0.01
0.30015625		4.11315252376e-09	0.01
0.30046875		4.11315252376e-09	0.01
0.30078125		4.11315252376e-09	0.01
0.30109375		4.11315252376e-09	0.01
0.30140625		4.11315252376e-09	0.01
0.30171875		4.11315252376e-09	0.01
0.30203125		4.11315252376e-09	0.01
0.30234375		4.11315252376e-09	0.01
0.30265625		4.11315252376e-09	0.01
0.30296875		4.11315252376e-09	0.01
0.30328125		4.11315252376e-09	0.01
0.30359375		4.11315252376e-09	0.01
0.30390625		4.11315252376e-09	0.01
0.30421875		4.11315252376e-09	0.01
0.30453125		4.11315252376e-09	0.01
0.30484375		4.11315252376e-09	0.01
0.30515625		4.11315252376e-09	0.01
0.30546875		4.11315252376e-09	0.01
0.30578125		4.11315252376e-09	0.01
0.30609375		4.11315252376e-09	0.01
0.30640625		4.11315252376e-09	0.01
0.30671875		4.11315252376e-09	0.01
0.30703125		4.11315252376e-09	0.01
0.30734375		4.11315252376e-09	0.01
0.30765625		4.11315252376e-09	0.01
0.30796875		4.11315252376e-09	0.01
0.30828125		4.11315252376e-09	0.01
0.30859375		4.11315252376e-09	0.01
0.30890625		4.11315252376e-09	0.01
0.30921875		4.11315252376e-09	0.01
0.30953125		4.11315252376e-09	0.01
0.30984375		4.11315252376e-09	0.01
0.31015625		4.11315252376e-09	0.01
0.31046875		4.11315252376e-09	0.01
0.31078125		4.11315252376e-09	0.01
0.31109375		4.11315252376e-09	0.01
0.31140625		4.11315252376e-09	0.01
0.31171875		4.11315252376e-09	0.01
0.31203125		4.11315252376e-09	0.01
0.31234375		4.11315252376e-09	0.01
0.31265625		4.11315252376e-09	0.01
0.31296875		4.11315252376e-09	0.01
0.31328125		4.11315252376e-09	0.01
0.31359375		4.11315252376e-09	0.01
0.31390625		4.11315252376e-09	0.01
0.31421875		4.11315252376e-09	0.01
0.31453125		4.11315252376e-09	0.01
0.31484375		4.11315252376e-09	0.01
0.31515625		4.11315252376e-09	0.01
0.31546875		4.11315252376e-09	0.01
0.31578125		4.11315252376e-09	0.01
0.31609375		4.11315252376e-09	0.01
0.31640625		4.11315252376e-09	0.01
0.31671875		4.11315252376e-09	0.01
0.31703125		4.11315252376e-09	0.01
0.31734375		4.11315252376e-09	0.01
0.31765625		4.11315252376e-09	0.01
0.31796875		4.11315252376e-09	0.01
0.31828125		4.11315252376e-09	0.01
0.31859375		4.11315252376e-09	0.01
0.31890625		4.11315252376e-09	0.01
0.31921875		4.11315252376e-09	0.01
0.31953125		4.11315252376e-09	0.01
0.31984375		4.11315252376e-09	0.01
0.32015625		4.11315252376e-09	0.01
0.32046875		4.11315252376e-09	0.01
0.32078125		4.11315252376e-09	0.01
0.32109375		4.11315252376e-09	0.01
0.32140625		4.11315252376e-09	0.01
0.32171875		4.11315252376e-09	0.01
0.32203125		4.11315252376e-09	0.01
0.32234375		4.11315252376e-09	0.01
0.32265625		4.11315252376e-09	0.01
0.32296875		4.11315252376e-09	0.01
0.32328125		4.11315252376e-09	0.01
0.32359375		4.11315252376e-09	0.01
0.32390625		4.11315252376e-09	0.01
0.32421875		4.11315252376e-09	0.01
0.32453125		4.11315252376e-09	0.01
0.32484375		4.11315252376e-09	0.01
0.32515625		4.11315252376e-09	0.01
0.32546875		4.11315252376e-09	0.01
0.32578125		4.11315252376e-09	0.01
0.32609375		4.11315252376e-09	0.01
0.32640625		4.11315252376e-09	0.01
0.32671875		4.11315252376e-09	0.01
0.32703125		4.11315252376e-09	0.01
0.32734375		4.11315252376e-09	0.01
0.32765625		4.11315252376e-09	0.01
0.32796875		4.11315252376e-09	0.01
0.32828125		4.11315252376e-09	0.01
0.32859375		4.11315252376e-09	0.01
0.32890625		4.11315252376e-09	0.01
0.32921875		4.11315252376e-09	0.01
0.32953125		4.11315252376e-09	0.01
0.32984375		4.11315252376e-09	0.01
0.33015625		4.11315252376e-09	0.01
0.33046875		4.11315252376e-09	0.01
0.33078125		4.11315252376e-09	0.01
0.33109375		4.11315252376e-09	0.01
0.33140625		4.11315252376e-09	0.01
0.33171875		4.11315252376e-09	0.01
0.33203125		4.11315252376e-09	0.01
0.33234375		4.11315252376e-09	0.01
0.33265625		4.11315252376e-09	0.01
0.33296875		4.11315252376e-09	0.01
0.33328125		4.11315252376e-09	0.01
0.33359375		4.11315252376e-09	0.01
0.33390625		4.11315252376e-09	0.01
0.33421875		4.11315252376e-09	0.01
0.33453125		4.11315252376e-09	0.01
0.33484375		4.11315252376e-09	0.01
0.33515625		4.11315252376e-09	0.01
0.33546875		4.11315252376e-09	0.01
0.33578125		4.11315252376e-09	0.01
0.33609375		4.11315252376e-09	0.01
0.33640625		4.11315252376e-09	0.01
0.33671875		4.11315252376e-09	0.01
0.33703125		4.11315252376e-09	0.01
0.33734375		4.11315252376e-09	0.01
0.33765625		4.11315252376e-09	0.01
0.33796875		4.11315252376e-09	0.01
0.33828125		4.11315252376e-09	0.01
0.33859375		4.11315252376e-09	0.01
0.33890625		4.11315252376e-09	0.01
0.33921875		4.11315252376e-09	0.01
0.33953125		4.11315252376e-09	0.01
0.33984375		4.11315252376e-09	0.01
0.34015625		4.11315252376e-09	0.01
0.34046875		4.11315252376e-09	0.01
0.34078125		4.11315252376e-09	0.01
0.34109375		4.11315252376e-09	0.01
0.34140625		4.11315252376e-09	0.01
0.34171875		4.11315252376e-09	0.01
0.34203125		4.11315252376e-09	0.01
0.34234375		4.11315252376e-09	0.01
0.34265625		4.11315252376e-09	0.01
0.34296875		4.11315252376e-09	0.01
0.34328125		4.11315252376e-09	0.01
0.34359375		4.11315252376e-09	0.01
0.34390625		4.11315252376e-09	0.01
0.34421875		4.11315252376e-09	0.01
0.34453125		4.11315252376e-09	0.01
0.34484375		4.11315252376e-09	0.01
0.34515625		4.11315252376e-09	0.01
0.34546875		4.11315252376e-09	0.01
0.34578125		4.11315252376e-09	0.01
0.34609375		4.11315252376e-09	0.01
0.34640625		4.11315252376e-09	0.01
0.34671875		4.11315252376e-09	0.01
0.34703125		4.11315252376e-09	0.01
0.34734375		4.11315252376e-09	0.01
0.34765625		4.11315252376e-09	0.01
0.34796875		4.11315252376e-09	0.01
0.34828125		4.11315252376e-09	0.01
0.34859375		4.11315252376e-09	0.01
0.34890625		4.11315252376e-09	0.01
0.34921875		4.11315252376e-09	0.01
0.34953125		4.11315252376e-09	0.01
0.34984375		4.11315252376e-09	0.01
0.35015625		4.11315252376e-09	0.01
0.35046875		4.11315252376e-09	0.01
0.35078125		4.11315252376e-09	0.01
0.35109375		4.11315252376e-09	0.01
0.35140625		4.11315252376e-09	0.01
0.35171875		4.11315252376e-09	0.01
0.35203125		4.11315252376e-09	0.01
0.35234375		4.11315252376e-09	0.01
0.35265625		4.11315252376e-09	0.01
0.35296875		4.11315252376e-09	0.01
0.35328125		4.11315252376e-09	0.01
0.35359375		4.11315252376e-09	0.01
0.35390625		4.11315252376e-09	0.01
0.35421875		4.11315252376e-09	0.01
0.35453125		4.11315252376e-09	0.01
0.35484375		4.11315252376e-09	0.01
0.35515625		4.11315252376e-09	0.01
0.35546875		4.11315252376e-09	0.01
0.35578125		4.11315252376e-09	0.01
0.35609375		4.11315252376e-09	0.01
0.35640625		4.11315252376e-09	0.01
0.35671875		4.11315252376e-09	0.01
0.35703125		4.11315252376e-09	0.01
0.35734375		4.11315252376e-09	0.01
0.35765625		4.11315252376e-09	0.01
0.35796875		4.11315252376e-09	0.01
0.35828125		4.11315252376e-09	0.01
0.35859375		4.11315252376e-09	0.01
0.35890625		4.11315252376e-09	0.01
0.35921875		4.11315252376e-09	0.01
0.35953125		4.11315252376e-09	0.01
0.35984375		4.11315252376e-09	0.01
0.36015625		4.11315252376e-09	0.01
0.36046875		4.11315252376e-09	0.01
0.36078125		4.11315252376e-09	0.01
0.36109375		4.11315252376e-09	0.01
0.36140625		4.11315252376e-09	0.01
0.36171875		4.11315252376e-09	0.01
0.36203125		4.11315252376e-09	0.01
0.36234375		4.11315252376e-09	0.01
0.36265625		4.11315252376e-09	0.01
0.36296875		4.11315252376e-09	0.01
0.36328125		4.11315252376e-09	0.01
0.36359375		4.11315252376e-09	0.01
0.36390625		4.11315252376e-09	0.01
0.36421875		4.11315252376e-09	0.01
0.36453125		4.11315252376e-09	0.01
0.36484375		4.11315252376e-09	0.01
0.36515625		4.11315252376e-09	0.01
0.36546875		4.11315252376e-09	0.01
0.36578125		4.11315252376e-09	0.01
0.36609375		4.11315252376e-09	0.01
0.36640625		4.11315252376e-09	0.01
0.36671875		4.11315252376e-09	0.01
0.36703125		4.11315252376e-09	0.01
0.36734375		4.11315252376e-09	0.01
0.36765625		4.11315252376e-09	0.01
0.36796875		4.11315252376e-09	0.01
0.36828125		4.11315252376e-09	0.01
0.36859375		4.11315252376e-09	0.01
0.36890625		4.11315252376e-09	0.01
0.36921875		4.11315252376e-09	0.01
0.36953125		4.11315252376e-09	0.01
0.36984375		4.11315252376e-09	0.01
0.37015625		4.11315252376e-09	0.01
0.37046875		4.11315252376e-09	0.01
0.37078125		4.11315252376e-09	0.01
0.37109375		4.11315252376e-09	0.01
0.37140625		4.11315252376e-09	0.01
0.37171875		4.11315252376e-09	0.01
0.37203125		4.11315252376e-09	0.01
0.37234375		4.11315252376e-09	0.01
0.37265625		4.11315252376e-09	0.01
0.37296875		4.11315252376e-09	0.01
0.37328125		4.11315252376e-09	0.01
0.37359375		4.11315252376e-09	0.01
0.37390625		4.11315252376e-09	0.01
0.37421875		4.11315252376e-09	0.01
0.37453125		4.11315252376e-09	0.01
0.37484375		4.11315252376e-09	0.01
0.37515625		4.11315252376e-09	0.01
0.37546875		4.11315252376e-09	0.01
0.37578125		4.11315252376e-09	0.01
0.37609375		4.11315252376e-09	0.01
0.37640625		4.11315252376e-09	0.01
0.37671875		4.11315252376e-09	0.01
0.37703125		4.11315252376e-09	0.01
0.37734375		4.11315252376e-09	0.01
0.37765625		4.11315252376e-09	0.01
0.37796875		4.11315252376e-09	0.01
0.37828125		4.11315252376e-09	0.01
0.37859375		4.11315252376e-09	0.01
0.37890625		4.11315252376e-09	0.01
0.37921875		4.11315252376e-09	0.01
0.37953125		4.11315252376e-09	0.01
0.37984375		4.11315252376e-09	0.01
0.38015625		4.11315252376e-09	0.01
0.38046875		4.11315252376e-09	0.01
0.38078125		4.11315252376e-09	0.01
0.38109375		4.11315252376e-09	0.01
0.38140625		4.11315252376e-09	0.01
0.38171875		4.11315252376e-09	0.01
0.38203125		4.11315252376e-09	0.01
0.38234375		4.11315252376e-09	0.01
0.38265625		4.11315252376e-09	0.01
0.38296875		4.11315252376e-09	0.01
0.38328125		4.11315252376e-09	0.01
0.38359375		4.11315252376e-09	0.01
0.38390625		4.11315252376e-09	0.01
0.38421875		4.11315252376e-09	0.01
0.38453125		4.11315252376e-09	0.01
0.38484375		4.11315252376e-09	0.01
0.38515625		4.11315252376e-09	0.01
0.38546875		4.11315252376e-09	0.01
0.38578125		4.11315252376e-09	0.01
0.38609375		4.11315252376e-09	0.01
0.38640625		4.11315252376e-09	0.01
0.38671875		4.11315252376e-09	0.01
0.38703125		4.11315252376e-09	0.01
0.38734375		4.11315252376e-09	0.01
0.38765625		4.11315252376e-09	0.01
0.38796875		4.11315252376e-09	0.01
0.38828125		4.11315252376e-09	0.01
0.38859375		4.11315252376e-09	0.01
0.38890625		4.11315252376e-09	0.01
0.38921875		4.11315252376e-09	0.01
0.38953125		4.11315252376e-09	0.01
0.38984375		4.11315252376e-09	0.01
0.39015625		4.11315252376e-09	0.01
0.39046875		4.11315252376e-09	0.01
0.39078125		4.11315252376e-09	0.01
0.39109375		4.11315252376e-09	0.01
0.39140625		4.11315252376e-09	0.01
0.39171875		4.11315252376e-09	0.01
0.39203125		4.11315252376e-09	0.01
0.39234375		4.11315252376e-09	0.01
0.39265625		4.11315252376e-09	0.01
0.39296875		4.11315252376e-09	0.01
0.39328125		4.11315252376e-09	0.01
0.39359375		4.11315252376e-09	0.01
0.39390625		4.11315252376e-09	0.01
0.39421875		4.11315252376e-09	0.01
0.39453125		4.11315252376e-09	0.01
0.39484375		4.11315252376e-09	0.01
0.39515625		4.11315252376e-09	0.01
0.39546875		4.11315252376e-09	0.01
0.39578125		4.11315252376e-09	0.01
0.39609375		4.11315252376e-09	0.01
0.39640625		4.11315252376e-09	0.01
0.39671875		4.11315252376e-09	0.01
0.39703125		4.11315252376e-09	0.01
0.39734375		4.11315252376e-09	0.01
0.39765625		4.11315252376e-09	0.01
0.39796875		4.11315252376e-09	0.01
0.39828125		4.11315252376e-09	0.01
0.39859375		4.11315252376e-09	0.01
0.39890625		4.11315252376e-09	0.01
0.39921875		4.11315252376e-09	0.01
0.39953125		4.11315252376e-09	0.01
0.39984375		4.11315252376e-09	0.01
0.40015625		4.11315252376e-09	0.01
0.40046875		4.11315252376e-09	0.01
0.40078125		4.11315252376e-09	0.01
0.40109375		4.11315252376e-09	0.01
0.40140625		4.11315252376e-09	0.01
0.40171875		4.11315252376e-09	0.01
0.40203125		4.11315252376e-09	0.01
0.40234375		4.11315252376e-09	0.01
0.40265625		4.11315252376e-09	0.01
0.40296875		4.11315252376e-09	0.01
0.40328125		4.11315252376e-09	0.01
0.40359375		4.11315252376e-09	0.01
0.40390625		4.11315252376e-09	0.01
0.40421875		4.11315252376e-09	0.01
0.40453125		4.11315252376e-09	0.01
0.40484375		4.11315252376e-09	0.01
0.40515625		4.11315252376e-09	0.01
0.40546875		4.11315252376e-09	0.01
0.40578125		4.11315252376e-09	0.01
0.40609375		4.11315252376e-09	0.01
0.40640625		4.11315252376e-09	0.01
0.40671875		4.11315252376e-09	0.01
0.40703125		4.11315252376e-09	0.01
0.40734375		4.11315252376e-09	0.01
0.40765625		4.11315252376e-09	0.01
0.40796875		4.11315252376e-09	0.01
0.40828125		4.11315252376e-09	0.01
0.40859375		4.11315252376e-09	0.01
0.40890625		4.11315252376e-09	0.01
0.40921875		4.11315252376e-09	0.01
0.40953125		4.11315252376e-09	0.01
0.40984375		4.11315252376e-09	0.01
0.41015625		4.11315252376e-09	0.01
0.41046875		4.11315252376e-09	0.01
0.41078125		4.11315252376e-09	0.01
0.41109375		4.11315252376e-09	0.01
0.41140625		4.11315252376e-09	0.01
0.41171875		4.11315252376e-09	0.01
0.41203125		4.11315252376e-09	0.01
0.41234375		4.11315252376e-09	0.01
0.41265625		4.11315252376e-09	0.01
0.41296875		4.11315252376e-09	0.01
0.41328125		4.11315252376e-09	0.01
0.41359375		4.11315252376e-09	0.01
0.41390625		4.11315252376e-09	0.01
0.41421875		4.11315252376e-09	0.01
0.41453125		4.11315252376e-09	0.01
0.41484375		4.11315252376e-09	0.01
0.41515625		4.11315252376e-09	0.01
0.41546875		4.11315252376e-09	0.01
0.41578125		4.11315252376e-09	0.01
0.41609375		4.11315252376e-09	0.01
0.41640625		4.11315252376e-09	0.01
0.41671875		4.11315252376e-09	0.01
0.41703125		4.11315252376e-09	0.01
0.41734375		4.11315252376e-09	0.01
0.41765625		4.11315252376e-09	0.01
0.41796875		4.11315252376e-09	0.01
0.41828125		4.11315252376e-09	0.01
0.41859375		4.11315252376e-09	0.01
0.41890625		4.11315252376e-09	0.01
0.41921875		4.11315252376e-09	0.01
0.41953125		4.11315252376e-09	0.01
0.41984375		4.11315252376e-09	0.01
0.42015625		4.11315252376e-09	0.01
0.42046875		4.11315252376e-09	0.01
0.42078125		4.11315252376e-09	0.01
0.42109375		4.11315252376e-09	0.01
0.42140625		4.11315252376e-09	0.01
0.42171875		4.11315252376e-09	0.01
0.42203125		4.11315252376e-09	0.01
0.42234375		4.11315252376e-09	0.01
0.42265625		4.11315252376e-09	0.01
0.42296875		4.11315252376e-09	0.01
0.42328125		4.11315252376e-09	0.01
0.42359375		4.11315252376e-09	0.01
0.42390625		4.11315252376e-09	0.01
0.42421875		4.11315252376e-09	0.01
0.42453125		4.11315252376e-09	0.01
0.42484375		4.11315252376e-09	0.01
0.42515625		4.11315252376e-09	0.01
0.42546875		4.11315252376e-09	0.01
0.42578125		4.11315252376e-09	0.01
0.42609375		4.11315252376e-09	0.01
0.42640625		4.11315252376e-09	0.01
0.42671875		4.11315252376e-09	0.01
0.42703125		4.11315252376e-09	0.01
0.42734375		4.11315252376e-09	0.01
0.42765625		4.11315252376e-09	0.01
0.42796875		4.11315252376e-09	0.01
0.42828125		4.11315252376e-09	0.01
0.42859375		4.11315252376e-09	0.01
0.42890625		4.11315252376e-09	0.01
0.42921875		4.11315252376e-09	0.01
0.42953125		4.11315252376e-09	0.01
0.42984375		4.11315252376e-09	0.01
0.43015625		4.11315252376e-09	0.01
0.43046875		4.11315252376e-09	0.01
0.43078125		4.11315252376e-09	0.01
0.43109375		4.11315252376e-09	0.01
0.43140625		4.11315252376e-09	0.01
0.43171875		4.11315252376e-09	0.01
0.43203125		4.11315252376e-09	0.01
0.43234375		4.11315252376e-09	0.01
0.43265625		4.11315252376e-09	0.01
0.43296875		4.11315252376e-09	0.01
0.43328125		4.11315252376e-09	0.01
0.43359375		4.11315252376e-09	0.01
0.43390625		4.11315252376e-09	0.01
0.43421875		4.11315252376e-09	0.01
0.43453125		4.11315252376e-09	0.01
0.43484375		4.11315252376e-09	0.01
0.43515625		4.11315252376e-09	0.01
0.43546875		4.11315252376e-09	0.01
0.43578125		4.11315252376e-09	0.01
0.43609375		4.11315252376e-09	0.01
0.43640625		4.11315252376e-09	0.01
0.43671875		4.11315252376e-09	0.01
0.43703125		4.11315252376e-09	0.01
0.43734375		4.11315252376e-09	0.01
0.43765625		4.11315252376e-09	0.01
0.43796875		4.11315252376e-09	0.01
0.43828125		4.11315252376e-09	0.01
0.43859375		4.11315252376e-09	0.01
0.43890625		4.11315252376e-09	0.01
0.43921875		4.11315252376e-09	0.01
0.43953125		4.11315252376e-09	0.01
0.43984375		4.11315252376e-09	0.01
0.44015625		4.11315252376e-09	0.01
0.44046875		4.11315252376e-09	0.01
0.44078125		4.11315252376e-09	0.01
0.44109375		4.11315252376e-09	0.01
0.44140625		4.11315252376e-09	0.01
0.44171875		4.11315252376e-09	0.01
0.44203125		4.11315252376e-09	0.01
0.44234375		4.11315252376e-09	0.01
0.44265625		4.11315252376e-09	0.01
0.44296875		4.11315252376e-09	0.01
0.44328125		4.11315252376e-09	0.01
0.44359375		4.11315252376e-09	0.01
0.44390625		4.11315252376e-09	0.01
0.44421875		4.11315252376e-09	0.01
0.44453125		4.11315252376e-09	0.01
0.44484375		4.11315252376e-09	0.01
0.44515625		4.11315252376e-09	0.01
0.44546875		4.11315252376e-09	0.01
0.44578125		4.11315252376e-09	0.01
0.44609375		4.11315252376e-09	0.01
0.44640625		4.11315252376e-09	0.01
0.44671875		4.11315252376e-09	0.01
0.44703125		4.11315252376e-09	0.01
0.44734375		4.11315252376e-09	0.01
0.44765625		4.11315252376e-09	0.01
0.44796875		4.11315252376e-09	0.01
0.44828125		4.11315252376e-09	0.01
0.44859375		4.11315252376e-09	0.01
0.44890625		4.11315252376e-09	0.01
0.44921875		4.11315252376e-09	0.01
0.44953125		4.11315252376e-09	0.01
0.44984375		4.11315252376e-09	0.01
0.45015625		4.11315252376e-09	0.01
0.45046875		4.11315252376e-09	0.01
0.45078125		4.11315252376e-09	0.01
0.45109375		4.11315252376e-09	0.01
0.45140625		4.11315252376e-09	0.01
0.45171875		4.11315252376e-09	0.01
0.45203125		4.11315252376e-09	0.01
0.45234375		4.11315252376e-09	0.01
0.45265625		4.11315252376e-09	0.01
0.45296875		4.11315252376e-09	0.01
0.45328125		4.11315252376e-09	0.01
0.45359375		4.11315252376e-09	0.01
0.45390625		4.11315252376e-09	0.01
0.45421875		4.11315252376e-09	0.01
0.45453125		4.11315252376e-09	0.01
0.45484375		4.11315252376e-09	0.01
0.45515625		4.11315252376e-09	0.01
0.45546875		4.11315252376e-09	0.01
0.45578125		4.11315252376e-09	0.01
0.45609375		4.11315252376e-09	0.01
0.45640625		4.11315252376e-09	0.01
0.45671875		4.11315252376e-09	0.01
0.45703125		4.11315252376e-09	0.01
0.45734375		4.11315252376e-09	0.01
0.45765625		4.11315252376e-09	0.01
0.45796875		4.11315252376e-09	0.01
0.45828125		4.11315252376e-09	0.01
0.45859375		4.11315252376e-09	0.01
0.45890625		4.11315252376e-09	0.01
0.45921875		4.11315252376e-09	0.01
0.45953125		4.11315252376e-09	0.01
0.45984375		4.11315252376e-09	0.01
0.46015625		4.11315252376e-09	0.01
0.46046875		4.11315252376e-09	0.01
0.46078125		4.11315252376e-09	0.01
0.46109375		4.11315252376e-09	0.01
0.46140625		4.11315252376e-09	0.01
0.46171875		4.11315252376e-09	0.01
0.46203125		4.11315252376e-09	0.01
0.46234375		4.11315252376e-09	0.01
0.46265625		4.11315252376e-09	0.01
0.46296875		4.11315252376e-09	0.01
0.46328125		4.11315252376e-09	0.01
0.46359375		4.11315252376e-09	0.01
0.46390625		4.11315252376e-09	0.01
0.46421875		4.11315252376e-09	0.01
0.46453125		4.11315252376e-09	0.01
0.46484375		4.11315252376e-09	0.01
0.46515625		4.11315252376e-09	0.01
0.46546875		4.11315252376e-09	0.01
0.46578125		4.11315252376e-09	0.01
0.46609375		4.11315252376e-09	0.01
0.46640625		4.11315252376e-09	0.01
0.46671875		4.11315252376e-09	0.01
0.46703125		4.11315252376e-09	0.01
0.46734375		4.11315252376e-09	0.01
0.46765625		4.11315252376e-09	0.01
0.46796875		4.11315252376e-09	0.01
0.46828125		4.11315252376e-09	0.01
0.46859375		4.11315252376e-09	0.01
0.46890625		4.11315252376e-09	0.01
0.46921875		4.11315252376e-09	0.01
0.46953125		4.11315252376e-09	0.01
0.46984375		4.11315252376e-09	0.01
0.47015625		4.11315252376e-09	0.01
0.47046875		4.11315252376e-09	0.01
0.47078125		4.11315252376e-09	0.01
0.47109375		4.11315252376e-09	0.01
0.47140625		4.11315252376e-09	0.01
0.47171875		4.11315252376e-09	0.01
0.47203125		4.11315252376e-09	0.01
0.47234375		4.11315252376e-09	0.01
0.47265625		4.11315252376e-09	0.01
0.47296875		4.11315252376e-09	0.01
0.47328125		4.11315252376e-09	0.01
0.47359375		4.11315252376e-09	0.01
0.47390625		4.11315252376e-09	0.01
0.47421875		4.11315252376e-09	0.01
0.47453125		4.11315252376e-09	0.01
0.47484375		4.11315252376e-09	0.01
0.47515625		4.11315252376e-09	0.01
0.47546875		4.11315252376e-09	0.01
0.47578125		4.11315252376e-09	0.01
0.47609375		4.11315252376e-09	0.01
0.47640625		4.11315252376e-09	0.01
0.47671875		4.11315252376e-09	0.01
0.47703125		4.11315252376e-09	0.01
0.47734375		4.11315252376e-09	0.01
0.47765625		4.11315252376e-09	0.01
0.47796875		4.11315252376e-09	0.01
0.47828125		4.11315252376e-09	0.01
0.47859375		4.11315252376e-09	0.01
0.47890625		4.11315252376e-09	0.01
0.47921875		4.11315252376e-09	0.01
0.47953125		4.11315252376e-09	0.01
0.47984375		4.11315252376e-09	0.01
0.48015625		4.11315252376e-09	0.01
0.48046875		4.11315252376e-09	0.01
0.48078125		4.11315252376e-09	0.01
0.48109375		4.11315252376e-09	0.01
0.48140625		4.11315252376e-09	0.01
0.48171875		4.11315252376e-09	0.01
0.48203125		4.11315252376e-09	0.01
0.48234375		4.11315252376e-09	0.01
0.48265625		4.11315252376e-09	0.01
0.48296875		4.11315252376e-09	0.01
0.48328125		4.11315252376e-09	0.01
0.48359375		4.11315252376e-09	0.01
0.48390625		4.11315252376e-09	0.01
0.48421875		4.11315252376e-09	0.01
0.48453125		4.11315252376e-09	0.01
0.48484375		4.11315252376e-09	0.01
0.48515625		4.11315252376e-09	0.01
0.48546875		4.11315252376e-09	0.01
0.48578125		4.11315252376e-09	0.01
0.48609375		4.11315252376e-09	0.01
0.48640625		4.11315252376e-09	0.01
0.48671875		4.11315252376e-09	0.01
0.48703125		4.11315252376e-09	0.01
0.48734375		4.11315252376e-09	0.01
0.48765625		4.11315252376e-09	0.01
0.48796875		4.11315252376e-09	0.01
0.48828125		4.11315252376e-09	0.01
0.48859375		4.11315252376e-09	0.01
0.48890625		4.11315252376e-09	0.01
0.48921875		4.11315252376e-09	0.01
0.48953125		4.11315252376e-09	0.01
0.48984375		4.11315252376e-09	0.01
0.49015625		4.11315252376e-09	0.01
0.49046875		4.11315252376e-09	0.01
0.49078125		4.11315252376e-09	0.01
0.49109375		4.11315252376e-09	0.01
0.49140625		4.11315252376e-09	0.01
0.49171875		4.11315252376e-09	0.01
0.49203125		4.11315252376e-09	0.01
0.49234375		4.11315252376e-09	0.01
0.49265625		4.11315252376e-09	0.01
0.49296875		4.11315252376e-09	0.01
0.49328125		4.11315252376e-09	0.01
0.49359375		4.11315252376e-09	0.01
0.49390625		4.11315252376e-09	0.01
0.49421875		4.11315252376e-09	0.01
0.49453125		4.11315252376e-09	0.01
0.49484375		4.11315252376e-09	0.01
0.49515625		4.11315252376e-09	0.01
0.49546875		4.11315252376e-09	0.01
0.49578125		4.11315252376e-09	0.01
0.49609375		4.11315252376e-09	0.01
0.49640625		4.11315252376e-09	0.01
0.49671875		4.11315252376e-09	0.01
0.49703125		4.11315252376e-09	0.01
0.49734375		4.11315252376e-09	0.01
0.49765625		4.11315252376e-09	0.01
0.49796875		4.11315252376e-09	0.01
0.49828125		4.11315252376e-09	0.01
0.49859375		4.11315252376e-09	0.01
0.49890625		4.11315252376e-09	0.01
0.49921875		4.11315252376e-09	0.01
0.49953125		4.11315252376e-09	0.01
0.49984375		4.11315252376e-09	0.01
