0.00015625		0.411307796387	0.999997583005
0.00046875		0.411279464363	0.999978246831
0.00078125		0.411215844696	0.999939573351
0.00109375		0.411120424147	0.999881560299
0.00140625		0.410993213735	0.999804204274
0.00171875		0.410834228152	0.999707500744
0.00203125		0.410643485766	0.999591444041
0.00234375		0.410421008625	0.999456027365
0.00265625		0.410166822454	0.999301242777
0.00296875		0.409880956662	0.999127081204
0.00328125		0.409563444343	0.998933532437
0.00359375		0.409214322282	0.998720585126
0.00390625		0.408833630953	0.998488226785
0.00421875		0.408421414528	0.998236443786
0.00453125		0.407977720881	0.99796522136
0.00484375		0.40750260159	0.997674543594
0.00515625		0.406996111943	0.997364393432
0.00546875		0.406458310948	0.997034752671
0.00578125		0.40588926133	0.996685601959
0.00609375		0.405289029545	0.996316920796
0.00640625		0.404657685782	0.99592868753
0.00671875		0.403995303972	0.995520879352
0.00703125		0.403301961795	0.995093472301
0.00734375		0.402577740686	0.994646441255
0.00765625		0.401822725843	0.994179759932
0.00796875		0.401037006236	0.993693400888
0.00828125		0.400220674616	0.99318733551
0.00859375		0.399373827523	0.992661534018
0.00890625		0.398496565293	0.992115965462
0.00921875		0.39758899207	0.991550597715
0.00953125		0.396651215817	0.990965397474
0.00984375		0.39568334832	0.990360330255
0.01015625		0.394685505205	0.98973536039
0.01046875		0.393657805943	0.989090451024
0.01078125		0.392600373863	0.988425564112
0.01109375		0.391513336165	0.987740660413
0.01140625		0.390396823929	0.987035699491
0.01171875		0.389250972123	0.986310639706
0.01203125		0.388075919623	0.985565438213
0.01234375		0.386871809217	0.984800050959
0.01265625		0.385638787623	0.984014432677
0.01296875		0.384377005496	0.983208536881
0.01328125		0.383086617445	0.982382315866
0.01359375		0.381767782042	0.981535720699
0.01390625		0.38042066184	0.980668701217
0.01421875		0.379045423381	0.979781206023
0.01453125		0.37764223721	0.978873182479
0.01484375		0.376211277891	0.977944576704
0.01515625		0.374752724019	0.976995333567
0.01546875		0.373266758232	0.976025396686
0.01578125		0.371753567227	0.975034708417
0.01609375		0.370213341774	0.974023209854
0.01640625		0.368646276726	0.972990840822
0.01671875		0.367052571039	0.971937539873
0.01703125		0.365432427779	0.970863244278
0.01734375		0.363786054143	0.969767890026
0.01765625		0.362113661467	0.968651411814
0.01796875		0.360415465244	0.967513743046
0.01828125		0.358691685135	0.966354815823
0.01859375		0.356942544985	0.965174560943
0.01890625		0.355168272837	0.963972907889
0.01921875		0.353369100943	0.962749784828
0.01953125		0.351545265782	0.961505118605
0.01984375		0.349697008068	0.960238834733
0.02015625		0.347824572768	0.958950857394
0.02046875		0.345928209114	0.957641109426
0.02078125		0.344008170616	0.956309512323
0.02109375		0.342064715072	0.954955986225
0.02140625		0.340098104585	0.953580449915
0.02171875		0.338108605573	0.952182820811
0.02203125		0.33609648878	0.95076301496
0.02234375		0.33406202929	0.949320947035
0.02265625		0.332005506537	0.947856530325
0.02296875		0.329927204315	0.94636967673
0.02328125		0.32782741079	0.944860296757
0.02359375		0.325706418512	0.943328299512
0.02390625		0.323564524419	0.941773592696
0.02421875		0.321402029851	0.940196082597
0.02453125		0.319219240557	0.938595674083
0.02484375		0.317016466702	0.9369722706
0.02515625		0.314794022877	0.935325774164
0.02546875		0.312552228101	0.933656085354
0.02578125		0.310291405834	0.931963103308
0.02609375		0.308011883975	0.930246725718
0.02640625		0.305713994872	0.92850684882
0.02671875		0.303398075322	0.926743367395
0.02703125		0.301064466577	0.924956174758
0.02734375		0.298713514343	0.923145162756
0.02765625		0.296345568785	0.921310221761
0.02796875		0.293960984521	0.919451240667
0.02828125		0.291560120627	0.917568106882
0.02859375		0.289143340631	0.915660706325
0.02890625		0.286711012513	0.913728923422
0.02921875		0.284263508697	0.911772641101
0.02953125		0.281801206048	0.909791740787
0.02984375		0.279324485863	0.907786102399
0.03015625		0.276833733864	0.905755604345
0.03046875		0.274329340189	0.90370012352
0.03078125		0.271811699379	0.901619535301
0.03109375		0.269281210364	0.899513713547
0.03140625		0.266738276453	0.897382530592
0.03171875		0.264183305313	0.895225857245
0.03203125		0.261616708956	0.893043562789
0.03234375		0.259038903713	0.890835514975
0.03265625		0.25645031022	0.888601580028
0.03296875		0.253851353387	0.886341622637
0.03328125		0.251242462379	0.884055505962
0.03359375		0.248624070584	0.88174309163
0.03390625		0.245996615584	0.879404239738
0.03421875		0.243360539124	0.877038808849
0.03453125		0.240716287077	0.874646656001
0.03484375		0.238064309407	0.872227636702
0.03515625		0.235405060129	0.869781604935
0.03546875		0.232738997268	0.867308413165
0.03578125		0.230066582814	0.864807912336
0.03609375		0.227388282674	0.862279951882
0.03640625		0.224704566621	0.859724379729
0.03671875		0.222015908243	0.8571410423
0.03703125		0.219322784883	0.854529784527
0.03734375		0.216625677583	0.851890449853
0.03765625		0.213925071018	0.849222880244
0.03796875		0.211221453432	0.8465269162
0.03828125		0.208515316567	0.843802396761
0.03859375		0.205807155588	0.841049159524
0.03890625		0.203097469009	0.838267040652
0.03921875		0.200386758612	0.83545587489
0.03953125		0.197675466826	0.832615495582
0.03984375		0.194964162527	0.829745734683
0.04015625		0.192253420665	0.82684642278
0.04046875		0.189543694389	0.823917389113
0.04078125		0.18683549911	0.820958461591
0.04109375		0.184129354281	0.81796946682
0.04140625		0.181425781939	0.814950230124
0.04171875		0.178725306588	0.81190057557
0.04203125		0.176028455081	0.808820326
0.04234375		0.17333575649	0.805709303054
0.04265625		0.17064774198	0.802567327208
0.04296875		0.16796494467	0.799394217805
0.04328125		0.165287899491	0.796189793091
0.04359375		0.162617143043	0.792953870252
0.04390625		0.159953213436	0.789686265457
0.04421875		0.157296650139	0.7863867939
0.04453125		0.154647993809	0.783055269846
0.04484375		0.152007786126	0.779691506678
0.04515625		0.149376569613	0.776295316952
0.04546875		0.146754887453	0.772866512449
0.04578125		0.144143283302	0.769404904234
0.04609375		0.141542301093	0.765910302716
0.04640625		0.13895248483	0.762382517713
0.04671875		0.136374378384	0.758821358522
0.04703125		0.133808525272	0.755226633988
0.04734375		0.131255468437	0.751598152584
0.04765625		0.128715750015	0.747935722488
0.04796875		0.126189911099	0.744239151671
0.04828125		0.123678491496	0.740508247984
0.04859375		0.12118202947	0.736742819254
0.04890625		0.118701061484	0.732942673384
0.04921875		0.116236121934	0.729107618454
0.04953125		0.113787742873	0.725237462838
0.04984375		0.111356453725	0.721332015312
0.05015625		0.108942780998	0.717391085185
0.05046875		0.106547247983	0.713414482422
0.05078125		0.104170374449	0.709402017779
0.05109375		0.101812676324	0.70535350295
0.05140625		0.0994746653795	0.701268750714
0.05171875		0.0971568488915	0.697147575091
0.05203125		0.0948597293074	0.692989791511
0.05234375		0.092583803897	0.688795216985
0.05265625		0.0903295643981	0.684563670289
0.05296875		0.0880974966538	0.680294972157
0.05328125		0.0858880802419	0.675988945481
0.05359375		0.0837017880965	0.671645415522
0.05390625		0.081539086122	0.667264210135
0.05421875		0.0794004327997	0.662845160001
0.05453125		0.0772862787867	0.658388098871
0.05484375		0.0751970665077	0.653892863824
0.05515625		0.0731332297399	0.649359295539
0.05546875		0.0710951931909	0.644787238573
0.05578125		0.0690833720702	0.640176541664
0.05609375		0.0670981716547	0.635527058035
0.05640625		0.0651399868473	0.630838645731
0.05671875		0.0632092017312	0.62611116795
0.05703125		0.0613061891182	0.621344493414
0.05734375		0.0594313100922	0.616538496735
0.05765625		0.0575849135489	0.611693058819
0.05796875		0.0557673357313	0.606808067273
0.05828125		0.0539788997619	0.601883416846
0.05859375		0.0522199151728	0.596919009877
0.05890625		0.0504906774331	0.591914756777
0.05921875		0.0487914674755	0.586870576528
0.05953125		0.047122551222	0.581786397203
0.05984375		0.0454841791099	0.57666215652
0.06015625		0.0438765856196	0.571497802414
0.06046875		0.0422999888028	0.566293293638
0.06078125		0.0407545898156	0.561048600397
0.06109375		0.0392405724541	0.555763705007
0.06140625		0.0377581026959	0.550438602587
0.06171875		0.0363073282479	0.545073301782
0.06203125		0.0348883781008	0.539667825527
0.06234375		0.0335013620937	0.534222211837
0.06265625		0.0321463704873	0.528736514638
0.06296875		0.0308234735505	0.523210804642
0.06328125		0.0295327211582	0.517645170255
0.06359375		0.0282741424054	0.512039718534
0.06390625		0.0270477452365	0.50639457618
0.06421875		0.0258535160932	0.500709890588
0.06453125		0.0246914195822	0.494985830936
0.06484375		0.0235613981643	0.48922258933
0.06515625		0.0224633718672	0.483420382
0.06546875		0.0213972380241	0.477579450545
0.06578125		0.0203628710395	0.471700063247
0.06609375		0.0193601221853	0.465782516434
0.06640625		0.0183888194283	0.459827135909
0.06671875		0.0174487672917	0.45383427844
0.06703125		0.0165397467536	0.447804333323
0.06734375		0.0156615151837	0.441737724008
0.06765625		0.0148138063206	0.435634909802
0.06796875		0.0139963302931	0.429496387643
0.06828125		0.0132087736865	0.42332269395
0.06859375		0.0124507996572	0.417114406565
0.06890625		0.0117220480974	0.41087214676
0.06921875		0.0110221358524	0.404596581348
0.06953125		0.0103506569926	0.398288424868
0.06984375		0.0097071831424	0.391948441872
0.07015625		0.00909126386842	0.385577449301
0.07046875		0.00850242712847	0.379176318962
0.07078125		0.00794017978344	0.372745980099
0.07109375		0.00740400817388	0.366287422071
0.07140625		0.00689337876256	0.359801697136
0.07171875		0.00640773884453	0.353289923332
0.07203125		0.0059465173257	0.346753287481
0.07234375		0.00550912557068	0.340193048287
0.07265625		0.00509495832057	0.333610539562
0.07296875		0.00470339468066	0.327007173547
0.07328125		0.00433379917813	0.320384444359
0.07359375		0.00398552288888	0.313743931541
0.07390625		0.00365790463274	0.307087303727
0.07421875		0.00335027223529	0.300416322417
0.07453125		0.00306194385453	0.293732845849
0.07484375		0.00279222936958	0.287038832987
0.07515625		0.00254043182847	0.280336347591
0.07546875		0.00230584895112	0.273627562389
0.07578125		0.00208777468311	0.26691476332
0.07609375		0.00188550079516	0.260200353858
0.07640625		0.0016983185225	0.253486859384
0.07671875		0.00152552023762	0.246776931608
0.07703125		0.00136640114918	0.240073353017
0.07734375		0.00122026101906	0.233379041322
0.07765625		0.00108640588889	0.226697053889
0.07796875		0.000964149806666	0.220030592117
0.07828125		0.000852816543377	0.213383005736
0.07859375		0.000751741288908	0.206757796983
0.07890625		0.000660272315974	0.200158624611
0.07921875		0.00057777260029	0.193589307679
0.07953125		0.000503621384786	0.187053829074
0.07984375		0.00043721567537	0.180556338679
0.08015625		0.000377971655584	0.174101156138
0.08046875		0.000325326007461	0.167692773106
0.08078125		0.000278737126037	0.161335854911
0.08109375		0.000237686215323	0.155035241494
0.08140625		0.000201678254044	0.148795947534
0.08171875		0.000170242820251	0.142623161596
0.08203125		0.000142934764882	0.136522244162
0.08234375		0.000119334725597	0.130498724369
0.08265625		9.90494736969e-05	0.124558295271
0.08296875		8.17120886866e-05	0.118706807408
0.08328125		6.69819570111e-05	0.11295026046
0.08359375		5.4544593706e-05	0.10729479272
0.08390625		4.41112881077e-05	0.101746668126
0.08421875		3.54185773389e-05	0.0963122605395
0.08453125		2.82275539733e-05	0.0909980349538
0.08484375		2.23230170289e-05	0.0858105252786
0.08515625		1.75124781853e-05	0.0807563083428
0.08546875		1.36250377688e-05	0.0758419737217
0.08578125		1.05101475361e-05	0.0710740889926
0.08609375		8.03627950066e-06	0.0664591600118
0.08640625		6.08952190348e-06	0.062003585808
0.08671875		4.57212482906e-06	0.0577136077027
0.08703125		3.40101882959e-06	0.0535952522992
0.08734375		2.50633016324e-06	0.0496542680315
0.08765625		1.82991582874e-06	0.0458960550497
0.08796875		1.32394045573e-06	0.0423255883241
0.08828125		9.49515293464e-07	0.038947334015
0.08859375		6.75417070072e-07	0.0357651593558
0.08890625		4.76901450757e-07	0.0327822365724
0.08921875		3.34622325945e-07	0.0300009417034
0.08953125		2.33664366437e-07	0.0274227496165
0.08984375		1.62692376509e-07	0.0250481270426
0.09015625		1.13217160016e-07	0.0228764260804
0.09046875		7.89740921897e-08	0.0209057813693
0.09078125		5.54075480523e-08	0.0191330149761
0.09109375		3.92519292225e-08	0.0175535539866
0.09140625		2.81983550145e-08	0.0161613667945
0.09171875		2.06351785749e-08	0.0149489250831
0.09203125		1.54503244758e-08	0.0139071993992
0.09234375		1.18839282807e-08	0.0130256968818
0.09265625		9.42075018068e-09	0.0122925499245
0.09296875		7.71316544743e-09	0.0116946640495
0.09328125		6.52703235079e-09	0.0112179317072
0.09359375		5.70425020336e-09	0.0108475157072
0.09390625		5.13722712106e-09	0.0105682011252
0.09421875		4.75169980837e-09	0.0103648075302
0.09453125		4.4953449589e-09	0.0102226441967
0.09484375		4.3303837928e-09	0.0101279800826
0.09515625		4.22892279005e-09	0.0100684891003
0.09546875		4.17013054748e-09	0.0100336220499
0.09578125		4.13857554016e-09	0.0100148532887
0.09609375		4.12320377011e-09	0.0100057573664
0.09640625		4.11657372541e-09	0.0100018923934
0.09671875		4.11411885607e-09	0.0100005031812
0.09703125		4.11336848492e-09	0.0100001012248
0.09734375		4.11318839013e-09	0.0100000139617
0.09765625		4.11315658876e-09	0.0100000011353
0.09796875		4.1131528014e-09	0.0100000000426
0.09828125		4.11315253303e-09	0.0100000000005
0.09859375		4.11315252386e-09	0.01
0.09890625		4.11315252376e-09	0.01
0.09921875		4.11315252376e-09	0.01
0.09953125		4.11315252376e-09	0.01
0.09984375		4.11315252376e-09	0.01
0.10015625		4.11315252376e-09	0.01
0.10046875		4.11315252376e-09	0.01
0.10078125		4.11315252376e-09	0.01
0.10109375		4.11315252376e-09	0.01
0.10140625		4.11315252376e-09	0.01
0.10171875		4.11315252376e-09	0.01
0.10203125		4.11315252376e-09	0.01
0.10234375		4.11315252376e-09	0.01
0.10265625		4.11315252376e-09	0.01
0.10296875		4.11315252376e-09	0.01
0.10328125		4.11315252376e-09	0.01
0.10359375		4.11315252376e-09	0.01
0.10390625		4.11315252376e-09	0.01
0.10421875		4.11315252376e-09	0.01
0.10453125		4.11315252376e-09	0.01
0.10484375		4.11315252376e-09	0.01
0.10515625		4.11315252376e-09	0.01
0.10546875		4.11315252376e-09	0.01
0.10578125		4.11315252376e-09	0.01
0.10609375		4.11315252376e-09	0.01
0.10640625		4.11315252376e-09	0.01
0.10671875		4.11315252376e-09	0.01
0.10703125		4.11315252376e-09	0.01
0.10734375		4.11315252376e-09	0.01
0.10765625		4.11315252376e-09	0.01
0.10796875		4.11315252376e-09	0.01
0.10828125		4.11315252376e-09	0.01
0.10859375		4.11315252376e-09	0.01
0.10890625		4.11315252376e-09	0.01
0.10921875		4.11315252376e-09	0.01
0.10953125		4.11315252376e-09	0.01
0.10984375		4.11315252376e-09	0.01
0.11015625		4.11315252376e-09	0.01
0.11046875		4.11315252376e-09	0.01
0.11078125		4.11315252376e-09	0.01
0.11109375		4.11315252376e-09	0.01
0.11140625		4.11315252376e-09	0.01
0.11171875		4.11315252376e-09	0.01
0.11203125		4.11315252376e-09	0.01
0.11234375		4.11315252376e-09	0.01
0.11265625		4.11315252376e-09	0.01
0.11296875		4.11315252376e-09	0.01
0.11328125		4.11315252376e-09	0.01
0.11359375		4.11315252376e-09	0.01
0.11390625		4.11315252376e-09	0.01
0.11421875		4.11315252376e-09	0.01
0.11453125		4.11315252376e-09	0.01
0.11484375		4.11315252376e-09	0.01
0.11515625		4.11315252376e-09	0.01
0.11546875		4.11315252376e-09	0.01
0.11578125		4.11315252376e-09	0.01
0.11609375		4.11315252376e-09	0.01
0.11640625		4.11315252376e-09	0.01
0.11671875		4.11315252376e-09	0.01
0.11703125		4.11315252376e-09	0.01
0.11734375		4.11315252376e-09	0.01
0.11765625		4.11315252376e-09	0.01
0.11796875		4.11315252376e-09	0.01
0.11828125		4.11315252376e-09	0.01
0.11859375		4.11315252376e-09	0.01
0.11890625		4.11315252376e-09	0.01
0.11921875		4.11315252376e-09	0.01
0.11953125		4.11315252376e-09	0.01
0.11984375		4.11315252376e-09	0.01
0.12015625		4.11315252376e-09	0.01
0.12046875		4.11315252376e-09	0.01
0.12078125		4.11315252376e-09	0.01
0.12109375		4.11315252376e-09	0.01
0.12140625		4.11315252376e-09	0.01
0.12171875		4.11315252376e-09	0.01
0.12203125		4.11315252376e-09	0.01
0.12234375		4.11315252376e-09	0.01
0.12265625		4.11315252376e-09	0.01
0.12296875		4.11315252376e-09	0.01
0.12328125		4.11315252376e-09	0.01
0.12359375		4.11315252376e-09	0.01
0.12390625		4.11315252376e-09	0.01
0.12421875		4.11315252376e-09	0.01
0.12453125		4.11315252376e-09	0.01
0.12484375		4.11315252376e-09	0.01
0.12515625		4.11315252376e-09	0.01
0.12546875		4.11315252376e-09	0.01
0.12578125		4.11315252376e-09	0.01
0.12609375		4.11315252376e-09	0.01
0.12640625		4.11315252376e-09	0.01
0.12671875		4.11315252376e-09	0.01
0.12703125		4.11315252376e-09	0.01
0.12734375		4.11315252376e-09	0.01
0.12765625		4.11315252376e-09	0.01
0.12796875		4.11315252376e-09	0.01
0.12828125		4.11315252376e-09	0.01
0.12859375		4.11315252376e-09	0.01
0.12890625		4.11315252376e-09	0.01
0.12921875		4.11315252376e-09	0.01
0.12953125		4.11315252376e-09	0.01
0.12984375		4.11315252376e-09	0.01
0.13015625		4.11315252376e-09	0.01
0.13046875		4.11315252376e-09	0.01
0.13078125		4.11315252376e-09	0.01
0.13109375		4.11315252376e-09	0.01
0.13140625		4.11315252376e-09	0.01
0.13171875		4.11315252376e-09	0.01
0.13203125		4.11315252376e-09	0.01
0.13234375		4.11315252376e-09	0.01
0.13265625		4.11315252376e-09	0.01
0.13296875		4.11315252376e-09	0.01
0.13328125		4.11315252376e-09	0.01
0.13359375		4.11315252376e-09	0.01
0.13390625		4.11315252376e-09	0.01
0.13421875		4.11315252376e-09	0.01
0.13453125		4.11315252376e-09	0.01
0.13484375		4.11315252376e-09	0.01
0.13515625		4.11315252376e-09	0.01
0.13546875		4.11315252376e-09	0.01
0.13578125		4.11315252376e-09	0.01
0.13609375		4.11315252376e-09	0.01
0.13640625		4.11315252376e-09	0.01
0.13671875		4.11315252376e-09	0.01
0.13703125		4.11315252376e-09	0.01
0.13734375		4.11315252376e-09	0.01
0.13765625		4.11315252376e-09	0.01
0.13796875		4.11315252376e-09	0.01
0.13828125		4.11315252376e-09	0.01
0.13859375		4.11315252376e-09	0.01
0.13890625		4.11315252376e-09	0.01
0.13921875		4.11315252376e-09	0.01
0.13953125		4.11315252376e-09	0.01
0.13984375		4.11315252376e-09	0.01
0.14015625		4.11315252376e-09	0.01
0.14046875		4.11315252376e-09	0.01
0.14078125		4.11315252376e-09	0.01
0.14109375		4.11315252376e-09	0.01
0.14140625		4.11315252376e-09	0.01
0.14171875		4.11315252376e-09	0.01
0.14203125		4.11315252376e-09	0.01
0.14234375		4.11315252376e-09	0.01
0.14265625		4.11315252376e-09	0.01
0.14296875		4.11315252376e-09	0.01
0.14328125		4.11315252376e-09	0.01
0.14359375		4.11315252376e-09	0.01
0.14390625		4.11315252376e-09	0.01
0.14421875		4.11315252376e-09	0.01
0.14453125		4.11315252376e-09	0.01
0.14484375		4.11315252376e-09	0.01
0.14515625		4.11315252376e-09	0.01
0.14546875		4.11315252376e-09	0.01
0.14578125		4.11315252376e-09	0.01
0.14609375		4.11315252376e-09	0.01
0.14640625		4.11315252376e-09	0.01
0.14671875		4.11315252376e-09	0.01
0.14703125		4.11315252376e-09	0.01
0.14734375		4.11315252376e-09	0.01
0.14765625		4.11315252376e-09	0.01
0.14796875		4.11315252376e-09	0.01
0.14828125		4.11315252376e-09	0.01
0.14859375		4.11315252376e-09	0.01
0.14890625		4.11315252376e-09	0.01
0.14921875		4.11315252376e-09	0.01
0.14953125		4.11315252376e-09	0.01
0.14984375		4.11315252376e-09	0.01
0.15015625		4.11315252376e-09	0.01
0.15046875		4.11315252376e-09	0.01
0.15078125		4.11315252376e-09	0.01
0.15109375		4.11315252376e-09	0.01
0.15140625		4.11315252376e-09	0.01
0.15171875		4.11315252376e-09	0.01
0.15203125		4.11315252376e-09	0.01
0.15234375		4.11315252376e-09	0.01
0.15265625		4.11315252376e-09	0.01
0.15296875		4.11315252376e-09	0.01
0.15328125		4.11315252376e-09	0.01
0.15359375		4.11315252376e-09	0.01
0.15390625		4.11315252376e-09	0.01
0.15421875		4.11315252376e-09	0.01
0.15453125		4.11315252376e-09	0.01
0.15484375		4.11315252376e-09	0.01
0.15515625		4.11315252376e-09	0.01
0.15546875		4.11315252376e-09	0.01
0.15578125		4.11315252376e-09	0.01
0.15609375		4.11315252376e-09	0.01
0.15640625		4.11315252376e-09	0.01
0.15671875		4.11315252376e-09	0.01
0.15703125		4.11315252376e-09	0.01
0.15734375		4.11315252376e-09	0.01
0.15765625		4.11315252376e-09	0.01
0.15796875		4.11315252376e-09	0.01
0.15828125		4.11315252376e-09	0.01
0.15859375		4.11315252376e-09	0.01
0.15890625		4.11315252376e-09	0.01
0.15921875		4.11315252376e-09	0.01
0.15953125		4.11315252376e-09	0.01
0.15984375		4.11315252376e-09	0.01
0.16015625		4.11315252376e-09	0.01
0.16046875		4.11315252376e-09	0.01
0.16078125		4.11315252376e-09	0.01
0.16109375		4.11315252376e-09	0.01
0.16140625		4.11315252376e-09	0.01
0.16171875		4.11315252376e-09	0.01
0.16203125		4.11315252376e-09	0.01
0.16234375		4.11315252376e-09	0.01
0.16265625		4.11315252376e-09	0.01
0.16296875		4.11315252376e-09	0.01
0.16328125		4.11315252376e-09	0.01
0.16359375		4.11315252376e-09	0.01
0.16390625		4.11315252376e-09	0.01
0.16421875		4.11315252376e-09	0.01
0.16453125		4.11315252376e-09	0.01
0.16484375		4.11315252376e-09	0.01
0.16515625		4.11315252376e-09	0.01
0.16546875		4.11315252376e-09	0.01
0.16578125		4.11315252376e-09	0.01
0.16609375		4.11315252376e-09	0.01
0.16640625		4.11315252376e-09	0.01
0.16671875		4.11315252376e-09	0.01
0.16703125		4.11315252376e-09	0.01
0.16734375		4.11315252376e-09	0.01
0.16765625		4.11315252376e-09	0.01
0.16796875		4.11315252376e-09	0.01
0.16828125		4.11315252376e-09	0.01
0.16859375		4.11315252376e-09	0.01
0.16890625		4.11315252376e-09	0.01
0.16921875		4.11315252376e-09	0.01
0.16953125		4.11315252376e-09	0.01
0.16984375		4.11315252376e-09	0.01
0.17015625		4.11315252376e-09	0.01
0.17046875		4.11315252376e-09	0.01
0.17078125		4.11315252376e-09	0.01
0.17109375		4.11315252376e-09	0.01
0.17140625		4.11315252376e-09	0.01
0.17171875		4.11315252376e-09	0.01
0.17203125		4.11315252376e-09	0.01
0.17234375		4.11315252376e-09	0.01
0.17265625		4.11315252376e-09	0.01
0.17296875		4.11315252376e-09	0.01
0.17328125		4.11315252376e-09	0.01
0.17359375		4.11315252376e-09	0.01
0.17390625		4.11315252376e-09	0.01
0.17421875		4.11315252376e-09	0.01
0.17453125		4.11315252376e-09	0.01
0.17484375		4.11315252376e-09	0.01
0.17515625		4.11315252376e-09	0.01
0.17546875		4.11315252376e-09	0.01
0.17578125		4.11315252376e-09	0.01
0.17609375		4.11315252376e-09	0.01
0.17640625		4.11315252376e-09	0.01
0.17671875		4.11315252376e-09	0.01
0.17703125		4.11315252376e-09	0.01
0.17734375		4.11315252376e-09	0.01
0.17765625		4.11315252376e-09	0.01
0.17796875		4.11315252376e-09	0.01
0.17828125		4.11315252376e-09	0.01
0.17859375		4.11315252376e-09	0.01
0.17890625		4.11315252376e-09	0.01
0.17921875		4.11315252376e-09	0.01
0.17953125		4.11315252376e-09	0.01
0.17984375		4.11315252376e-09	0.01
0.18015625		4.11315252376e-09	0.01
0.18046875		4.11315252376e-09	0.01
0.18078125		4.11315252376e-09	0.01
0.18109375		4.11315252376e-09	0.01
0.18140625		4.11315252376e-09	0.01
0.18171875		4.11315252376e-09	0.01
0.18203125		4.11315252376e-09	0.01
0.18234375		4.11315252376e-09	0.01
0.18265625		4.11315252376e-09	0.01
0.18296875		4.11315252376e-09	0.01
0.18328125		4.11315252376e-09	0.01
0.18359375		4.11315252376e-09	0.01
0.18390625		4.11315252376e-09	0.01
0.18421875		4.11315252376e-09	0.01
0.18453125		4.11315252376e-09	0.01
0.18484375		4.11315252376e-09	0.01
0.18515625		4.11315252376e-09	0.01
0.18546875		4.11315252376e-09	0.01
0.18578125		4.11315252376e-09	0.01
0.18609375		4.11315252376e-09	0.01
0.18640625		4.11315252376e-09	0.01
0.18671875		4.11315252376e-09	0.01
0.18703125		4.11315252376e-09	0.01
0.18734375		4.11315252376e-09	0.01
0.18765625		4.11315252376e-09	0.01
0.18796875		4.11315252376e-09	0.01
0.18828125		4.11315252376e-09	0.01
0.18859375		4.11315252376e-09	0.01
0.18890625		4.11315252376e-09	0.01
0.18921875		4.11315252376e-09	0.01
0.18953125		4.11315252376e-09	0.01
0.18984375		4.11315252376e-09	0.01
0.19015625		4.11315252376e-09	0.01
0.19046875		4.11315252376e-09	0.01
0.19078125		4.11315252376e-09	0.01
0.19109375		4.11315252376e-09	0.01
0.19140625		4.11315252376e-09	0.01
0.19171875		4.11315252376e-09	0.01
0.19203125		4.11315252376e-09	0.01
0.19234375		4.11315252376e-09	0.01
0.19265625		4.11315252376e-09	0.01
0.19296875		4.11315252376e-09	0.01
0.19328125		4.11315252376e-09	0.01
0.19359375		4.11315252376e-09	0.01
0.19390625		4.11315252376e-09	0.01
0.19421875		4.11315252376e-09	0.01
0.19453125		4.11315252376e-09	0.01
0.19484375		4.11315252376e-09	0.01
0.19515625		4.11315252376e-09	0.01
0.19546875		4.11315252376e-09	0.01
0.19578125		4.11315252376e-09	0.01
0.19609375		4.11315252376e-09	0.01
0.19640625		4.11315252376e-09	0.01
0.19671875		4.11315252376e-09	0.01
0.19703125		4.11315252376e-09	0.01
0.19734375		4.11315252376e-09	0.01
0.19765625		4.11315252376e-09	0.01
0.19796875		4.11315252376e-09	0.01
0.19828125		4.11315252376e-09	0.01
0.19859375		4.11315252376e-09	0.01
0.19890625		4.11315252376e-09	0.01
0.19921875		4.11315252376e-09	0.01
0.19953125		4.11315252376e-09	0.01
0.19984375		4.11315252376e-09	0.01
0.20015625		4.11315252376e-09	0.01
0.20046875		4.11315252376e-09	0.01
0.20078125		4.11315252376e-09	0.01
0.20109375		4.11315252376e-09	0.01
0.20140625		4.11315252376e-09	0.01
0.20171875		4.11315252376e-09	0.01
0.20203125		4.11315252376e-09	0.01
0.20234375		4.11315252376e-09	0.01
0.20265625		4.11315252376e-09	0.01
0.20296875		4.11315252376e-09	0.01
0.20328125		4.11315252376e-09	0.01
0.20359375		4.11315252376e-09	0.01
0.20390625		4.11315252376e-09	0.01
0.20421875		4.11315252376e-09	0.01
0.20453125		4.11315252376e-09	0.01
0.20484375		4.11315252376e-09	0.01
0.20515625		4.11315252376e-09	0.01
0.20546875		4.11315252376e-09	0.01
0.20578125		4.11315252376e-09	0.01
0.20609375		4.11315252376e-09	0.01
0.20640625		4.11315252376e-09	0.01
0.20671875		4.11315252376e-09	0.01
0.20703125		4.11315252376e-09	0.01
0.20734375		4.11315252376e-09	0.01
0.20765625		4.11315252376e-09	0.01
0.20796875		4.11315252376e-09	0.01
0.20828125		4.11315252376e-09	0.01
0.20859375		4.11315252376e-09	0.01
0.20890625		4.11315252376e-09	0.01
0.20921875		4.11315252376e-09	0.01
0.20953125		4.11315252376e-09	0.01
0.20984375		4.11315252376e-09	0.01
0.21015625		4.11315252376e-09	0.01
0.21046875		4.11315252376e-09	0.01
0.21078125		4.11315252376e-09	0.01
0.21109375		4.11315252376e-09	0.01
0.21140625		4.11315252376e-09	0.01
0.21171875		4.11315252376e-09	0.01
0.21203125		4.11315252376e-09	0.01
0.21234375		4.11315252376e-09	0.01
0.21265625		4.11315252376e-09	0.01
0.21296875		4.11315252376e-09	0.01
0.21328125		4.11315252376e-09	0.01
0.21359375		4.11315252376e-09	0.01
0.21390625		4.11315252376e-09	0.01
0.21421875		4.11315252376e-09	0.01
0.21453125		4.11315252376e-09	0.01
0.21484375		4.11315252376e-09	0.01
0.21515625		4.11315252376e-09	0.01
0.21546875		4.11315252376e-09	0.01
0.21578125		4.11315252376e-09	0.01
0.21609375		4.11315252376e-09	0.01
0.21640625		4.11315252376e-09	0.01
0.21671875		4.11315252376e-09	0.01
0.21703125		4.11315252376e-09	0.01
0.21734375		4.11315252376e-09	0.01
0.21765625		4.11315252376e-09	0.01
0.21796875		4.11315252376e-09	0.01
0.21828125		4.11315252376e-09	0.01
0.21859375		4.11315252376e-09	0.01
0.21890625		4.11315252376e-09	0.01
0.21921875		4.11315252376e-09	0.01
0.21953125		4.11315252376e-09	0.01
0.21984375		4.11315252376e-09	0.01
0.22015625		4.11315252376e-09	0.01
0.22046875		4.11315252376e-09	0.01
0.22078125		4.11315252376e-09	0.01
0.22109375		4.11315252376e-09	0.01
0.22140625		4.11315252376e-09	0.01
0.22171875		4.11315252376e-09	0.01
0.22203125		4.11315252376e-09	0.01
0.22234375		4.11315252376e-09	0.01
0.22265625		4.11315252376e-09	0.01
0.22296875		4.11315252376e-09	0.01
0.22328125		4.11315252376e-09	0.01
0.22359375		4.11315252376e-09	0.01
0.22390625		4.11315252376e-09	0.01
0.22421875		4.11315252376e-09	0.01
0.22453125		4.11315252376e-09	0.01
0.22484375		4.11315252376e-09	0.01
0.22515625		4.11315252376e-09	0.01
0.22546875		4.11315252376e-09	0.01
0.22578125		4.11315252376e-09	0.01
0.22609375		4.11315252376e-09	0.01
0.22640625		4.11315252376e-09	0.01
0.22671875		4.11315252376e-09	0.01
0.22703125		4.11315252376e-09	0.01
0.22734375		4.11315252376e-09	0.01
0.22765625		4.11315252376e-09	0.01
0.22796875		4.11315252376e-09	0.01
0.22828125		4.11315252376e-09	0.01
0.22859375		4.11315252376e-09	0.01
0.22890625		4.11315252376e-09	0.01
0.22921875		4.11315252376e-09	0.01
0.22953125		4.11315252376e-09	0.01
0.22984375		4.11315252376e-09	0.01
0.23015625		4.11315252376e-09	0.01
0.23046875		4.11315252376e-09	0.01
0.23078125		4.11315252376e-09	0.01
0.23109375		4.11315252376e-09	0.01
0.23140625		4.11315252376e-09	0.01
0.23171875		4.11315252376e-09	0.01
0.23203125		4.11315252376e-09	0.01
0.23234375		4.11315252376e-09	0.01
0.23265625		4.11315252376e-09	0.01
0.23296875		4.11315252376e-09	0.01
0.23328125		4.11315252376e-09	0.01
0.23359375		4.11315252376e-09	0.01
0.23390625		4.11315252376e-09	0.01
0.23421875		4.11315252376e-09	0.01
0.23453125		4.11315252376e-09	0.01
0.23484375		4.11315252376e-09	0.01
0.23515625		4.11315252376e-09	0.01
0.23546875		4.11315252376e-09	0.01
0.23578125		4.11315252376e-09	0.01
0.23609375		4.11315252376e-09	0.01
0.23640625		4.11315252376e-09	0.01
0.23671875		4.11315252376e-09	0.01
0.23703125		4.11315252376e-09	0.01
0.23734375		4.11315252376e-09	0.01
0.23765625		4.11315252376e-09	0.01
0.23796875		4.11315252376e-09	0.01
0.23828125		4.11315252376e-09	0.01
0.23859375		4.11315252376e-09	0.01
0.23890625		4.11315252376e-09	0.01
0.23921875		4.11315252376e-09	0.01
0.23953125		4.11315252376e-09	0.01
0.23984375		4.11315252376e-09	0.01
0.24015625		4.11315252376e-09	0.01
0.24046875		4.11315252376e-09	0.01
0.24078125		4.11315252376e-09	0.01
0.24109375		4.11315252376e-09	0.01
0.24140625		4.11315252376e-09	0.01
0.24171875		4.11315252376e-09	0.01
0.24203125		4.11315252376e-09	0.01
0.24234375		4.11315252376e-09	0.01
0.24265625		4.11315252376e-09	0.01
0.24296875		4.11315252376e-09	0.01
0.24328125		4.11315252376e-09	0.01
0.24359375		4.11315252376e-09	0.01
0.24390625		4.11315252376e-09	0.01
0.24421875		4.11315252376e-09	0.01
0.24453125		4.11315252376e-09	0.01
0.24484375		4.11315252376e-09	0.01
0.24515625		4.11315252376e-09	0.01
0.24546875		4.11315252376e-09	0.01
0.24578125		4.11315252376e-09	0.01
0.24609375		4.11315252376e-09	0.01
0.24640625		4.11315252376e-09	0.01
0.24671875		4.11315252376e-09	0.01
0.24703125		4.11315252376e-09	0.01
0.24734375		4.11315252376e-09	0.01
0.24765625		4.11315252376e-09	0.01
0.24796875		4.11315252376e-09	0.01
0.24828125		4.11315252376e-09	0.01
0.24859375		4.11315252376e-09	0.01
0.24890625		4.11315252376e-09	0.01
0.24921875		4.11315252376e-09	0.01
0.24953125		4.11315252376e-09	0.01
0.24984375		4.11315252376e-09	0.01
0.25015625		4.11315252376e-09	0.01
0.25046875		4.11315252376e-09	0.01
0.25078125		4.11315252376e-09	0.01
0.25109375		4.11315252376e-09	0.01
0.25140625		4.11315252376e-09	0.01
0.25171875		4.11315252376e-09	0.01
0.25203125		4.11315252376e-09	0.01
0.25234375		4.11315252376e-09	0.01
0.25265625		4.11315252376e-09	0.01
0.25296875		4.11315252376e-09	0.01
0.25328125		4.11315252376e-09	0.01
0.25359375		4.11315252376e-09	0.01
0.25390625		4.11315252376e-09	0.01
0.25421875		4.11315252376e-09	0.01
0.25453125		4.11315252376e-09	0.01
0.25484375		4.11315252376e-09	0.01
0.25515625		4.11315252376e-09	0.01
0.25546875		4.11315252376e-09	0.01
0.25578125		4.11315252376e-09	0.01
0.25609375		4.11315252376e-09	0.01
0.25640625		4.11315252376e-09	0.01
0.25671875		4.11315252376e-09	0.01
0.25703125		4.11315252376e-09	0.01
0.25734375		4.11315252376e-09	0.01
0.25765625		4.11315252376e-09	0.01
0.25796875		4.11315252376e-09	0.01
0.25828125		4.11315252376e-09	0.01
0.25859375		4.11315252376e-09	0.01
0.25890625		4.11315252376e-09	0.01
0.25921875		4.11315252376e-09	0.01
0.25953125		4.11315252376e-09	0.01
0.25984375		4.11315252376e-09	0.01
0.26015625		4.11315252376e-09	0.01
0.26046875		4.11315252376e-09	0.01
0.26078125		4.11315252376e-09	0.01
0.26109375		4.11315252376e-09	0.01
0.26140625		4.11315252376e-09	0.01
0.26171875		4.11315252376e-09	0.01
0.26203125		4.11315252376e-09	0.01
0.26234375		4.11315252376e-09	0.01
0.26265625		4.11315252376e-09	0.01
0.26296875		4.11315252376e-09	0.01
0.26328125		4.11315252376e-09	0.01
0.26359375		4.11315252376e-09	0.01
0.26390625		4.11315252376e-09	0.01
0.26421875		4.11315252376e-09	0.01
0.26453125		4.11315252376e-09	0.01
0.26484375		4.11315252376e-09	0.01
0.26515625		4.11315252376e-09	0.01
0.26546875		4.11315252376e-09	0.01
0.26578125		4.11315252376e-09	0.01
0.26609375		4.11315252376e-09	0.01
0.26640625		4.11315252376e-09	0.01
0.26671875		4.11315252376e-09	0.01
0.26703125		4.11315252376e-09	0.01
0.26734375		4.11315252376e-09	0.01
0.26765625		4.11315252376e-09	0.01
0.26796875		4.11315252376e-09	0.01
0.26828125		4.11315252376e-09	0.01
0.26859375		4.11315252376e-09	0.01
0.26890625		4.11315252376e-09	0.01
0.26921875		4.11315252376e-09	0.01
0.26953125		4.11315252376e-09	0.01
0.26984375		4.11315252376e-09	0.01
0.27015625		4.11315252376e-09	0.01
0.27046875		4.11315252376e-09	0.01
0.27078125		4.11315252376e-09	0.01
0.27109375		4.11315252376e-09	0.01
0.27140625		4.11315252376e-09	0.01
0.27171875		4.11315252376e-09	0.01
0.27203125		4.11315252376e-09	0.01
0.27234375		4.11315252376e-09	0.01
0.27265625		4.11315252376e-09	0.01
0.27296875		4.11315252376e-09	0.01
0.27328125		4.11315252376e-09	0.01
0.27359375		4.11315252376e-09	0.01
0.27390625		4.11315252376e-09	0.01
0.27421875		4.11315252376e-09	0.01
0.27453125		4.11315252376e-09	0.01
0.27484375		4.11315252376e-09	0.01
0.27515625		4.11315252376e-09	0.01
0.27546875		4.11315252376e-09	0.01
0.27578125		4.11315252376e-09	0.01
0.27609375		4.11315252376e-09	0.01
0.27640625		4.11315252376e-09	0.01
0.27671875		4.11315252376e-09	0.01
0.27703125		4.11315252376e-09	0.01
0.27734375		4.11315252376e-09	0.01
0.27765625		4.11315252376e-09	0.01
0.27796875		4.11315252376e-09	0.01
0.27828125		4.11315252376e-09	0.01
0.27859375		4.11315252376e-09	0.01
0.27890625		4.11315252376e-09	0.01
0.27921875		4.11315252376e-09	0.01
0.27953125		4.11315252376e-09	0.01
0.27984375		4.11315252376e-09	0.01
0.28015625		4.11315252376e-09	0.01
0.28046875		4.11315252376e-09	0.01
0.28078125		4.11315252376e-09	0.01
0.28109375		4.11315252376e-09	0.01
0.28140625		4.11315252376e-09	0.01
0.28171875		4.11315252376e-09	0.01
0.28203125		4.11315252376e-09	0.01
0.28234375		4.11315252376e-09	0.01
0.28265625		4.11315252376e-09	0.01
0.28296875		4.11315252376e-09	0.01
0.28328125		4.11315252376e-09	0.01
0.28359375		4.11315252376e-09	0.01
0.28390625		4.11315252376e-09	0.01
0.28421875		4.11315252376e-09	0.01
0.28453125		4.11315252376e-09	0.01
0.28484375		4.11315252376e-09	0.01
0.28515625		4.11315252376e-09	0.01
0.28546875		4.11315252376e-09	0.01
0.28578125		4.11315252376e-09	0.01
0.28609375		4.11315252376e-09	0.01
0.28640625		4.11315252376e-09	0.01
0.28671875		4.11315252376e-09	0.01
0.28703125		4.11315252376e-09	0.01
0.28734375		4.11315252376e-09	0.01
0.28765625		4.11315252376e-09	0.01
0.28796875		4.11315252376e-09	0.01
0.28828125		4.11315252376e-09	0.01
0.28859375		4.11315252376e-09	0.01
0.28890625		4.11315252376e-09	0.01
0.28921875		4.11315252376e-09	0.01
0.28953125		4.11315252376e-09	0.01
0.28984375		4.11315252376e-09	0.01
0.29015625		4.11315252376e-09	0.01
0.29046875		4.11315252376e-09	0.01
0.29078125		4.11315252376e-09	0.01
0.29109375		4.11315252376e-09	0.01
0.29140625		4.11315252376e-09	0.01
0.29171875		4.11315252376e-09	0.01
0.29203125		4.11315252376e-09	0.01
0.29234375		4.11315252376e-09	0.01
0.29265625		4.11315252376e-09	0.01
0.29296875		4.11315252376e-09	0.01
0.29328125		4.11315252376e-09	0.01
0.29359375		4.11315252376e-09	0.01
0.29390625		4.11315252376e-09	0.01
0.29421875		4.11315252376e-09	0.01
0.29453125		4.11315252376e-09	0.01
0.29484375		4.11315252376e-09	0.01
0.29515625		4.11315252376e-09	0.01
0.29546875		4.11315252376e-09	0.01
0.29578125		4.11315252376e-09	0.01
0.29609375		4.11315252376e-09	0.01
0.29640625		4.11315252376e-09	0.01
0.29671875		4.11315252376e-09	0.01
0.29703125		4.11315252376e-09	0.01
0.29734375		4.11315252376e-09	0.01
0.29765625		4.11315252376e-09	0.01
0.29796875		4.11315252376e-09	0.01
0.29828125		4.11315252376e-09	0.01
0.29859375		4.11315252376e-09	0.01
0.29890625		4.11315252376e-09	0.01
0.29921875		4.11315252376e-09	0.01
0.29953125		4.11315252376e-09	0.01
0.29984375		4.11315252376e-09	0.01
0.30015625		4.11315252376e-09	0.01
0.30046875		4.11315252376e-09	0.01
0.30078125		4.11315252376e-09	0.01
0.30109375		4.11315252376e-09	0.01
0.30140625		4.11315252376e-09	0.01
0.30171875		4.11315252376e-09	0.01
0.30203125		4.11315252376e-09	0.01
0.30234375		4.11315252376e-09	0.01
0.30265625		4.11315252376e-09	0.01
0.30296875		4.11315252376e-09	0.01
0.30328125		4.11315252376e-09	0.01
0.30359375		4.11315252376e-09	0.01
0.30390625		4.11315252376e-09	0.01
0.30421875		4.11315252376e-09	0.01
0.30453125		4.11315252376e-09	0.01
0.30484375		4.11315252376e-09	0.01
0.30515625		4.11315252376e-09	0.01
0.30546875		4.11315252376e-09	0.01
0.30578125		4.11315252376e-09	0.01
0.30609375		4.11315252376e-09	0.01
0.30640625		4.11315252376e-09	0.01
0.30671875		4.11315252376e-09	0.01
0.30703125		4.11315252376e-09	0.01
0.30734375		4.11315252376e-09	0.01
0.30765625		4.11315252376e-09	0.01
0.30796875		4.11315252376e-09	0.01
0.30828125		4.11315252376e-09	0.01
0.30859375		4.11315252376e-09	0.01
0.30890625		4.11315252376e-09	0.01
0.30921875		4.11315252376e-09	0.01
0.30953125		4.11315252376e-09	0.01
0.30984375		4.11315252376e-09	0.01
0.31015625		4.11315252376e-09	0.01
0.31046875		4.11315252376e-09	0.01
0.31078125		4.11315252376e-09	0.01
0.31109375		4.11315252376e-09	0.01
0.31140625		4.11315252376e-09	0.01
0.31171875		4.11315252376e-09	0.01
0.31203125		4.11315252376e-09	0.01
0.31234375		4.11315252376e-09	0.01
0.31265625		4.11315252376e-09	0.01
0.31296875		4.11315252376e-09	0.01
0.31328125		4.11315252376e-09	0.01
0.31359375		4.11315252376e-09	0.01
0.31390625		4.11315252376e-09	0.01
0.31421875		4.11315252376e-09	0.01
0.31453125		4.11315252376e-09	0.01
0.31484375		4.11315252376e-09	0.01
0.31515625		4.11315252376e-09	0.01
0.31546875		4.11315252376e-09	0.01
0.31578125		4.11315252376e-09	0.01
0.31609375		4.11315252376e-09	0.01
0.31640625		4.11315252376e-09	0.01
0.31671875		4.11315252376e-09	0.01
0.31703125		4.11315252376e-09	0.01
0.31734375		4.11315252376e-09	0.01
0.31765625		4.11315252376e-09	0.01
0.31796875		4.11315252376e-09	0.01
0.31828125		4.11315252376e-09	0.01
0.31859375		4.11315252376e-09	0.01
0.31890625		4.11315252376e-09	0.01
0.31921875		4.11315252376e-09	0.01
0.31953125		4.11315252376e-09	0.01
0.31984375		4.11315252376e-09	0.01
0.32015625		4.11315252376e-09	0.01
0.32046875		4.11315252376e-09	0.01
0.32078125		4.11315252376e-09	0.01
0.32109375		4.11315252376e-09	0.01
0.32140625		4.11315252376e-09	0.01
0.32171875		4.11315252376e-09	0.01
0.32203125		4.11315252376e-09	0.01
0.32234375		4.11315252376e-09	0.01
0.32265625		4.11315252376e-09	0.01
0.32296875		4.11315252376e-09	0.01
0.32328125		4.11315252376e-09	0.01
0.32359375		4.11315252376e-09	0.01
0.32390625		4.11315252376e-09	0.01
0.32421875		4.11315252376e-09	0.01
0.32453125		4.11315252376e-09	0.01
0.32484375		4.11315252376e-09	0.01
0.32515625		4.11315252376e-09	0.01
0.32546875		4.11315252376e-09	0.01
0.32578125		4.11315252376e-09	0.01
0.32609375		4.11315252376e-09	0.01
0.32640625		4.11315252376e-09	0.01
0.32671875		4.11315252376e-09	0.01
0.32703125		4.11315252376e-09	0.01
0.32734375		4.11315252376e-09	0.01
0.32765625		4.11315252376e-09	0.01
0.32796875		4.11315252376e-09	0.01
0.32828125		4.11315252376e-09	0.01
0.32859375		4.11315252376e-09	0.01
0.32890625		4.11315252376e-09	0.01
0.32921875		4.11315252376e-09	0.01
0.32953125		4.11315252376e-09	0.01
0.32984375		4.11315252376e-09	0.01
0.33015625		4.11315252376e-09	0.01
0.33046875		4.11315252376e-09	0.01
0.33078125		4.11315252376e-09	0.01
0.33109375		4.11315252376e-09	0.01
0.33140625		4.11315252376e-09	0.01
0.33171875		4.11315252376e-09	0.01
0.33203125		4.11315252376e-09	0.01
0.33234375		4.11315252376e-09	0.01
0.33265625		4.11315252376e-09	0.01
0.33296875		4.11315252376e-09	0.01
0.33328125		4.11315252376e-09	0.01
0.33359375		4.11315252376e-09	0.01
0.33390625		4.11315252376e-09	0.01
0.33421875		4.11315252376e-09	0.01
0.33453125		4.11315252376e-09	0.01
0.33484375		4.11315252376e-09	0.01
0.33515625		4.11315252376e-09	0.01
0.33546875		4.11315252376e-09	0.01
0.33578125		4.11315252376e-09	0.01
0.33609375		4.11315252376e-09	0.01
0.33640625		4.11315252376e-09	0.01
0.33671875		4.11315252376e-09	0.01
0.33703125		4.11315252376e-09	0.01
0.33734375		4.11315252376e-09	0.01
0.33765625		4.11315252376e-09	0.01
0.33796875		4.11315252376e-09	0.01
0.33828125		4.11315252376e-09	0.01
0.33859375		4.11315252376e-09	0.01
0.33890625		4.11315252376e-09	0.01
0.33921875		4.11315252376e-09	0.01
0.33953125		4.11315252376e-09	0.01
0.33984375		4.11315252376e-09	0.01
0.34015625		4.11315252376e-09	0.01
0.34046875		4.11315252376e-09	0.01
0.34078125		4.11315252376e-09	0.01
0.34109375		4.11315252376e-09	0.01
0.34140625		4.11315252376e-09	0.01
0.34171875		4.11315252376e-09	0.01
0.34203125		4.11315252376e-09	0.01
0.34234375		4.11315252376e-09	0.01
0.34265625		4.11315252376e-09	0.01
0.34296875		4.11315252376e-09	0.01
0.34328125		4.11315252376e-09	0.01
0.34359375		4.11315252376e-09	0.01
0.34390625		4.11315252376e-09	0.01
0.34421875		4.11315252376e-09	0.01
0.34453125		4.11315252376e-09	0.01
0.34484375		4.11315252376e-09	0.01
0.34515625		4.11315252376e-09	0.01
0.34546875		4.11315252376e-09	0.01
0.34578125		4.11315252376e-09	0.01
0.34609375		4.11315252376e-09	0.01
0.34640625		4.11315252376e-09	0.01
0.34671875		4.11315252376e-09	0.01
0.34703125		4.11315252376e-09	0.01
0.34734375		4.11315252376e-09	0.01
0.34765625		4.11315252376e-09	0.01
0.34796875		4.11315252376e-09	0.01
0.34828125		4.11315252376e-09	0.01
0.34859375		4.11315252376e-09	0.01
0.34890625		4.11315252376e-09	0.01
0.34921875		4.11315252376e-09	0.01
0.34953125		4.11315252376e-09	0.01
0.34984375		4.11315252376e-09	0.01
0.35015625		4.11315252376e-09	0.01
0.35046875		4.11315252376e-09	0.01
0.35078125		4.11315252376e-09	0.01
0.35109375		4.11315252376e-09	0.01
0.35140625		4.11315252376e-09	0.01
0.35171875		4.11315252376e-09	0.01
0.35203125		4.11315252376e-09	0.01
0.35234375		4.11315252376e-09	0.01
0.35265625		4.11315252376e-09	0.01
0.35296875		4.11315252376e-09	0.01
0.35328125		4.11315252376e-09	0.01
0.35359375		4.11315252376e-09	0.01
0.35390625		4.11315252376e-09	0.01
0.35421875		4.11315252376e-09	0.01
0.35453125		4.11315252376e-09	0.01
0.35484375		4.11315252376e-09	0.01
0.35515625		4.11315252376e-09	0.01
0.35546875		4.11315252376e-09	0.01
0.35578125		4.11315252376e-09	0.01
0.35609375		4.11315252376e-09	0.01
0.35640625		4.11315252376e-09	0.01
0.35671875		4.11315252376e-09	0.01
0.35703125		4.11315252376e-09	0.01
0.35734375		4.11315252376e-09	0.01
0.35765625		4.11315252376e-09	0.01
0.35796875		4.11315252376e-09	0.01
0.35828125		4.11315252376e-09	0.01
0.35859375		4.11315252376e-09	0.01
0.35890625		4.11315252376e-09	0.01
0.35921875		4.11315252376e-09	0.01
0.35953125		4.11315252376e-09	0.01
0.35984375		4.11315252376e-09	0.01
0.36015625		4.11315252376e-09	0.01
0.36046875		4.11315252376e-09	0.01
0.36078125		4.11315252376e-09	0.01
0.36109375		4.11315252376e-09	0.01
0.36140625		4.11315252376e-09	0.01
0.36171875		4.11315252376e-09	0.01
0.36203125		4.11315252376e-09	0.01
0.36234375		4.11315252376e-09	0.01
0.36265625		4.11315252376e-09	0.01
0.36296875		4.11315252376e-09	0.01
0.36328125		4.11315252376e-09	0.01
0.36359375		4.11315252376e-09	0.01
0.36390625		4.11315252376e-09	0.01
0.36421875		4.11315252376e-09	0.01
0.36453125		4.11315252376e-09	0.01
0.36484375		4.11315252376e-09	0.01
0.36515625		4.11315252376e-09	0.01
0.36546875		4.11315252376e-09	0.01
0.36578125		4.11315252376e-09	0.01
0.36609375		4.11315252376e-09	0.01
0.36640625		4.11315252376e-09	0.01
0.36671875		4.11315252376e-09	0.01
0.36703125		4.11315252376e-09	0.01
0.36734375		4.11315252376e-09	0.01
0.36765625		4.11315252376e-09	0.01
0.36796875		4.11315252376e-09	0.01
0.36828125		4.11315252376e-09	0.01
0.36859375		4.11315252376e-09	0.01
0.36890625		4.11315252376e-09	0.01
0.36921875		4.11315252376e-09	0.01
0.36953125		4.11315252376e-09	0.01
0.36984375		4.11315252376e-09	0.01
0.37015625		4.11315252376e-09	0.01
0.37046875		4.11315252376e-09	0.01
0.37078125		4.11315252376e-09	0.01
0.37109375		4.11315252376e-09	0.01
0.37140625		4.11315252376e-09	0.01
0.37171875		4.11315252376e-09	0.01
0.37203125		4.11315252376e-09	0.01
0.37234375		4.11315252376e-09	0.01
0.37265625		4.11315252376e-09	0.01
0.37296875		4.11315252376e-09	0.01
0.37328125		4.11315252376e-09	0.01
0.37359375		4.11315252376e-09	0.01
0.37390625		4.11315252376e-09	0.01
0.37421875		4.11315252376e-09	0.01
0.37453125		4.11315252376e-09	0.01
0.37484375		4.11315252376e-09	0.01
0.37515625		4.11315252376e-09	0.01
0.37546875		4.11315252376e-09	0.01
0.37578125		4.11315252376e-09	0.01
0.37609375		4.11315252376e-09	0.01
0.37640625		4.11315252376e-09	0.01
0.37671875		4.11315252376e-09	0.01
0.37703125		4.11315252376e-09	0.01
0.37734375		4.11315252376e-09	0.01
0.37765625		4.11315252376e-09	0.01
0.37796875		4.11315252376e-09	0.01
0.37828125		4.11315252376e-09	0.01
0.37859375		4.11315252376e-09	0.01
0.37890625		4.11315252376e-09	0.01
0.37921875		4.11315252376e-09	0.01
0.37953125		4.11315252376e-09	0.01
0.37984375		4.11315252376e-09	0.01
0.38015625		4.11315252376e-09	0.01
0.38046875		4.11315252376e-09	0.01
0.38078125		4.11315252376e-09	0.01
0.38109375		4.11315252376e-09	0.01
0.38140625		4.11315252376e-09	0.01
0.38171875		4.11315252376e-09	0.01
0.38203125		4.11315252376e-09	0.01
0.38234375		4.11315252376e-09	0.01
0.38265625		4.11315252376e-09	0.01
0.38296875		4.11315252376e-09	0.01
0.38328125		4.11315252376e-09	0.01
0.38359375		4.11315252376e-09	0.01
0.38390625		4.11315252376e-09	0.01
0.38421875		4.11315252376e-09	0.01
0.38453125		4.11315252376e-09	0.01
0.38484375		4.11315252376e-09	0.01
0.38515625		4.11315252376e-09	0.01
0.38546875		4.11315252376e-09	0.01
0.38578125		4.11315252376e-09	0.01
0.38609375		4.11315252376e-09	0.01
0.38640625		4.11315252376e-09	0.01
0.38671875		4.11315252376e-09	0.01
0.38703125		4.11315252376e-09	0.01
0.38734375		4.11315252376e-09	0.01
0.38765625		4.11315252376e-09	0.01
0.38796875		4.11315252376e-09	0.01
0.38828125		4.11315252376e-09	0.01
0.38859375		4.11315252376e-09	0.01
0.38890625		4.11315252376e-09	0.01
0.38921875		4.11315252376e-09	0.01
0.38953125		4.11315252376e-09	0.01
0.38984375		4.11315252376e-09	0.01
0.39015625		4.11315252376e-09	0.01
0.39046875		4.11315252376e-09	0.01
0.39078125		4.11315252376e-09	0.01
0.39109375		4.11315252376e-09	0.01
0.39140625		4.11315252376e-09	0.01
0.39171875		4.11315252376e-09	0.01
0.39203125		4.11315252376e-09	0.01
0.39234375		4.11315252376e-09	0.01
0.39265625		4.11315252376e-09	0.01
0.39296875		4.11315252376e-09	0.01
0.39328125		4.11315252376e-09	0.01
0.39359375		4.11315252376e-09	0.01
0.39390625		4.11315252376e-09	0.01
0.39421875		4.11315252376e-09	0.01
0.39453125		4.11315252376e-09	0.01
0.39484375		4.11315252376e-09	0.01
0.39515625		4.11315252376e-09	0.01
0.39546875		4.11315252376e-09	0.01
0.39578125		4.11315252376e-09	0.01
0.39609375		4.11315252376e-09	0.01
0.39640625		4.11315252376e-09	0.01
0.39671875		4.11315252376e-09	0.01
0.39703125		4.11315252376e-09	0.01
0.39734375		4.11315252376e-09	0.01
0.39765625		4.11315252376e-09	0.01
0.39796875		4.11315252376e-09	0.01
0.39828125		4.11315252376e-09	0.01
0.39859375		4.11315252376e-09	0.01
0.39890625		4.11315252376e-09	0.01
0.39921875		4.11315252376e-09	0.01
0.39953125		4.11315252376e-09	0.01
0.39984375		4.11315252376e-09	0.01
0.40015625		4.11315252376e-09	0.01
0.40046875		4.11315252376e-09	0.01
0.40078125		4.11315252376e-09	0.01
0.40109375		4.11315252376e-09	0.01
0.40140625		4.11315252376e-09	0.01
0.40171875		4.11315252376e-09	0.01
0.40203125		4.11315252376e-09	0.01
0.40234375		4.11315252376e-09	0.01
0.40265625		4.11315252376e-09	0.01
0.40296875		4.11315252376e-09	0.01
0.40328125		4.11315252376e-09	0.01
0.40359375		4.11315252376e-09	0.01
0.40390625		4.11315252376e-09	0.01
0.40421875		4.11315252376e-09	0.01
0.40453125		4.11315252376e-09	0.01
0.40484375		4.11315252376e-09	0.01
0.40515625		4.11315252376e-09	0.01
0.40546875		4.11315252376e-09	0.01
0.40578125		4.11315252376e-09	0.01
0.40609375		4.11315252376e-09	0.01
0.40640625		4.11315252376e-09	0.01
0.40671875		4.11315252376e-09	0.01
0.40703125		4.11315252376e-09	0.01
0.40734375		4.11315252376e-09	0.01
0.40765625		4.11315252376e-09	0.01
0.40796875		4.11315252376e-09	0.01
0.40828125		4.11315252376e-09	0.01
0.40859375		4.11315252376e-09	0.01
0.40890625		4.11315252376e-09	0.01
0.40921875		4.11315252376e-09	0.01
0.40953125		4.11315252376e-09	0.01
0.40984375		4.11315252376e-09	0.01
0.41015625		4.11315252376e-09	0.01
0.41046875		4.11315252376e-09	0.01
0.41078125		4.11315252376e-09	0.01
0.41109375		4.11315252376e-09	0.01
0.41140625		4.11315252376e-09	0.01
0.41171875		4.11315252376e-09	0.01
0.41203125		4.11315252376e-09	0.01
0.41234375		4.11315252376e-09	0.01
0.41265625		4.11315252376e-09	0.01
0.41296875		4.11315252376e-09	0.01
0.41328125		4.11315252376e-09	0.01
0.41359375		4.11315252376e-09	0.01
0.41390625		4.11315252376e-09	0.01
0.41421875		4.11315252376e-09	0.01
0.41453125		4.11315252376e-09	0.01
0.41484375		4.11315252376e-09	0.01
0.41515625		4.11315252376e-09	0.01
0.41546875		4.11315252376e-09	0.01
0.41578125		4.11315252376e-09	0.01
0.41609375		4.11315252376e-09	0.01
0.41640625		4.11315252376e-09	0.01
0.41671875		4.11315252376e-09	0.01
0.41703125		4.11315252376e-09	0.01
0.41734375		4.11315252376e-09	0.01
0.41765625		4.11315252376e-09	0.01
0.41796875		4.11315252376e-09	0.01
0.41828125		4.11315252376e-09	0.01
0.41859375		4.11315252376e-09	0.01
0.41890625		4.11315252376e-09	0.01
0.41921875		4.11315252376e-09	0.01
0.41953125		4.11315252376e-09	0.01
0.41984375		4.11315252376e-09	0.01
0.42015625		4.11315252376e-09	0.01
0.42046875		4.11315252376e-09	0.01
0.42078125		4.11315252376e-09	0.01
0.42109375		4.11315252376e-09	0.01
0.42140625		4.11315252376e-09	0.01
0.42171875		4.11315252376e-09	0.01
0.42203125		4.11315252376e-09	0.01
0.42234375		4.11315252376e-09	0.01
0.42265625		4.11315252376e-09	0.01
0.42296875		4.11315252376e-09	0.01
0.42328125		4.11315252376e-09	0.01
0.42359375		4.11315252376e-09	0.01
0.42390625		4.11315252376e-09	0.01
0.42421875		4.11315252376e-09	0.01
0.42453125		4.11315252376e-09	0.01
0.42484375		4.11315252376e-09	0.01
0.42515625		4.11315252376e-09	0.01
0.42546875		4.11315252376e-09	0.01
0.42578125		4.11315252376e-09	0.01
0.42609375		4.11315252376e-09	0.01
0.42640625		4.11315252376e-09	0.01
0.42671875		4.11315252376e-09	0.01
0.42703125		4.11315252376e-09	0.01
0.42734375		4.11315252376e-09	0.01
0.42765625		4.11315252376e-09	0.01
0.42796875		4.11315252376e-09	0.01
0.42828125		4.11315252376e-09	0.01
0.42859375		4.11315252376e-09	0.01
0.42890625		4.11315252376e-09	0.01
0.42921875		4.11315252376e-09	0.01
0.42953125		4.11315252376e-09	0.01
0.42984375		4.11315252376e-09	0.01
0.43015625		4.11315252376e-09	0.01
0.43046875		4.11315252376e-09	0.01
0.43078125		4.11315252376e-09	0.01
0.43109375		4.11315252376e-09	0.01
0.43140625		4.11315252376e-09	0.01
0.43171875		4.11315252376e-09	0.01
0.43203125		4.11315252376e-09	0.01
0.43234375		4.11315252376e-09	0.01
0.43265625		4.11315252376e-09	0.01
0.43296875		4.11315252376e-09	0.01
0.43328125		4.11315252376e-09	0.01
0.43359375		4.11315252376e-09	0.01
0.43390625		4.11315252376e-09	0.01
0.43421875		4.11315252376e-09	0.01
0.43453125		4.11315252376e-09	0.01
0.43484375		4.11315252376e-09	0.01
0.43515625		4.11315252376e-09	0.01
0.43546875		4.11315252376e-09	0.01
0.43578125		4.11315252376e-09	0.01
0.43609375		4.11315252376e-09	0.01
0.43640625		4.11315252376e-09	0.01
0.43671875		4.11315252376e-09	0.01
0.43703125		4.11315252376e-09	0.01
0.43734375		4.11315252376e-09	0.01
0.43765625		4.11315252376e-09	0.01
0.43796875		4.11315252376e-09	0.01
0.43828125		4.11315252376e-09	0.01
0.43859375		4.11315252376e-09	0.01
0.43890625		4.11315252376e-09	0.01
0.43921875		4.11315252376e-09	0.01
0.43953125		4.11315252376e-09	0.01
0.43984375		4.11315252376e-09	0.01
0.44015625		4.11315252376e-09	0.01
0.44046875		4.11315252376e-09	0.01
0.44078125		4.11315252376e-09	0.01
0.44109375		4.11315252376e-09	0.01
0.44140625		4.11315252376e-09	0.01
0.44171875		4.11315252376e-09	0.01
0.44203125		4.11315252376e-09	0.01
0.44234375		4.11315252376e-09	0.01
0.44265625		4.11315252376e-09	0.01
0.44296875		4.11315252376e-09	0.01
0.44328125		4.11315252376e-09	0.01
0.44359375		4.11315252376e-09	0.01
0.44390625		4.11315252376e-09	0.01
0.44421875		4.11315252376e-09	0.01
0.44453125		4.11315252376e-09	0.01
0.44484375		4.11315252376e-09	0.01
0.44515625		4.11315252376e-09	0.01
0.44546875		4.11315252376e-09	0.01
0.44578125		4.11315252376e-09	0.01
0.44609375		4.11315252376e-09	0.01
0.44640625		4.11315252376e-09	0.01
0.44671875		4.11315252376e-09	0.01
0.44703125		4.11315252376e-09	0.01
0.44734375		4.11315252376e-09	0.01
0.44765625		4.11315252376e-09	0.01
0.44796875		4.11315252376e-09	0.01
0.44828125		4.11315252376e-09	0.01
0.44859375		4.11315252376e-09	0.01
0.44890625		4.11315252376e-09	0.01
0.44921875		4.11315252376e-09	0.01
0.44953125		4.11315252376e-09	0.01
0.44984375		4.11315252376e-09	0.01
0.45015625		4.11315252376e-09	0.01
0.45046875		4.11315252376e-09	0.01
0.45078125		4.11315252376e-09	0.01
0.45109375		4.11315252376e-09	0.01
0.45140625		4.11315252376e-09	0.01
0.45171875		4.11315252376e-09	0.01
0.45203125		4.11315252376e-09	0.01
0.45234375		4.11315252376e-09	0.01
0.45265625		4.11315252376e-09	0.01
0.45296875		4.11315252376e-09	0.01
0.45328125		4.11315252376e-09	0.01
0.45359375		4.11315252376e-09	0.01
0.45390625		4.11315252376e-09	0.01
0.45421875		4.11315252376e-09	0.01
0.45453125		4.11315252376e-09	0.01
0.45484375		4.11315252376e-09	0.01
0.45515625		4.11315252376e-09	0.01
0.45546875		4.11315252376e-09	0.01
0.45578125		4.11315252376e-09	0.01
0.45609375		4.11315252376e-09	0.01
0.45640625		4.11315252376e-09	0.01
0.45671875		4.11315252376e-09	0.01
0.45703125		4.11315252376e-09	0.01
0.45734375		4.11315252376e-09	0.01
0.45765625		4.11315252376e-09	0.01
0.45796875		4.11315252376e-09	0.01
0.45828125		4.11315252376e-09	0.01
0.45859375		4.11315252376e-09	0.01
0.45890625		4.11315252376e-09	0.01
0.45921875		4.11315252376e-09	0.01
0.45953125		4.11315252376e-09	0.01
0.45984375		4.11315252376e-09	0.01
0.46015625		4.11315252376e-09	0.01
0.46046875		4.11315252376e-09	0.01
0.46078125		4.11315252376e-09	0.01
0.46109375		4.11315252376e-09	0.01
0.46140625		4.11315252376e-09	0.01
0.46171875		4.11315252376e-09	0.01
0.46203125		4.11315252376e-09	0.01
0.46234375		4.11315252376e-09	0.01
0.46265625		4.11315252376e-09	0.01
0.46296875		4.11315252376e-09	0.01
0.46328125		4.11315252376e-09	0.01
0.46359375		4.11315252376e-09	0.01
0.46390625		4.11315252376e-09	0.01
0.46421875		4.11315252376e-09	0.01
0.46453125		4.11315252376e-09	0.01
0.46484375		4.11315252376e-09	0.01
0.46515625		4.11315252376e-09	0.01
0.46546875		4.11315252376e-09	0.01
0.46578125		4.11315252376e-09	0.01
0.46609375		4.11315252376e-09	0.01
0.46640625		4.11315252376e-09	0.01
0.46671875		4.11315252376e-09	0.01
0.46703125		4.11315252376e-09	0.01
0.46734375		4.11315252376e-09	0.01
0.46765625		4.11315252376e-09	0.01
0.46796875		4.11315252376e-09	0.01
0.46828125		4.11315252376e-09	0.01
0.46859375		4.11315252376e-09	0.01
0.46890625		4.11315252376e-09	0.01
0.46921875		4.11315252376e-09	0.01
0.46953125		4.11315252376e-09	0.01
0.46984375		4.11315252376e-09	0.01
0.47015625		4.11315252376e-09	0.01
0.47046875		4.11315252376e-09	0.01
0.47078125		4.11315252376e-09	0.01
0.47109375		4.11315252376e-09	0.01
0.47140625		4.11315252376e-09	0.01
0.47171875		4.11315252376e-09	0.01
0.47203125		4.11315252376e-09	0.01
0.47234375		4.11315252376e-09	0.01
0.47265625		4.11315252376e-09	0.01
0.47296875		4.11315252376e-09	0.01
0.47328125		4.11315252376e-09	0.01
0.47359375		4.11315252376e-09	0.01
0.47390625		4.11315252376e-09	0.01
0.47421875		4.11315252376e-09	0.01
0.47453125		4.11315252376e-09	0.01
0.47484375		4.11315252376e-09	0.01
0.47515625		4.11315252376e-09	0.01
0.47546875		4.11315252376e-09	0.01
0.47578125		4.11315252376e-09	0.01
0.47609375		4.11315252376e-09	0.01
0.47640625		4.11315252376e-09	0.01
0.47671875		4.11315252376e-09	0.01
0.47703125		4.11315252376e-09	0.01
0.47734375		4.11315252376e-09	0.01
0.47765625		4.11315252376e-09	0.01
0.47796875		4.11315252376e-09	0.01
0.47828125		4.11315252376e-09	0.01
0.47859375		4.11315252376e-09	0.01
0.47890625		4.11315252376e-09	0.01
0.47921875		4.11315252376e-09	0.01
0.47953125		4.11315252376e-09	0.01
0.47984375		4.11315252376e-09	0.01
0.48015625		4.11315252376e-09	0.01
0.48046875		4.11315252376e-09	0.01
0.48078125		4.11315252376e-09	0.01
0.48109375		4.11315252376e-09	0.01
0.48140625		4.11315252376e-09	0.01
0.48171875		4.11315252376e-09	0.01
0.48203125		4.11315252376e-09	0.01
0.48234375		4.11315252376e-09	0.01
0.48265625		4.11315252376e-09	0.01
0.48296875		4.11315252376e-09	0.01
0.48328125		4.11315252376e-09	0.01
0.48359375		4.11315252376e-09	0.01
0.48390625		4.11315252376e-09	0.01
0.48421875		4.11315252376e-09	0.01
0.48453125		4.11315252376e-09	0.01
0.48484375		4.11315252376e-09	0.01
0.48515625		4.11315252376e-09	0.01
0.48546875		4.11315252376e-09	0.01
0.48578125		4.11315252376e-09	0.01
0.48609375		4.11315252376e-09	0.01
0.48640625		4.11315252376e-09	0.01
0.48671875		4.11315252376e-09	0.01
0.48703125		4.11315252376e-09	0.01
0.48734375		4.11315252376e-09	0.01
0.48765625		4.11315252376e-09	0.01
0.48796875		4.11315252376e-09	0.01
0.48828125		4.11315252376e-09	0.01
0.48859375		4.11315252376e-09	0.01
0.48890625		4.11315252376e-09	0.01
0.48921875		4.11315252376e-09	0.01
0.48953125		4.11315252376e-09	0.01
0.48984375		4.11315252376e-09	0.01
0.49015625		4.11315252376e-09	0.01
0.49046875		4.11315252376e-09	0.01
0.49078125		4.11315252376e-09	0.01
0.49109375		4.11315252376e-09	0.01
0.49140625		4.11315252376e-09	0.01
0.49171875		4.11315252376e-09	0.01
0.49203125		4.11315252376e-09	0.01
0.49234375		4.11315252376e-09	0.01
0.49265625		4.11315252376e-09	0.01
0.49296875		4.11315252376e-09	0.01
0.49328125		4.11315252376e-09	0.01
0.49359375		4.11315252376e-09	0.01
0.49390625		4.11315252376e-09	0.01
0.49421875		4.11315252376e-09	0.01
0.49453125		4.11315252376e-09	0.01
0.49484375		4.11315252376e-09	0.01
0.49515625		4.11315252376e-09	0.01
0.49546875		4.11315252376e-09	0.01
0.49578125		4.11315252376e-09	0.01
0.49609375		4.11315252376e-09	0.01
0.49640625		4.11315252376e-09	0.01
0.49671875		4.11315252376e-09	0.01
0.49703125		4.11315252376e-09	0.01
0.49734375		4.11315252376e-09	0.01
0.49765625		4.11315252376e-09	0.01
0.49796875		4.11315252376e-09	0.01
0.49828125		4.11315252376e-09	0.01
0.49859375		4.11315252376e-09	0.01
0.49890625		4.11315252376e-09	0.01
0.49921875		4.11315252376e-09	0.01
0.49953125		4.11315252376e-09	0.01
0.49984375		4.11315252376e-09	0.01
