0.00015625		0.405417874453	0.996394826339
0.00046875		0.40526912001	0.99630331628
0.00078125		0.405062454599	0.996176422282
0.00109375		0.404866668211	0.99605610138
0.00140625		0.404704915639	0.995956658664
0.00171875		0.40455920462	0.995866997857
0.00203125		0.404419670102	0.995781052238
0.00234375		0.404281658267	0.995695982933
0.00265625		0.404144193686	0.995611196871
0.00296875		0.404007241743	0.995526788829
0.00328125		0.403871490663	0.995443137523
0.00359375		0.403737213459	0.995360393333
0.00390625		0.403604487029	0.995278587615
0.00421875		0.403473246228	0.9951977015
0.00453125		0.403343505142	0.995117697299
0.00484375		0.403215233612	0.9950385321
0.00515625		0.403088263829	0.994960161144
0.00546875		0.402962521329	0.994882542547
0.00578125		0.402837995748	0.994805632694
0.00609375		0.40271459968	0.994729390008
0.00640625		0.402592229668	0.994653774346
0.00671875		0.402470864097	0.994578752143
0.00703125		0.402350424105	0.994504289051
0.00734375		0.402230808614	0.994430347951
0.00765625		0.402111972893	0.994356896729
0.00796875		0.4019938851	0.99428390839
0.00828125		0.401876541942	0.994211362889
0.00859375		0.401759940373	0.994139233978
0.00890625		0.401644044963	0.994067495102
0.00921875		0.401528821168	0.993996127742
0.00953125		0.401414188461	0.99392511271
0.00984375		0.40130005501	0.993854426829
0.01015625		0.401186371734	0.993784052055
0.01046875		0.401073236287	0.99371396783
0.01078125		0.40096058924	0.993644154476
0.01109375		0.400848410674	0.993574591291
0.01140625		0.40073665473	0.993505271309
0.01171875		0.400625215117	0.993436185233
0.01203125		0.400514113882	0.993367324455
0.01234375		0.400403329195	0.993298671034
0.01265625		0.400292904903	0.993230211016
0.01296875		0.400182885632	0.993161936521
0.01328125		0.400073239053	0.993093836951
0.01359375		0.399963921628	0.993025902939
0.01390625		0.399854873306	0.992958123689
0.01421875		0.399746047988	0.99289048694
0.01453125		0.399637402531	0.992822988363
0.01484375		0.399528925752	0.992755628741
0.01515625		0.399420598138	0.992688406645
0.01546875		0.399312511913	0.992621305068
0.01578125		0.39920470828	0.992554303571
0.01609375		0.39909715747	0.992487402547
0.01640625		0.398989844014	0.992420608724
0.01671875		0.398882734996	0.992353921482
0.01703125		0.398775781412	0.992287331994
0.01734375		0.398668953345	0.992220819023
0.01765625		0.398562228999	0.992154373217
0.01796875		0.398455605602	0.992087999697
0.01828125		0.398349096598	0.992021700828
0.01859375		0.398242700588	0.991955475812
0.01890625		0.398136418198	0.991889319606
0.01921875		0.398030228656	0.991823219139
0.01953125		0.397924195326	0.99175717315
0.01984375		0.397818365605	0.991691186248
0.02015625		0.397712730638	0.991625257631
0.02046875		0.397607262741	0.991559382239
0.02078125		0.397501864984	0.991493551696
0.02109375		0.39739647881	0.991427761213
0.02140625		0.397291094356	0.991362010307
0.02171875		0.397185652048	0.99129629893
0.02203125		0.397080185541	0.991230628536
0.02234375		0.396974882039	0.991164996187
0.02265625		0.396869749219	0.991099395574
0.02296875		0.396764803813	0.991033823179
0.02328125		0.396660025681	0.990968278754
0.02359375		0.396555463711	0.99090276471
0.02390625		0.396450916396	0.990837279901
0.02421875		0.396346268107	0.990771818745
0.02453125		0.396241585696	0.990706377246
0.02484375		0.396136783913	0.990640955524
0.02515625		0.396031901153	0.990575556399
0.02546875		0.395927184193	0.99051017953
0.02578125		0.395822612079	0.990444820189
0.02609375		0.395718173676	0.990379474474
0.02640625		0.395613928476	0.990314141866
0.02671875		0.395509869931	0.990248824455
0.02703125		0.395405967018	0.990183523377
0.02734375		0.395301896974	0.990118236302
0.02765625		0.395197707076	0.990052959775
0.02796875		0.395093411385	0.98998769219
0.02828125		0.394988959474	0.989922434754
0.02859375		0.394884547784	0.989857189209
0.02890625		0.394780270574	0.989791953814
0.02921875		0.39467612019	0.989726724761
0.02953125		0.394572201278	0.989661499584
0.02984375		0.39446844568	0.989596278325
0.03015625		0.394365028519	0.989531062736
0.03046875		0.39426152362	0.989465852706
0.03078125		0.394157712099	0.98940064593
0.03109375		0.394053792124	0.989335440343
0.03140625		0.393949662085	0.989270236067
0.03171875		0.393845345713	0.989205034995
0.03203125		0.393741154032	0.989139837461
0.03234375		0.393637171082	0.989074641119
0.03265625		0.393533423499	0.989009443532
0.03296875		0.393429914969	0.988944244062
0.03328125		0.393326790041	0.988879043482
0.03359375		0.393223755171	0.988813841546
0.03390625		0.393120288288	0.988748637275
0.03421875		0.393016570987	0.988683429948
0.03453125		0.392912658432	0.988618219671
0.03484375		0.392808456831	0.988553007153
0.03515625		0.392704272606	0.988487792238
0.03546875		0.392600358488	0.988422573262
0.03578125		0.392496681641	0.988357348638
0.03609375		0.39239333731	0.988292118276
0.03640625		0.392290319847	0.98822688325
0.03671875		0.392187636596	0.988161643142
0.03703125		0.392084494384	0.988096395892
0.03734375		0.391980906544	0.988031139815
0.03765625		0.391877117521	0.987965874993
0.03796875		0.391773009054	0.987900603999
0.03828125		0.391668873255	0.987835328423
0.03859375		0.39156500013	0.987770046194
0.03890625		0.391461341962	0.987704753918
0.03921875		0.391358019363	0.987639450385
0.03953125		0.391254937237	0.987574137834
0.03984375		0.391152407638	0.98750881826
0.04015625		0.391049587735	0.987443489719
0.04046875		0.390946129401	0.987378149112
0.04078125		0.390842415776	0.987312795105
0.04109375		0.390738404152	0.987247430468
0.04140625		0.390634297913	0.987182058646
0.04171875		0.390530446593	0.987116678703
0.04203125		0.390426806457	0.987051286601
0.04234375		0.390323389986	0.986985879641
0.04265625		0.390220242657	0.986920459455
0.04296875		0.390117546042	0.986855029401
0.04328125		0.390014988584	0.986789589017
0.04359375		0.389911725091	0.986724134817
0.04390625		0.389808098348	0.986658664305
0.04421875		0.389704151506	0.986593179094
0.04453125		0.389600050702	0.986527683424
0.04484375		0.389496212723	0.986462178277
0.04515625		0.389392536193	0.986396659961
0.04546875		0.389289030523	0.98633112466
0.04578125		0.389185813733	0.986265572688
0.04609375		0.389082816275	0.986200007719
0.04640625		0.388980294259	0.986134431197
0.04671875		0.388877270638	0.986068840007
0.04703125		0.388773714744	0.986003230712
0.04734375		0.388669860289	0.98593760349
0.04765625		0.388565763754	0.985871962474
0.04796875		0.388461885106	0.985806310367
0.04828125		0.388358163422	0.985740644624
0.04859375		0.38825459736	0.985674960839
0.04890625		0.388151223027	0.985609257707
0.04921875		0.388048030786	0.985543538449
0.04953125		0.387945274425	0.985477806214
0.04984375		0.387842418306	0.985412058995
0.05015625		0.387738959396	0.985346292773
0.05046875		0.387635181862	0.985280506177
0.05078125		0.387531121885	0.985214702509
0.05109375		0.387427153689	0.985148885851
0.05140625		0.387323394691	0.985083055267
0.05171875		0.387219753627	0.985017206172
0.05203125		0.387116221498	0.984951335933
0.05234375		0.387012909806	0.984885446758
0.05265625		0.386909793614	0.984819542739
0.05296875		0.386806932086	0.984753623611
0.05328125		0.386703583195	0.98468768508
0.05359375		0.386599875141	0.984621724527
0.05390625		0.386495859662	0.984555744084
0.05421875		0.38639180076	0.984489748606
0.05453125		0.386287969432	0.984423738746
0.05484375		0.386184232595	0.984357710245
0.05515625		0.386080598134	0.984291659361
0.05546875		0.385977115847	0.984225587274
0.05578125		0.385873736547	0.984159498431
0.05609375		0.385770680023	0.984093394152
0.05640625		0.385667403899	0.984027270457
0.05671875		0.38556373179	0.983961123613
0.05703125		0.385459783542	0.983894954663
0.05734375		0.38535564293	0.983828768479
0.05765625		0.385251692715	0.983762567317
0.05796875		0.385147865466	0.983696347664
0.05828125		0.385044126574	0.983630104985
0.05859375		0.384940452925	0.983563839208
0.05890625		0.384836918879	0.983497554593
0.05921875		0.384733557359	0.983431253967
0.05953125		0.384630258735	0.983364934403
0.05984375		0.384526606948	0.983298591229
0.06015625		0.384422698996	0.983232224018
0.06046875		0.384318536523	0.98316583719
0.06078125		0.384214433058	0.983099434441
0.06109375		0.384110498369	0.983033013713
0.06140625		0.384006621977	0.982966569956
0.06171875		0.383902802206	0.982900101527
0.06203125		0.383799114201	0.982833612088
0.06234375		0.383695479428	0.982767105512
0.06265625		0.383592038962	0.982700580621
0.06296875		0.383488383069	0.982634032436
0.06328125		0.383384478862	0.982567458785
0.06359375		0.383280320088	0.982500863099
0.06390625		0.383176076489	0.982434249979
0.06421875		0.383071996518	0.982367619327
0.06453125		0.382967981858	0.982300966311
0.06484375		0.382864039745	0.982234287685
0.06515625		0.38276014957	0.982167585765
0.06546875		0.382656345517	0.982100865073
0.06578125		0.382552673077	0.982034126461
0.06609375		0.382448962498	0.981967365529
0.06640625		0.382345023088	0.981900578477
0.06671875		0.382240865819	0.981833767019
0.06703125		0.382136521392	0.981766936039
0.06734375		0.382032265164	0.981700087572
0.06765625		0.381928121749	0.981633217908
0.06796875		0.381824024663	0.98156632253
0.06828125		0.381719962445	0.981499401803
0.06859375		0.381616009384	0.981432460112
0.06890625		0.381512090884	0.981365500205
0.06921875		0.381408262712	0.981298519374
0.06953125		0.381304260809	0.981231512721
0.06984375		0.381200074568	0.981164479725
0.07015625		0.381095665134	0.981097424651
0.07046875		0.380991236221	0.981030351343
0.07078125		0.38088693855	0.980963258183
0.07109375		0.380782678776	0.980896140068
0.07140625		0.380678478664	0.980828995139
0.07171875		0.380574327889	0.980761826753
0.07203125		0.38047022635	0.980694639085
0.07234375		0.380366217045	0.980627431631
0.07265625		0.380262126613	0.980560199474
0.07296875		0.380157881616	0.980492939913
0.07328125		0.380053421612	0.980425655687
0.07359375		0.379948836895	0.980358351663
0.07390625		0.379844361109	0.980291028599
0.07421875		0.379739954989	0.980223681923
0.07453125		0.379635591066	0.980156307928
0.07484375		0.379531250889	0.98008890818
0.07515625		0.379426990885	0.980021487352
0.07546875		0.379322769533	0.979954047264
0.07578125		0.379218556636	0.979886583966
0.07609375		0.379114222871	0.979819093095
0.07640625		0.379009711734	0.979751575418
0.07671875		0.37890500701	0.979684035786
0.07703125		0.378800345929	0.979616477239
0.07734375		0.37869577991	0.979548896614
0.07765625		0.378591239937	0.979481288947
0.07796875		0.378486740719	0.979413653747
0.07828125		0.378382291734	0.979345995284
0.07859375		0.378277877229	0.97927831732
0.07890625		0.378173500773	0.979210617682
0.07921875		0.378069059066	0.979142891108
0.07953125		0.377964474344	0.979075136161
0.07984375		0.377859684819	0.979007356852
0.08015625		0.377754837887	0.978939557933
0.08046875		0.377650094924	0.978871738367
0.08078125		0.377545392352	0.978803892769
0.08109375		0.377440721993	0.978736018494
0.08140625		0.377336080058	0.978668118562
0.08171875		0.377231490028	0.978600198075
0.08203125		0.377126928867	0.978532257267
0.08234375		0.377022348119	0.978464290935
0.08265625		0.376917672857	0.978396295379
0.08296875		0.376812803524	0.978328272881
0.08328125		0.376707795372	0.978260229183
0.08359375		0.376602867506	0.978192166024
0.08390625		0.376497996448	0.978124078562
0.08421875		0.376393147923	0.978055962029
0.08453125		0.376288330173	0.977987817414
0.08484375		0.37618354862	0.97791965037
0.08515625		0.376078804543	0.97785146385
0.08546875		0.375974065869	0.977783253771
0.08578125		0.375869270707	0.977715014504
0.08609375		0.375764313993	0.977646745954
0.08640625		0.375659182001	0.977578453951
0.08671875		0.375554056759	0.977510142841
0.08703125		0.37544901124	0.977441809443
0.08734375		0.375343993479	0.977373447508
0.08765625		0.375238992572	0.97730505556
0.08796875		0.375134022032	0.977236638825
0.08828125		0.375029094155	0.977168202476
0.08859375		0.374924185423	0.977099744462
0.08890625		0.374819251119	0.977031258324
0.08921875		0.37471419225	0.976962741399
0.08953125		0.374608948866	0.976894198425
0.08984375		0.374503629889	0.976825635451
0.09015625		0.374398408612	0.97675705179
0.09046875		0.374293215938	0.976688441259
0.09078125		0.374188036986	0.976619799917
0.09109375		0.374082887817	0.976551131287
0.09140625		0.373977765783	0.976482441477
0.09171875		0.373872681279	0.976413730962
0.09203125		0.373767591047	0.976344994428
0.09234375		0.373662412719	0.976276227187
0.09265625		0.373557054653	0.976207431686
0.09296875		0.373451575756	0.976138614048
0.09328125		0.373346160742	0.976069775771
0.09359375		0.373240792133	0.976000912462
0.09390625		0.373135441184	0.975932019327
0.09421875		0.373030108803	0.975863097479
0.09453125		0.37292479924	0.975794152394
0.09484375		0.372819531984	0.975725186101
0.09515625		0.372714266539	0.975656194968
0.09546875		0.372608952532	0.975587174217
0.09578125		0.372503483754	0.975518124157
0.09609375		0.372397863705	0.9754490501
0.09640625		0.372292250975	0.975379954958
0.09671875		0.372186707085	0.975310835684
0.09703125		0.372081183078	0.975241687352
0.09734375		0.371975666285	0.975172509284
0.09765625		0.371870176254	0.975103306189
0.09796875		0.371764713077	0.975034081621
0.09828125		0.371659264843	0.974964833227
0.09859375		0.371553793176	0.974895556039
0.09890625		0.371448209461	0.974826248544
0.09921875		0.37134246477	0.974756915038
0.09953125		0.371236659789	0.974687559919
0.09984375		0.371130938587	0.9746181817
0.10015625		0.371025236162	0.974548775487
0.10046875		0.370919541173	0.974479338906
0.10078125		0.370813865922	0.974409875309
0.10109375		0.370708206693	0.974340389398
0.10140625		0.37060257194	0.974270880574
0.10171875		0.370496926809	0.974201344179
0.10203125		0.370391209517	0.974131777184
0.10234375		0.370285343769	0.974062182222
0.10265625		0.370179378835	0.973992564418
0.10296875		0.370073463309	0.973922924228
0.10328125		0.369967583378	0.97385325732
0.10359375		0.369861712147	0.973783560084
0.10390625		0.369755849267	0.973713834132
0.10421875		0.369649999586	0.973644084405
0.10453125		0.369544174413	0.973574312247
0.10484375		0.369438346509	0.973504513862
0.10515625		0.369332476682	0.973434685212
0.10546875		0.369226487803	0.973364827066
0.10578125		0.369120378243	0.973294944314
0.10609375		0.369014267832	0.973225039356
0.10640625		0.368908209895	0.973155109036
0.10671875		0.36880216114	0.973085148986
0.10703125		0.368696112061	0.973015158974
0.10734375		0.368590078502	0.972945143308
0.10765625		0.368484058021	0.9728751051
0.10796875		0.368378044693	0.972805041989
0.10828125		0.368272007888	0.972734949483
0.10859375		0.368165885929	0.972664826511
0.10890625		0.368059639276	0.972594676888
0.10921875		0.36795334088	0.97252450452
0.10953125		0.367847102149	0.972454308
0.10984375		0.367740872899	0.972384082837
0.11015625		0.36763464443	0.972313827153
0.11046875		0.367528425171	0.972243543846
0.11078125		0.367422211347	0.972173237044
0.11109375		0.367316011139	0.972102906365
0.11140625		0.367209797845	0.972032547589
0.11171875		0.367103528121	0.971962158173
0.11203125		0.36699714567	0.971891740209
0.11234375		0.366890682141	0.971821298057
0.11265625		0.366784248612	0.9717508325
0.11296875		0.366677839807	0.971680339755
0.11328125		0.36657143321	0.971609816673
0.11359375		0.366465026241	0.971539264315
0.11390625		0.36635862471	0.971468686753
0.11421875		0.366252235113	0.971398085763
0.11453125		0.366145840379	0.971327458237
0.11484375		0.366039410182	0.971256800531
0.11515625		0.365932889984	0.971186112811
0.11546875		0.365826271956	0.971115398949
0.11578125		0.365719643699	0.971044661754
0.11609375		0.365613054333	0.970973898961
0.11640625		0.365506467558	0.970903106542
0.11671875		0.365399875729	0.970832283683
0.11703125		0.365293290656	0.970761433646
0.11734375		0.365186708424	0.97069055982
0.11765625		0.365080129431	0.970619660981
0.11796875		0.364973528412	0.970548732957
0.11828125		0.364866862098	0.970477774088
0.11859375		0.364760097276	0.970406787076
0.11890625		0.364653283434	0.970335775836
0.11921875		0.364546507475	0.970264740277
0.11953125		0.364439739776	0.97019367634
0.11984375		0.364332969425	0.970122581582
0.12015625		0.364226197886	0.970051457815
0.12046875		0.364119424683	0.969980308943
0.12078125		0.36401265948	0.969909135975
0.12109375		0.36390588009	0.969837935281
0.12140625		0.363799056534	0.969766703802
0.12171875		0.363692146154	0.969695442485
0.12203125		0.363585164554	0.969624155217
0.12234375		0.363478194279	0.969552844134
0.12265625		0.363371245733	0.969481506265
0.12296875		0.363264296017	0.969410138009
0.12328125		0.363157337969	0.969338739268
0.12359375		0.363050379741	0.969267313548
0.12390625		0.362943424947	0.969195863879
0.12421875		0.362836464523	0.969124388138
0.12453125		0.362729473239	0.969052882273
0.12484375		0.362622413855	0.968981345308
0.12515625		0.362515272679	0.968909780432
0.12546875		0.362408109324	0.968838191463
0.12578125		0.362300977659	0.968766577298
0.12609375		0.36219384785	0.968694933555
0.12640625		0.362086709526	0.968623258425
0.12671875		0.361979567319	0.968551554496
0.12703125		0.361872421979	0.968479825932
0.12734375		0.361765277504	0.968408072676
0.12765625		0.361658111346	0.968336290268
0.12796875		0.36155089396	0.968264476232
0.12828125		0.361443597538	0.968192632594
0.12859375		0.361336253883	0.968120763733
0.12890625		0.361228933413	0.968048870687
0.12921875		0.361121622828	0.967976949218
0.12953125		0.361014306082	0.967904996245
0.12984375		0.360906980308	0.967833012998
0.13015625		0.360799647064	0.967761003641
0.13046875		0.360692314469	0.967688970165
0.13078125		0.360584968922	0.967616908898
0.13109375		0.360477585697	0.967544816287
0.13140625		0.360370135021	0.967472692763
0.13171875		0.360262623259	0.967400542218
0.13203125		0.360155110539	0.967328367612
0.13234375		0.360047617121	0.967256166103
0.13265625		0.359940120487	0.967183933698
0.13296875		0.359832611641	0.967111669905
0.13328125		0.359725094427	0.967039378086
0.13359375		0.359617572463	0.966967061946
0.13390625		0.359510045401	0.966894719609
0.13421875		0.359402490233	0.966822346639
0.13453125		0.359294881857	0.966749941855
0.13484375		0.35918720766	0.966677508156
0.13515625		0.359079505811	0.966605049846
0.13546875		0.358971826916	0.966532566077
0.13578125		0.358864149051	0.966460052175
0.13609375		0.358756460087	0.966387506362
0.13640625		0.358648760237	0.966314930916
0.13671875		0.358541050508	0.9662423302
0.13703125		0.358433339042	0.966169704372
0.13734375		0.358325606978	0.966097048833
0.13765625		0.35821783375	0.96602436132
0.13796875		0.358109999591	0.965951643545
0.13828125		0.358002121678	0.965878899764
0.13859375		0.357894252335	0.965806131144
0.13890625		0.35778639155	0.965733333509
0.13921875		0.357678522974	0.965660504158
0.13953125		0.357570639785	0.965587644099
0.13984375		0.357462745578	0.965514757095
0.14015625		0.357354846055	0.965441845143
0.14046875		0.357246934359	0.9653689048
0.14078125		0.35713899168	0.965295932962
0.14109375		0.357030999434	0.96522292997
0.14140625		0.356922953441	0.965149899081
0.14171875		0.356814891505	0.965076843118
0.14203125		0.356706845652	0.965003759631
0.14234375		0.356598795261	0.964930645068
0.14265625		0.356490730488	0.964857499069
0.14296875		0.356382653411	0.964784324235
0.14328125		0.356274567206	0.964711123932
0.14359375		0.356166474092	0.964637896694
0.14390625		0.356058357746	0.964564638702
0.14421875		0.35595020119	0.964491349049
0.14453125		0.355841990976	0.964418029801
0.14484375		0.355733746274	0.964344684564
0.14515625		0.355625510754	0.964271312908
0.14546875		0.355517277887	0.964197911087
0.14578125		0.355409033884	0.964124477667
0.14609375		0.35530077431	0.964051014109
0.14640625		0.35519250252	0.963977523715
0.14671875		0.355084224536	0.963904006995
0.14703125		0.354975930066	0.963830460658
0.14734375		0.35486760471	0.963756882834
0.14765625		0.354759232766	0.963683274394
0.14796875		0.35465081537	0.963609638247
0.14828125		0.354542387797	0.963535975808
0.14859375		0.354433969711	0.963462284546
0.14890625		0.354325545007	0.963388562118
0.14921875		0.354217104515	0.963314808724
0.14953125		0.354108650428	0.9632410266
0.14984375		0.35400018678	0.963167217939
0.15015625		0.353891712364	0.963093381162
0.15046875		0.353783213957	0.963019513504
0.15078125		0.35367467683	0.96294561458
0.15109375		0.353566090806	0.962871685998
0.15140625		0.353457476225	0.962797730547
0.15171875		0.353348870268	0.962723747676
0.15203125		0.353240263984	0.962649734476
0.15234375		0.353131644914	0.962575689887
0.15265625		0.353023009644	0.962501614885
0.15296875		0.352914361271	0.962427512321
0.15328125		0.352805704751	0.962353382667
0.15359375		0.3526970291	0.962279223267
0.15390625		0.352588321904	0.962205032448
0.15421875		0.352479570109	0.962130810643
0.15453125		0.352370778994	0.962056560422
0.15484375		0.352261982825	0.9619822833
0.15515625		0.352153192328	0.961907977259
0.15546875		0.352044394128	0.961833639962
0.15578125		0.35193557871	0.961759271268
0.15609375		0.351826747798	0.961684873159
0.15640625		0.351717906416	0.961610448049
0.15671875		0.351609051668	0.961535994764
0.15703125		0.351500171884	0.961461510421
0.15734375		0.351391254356	0.961386994353
0.15765625		0.351282292091	0.961312447872
0.15796875		0.351173307117	0.961237874089
0.15828125		0.351064330335	0.961163272936
0.15859375		0.350955351146	0.961088641277
0.15890625		0.350846357018	0.961013977683
0.15921875		0.350737345424	0.960939282779
0.15953125		0.350628320224	0.960864559958
0.15984375		0.350519284988	0.96078981027
0.16015625		0.35041022923	0.96071503076
0.16046875		0.350301140977	0.96064021921
0.16078125		0.350192010067	0.960565375613
0.16109375		0.350082846663	0.960490503224
0.16140625		0.349973680821	0.960415604178
0.16171875		0.349864518595	0.960340676309
0.16203125		0.349755346465	0.960265716513
0.16234375		0.349646155342	0.960190724221
0.16265625		0.349536947555	0.96011570212
0.16296875		0.349427728557	0.960040653175
0.16328125		0.349318494652	0.959965576367
0.16359375		0.349209233655	0.959890467668
0.16390625		0.349099935947	0.959815326169
0.16421875		0.348990600175	0.959740153888
0.16453125		0.348881247033	0.959664954518
0.16484375		0.34877189797	0.959589728151
0.16515625		0.348662545732	0.959514470325
0.16546875		0.348553177997	0.959439179457
0.16578125		0.348443789749	0.959363856911
0.16609375		0.348334386007	0.959288506629
0.16640625		0.348224971689	0.959213129811
0.16671875		0.348115535582	0.959137722498
0.16703125		0.348006067658	0.959062281974
0.16734375		0.347896562432	0.958986808898
0.16765625		0.347787030574	0.958911307206
0.16796875		0.347677493375	0.9588357791
0.16828125		0.347567958948	0.958760221801
0.16859375		0.347458415715	0.958684631389
0.16890625		0.347348848242	0.958609007731
0.16921875		0.347239261814	0.958533354406
0.16953125		0.347129662784	0.958457674531
0.16984375		0.347020048777	0.958381966714
0.17015625		0.346910408104	0.958306225788
0.17046875		0.34680073417	0.958230451031
0.17078125		0.346691030494	0.958154645741
0.17109375		0.346581311268	0.958078813617
0.17140625		0.346471589749	0.958002954555
0.17171875		0.34636186727	0.957927062681
0.17203125		0.346252124564	0.95785113659
0.17234375		0.346142357245	0.957775179234
0.17265625		0.346032572356	0.957699194598
0.17296875		0.345922777873	0.95762318336
0.17328125		0.345812963036	0.957547140387
0.17359375		0.345703118654	0.957471062749
0.17390625		0.345593245111	0.957394952877
0.17421875		0.345483349188	0.957318814829
0.17453125		0.345373443932	0.957242650341
0.17484375		0.345263538091	0.957166455759
0.17515625		0.345153617852	0.95709022659
0.17546875		0.345043672101	0.957013964261
0.17578125		0.344933704925	0.956937672801
0.17609375		0.344823725159	0.956861354686
0.17640625		0.344713732742	0.95678500768
0.17671875		0.344603717353	0.956708626323
0.17703125		0.344493674534	0.956632210899
0.17734375		0.344383607866	0.956555765519
0.17765625		0.344273524168	0.956479293291
0.17796875		0.344163432081	0.956402793182
0.17828125		0.344053328281	0.956326259226
0.17859375		0.343943204953	0.956249690385
0.17890625		0.343833058927	0.956173090781
0.17921875		0.34372289644	0.956096464065
0.17953125		0.343612723929	0.956019810213
0.17984375		0.343502534103	0.955943123049
0.18015625		0.343392319836	0.955866400299
0.18046875		0.343282080824	0.955789645919
0.18078125		0.343171821989	0.955712863856
0.18109375		0.343061549725	0.955636054952
0.18140625		0.342951261816	0.955559213895
0.18171875		0.342840956182	0.955482337288
0.18203125		0.342730629542	0.955405428124
0.18234375		0.342620286061	0.955328490429
0.18265625		0.342509931652	0.955251525756
0.18296875		0.342399564361	0.955174529731
0.18328125		0.342289176647	0.955097498324
0.18359375		0.342178765475	0.955020433524
0.18390625		0.342068332955	0.954943339374
0.18421875		0.341957882465	0.954866217951
0.18453125		0.341847409829	0.954789065849
0.18484375		0.341736916875	0.954711878828
0.18515625		0.341626406849	0.954634657995
0.18546875		0.341515881345	0.954557406884
0.18578125		0.341405343854	0.954480127655
0.18609375		0.341294795232	0.954402817848
0.18640625		0.341184230354	0.954325473655
0.18671875		0.3410736454	0.954248095587
0.18703125		0.34096303742	0.954170686217
0.18734375		0.340852405941	0.95409324762
0.18765625		0.340741745763	0.954015778295
0.18796875		0.34063106103	0.953938275397
0.18828125		0.340520361986	0.953860738849
0.18859375		0.340409648831	0.953783170289
0.18890625		0.340298921296	0.953705571
0.18921875		0.340188183665	0.953627939892
0.18953125		0.34007743627	0.953550275577
0.18984375		0.339966674207	0.953472578141
0.19015625		0.339855887424	0.953394848336
0.19046875		0.339745066924	0.953317086115
0.19078125		0.339634209612	0.953239290461
0.19109375		0.339523321278	0.95316146146
0.19140625		0.339412420683	0.953083599903
0.19171875		0.33930151208	0.953005705781
0.19203125		0.339190588303	0.95292777769
0.19234375		0.339079649064	0.952849814398
0.19265625		0.338968698022	0.952771816889
0.19296875		0.338857735921	0.952693786521
0.19328125		0.338746753495	0.952615722678
0.19359375		0.338635735747	0.952537623617
0.19390625		0.338524671367	0.952459487903
0.19421875		0.338413563295	0.952381316288
0.19453125		0.33830243415	0.952303110299
0.19484375		0.338191300473	0.95222486964
0.19515625		0.338080154617	0.952146592351
0.19546875		0.337968984941	0.952068276473
0.19578125		0.33785779496	0.951989922656
0.19609375		0.337746591874	0.951911533508
0.19640625		0.337635376919	0.951833110726
0.19671875		0.337524138345	0.951754653986
0.19703125		0.33741285658	0.951676160181
0.19734375		0.33730151227	0.951597622664
0.19765625		0.337190100376	0.951519026963
0.19796875		0.337078599904	0.95144034276
0.19828125		0.336966939135	0.951361513687
0.19859375		0.336854960287	0.951282431677
0.19890625		0.336742329365	0.951202867191
0.19921875		0.336628233463	0.951122251362
0.19953125		0.336510279422	0.951038905479
0.19984375		0.336379255579	0.950946410688
0.20015625		0.336177720633	0.95081493875
0.20046875		0.335881999214	0.95060550802
0.20078125		0.335551455196	0.950371602634
0.20109375		0.335212152721	0.950131307575
0.20140625		0.334872813192	0.94989076978
0.20171875		0.334535761637	0.94965163502
0.20203125		0.334199583173	0.949412942383
0.20234375		0.333863608119	0.949174213136
0.20265625		0.333527630936	0.948935290488
0.20296875		0.33319154468	0.948696094532
0.20328125		0.332855284889	0.948456582809
0.20359375		0.332518800647	0.94821674062
0.20390625		0.332182079585	0.947976564713
0.20421875		0.331845122641	0.947736053604
0.20453125		0.331507925375	0.947495205362
0.20484375		0.331170511545	0.947254017724
0.20515625		0.330832913807	0.947012488361
0.20546875		0.330495114156	0.946770615018
0.20578125		0.330157098589	0.946528395705
0.20609375		0.329818859589	0.946285828641
0.20640625		0.329480392623	0.946042912168
0.20671875		0.329141691934	0.945799644775
0.20703125		0.328802754026	0.945556025126
0.20734375		0.328463574553	0.945312052008
0.20765625		0.328124156199	0.94506772425
0.20796875		0.327784488406	0.944823040738
0.20828125		0.327444594458	0.944578000402
0.20859375		0.327104498282	0.944332602103
0.20890625		0.326764181417	0.944086844672
0.20921875		0.326423636145	0.943840727021
0.20953125		0.326082863569	0.943594248049
0.20984375		0.325741858625	0.94334740666
0.21015625		0.325400611726	0.943100201785
0.21046875		0.325059116297	0.942852632391
0.21078125		0.324717371191	0.942604697463
0.21109375		0.324375379022	0.942356395979
0.21140625		0.324033146538	0.942107726916
0.21171875		0.323690698339	0.94185868918
0.21203125		0.323348030956	0.941609281608
0.21234375		0.323005136659	0.941359503067
0.21265625		0.322662010661	0.941109352433
0.21296875		0.322318647127	0.940858828594
0.21328125		0.321975039617	0.940607930454
0.21359375		0.321631181791	0.940356656937
0.21390625		0.321287071502	0.940105006981
0.21421875		0.320942708938	0.939852979518
0.21453125		0.320598100149	0.939600573467
0.21484375		0.320253262737	0.939347787699
0.21515625		0.319908201907	0.939094621018
0.21546875		0.319562913971	0.93884107222
0.21578125		0.319217391337	0.938587140108
0.21609375		0.31887162621	0.938332823505
0.21640625		0.318525612781	0.938078121258
0.21671875		0.318179345396	0.937823032225
0.21703125		0.317832823423	0.937567555275
0.21734375		0.317486049138	0.937311689268
0.21765625		0.317139023247	0.937055433047
0.21796875		0.31679175514	0.936798785438
0.21828125		0.316444255611	0.936541745216
0.21859375		0.316096527084	0.936284311112
0.21890625		0.315748562159	0.936026481857
0.21921875		0.31540035019	0.935768256206
0.21953125		0.315051885437	0.935509632938
0.21984375		0.314703162282	0.935250610844
0.22015625		0.314354180869	0.934991188721
0.22046875		0.314004944326	0.934731365347
0.22078125		0.313655455358	0.934471139479
0.22109375		0.313305712844	0.934210509871
0.22140625		0.312955728248	0.933949475264
0.22171875		0.312605510001	0.933688034344
0.22203125		0.312255053429	0.933426185765
0.22234375		0.311904345903	0.93316392821
0.22265625		0.311553381587	0.932901260389
0.22296875		0.311202154652	0.932638181029
0.22328125		0.310850663474	0.932374688864
0.22359375		0.310498912626	0.932110782619
0.22390625		0.31014690629	0.93184646099
0.22421875		0.309794643898	0.931581722653
0.22453125		0.309442129188	0.931316566273
0.22484375		0.30908937006	0.931050990485
0.22515625		0.308736367793	0.930784993889
0.22546875		0.308383112111	0.930518575089
0.22578125		0.308029596829	0.930251732715
0.22609375		0.30767581571	0.929984465415
0.22640625		0.307321764677	0.929716771847
0.22671875		0.306967447296	0.929448650671
0.22703125		0.306612869338	0.929180100514
0.22734375		0.306258032472	0.928911119979
0.22765625		0.305902937272	0.928641707654
0.22796875		0.305547587498	0.928371862112
0.22828125		0.305191985675	0.928101581899
0.22859375		0.304836126411	0.927830865553
0.22890625		0.304480004051	0.927559711629
0.22921875		0.304123614308	0.927288118688
0.22953125		0.303766951116	0.927016085303
0.22984375		0.303410014677	0.926743610057
0.23015625		0.303052810037	0.92647069151
0.23046875		0.302695340823	0.926197328194
0.23078125		0.302337608769	0.925923518621
0.23109375		0.30197961467	0.925649261286
0.23140625		0.301621359905	0.925374554668
0.23171875		0.301262841092	0.925099397237
0.23203125		0.300904054422	0.92482378747
0.23234375		0.300544997307	0.924547723845
0.23265625		0.300185664396	0.924271204845
0.23296875		0.299826053161	0.923994228961
0.23328125		0.299466166166	0.923716794679
0.23359375		0.299106007112	0.923438900456
0.23390625		0.298745578325	0.92316054473
0.23421875		0.298384881187	0.92288172592
0.23453125		0.298023916484	0.922602442427
0.23484375		0.297662681185	0.922322692643
0.23515625		0.297301172274	0.922042474964
0.23546875		0.296939387629	0.921761787783
0.23578125		0.296577323616	0.921480629494
0.23609375		0.296214977	0.921198998495
0.23640625		0.295852348407	0.92091689318
0.23671875		0.295489440698	0.920634311927
0.23703125		0.295126255427	0.92035125309
0.23734375		0.294762793739	0.920067715007
0.23765625		0.294399057549	0.919783695999
0.23796875		0.294035045276	0.919499194371
0.23828125		0.293670753594	0.919214208426
0.23859375		0.293306180298	0.918928736467
0.23890625		0.292941322346	0.918642776796
0.23921875		0.292576176594	0.918356327714
0.23953125		0.292210742973	0.918069387523
0.23984375		0.29184502356	0.917781954506
0.24015625		0.291479019906	0.917494026927
0.24046875		0.291112732098	0.917205603034
0.24078125		0.290746160286	0.916916681061
0.24109375		0.290379306065	0.916627259229
0.24140625		0.290012167074	0.916337335742
0.24171875		0.289644740733	0.916046908805
0.24203125		0.289277024357	0.915755976616
0.24234375		0.288909014346	0.915464537378
0.24265625		0.288540709606	0.91517258929
0.24296875		0.288172111924	0.914880130539
0.24328125		0.287803223179	0.914587159291
0.24359375		0.287434043625	0.914293673691
0.24390625		0.287064572308	0.913999671875
0.24421875		0.286694809112	0.913705151962
0.24453125		0.286324754319	0.913410112061
0.24484375		0.285954406399	0.913114550277
0.24515625		0.285583763022	0.912818464703
0.24546875		0.285212821126	0.912521853429
0.24578125		0.284841577634	0.912224714543
0.24609375		0.28447003287	0.911927046127
0.24640625		0.284098188989	0.911628846247
0.24671875		0.283726047105	0.911330112943
0.24703125		0.283353606559	0.911030844243
0.24734375		0.282980866536	0.910731038159
0.24765625		0.282607826872	0.910430692696
0.24796875		0.282234486505	0.910129805842
0.24828125		0.281860843561	0.909828375578
0.24859375		0.281486896417	0.909526399878
0.24890625		0.281112642443	0.909223876708
0.24921875		0.28073807987	0.90892080403
0.24953125		0.280363209321	0.908617179796
0.24984375		0.279988032033	0.908313001936
0.25015625		0.279612548464	0.908008268363
0.25046875		0.279236757961	0.907702976974
0.25078125		0.278860660152	0.907397125652
0.25109375		0.278484254183	0.907090712267
0.25140625		0.278107538093	0.906783734677
0.25171875		0.277730510178	0.906476190735
0.25203125		0.277353168616	0.906168078281
0.25234375		0.27697551173	0.905859395151
0.25265625		0.276597539224	0.905550139168
0.25296875		0.276219251569	0.905240308138
0.25328125		0.275840648929	0.904929899849
0.25359375		0.27546173094	0.904618912072
0.25390625		0.275082497138	0.904307342564
0.25421875		0.274702947244	0.903995189066
0.25453125		0.274323080015	0.903682449305
0.25484375		0.273942893473	0.903369120996
0.25515625		0.273562385618	0.903055201846
0.25546875		0.273181554455	0.902740689554
0.25578125		0.272800399464	0.902425581807
0.25609375		0.272418921132	0.902109876275
0.25640625		0.272037119549	0.901793570608
0.25671875		0.271654994093	0.901476662441
0.25703125		0.271272543862	0.90115914939
0.25734375		0.270889768457	0.900841029059
0.25765625		0.270506667302	0.900522299034
0.25796875		0.270123238925	0.900202956886
0.25828125		0.269739481682	0.899883000175
0.25859375		0.269355393552	0.899562426449
0.25890625		0.268970972872	0.899241233245
0.25921875		0.268586219535	0.898919418086
0.25953125		0.268201133899	0.898596978477
0.25984375		0.267815715749	0.898273911899
0.26015625		0.26742996415	0.897950215819
0.26046875		0.267043878305	0.897625887685
0.26078125		0.266657457517	0.897300924932
0.26109375		0.266270700571	0.896975324974
0.26140625		0.26588360597	0.896649085215
0.26171875		0.265496172396	0.896322203041
0.26203125		0.265108398122	0.895994675827
0.26234375		0.264720282031	0.895666500931
0.26265625		0.264331823871	0.895337675697
0.26296875		0.26394302348	0.895008197444
0.26328125		0.263553880362	0.894678063476
0.26359375		0.263164393699	0.894347271075
0.26390625		0.262774562778	0.894015817506
0.26421875		0.262384386531	0.893683700014
0.26453125		0.261993863347	0.893350915829
0.26484375		0.261602991777	0.893017462166
0.26515625		0.261211770377	0.892683336223
0.26546875		0.260820198014	0.892348535182
0.26578125		0.260428274046	0.892013056206
0.26609375		0.260035997943	0.891676896438
0.26640625		0.25964336905	0.891340053001
0.26671875		0.259250386549	0.891002522995
0.26703125		0.258857049686	0.890664303504
0.26734375		0.258463357714	0.890325391588
0.26765625		0.258069309361	0.889985784289
0.26796875		0.257674902989	0.889645478631
0.26828125		0.257280136976	0.889304471621
0.26859375		0.256885009885	0.888962760246
0.26890625		0.25648952101	0.888620341478
0.26921875		0.25609366986	0.888277212263
0.26953125		0.255697455713	0.887933369527
0.26984375		0.255300877558	0.887588810171
0.27015625		0.254903934368	0.887243531078
0.27046875		0.254506625329	0.886897529107
0.27078125		0.25410894947	0.886550801096
0.27109375		0.253710905418	0.886203343862
0.27140625		0.253312491672	0.885855154201
0.27171875		0.252913706604	0.885506228889
0.27203125		0.252514548906	0.885156564682
0.27234375		0.252115017864	0.884806158315
0.27265625		0.251715112846	0.884455006497
0.27296875		0.251314833009	0.884103105912
0.27328125		0.25091417724	0.883750453222
0.27359375		0.250513144516	0.883397045064
0.27390625		0.250111733768	0.883042878052
0.27421875		0.249709943699	0.882687948777
0.27453125		0.249307772888	0.882332253805
0.27484375		0.248905219941	0.881975789682
0.27515625		0.248502283409	0.881618552928
0.27546875		0.24809896212	0.881260540041
0.27578125		0.247695255131	0.880901747495
0.27609375		0.247291161569	0.880542171735
0.27640625		0.246886680459	0.880181809181
0.27671875		0.246481810726	0.879820656228
0.27703125		0.246076551311	0.879458709242
0.27734375		0.245670900923	0.879095964564
0.27765625		0.245264858058	0.87873241851
0.27796875		0.244858421206	0.87836806737
0.27828125		0.244451588924	0.878002907408
0.27859375		0.244044360008	0.877636934864
0.27890625		0.243636733339	0.877270145947
0.27921875		0.243228707809	0.876902536841
0.27953125		0.242820282319	0.8765341037
0.27984375		0.242411455708	0.876164842648
0.28015625		0.24200222686	0.875794749783
0.28046875		0.241592594622	0.875423821172
0.28078125		0.241182557594	0.875052052852
0.28109375		0.240772114198	0.874679440832
0.28140625		0.240361262799	0.874305981095
0.28171875		0.239950001942	0.873931669592
0.28203125		0.239538330439	0.873556502247
0.28234375		0.239126247157	0.873180474952
0.28265625		0.238713750931	0.872803583566
0.28296875		0.238300840461	0.872425823918
0.28328125		0.237887514443	0.872047191804
0.28359375		0.23747377164	0.87166768299
0.28390625		0.237059610725	0.871287293208
0.28421875		0.236645030207	0.870906018157
0.28453125		0.236230028519	0.870523853506
0.28484375		0.235814604016	0.870140794891
0.28515625		0.235398755161	0.869756837914
0.28546875		0.234982480612	0.869371978147
0.28578125		0.234565779172	0.868986211125
0.28609375		0.234148649604	0.868599532347
0.28640625		0.233731090526	0.868211937278
0.28671875		0.233313100553	0.867823421348
0.28703125		0.232894678251	0.86743397995
0.28734375		0.232475822069	0.86704360844
0.28765625		0.232056530418	0.866652302142
0.28796875		0.231636801741	0.866260056341
0.28828125		0.231216634426	0.865866866287
0.28859375		0.230796026827	0.865472727191
0.28890625		0.230374977439	0.865077634228
0.28921875		0.229953484937	0.864681582536
0.28953125		0.229531547978	0.864284567209
0.28984375		0.229109165111	0.863886583306
0.29015625		0.228686334867	0.863487625844
0.29046875		0.228263055653	0.863087689798
0.29078125		0.227839325741	0.862686770106
0.29109375		0.227415143409	0.862284861664
0.29140625		0.226990507002	0.861881959329
0.29171875		0.226565414855	0.861478057914
0.29203125		0.226139865313	0.861073152193
0.29234375		0.225713856798	0.860667236896
0.29265625		0.225287387813	0.860260306709
0.29296875		0.224860456809	0.859852356275
0.29328125		0.224433062215	0.859443380192
0.29359375		0.224005202463	0.859033373013
0.29390625		0.22357687584	0.858622329246
0.29421875		0.223148080496	0.858210243352
0.29453125		0.222718814588	0.85779710975
0.29484375		0.222289076294	0.85738292281
0.29515625		0.221858863846	0.856967676857
0.29546875		0.221428175557	0.856551366167
0.29578125		0.220997009799	0.856133984969
0.29609375		0.220565364888	0.855715527442
0.29640625		0.220133239078	0.855295987716
0.29671875		0.219700630649	0.854875359869
0.29703125		0.219267537865	0.85445363793
0.29734375		0.218833958885	0.854030815876
0.29765625		0.218399891779	0.853606887634
0.29796875		0.217965334605	0.853181847077
0.29828125		0.217530285388	0.852755688028
0.29859375		0.217094742183	0.852328404256
0.29890625		0.216658703191	0.851899989475
0.29921875		0.216222166685	0.851470437346
0.29953125		0.215785130845	0.851039741472
0.29984375		0.215347593794	0.850607895401
0.30015625		0.214909553639	0.850174892623
0.30046875		0.214471008413	0.849740726572
0.30078125		0.214031956088	0.849305390623
0.30109375		0.213592394629	0.848868878092
0.30140625		0.213152322002	0.848431182237
0.30171875		0.212711736151	0.847992296255
0.30203125		0.212270634964	0.847552213285
0.30234375		0.211829016428	0.847110926401
0.30265625		0.211386878632	0.846668428617
0.30296875		0.210944219619	0.846224712883
0.30328125		0.210501037398	0.845779772082
0.30359375		0.210057329916	0.845333599034
0.30390625		0.209613094993	0.844886186494
0.30421875		0.209168330385	0.84443752715
0.30453125		0.208723033878	0.843987613623
0.30484375		0.208277203306	0.843536438468
0.30515625		0.207830836509	0.843083994169
0.30546875		0.20738393128	0.842630273143
0.30578125		0.206936485398	0.842175267733
0.30609375		0.206488496686	0.841718970214
0.30640625		0.206039962986	0.841261372786
0.30671875		0.205590882133	0.840802467575
0.30703125		0.205141251924	0.840342246634
0.30734375		0.204691070018	0.83988070194
0.30765625		0.204240333981	0.839417825393
0.30796875		0.203789041388	0.838953608818
0.30828125		0.203337189868	0.838488043961
0.30859375		0.202884777076	0.838021122491
0.30890625		0.202431800644	0.837552835993
0.30921875		0.201978258199	0.837083175975
0.30953125		0.201524147372	0.83661213386
0.30984375		0.201069465756	0.836139700987
0.31015625		0.200614210924	0.835665868612
0.31046875		0.200158380439	0.835190627903
0.31078125		0.199701971797	0.834713969943
0.31109375		0.199244982421	0.834235885726
0.31140625		0.198787409693	0.833756366159
0.31171875		0.198329250987	0.833275402056
0.31203125		0.1978705037	0.832792984143
0.31234375		0.19741116524	0.832309103052
0.31265625		0.196951233044	0.831823749319
0.31296875		0.196490704552	0.831336913388
0.31328125		0.196029577151	0.830848585603
0.31359375		0.195567848167	0.830358756212
0.31390625		0.195105514853	0.829867415362
0.31421875		0.194642574433	0.8293745531
0.31453125		0.194179024128	0.828880159371
0.31484375		0.193714861135	0.828384224017
0.31515625		0.193250082628	0.827886736777
0.31546875		0.192784685746	0.82738768728
0.31578125		0.192318667615	0.82688706505
0.31609375		0.191852025383	0.8263848595
0.31640625		0.191384756224	0.825881059934
0.31671875		0.190916857298	0.82537565554
0.31703125		0.190448325706	0.824868635395
0.31734375		0.189979158434	0.824359988456
0.31765625		0.189509352391	0.823849703567
0.31796875		0.189038904487	0.823337769449
0.31828125		0.188567811658	0.822824174707
0.31859375		0.188096070846	0.822308907819
0.31890625		0.187623678945	0.821791957141
0.31921875		0.187150632809	0.821273310902
0.31953125		0.186676929276	0.820752957203
0.31984375		0.186202565182	0.820230884015
0.32015625		0.185727537349	0.819707079177
0.32046875		0.185251842581	0.819181530393
0.32078125		0.184775477614	0.818654225232
0.32109375		0.18429843909	0.818125151124
0.32140625		0.183820723595	0.817594295359
0.32171875		0.183342327708	0.817061645088
0.32203125		0.182863248021	0.816527187313
0.32234375		0.18238348112	0.815990908894
0.32265625		0.18190302357	0.815452796539
0.32296875		0.181421871914	0.814912836807
0.32328125		0.180940022644	0.814371016101
0.32359375		0.180457472199	0.813827320671
0.32390625		0.17997421698	0.813281736605
0.32421875		0.179490253365	0.812734249835
0.32453125		0.179005577698	0.812184846124
0.32484375		0.178520186253	0.811633511076
0.32515625		0.178034075247	0.81108023012
0.32546875		0.177547240868	0.810524988519
0.32578125		0.177059679295	0.80996777136
0.32609375		0.176571386706	0.809408563554
0.32640625		0.176082359275	0.808847349832
0.32671875		0.175592593143	0.808284114744
0.32703125		0.175102084377	0.807718842652
0.32734375		0.17461082895	0.80715151773
0.32765625		0.174118822784	0.806582123963
0.32796875		0.173626061781	0.806010645138
0.32828125		0.173132541819	0.805437064848
0.32859375		0.172638258747	0.804861366481
0.32890625		0.172143208356	0.804283533224
0.32921875		0.171647386381	0.803703548055
0.32953125		0.171150788521	0.80312139374
0.32984375		0.170653410465	0.80253705283
0.33015625		0.170155247884	0.80195050766
0.33046875		0.169656296416	0.801361740338
0.33078125		0.169156551611	0.800770732749
0.33109375		0.16865600892	0.800177466547
0.33140625		0.168154663721	0.799581923153
0.33171875		0.167652511375	0.798984083749
0.33203125		0.167149547234	0.798383929275
0.33234375		0.166645766616	0.797781440426
0.33265625		0.166141164778	0.797176597645
0.33296875		0.165635736923	0.79656938112
0.33328125		0.165129478189	0.79595977078
0.33359375		0.164622383666	0.795347746288
0.33390625		0.164114448402	0.794733287039
0.33421875		0.163605667421	0.794116372155
0.33453125		0.163096035677	0.793496980477
0.33484375		0.162585548015	0.792875090563
0.33515625		0.162074199191	0.792250680682
0.33546875		0.161561983925	0.791623728808
0.33578125		0.161048896919	0.790994212618
0.33609375		0.16053493284	0.790362109481
0.33640625		0.160020086308	0.789727396456
0.33671875		0.159504351872	0.789090050284
0.33703125		0.158987723989	0.788450047384
0.33734375		0.158470197029	0.787807363845
0.33765625		0.157951765311	0.787161975423
0.33796875		0.157432423113	0.78651385753
0.33828125		0.156912164645	0.785862985231
0.33859375		0.156390984034	0.785209333237
0.33890625		0.155868875311	0.784552875896
0.33921875		0.155345832439	0.783893587187
0.33953125		0.154821849327	0.783231440715
0.33984375		0.15429691984	0.782566409701
0.34015625		0.153771037794	0.781898466975
0.34046875		0.153244196929	0.781227584967
0.34078125		0.152716390883	0.780553735702
0.34109375		0.152187613172	0.779876890789
0.34140625		0.151657857223	0.779197021413
0.34171875		0.151127116411	0.778514098331
0.34203125		0.150595384053	0.777828091857
0.34234375		0.150062653389	0.777138971855
0.34265625		0.149528917559	0.77644670773
0.34296875		0.148994169604	0.775751268422
0.34328125		0.148458402471	0.775052622388
0.34359375		0.147921609038	0.774350737601
0.34390625		0.147383782111	0.773645581534
0.34421875		0.146844914423	0.77293712115
0.34453125		0.146304998598	0.772225322894
0.34484375		0.145764027115	0.771510152678
0.34515625		0.145221992326	0.770791575873
0.34546875		0.144678886509	0.770069557297
0.34578125		0.144134701874	0.7693440612
0.34609375		0.143589430547	0.768615051254
0.34640625		0.143043064548	0.76788249054
0.34671875		0.142495595772	0.767146341535
0.34703125		0.141947015983	0.766406566096
0.34734375		0.141397316836	0.765663125451
0.34765625		0.140846489883	0.764915980181
0.34796875		0.140294526581	0.764165090205
0.34828125		0.139741418276	0.763410414767
0.34859375		0.139187156165	0.762651912422
0.34890625		0.138631731293	0.761889541013
0.34921875		0.138075134572	0.761123257664
0.34953125		0.137517356815	0.760353018758
0.34984375		0.136958388732	0.759578779917
0.35015625		0.136398220918	0.758800495989
0.35046875		0.135836843819	0.758018121029
0.35078125		0.135274247716	0.757231608276
0.35109375		0.13471042273	0.756440910137
0.35140625		0.13414535884	0.755645978165
0.35171875		0.133579045892	0.75484676304
0.35203125		0.133011473595	0.754043214547
0.35234375		0.132442631507	0.753235281551
0.35265625		0.131872509017	0.75242291198
0.35296875		0.131301095336	0.751606052793
0.35328125		0.130728379499	0.750784649965
0.35359375		0.130154350392	0.749958648456
0.35390625		0.129578996758	0.749127992185
0.35421875		0.129002307178	0.748292624006
0.35453125		0.128424270038	0.747452485681
0.35484375		0.127844873509	0.746607517845
0.35515625		0.127264105552	0.745757659985
0.35546875		0.126681953946	0.744902850404
0.35578125		0.126098406297	0.744043026193
0.35609375		0.125513450027	0.743178123195
0.35640625		0.124927072358	0.742308075973
0.35671875		0.124339260283	0.741432817777
0.35703125		0.12375000056	0.740552280503
0.35734375		0.123159279722	0.739666394661
0.35765625		0.122567084092	0.738775089335
0.35796875		0.12197339978	0.737878292141
0.35828125		0.121378212669	0.736975929188
0.35859375		0.120781508381	0.736067925033
0.35890625		0.120183272266	0.735154202639
0.35921875		0.11958348941	0.734234683327
0.35953125		0.118982144637	0.73330928673
0.35984375		0.118379222527	0.732377930742
0.36015625		0.117774707409	0.73144053147
0.36046875		0.117168583334	0.730497003174
0.36078125		0.116560834036	0.729547258218
0.36109375		0.11595144293	0.728591207013
0.36140625		0.115340393126	0.727628757951
0.36171875		0.114727667437	0.726659817351
0.36203125		0.114113248373	0.72568428939
0.36234375		0.113497118117	0.724702076036
0.36265625		0.1128792585	0.723713076982
0.36296875		0.112259650984	0.722717189571
0.36328125		0.111638276665	0.721714308723
0.36359375		0.111015116278	0.720704326854
0.36390625		0.110390150203	0.719687133797
0.36421875		0.109763358453	0.718662616718
0.36453125		0.109134720633	0.717630660025
0.36484375		0.108504215906	0.716591145277
0.36515625		0.107871822998	0.715543951089
0.36546875		0.107237520198	0.714488953034
0.36578125		0.10660128536	0.713426023534
0.36609375		0.105963095893	0.712355031754
0.36640625		0.105322928741	0.711275843489
0.36671875		0.10468076034	0.710188321045
0.36703125		0.104036566601	0.709092323113
0.36734375		0.103390322902	0.707987704642
0.36765625		0.102742004093	0.706874316702
0.36796875		0.102091584492	0.705752006346
0.36828125		0.101439037856	0.704620616454
0.36859375		0.100784337344	0.703479985585
0.36890625		0.100127455477	0.702329947812
0.36921875		0.0994683641327	0.701170332552
0.36953125		0.0988070345399	0.700000964385
0.36984375		0.0981434372675	0.69882166287
0.37015625		0.0974775422064	0.697632242347
0.37046875		0.0968093185337	0.696432511731
0.37078125		0.0961387346679	0.695222274293
0.37109375		0.0954657582375	0.694001327436
0.37140625		0.0947903560639	0.692769462453
0.37171875		0.0941124941482	0.691526464274
0.37203125		0.0934321376513	0.690272111204
0.37234375		0.0927492508581	0.689006174642
0.37265625		0.0920637971288	0.687728418785
0.37296875		0.0913757388526	0.686438600321
0.37328125		0.0906850374104	0.685136468096
0.37359375		0.0899916531523	0.683821762776
0.37390625		0.0892955453757	0.682494216478
0.37421875		0.088596672285	0.681153552381
0.37453125		0.0878949909335	0.679799484324
0.37484375		0.0871904571632	0.678431716369
0.37515625		0.0864830255513	0.677049942348
0.37546875		0.0857726493658	0.675653845376
0.37578125		0.0850592805253	0.674243097334
0.37609375		0.084342869552	0.672817358332
0.37640625		0.0836233655063	0.671376276122
0.37671875		0.082900715912	0.669919485485
0.37703125		0.0821748666805	0.668446607575
0.37734375		0.0814457620401	0.666957249227
0.37765625		0.0807133444685	0.665451002207
0.37796875		0.0799775546251	0.663927442425
0.37828125		0.0792383312726	0.662386129089
0.37859375		0.0784956111793	0.660826603802
0.37890625		0.0777493290125	0.659248389596
0.37921875		0.0769994172308	0.657650989901
0.37953125		0.0762458059806	0.656033887437
0.37984375		0.0754884229946	0.654396543033
0.38015625		0.0747271934818	0.652738394345
0.38046875		0.0739620399952	0.651058854498
0.38078125		0.0731928822824	0.649357310608
0.38109375		0.0724196371275	0.6476331222
0.38140625		0.0716422181938	0.645885619503
0.38171875		0.0708605358633	0.644114101601
0.38203125		0.0700744970662	0.642317834449
0.38234375		0.0692840050881	0.640496048709
0.38265625		0.0684889593567	0.638647937424
0.38296875		0.0676892552087	0.636772653477
0.38328125		0.0668847836418	0.634869306846
0.38359375		0.0660754310567	0.632936961603
0.38390625		0.0652610789858	0.630974632657
0.38421875		0.0644416037954	0.628981282194
0.38453125		0.0636168763564	0.626955815779
0.38484375		0.062786761681	0.624897078105
0.38515625		0.0619511185266	0.62280384831
0.38546875		0.0611097989715	0.620674834851
0.38578125		0.0602626479605	0.618508669845
0.38609375		0.0594095028116	0.616303902841
0.38640625		0.0585501926726	0.614058993926
0.38671875		0.0576845379168	0.611772306094
0.38703125		0.0568123494765	0.609442096779
0.38734375		0.0559334281132	0.60706650843
0.38765625		0.0550475636201	0.604643558002
0.38796875		0.0541545339445	0.602171125205
0.38828125		0.0532541042155	0.599646939338
0.38859375		0.05234602566	0.597068564477
0.38890625		0.051430034392	0.594433382789
0.38921875		0.0505058500602	0.591738575656
0.38953125		0.049573174338	0.588981102262
0.38984375		0.048631689233	0.586157675226
0.39015625		0.0476810551862	0.583264732754
0.39046875		0.0467209089235	0.580298406719
0.39078125		0.0457508610146	0.577254485902
0.39109375		0.0447704930918	0.574128373502
0.39140625		0.0437793546739	0.570915037789
0.39171875		0.0427769595256	0.567608954515
0.39203125		0.041762781462	0.564204039378
0.39234375		0.0407362494908	0.560693568359
0.39265625		0.0396967421545	0.557070083242
0.39296875		0.0386435809046	0.553325278832
0.39328125		0.0375760222959	0.549449867426
0.39359375		0.0364932487375	0.545433414751
0.39390625		0.0353943574569	0.54126413979
0.39421875		0.0342783472209	0.53692866842
0.39453125		0.0331441022272	0.532411727405
0.39484375		0.0319903724031	0.527695760417
0.39515625		0.0308157490539	0.522760440636
0.39546875		0.0296186343886	0.517582044284
0.39578125		0.0283972029289	0.512132634232
0.39609375		0.0271493520079	0.50637897971
0.39640625		0.0258726373266	0.500281101826
0.39671875		0.0245641875227	0.493790275881
0.39703125		0.0232205885757	0.486846225194
0.39734375		0.0218377240181	0.479373076312
0.39765625		0.0204105474975	0.471273343515
0.39796875		0.01893274684	0.462418642691
0.39828125		0.0173962273134	0.452634709506
0.39859375		0.0157902790269	0.441675895602
0.39890625		0.0141001647274	0.429178795167
0.39921875		0.0123045455803	0.41457007728
0.39953125		0.0103701174154	0.396857694243
0.39984375		0.00823811207373	0.374059824563
0.40015625		0.00578774251275	0.341192581721
0.40046875		0.00303821344125	0.287890896754
0.40078125		0.000636067360454	0.184246036235
0.40109375		2.12307305179e-07	0.0226464873172
0.40140625		4.11900266473e-09	0.0100017956876
0.40171875		4.11315268951e-09	0.0100000000514
0.40203125		4.11315252376e-09	0.01
0.40234375		4.11315252376e-09	0.01
0.40265625		4.11315252376e-09	0.01
0.40296875		4.11315252376e-09	0.01
0.40328125		4.11315252376e-09	0.01
0.40359375		4.11315252376e-09	0.01
0.40390625		4.11315252376e-09	0.01
0.40421875		4.11315252376e-09	0.01
0.40453125		4.11315252376e-09	0.01
0.40484375		4.11315252376e-09	0.01
0.40515625		4.11315252376e-09	0.01
0.40546875		4.11315252376e-09	0.01
0.40578125		4.11315252376e-09	0.01
0.40609375		4.11315252376e-09	0.01
0.40640625		4.11315252376e-09	0.01
0.40671875		4.11315252376e-09	0.01
0.40703125		4.11315252376e-09	0.01
0.40734375		4.11315252376e-09	0.01
0.40765625		4.11315252376e-09	0.01
0.40796875		4.11315252376e-09	0.01
0.40828125		4.11315252376e-09	0.01
0.40859375		4.11315252376e-09	0.01
0.40890625		4.11315252376e-09	0.01
0.40921875		4.11315252376e-09	0.01
0.40953125		4.11315252376e-09	0.01
0.40984375		4.11315252376e-09	0.01
0.41015625		4.11315252376e-09	0.01
0.41046875		4.11315252376e-09	0.01
0.41078125		4.11315252376e-09	0.01
0.41109375		4.11315252376e-09	0.01
0.41140625		4.11315252376e-09	0.01
0.41171875		4.11315252376e-09	0.01
0.41203125		4.11315252376e-09	0.01
0.41234375		4.11315252376e-09	0.01
0.41265625		4.11315252376e-09	0.01
0.41296875		4.11315252376e-09	0.01
0.41328125		4.11315252376e-09	0.01
0.41359375		4.11315252376e-09	0.01
0.41390625		4.11315252376e-09	0.01
0.41421875		4.11315252376e-09	0.01
0.41453125		4.11315252376e-09	0.01
0.41484375		4.11315252376e-09	0.01
0.41515625		4.11315252376e-09	0.01
0.41546875		4.11315252376e-09	0.01
0.41578125		4.11315252376e-09	0.01
0.41609375		4.11315252376e-09	0.01
0.41640625		4.11315252376e-09	0.01
0.41671875		4.11315252376e-09	0.01
0.41703125		4.11315252376e-09	0.01
0.41734375		4.11315252376e-09	0.01
0.41765625		4.11315252376e-09	0.01
0.41796875		4.11315252376e-09	0.01
0.41828125		4.11315252376e-09	0.01
0.41859375		4.11315252376e-09	0.01
0.41890625		4.11315252376e-09	0.01
0.41921875		4.11315252376e-09	0.01
0.41953125		4.11315252376e-09	0.01
0.41984375		4.11315252376e-09	0.01
0.42015625		4.11315252376e-09	0.01
0.42046875		4.11315252376e-09	0.01
0.42078125		4.11315252376e-09	0.01
0.42109375		4.11315252376e-09	0.01
0.42140625		4.11315252376e-09	0.01
0.42171875		4.11315252376e-09	0.01
0.42203125		4.11315252376e-09	0.01
0.42234375		4.11315252376e-09	0.01
0.42265625		4.11315252376e-09	0.01
0.42296875		4.11315252376e-09	0.01
0.42328125		4.11315252376e-09	0.01
0.42359375		4.11315252376e-09	0.01
0.42390625		4.11315252376e-09	0.01
0.42421875		4.11315252376e-09	0.01
0.42453125		4.11315252376e-09	0.01
0.42484375		4.11315252376e-09	0.01
0.42515625		4.11315252376e-09	0.01
0.42546875		4.11315252376e-09	0.01
0.42578125		4.11315252376e-09	0.01
0.42609375		4.11315252376e-09	0.01
0.42640625		4.11315252376e-09	0.01
0.42671875		4.11315252376e-09	0.01
0.42703125		4.11315252376e-09	0.01
0.42734375		4.11315252376e-09	0.01
0.42765625		4.11315252376e-09	0.01
0.42796875		4.11315252376e-09	0.01
0.42828125		4.11315252376e-09	0.01
0.42859375		4.11315252376e-09	0.01
0.42890625		4.11315252376e-09	0.01
0.42921875		4.11315252376e-09	0.01
0.42953125		4.11315252376e-09	0.01
0.42984375		4.11315252376e-09	0.01
0.43015625		4.11315252376e-09	0.01
0.43046875		4.11315252376e-09	0.01
0.43078125		4.11315252376e-09	0.01
0.43109375		4.11315252376e-09	0.01
0.43140625		4.11315252376e-09	0.01
0.43171875		4.11315252376e-09	0.01
0.43203125		4.11315252376e-09	0.01
0.43234375		4.11315252376e-09	0.01
0.43265625		4.11315252376e-09	0.01
0.43296875		4.11315252376e-09	0.01
0.43328125		4.11315252376e-09	0.01
0.43359375		4.11315252376e-09	0.01
0.43390625		4.11315252376e-09	0.01
0.43421875		4.11315252376e-09	0.01
0.43453125		4.11315252376e-09	0.01
0.43484375		4.11315252376e-09	0.01
0.43515625		4.11315252376e-09	0.01
0.43546875		4.11315252376e-09	0.01
0.43578125		4.11315252376e-09	0.01
0.43609375		4.11315252376e-09	0.01
0.43640625		4.11315252376e-09	0.01
0.43671875		4.11315252376e-09	0.01
0.43703125		4.11315252376e-09	0.01
0.43734375		4.11315252376e-09	0.01
0.43765625		4.11315252376e-09	0.01
0.43796875		4.11315252376e-09	0.01
0.43828125		4.11315252376e-09	0.01
0.43859375		4.11315252376e-09	0.01
0.43890625		4.11315252376e-09	0.01
0.43921875		4.11315252376e-09	0.01
0.43953125		4.11315252376e-09	0.01
0.43984375		4.11315252376e-09	0.01
0.44015625		4.11315252376e-09	0.01
0.44046875		4.11315252376e-09	0.01
0.44078125		4.11315252376e-09	0.01
0.44109375		4.11315252376e-09	0.01
0.44140625		4.11315252376e-09	0.01
0.44171875		4.11315252376e-09	0.01
0.44203125		4.11315252376e-09	0.01
0.44234375		4.11315252376e-09	0.01
0.44265625		4.11315252376e-09	0.01
0.44296875		4.11315252376e-09	0.01
0.44328125		4.11315252376e-09	0.01
0.44359375		4.11315252376e-09	0.01
0.44390625		4.11315252376e-09	0.01
0.44421875		4.11315252376e-09	0.01
0.44453125		4.11315252376e-09	0.01
0.44484375		4.11315252376e-09	0.01
0.44515625		4.11315252376e-09	0.01
0.44546875		4.11315252376e-09	0.01
0.44578125		4.11315252376e-09	0.01
0.44609375		4.11315252376e-09	0.01
0.44640625		4.11315252376e-09	0.01
0.44671875		4.11315252376e-09	0.01
0.44703125		4.11315252376e-09	0.01
0.44734375		4.11315252376e-09	0.01
0.44765625		4.11315252376e-09	0.01
0.44796875		4.11315252376e-09	0.01
0.44828125		4.11315252376e-09	0.01
0.44859375		4.11315252376e-09	0.01
0.44890625		4.11315252376e-09	0.01
0.44921875		4.11315252376e-09	0.01
0.44953125		4.11315252376e-09	0.01
0.44984375		4.11315252376e-09	0.01
0.45015625		4.11315252376e-09	0.01
0.45046875		4.11315252376e-09	0.01
0.45078125		4.11315252376e-09	0.01
0.45109375		4.11315252376e-09	0.01
0.45140625		4.11315252376e-09	0.01
0.45171875		4.11315252376e-09	0.01
0.45203125		4.11315252376e-09	0.01
0.45234375		4.11315252376e-09	0.01
0.45265625		4.11315252376e-09	0.01
0.45296875		4.11315252376e-09	0.01
0.45328125		4.11315252376e-09	0.01
0.45359375		4.11315252376e-09	0.01
0.45390625		4.11315252376e-09	0.01
0.45421875		4.11315252376e-09	0.01
0.45453125		4.11315252376e-09	0.01
0.45484375		4.11315252376e-09	0.01
0.45515625		4.11315252376e-09	0.01
0.45546875		4.11315252376e-09	0.01
0.45578125		4.11315252376e-09	0.01
0.45609375		4.11315252376e-09	0.01
0.45640625		4.11315252376e-09	0.01
0.45671875		4.11315252376e-09	0.01
0.45703125		4.11315252376e-09	0.01
0.45734375		4.11315252376e-09	0.01
0.45765625		4.11315252376e-09	0.01
0.45796875		4.11315252376e-09	0.01
0.45828125		4.11315252376e-09	0.01
0.45859375		4.11315252376e-09	0.01
0.45890625		4.11315252376e-09	0.01
0.45921875		4.11315252376e-09	0.01
0.45953125		4.11315252376e-09	0.01
0.45984375		4.11315252376e-09	0.01
0.46015625		4.11315252376e-09	0.01
0.46046875		4.11315252376e-09	0.01
0.46078125		4.11315252376e-09	0.01
0.46109375		4.11315252376e-09	0.01
0.46140625		4.11315252376e-09	0.01
0.46171875		4.11315252376e-09	0.01
0.46203125		4.11315252376e-09	0.01
0.46234375		4.11315252376e-09	0.01
0.46265625		4.11315252376e-09	0.01
0.46296875		4.11315252376e-09	0.01
0.46328125		4.11315252376e-09	0.01
0.46359375		4.11315252376e-09	0.01
0.46390625		4.11315252376e-09	0.01
0.46421875		4.11315252376e-09	0.01
0.46453125		4.11315252376e-09	0.01
0.46484375		4.11315252376e-09	0.01
0.46515625		4.11315252376e-09	0.01
0.46546875		4.11315252376e-09	0.01
0.46578125		4.11315252376e-09	0.01
0.46609375		4.11315252376e-09	0.01
0.46640625		4.11315252376e-09	0.01
0.46671875		4.11315252376e-09	0.01
0.46703125		4.11315252376e-09	0.01
0.46734375		4.11315252376e-09	0.01
0.46765625		4.11315252376e-09	0.01
0.46796875		4.11315252376e-09	0.01
0.46828125		4.11315252376e-09	0.01
0.46859375		4.11315252376e-09	0.01
0.46890625		4.11315252376e-09	0.01
0.46921875		4.11315252376e-09	0.01
0.46953125		4.11315252376e-09	0.01
0.46984375		4.11315252376e-09	0.01
0.47015625		4.11315252376e-09	0.01
0.47046875		4.11315252376e-09	0.01
0.47078125		4.11315252376e-09	0.01
0.47109375		4.11315252376e-09	0.01
0.47140625		4.11315252376e-09	0.01
0.47171875		4.11315252376e-09	0.01
0.47203125		4.11315252376e-09	0.01
0.47234375		4.11315252376e-09	0.01
0.47265625		4.11315252376e-09	0.01
0.47296875		4.11315252376e-09	0.01
0.47328125		4.11315252376e-09	0.01
0.47359375		4.11315252376e-09	0.01
0.47390625		4.11315252376e-09	0.01
0.47421875		4.11315252376e-09	0.01
0.47453125		4.11315252376e-09	0.01
0.47484375		4.11315252376e-09	0.01
0.47515625		4.11315252376e-09	0.01
0.47546875		4.11315252376e-09	0.01
0.47578125		4.11315252376e-09	0.01
0.47609375		4.11315252376e-09	0.01
0.47640625		4.11315252376e-09	0.01
0.47671875		4.11315252376e-09	0.01
0.47703125		4.11315252376e-09	0.01
0.47734375		4.11315252376e-09	0.01
0.47765625		4.11315252376e-09	0.01
0.47796875		4.11315252376e-09	0.01
0.47828125		4.11315252376e-09	0.01
0.47859375		4.11315252376e-09	0.01
0.47890625		4.11315252376e-09	0.01
0.47921875		4.11315252376e-09	0.01
0.47953125		4.11315252376e-09	0.01
0.47984375		4.11315252376e-09	0.01
0.48015625		4.11315252376e-09	0.01
0.48046875		4.11315252376e-09	0.01
0.48078125		4.11315252376e-09	0.01
0.48109375		4.11315252376e-09	0.01
0.48140625		4.11315252376e-09	0.01
0.48171875		4.11315252376e-09	0.01
0.48203125		4.11315252376e-09	0.01
0.48234375		4.11315252376e-09	0.01
0.48265625		4.11315252376e-09	0.01
0.48296875		4.11315252376e-09	0.01
0.48328125		4.11315252376e-09	0.01
0.48359375		4.11315252376e-09	0.01
0.48390625		4.11315252376e-09	0.01
0.48421875		4.11315252376e-09	0.01
0.48453125		4.11315252376e-09	0.01
0.48484375		4.11315252376e-09	0.01
0.48515625		4.11315252376e-09	0.01
0.48546875		4.11315252376e-09	0.01
0.48578125		4.11315252376e-09	0.01
0.48609375		4.11315252376e-09	0.01
0.48640625		4.11315252376e-09	0.01
0.48671875		4.11315252376e-09	0.01
0.48703125		4.11315252376e-09	0.01
0.48734375		4.11315252376e-09	0.01
0.48765625		4.11315252376e-09	0.01
0.48796875		4.11315252376e-09	0.01
0.48828125		4.11315252376e-09	0.01
0.48859375		4.11315252376e-09	0.01
0.48890625		4.11315252376e-09	0.01
0.48921875		4.11315252376e-09	0.01
0.48953125		4.11315252376e-09	0.01
0.48984375		4.11315252376e-09	0.01
0.49015625		4.11315252376e-09	0.01
0.49046875		4.11315252376e-09	0.01
0.49078125		4.11315252376e-09	0.01
0.49109375		4.11315252376e-09	0.01
0.49140625		4.11315252376e-09	0.01
0.49171875		4.11315252376e-09	0.01
0.49203125		4.11315252376e-09	0.01
0.49234375		4.11315252376e-09	0.01
0.49265625		4.11315252376e-09	0.01
0.49296875		4.11315252376e-09	0.01
0.49328125		4.11315252376e-09	0.01
0.49359375		4.11315252376e-09	0.01
0.49390625		4.11315252376e-09	0.01
0.49421875		4.11315252376e-09	0.01
0.49453125		4.11315252376e-09	0.01
0.49484375		4.11315252376e-09	0.01
0.49515625		4.11315252376e-09	0.01
0.49546875		4.11315252376e-09	0.01
0.49578125		4.11315252376e-09	0.01
0.49609375		4.11315252376e-09	0.01
0.49640625		4.11315252376e-09	0.01
0.49671875		4.11315252376e-09	0.01
0.49703125		4.11315252376e-09	0.01
0.49734375		4.11315252376e-09	0.01
0.49765625		4.11315252376e-09	0.01
0.49796875		4.11315252376e-09	0.01
0.49828125		4.11315252376e-09	0.01
0.49859375		4.11315252376e-09	0.01
0.49890625		4.11315252376e-09	0.01
0.49921875		4.11315252376e-09	0.01
0.49953125		4.11315252376e-09	0.01
0.49984375		4.11315252376e-09	0.01
