0.00015625		0.40308027129	0.994953752339
0.00046875		0.402872043125	0.994825002751
0.00078125		0.402582646804	0.994646394009
0.00109375		0.402308508684	0.994476929586
0.00140625		0.402081950806	0.994336792346
0.00171875		0.401877651288	0.994210372125
0.00203125		0.401681800434	0.994089130744
0.00234375		0.401488009341	0.993969091895
0.00265625		0.401294890569	0.993849459144
0.00296875		0.401102646418	0.993730331291
0.00328125		0.400912150602	0.993612271291
0.00359375		0.400723711894	0.993495467439
0.00390625		0.40053742639	0.993379969965
0.00421875		0.400353282172	0.99326575727
0.00453125		0.400171212273	0.993152769451
0.00484375		0.399991137092	0.993040944863
0.00515625		0.399812968375	0.992930223276
0.00546875		0.399636578452	0.992820551143
0.00578125		0.399461813534	0.99271186492
0.00609375		0.399288523937	0.992604099081
0.00640625		0.39911660452	0.992497200503
0.00671875		0.398946025531	0.992391122073
0.00703125		0.398776755136	0.992285817704
0.00734375		0.398608719391	0.992181235053
0.00765625		0.398441827553	0.99207732587
0.00796875		0.39827603249	0.991974053637
0.00828125		0.398111299386	0.991871388673
0.00859375		0.397947577725	0.991769298236
0.00890625		0.397784781574	0.991667744327
0.00921875		0.397622822643	0.991566691704
0.00953125		0.397461664605	0.991466114974
0.00984375		0.397301232465	0.991365994185
0.01015625		0.397141471316	0.991266300652
0.01046875		0.396982328307	0.991166999175
0.01078125		0.396823851902	0.991068057703
0.01109375		0.396666046641	0.990969455885
0.01140625		0.39650887132	0.990871182272
0.01171875		0.396352288846	0.990773225182
0.01203125		0.396196231601	0.990675567538
0.01234375		0.396040620522	0.990578188801
0.01265625		0.395885397069	0.990481068904
0.01296875		0.39573051662	0.990384191816
0.01328125		0.395576086711	0.990287545502
0.01359375		0.395422100213	0.99019111994
0.01390625		0.395268531159	0.990094905779
0.01421875		0.395115355353	0.989998891844
0.01453125		0.39496254322	0.989903063258
0.01484375		0.394810063121	0.989807401501
0.01515625		0.394657857018	0.989711893855
0.01546875		0.394505850074	0.989616535392
0.01578125		0.394354009383	0.989521323969
0.01609375		0.39420251239	0.989426254192
0.01640625		0.394051349284	0.989331316423
0.01671875		0.393900453774	0.989236500431
0.01703125		0.393749768453	0.989141796211
0.01734375		0.393599261102	0.989047193384
0.01765625		0.393448911737	0.988952682718
0.01796875		0.393298734556	0.98885825863
0.01828125		0.393148752379	0.988763918429
0.01859375		0.392998978558	0.988669658073
0.01890625		0.392849392038	0.988575472429
0.01921875		0.392699962178	0.988481357704
0.01953125		0.392550627012	0.98838731054
0.01984375		0.392401357936	0.988293327397
0.02015625		0.392252174729	0.988199404705
0.02046875		0.392103184236	0.9881055396
0.02078125		0.391954400796	0.988011728581
0.02109375		0.391805808601	0.987917967288
0.02140625		0.391657362936	0.987824250829
0.02171875		0.391509036339	0.98773057483
0.02203125		0.391360797997	0.987636936961
0.02234375		0.391212557742	0.987543335578
0.02265625		0.391064261178	0.987449767758
0.02296875		0.390915960744	0.987356228691
0.02328125		0.390767844393	0.987262714499
0.02359375		0.390619912666	0.987169223577
0.02390625		0.390472131877	0.987075755603
0.02421875		0.390324497263	0.986982308961
0.02453125		0.390176993308	0.98688887983
0.02484375		0.390029535214	0.986795464543
0.02515625		0.389882103219	0.986702061678
0.02546875		0.389734626987	0.986608671383
0.02578125		0.389587018459	0.986515293201
0.02609375		0.389439361823	0.986421924589
0.02640625		0.38929188736	0.98632856212
0.02671875		0.389144528667	0.986235203899
0.02703125		0.388997296985	0.986141849847
0.02734375		0.388850212584	0.98604849985
0.02765625		0.388703222555	0.985955151788
0.02796875		0.38855636173	0.98586180262
0.02828125		0.388409469867	0.985768450417
0.02859375		0.388262560262	0.985675095027
0.02890625		0.388115535902	0.985581736595
0.02921875		0.387968351797	0.985488374297
0.02953125		0.387821165999	0.985395006199
0.02984375		0.38767411486	0.985301630484
0.03015625		0.387527146176	0.985208246605
0.03046875		0.387380279231	0.985114854819
0.03078125		0.387233603272	0.985021454498
0.03109375		0.387087029736	0.984928043657
0.03140625		0.386940611872	0.984834620065
0.03171875		0.386794092421	0.984741182722
0.03203125		0.386647508361	0.984647731791
0.03234375		0.386500781173	0.984554267249
0.03265625		0.386353837402	0.984460787955
0.03296875		0.386206758161	0.984367292389
0.03328125		0.386059838103	0.98427377946
0.03359375		0.385913045414	0.984180249119
0.03390625		0.385766387011	0.984086701346
0.03421875		0.385619969523	0.983993135159
0.03453125		0.385473720766	0.983899548745
0.03484375		0.385327637724	0.983805940847
0.03515625		0.385181345802	0.983712311498
0.03546875		0.385034899885	0.98361866133
0.03578125		0.384888277918	0.983524989839
0.03609375		0.384741333623	0.983431296002
0.03640625		0.384594191334	0.983337579157
0.03671875		0.384447261497	0.983243839319
0.03703125		0.384300546495	0.983150076321
0.03734375		0.384154041918	0.983056289399
0.03765625		0.384007780048	0.98296247706
0.03796875		0.38386180549	0.982868638085
0.03828125		0.383715946177	0.982774772135
0.03859375		0.383569712715	0.982680879275
0.03890625		0.383423264498	0.982586959556
0.03921875		0.383276552165	0.982493012045
0.03953125		0.383129445407	0.982399036501
0.03984375		0.382982228122	0.982305033174
0.04015625		0.382835271625	0.982211002114
0.04046875		0.382688565365	0.982116942615
0.04078125		0.382542147948	0.982022853463
0.04109375		0.382395960335	0.981928733676
0.04140625		0.382250233029	0.981834582873
0.04171875		0.382104433193	0.981740400897
0.04203125		0.381958078502	0.981646187498
0.04234375		0.381811479189	0.981551942299
0.04265625		0.381664501779	0.981457664609
0.04296875		0.381517120765	0.981363354935
0.04328125		0.381369878967	0.981269013912
0.04359375		0.381222919819	0.98117464113
0.04390625		0.38107618998	0.981080235291
0.04421875		0.38092985228	0.980985795059
0.04453125		0.380783733542	0.980891319895
0.04484375		0.380638148365	0.980796809787
0.04515625		0.380492139084	0.980702264589
0.04546875		0.380345549372	0.980607683884
0.04578125		0.380198625213	0.980513067294
0.04609375		0.38005125924	0.980418414857
0.04640625		0.379903730362	0.980323727514
0.04671875		0.379756536193	0.980229005346
0.04703125		0.379609579309	0.980134247294
0.04734375		0.379462836168	0.980039452127
0.04765625		0.379316454796	0.97994461915
0.04796875		0.379170373978	0.979849748423
0.04828125		0.379024659748	0.979754839531
0.04859375		0.378878251312	0.979659891947
0.04890625		0.37873135117	0.97956490553
0.04921875		0.378583982119	0.979469880467
0.04953125		0.37843627339	0.979374817457
0.04984375		0.378288845151	0.97927971682
0.05015625		0.378141613097	0.979184577803
0.05046875		0.377994623215	0.979089399429
0.05078125		0.377847862968	0.978994181171
0.05109375		0.377701320907	0.978898922536
0.05140625		0.377555263315	0.978803623527
0.05171875		0.377409057577	0.978708283188
0.05203125		0.377262179318	0.978612901743
0.05234375		0.37711484757	0.978517479318
0.05265625		0.376967045615	0.978422016413
0.05296875		0.376819304457	0.978326513255
0.05328125		0.376671888544	0.978230969447
0.05359375		0.376524645607	0.978135384572
0.05390625		0.376377539039	0.97803975802
0.05421875		0.376230730148	0.977944089269
0.05453125		0.376084074643	0.97784837754
0.05484375		0.375937734987	0.977752622661
0.05515625		0.375790850225	0.977656824652
0.05546875		0.375643522308	0.977560984188
0.05578125		0.3754956561	0.977465100978
0.05609375		0.375347661427	0.977369174962
0.05640625		0.375200025307	0.977273205998
0.05671875		0.375052522393	0.977177194355
0.05703125		0.374905176126	0.97708113993
0.05734375		0.374758023468	0.976985041664
0.05765625		0.374610978747	0.976888898395
0.05796875		0.374464255399	0.976792709834
0.05828125		0.374317226586	0.976696476754
0.05859375		0.374169807095	0.976600199999
0.05890625		0.374021882054	0.976503879049
0.05921875		0.373873674429	0.976407513002
0.05953125		0.373725776797	0.976311101826
0.05984375		0.373578025759	0.976214646413
0.06015625		0.373430446449	0.976118147349
0.06046875		0.373282973549	0.976021603413
0.06078125		0.373135617842	0.975925012635
0.06109375		0.372988496835	0.975828374519
0.06140625		0.372841215857	0.975731690386
0.06171875		0.37269361454	0.975634961681
0.06203125		0.37254554615	0.975538187847
0.06234375		0.372397149499	0.975441367179
0.06265625		0.372248986993	0.975344499223
0.06296875		0.372100990837	0.9752475853
0.06328125		0.371953145061	0.975150626873
0.06359375		0.371805380693	0.975053622955
0.06390625		0.371657736608	0.974956570877
0.06421875		0.371510246768	0.974859469503
0.06453125		0.371362660965	0.974762320417
0.06484375		0.371214827705	0.974665125875
0.06515625		0.371066536573	0.974567885572
0.06546875		0.370917920635	0.974470597345
0.06578125		0.370769509295	0.974373259925
0.06609375		0.370621257349	0.974275874716
0.06640625		0.370473133107	0.974178443956
0.06671875		0.370325080101	0.974080967174
0.06703125		0.370177149862	0.973983441437
0.06734375		0.370029312789	0.973885864827
0.06765625		0.369881417385	0.973788238762
0.06796875		0.369733301722	0.973690566047
0.06828125		0.369584741663	0.973592847041
0.06859375		0.3694358779	0.973495079471
0.06890625		0.369287218507	0.973397261337
0.06921875		0.369138700401	0.973299393608
0.06953125		0.368990287027	0.973201478958
0.06984375		0.368841945163	0.973103517655
0.07015625		0.368693718994	0.97300550696
0.07046875		0.368545551035	0.972907444383
0.07078125		0.36839734707	0.972809330808
0.07109375		0.368248916198	0.972711169006
0.07140625		0.368100050289	0.972612960121
0.07171875		0.367950923994	0.972514702268
0.07203125		0.367802011436	0.972416393139
0.07234375		0.367653216808	0.972318033051
0.07265625		0.367504500794	0.972219624324
0.07296875		0.367355868835	0.972121167843
0.07328125		0.367207336763	0.972022661549
0.07359375		0.367058851207	0.971924103034
0.07390625		0.366910331742	0.971825492462
0.07421875		0.366761564062	0.971726832065
0.07453125		0.366612363533	0.971628123245
0.07484375		0.366462976631	0.971529364913
0.07515625		0.366313794169	0.971430555138
0.07546875		0.366164713982	0.971331693645
0.07578125		0.366015699676	0.971232781948
0.07609375		0.365866762548	0.971133820839
0.07640625		0.365717924548	0.971034809216
0.07671875		0.365569128794	0.970935745416
0.07703125		0.365420282076	0.970836629181
0.07734375		0.365271143166	0.9707374617
0.07765625		0.365121595679	0.970638244025
0.07796875		0.364971957284	0.970538976041
0.07828125		0.364822499959	0.970439656637
0.07859375		0.364673129607	0.970340285393
0.07890625		0.364523821634	0.970240862656
0.07921875		0.364374575626	0.970141388677
0.07953125		0.364225429604	0.970041863065
0.07984375		0.364076303403	0.969942285165
0.08015625		0.363927099509	0.969842654829
0.08046875		0.363777578206	0.96974297234
0.08078125		0.363627686844	0.969643238131
0.08109375		0.363477805928	0.969543452284
0.08140625		0.363328069892	0.969443614548
0.08171875		0.363178405194	0.969343724776
0.08203125		0.363028806808	0.969243782793
0.08234375		0.36287924984	0.969143788177
0.08265625		0.362729775899	0.969043740654
0.08296875		0.362580304164	0.968943640347
0.08328125		0.362430713177	0.968843487401
0.08359375		0.362280797927	0.968743281724
0.08390625		0.362130578326	0.968643023108
0.08421875		0.361980450973	0.968542711612
0.08453125		0.361830440164	0.968442347583
0.08484375		0.361680475064	0.968341931217
0.08515625		0.361530575198	0.968241461928
0.08546875		0.361380715722	0.96814093878
0.08578125		0.361230905993	0.968040361511
0.08609375		0.361081076654	0.96793973085
0.08640625		0.360931072289	0.967839047353
0.08671875		0.360780742265	0.967738310684
0.08703125		0.36063022511	0.967637520103
0.08734375		0.360479848861	0.967536675418
0.08765625		0.360329550656	0.967435777388
0.08796875		0.360179292777	0.967334826642
0.08828125		0.360029079343	0.967233822525
0.08859375		0.359878920139	0.967132763695
0.08890625		0.359728772343	0.967031649625
0.08921875		0.359578562381	0.966930481286
0.08953125		0.359428118108	0.966829259812
0.08984375		0.359277377603	0.966727984982
0.09015625		0.35912661222	0.96662665559
0.09046875		0.358975966962	0.966525270906
0.09078125		0.358825366698	0.96642383187
0.09109375		0.358674813643	0.966322339641
0.09140625		0.358524288322	0.966220793728
0.09171875		0.35837380881	0.966119192475
0.09203125		0.358223317309	0.966017534991
0.09234375		0.358072703635	0.965915822314
0.09265625		0.357921816288	0.965814056033
0.09296875		0.357770714811	0.96571223622
0.09328125		0.357619701879	0.965610361322
0.09359375		0.357468770233	0.96550843017
0.09390625		0.357317861042	0.965406443609
0.09421875		0.357166993519	0.965304403132
0.09453125		0.357016158169	0.965202308677
0.09484375		0.356865341131	0.965100158496
0.09515625		0.356714488144	0.964997951299
0.09546875		0.35656346129	0.964895687908
0.09578125		0.356412158539	0.964793370265
0.09609375		0.356260753291	0.964690998856
0.09640625		0.356109465269	0.964588571993
0.09671875		0.355958223001	0.964486088077
0.09703125		0.355807002209	0.964383547691
0.09734375		0.355655801763	0.964280952572
0.09765625		0.355504639991	0.964178303106
0.09796875		0.35535347745	0.964075597639
0.09828125		0.355202253749	0.963972834553
0.09859375		0.355050825624	0.963870014358
0.09890625		0.35489915179	0.96376713911
0.09921875		0.354747466077	0.963664209669
0.09953125		0.354595865819	0.96356122448
0.09984375		0.35444429806	0.963458181709
0.10015625		0.354292749897	0.963355081489
0.10046875		0.354141211265	0.963251925589
0.10078125		0.353989705456	0.963148714862
0.10109375		0.353838191453	0.963045447942
0.10140625		0.353686600777	0.962942122978
0.10171875		0.353534803187	0.962838740051
0.10203125		0.353382791401	0.962735301149
0.10234375		0.353230800751	0.962631807483
0.10265625		0.353078873138	0.962528257808
0.10296875		0.352926969777	0.96242465015
0.10328125		0.352775081469	0.96232098427
0.10359375		0.352623196617	0.962217261723
0.10390625		0.352471337606	0.962113483697
0.10421875		0.352319467929	0.962009649227
0.10453125		0.352167520149	0.96190575644
0.10484375		0.352015379203	0.961801805005
0.10515625		0.351863043297	0.961697796611
0.10546875		0.351710727083	0.96159373271
0.10578125		0.351558463159	0.961489612513
0.10609375		0.351406219259	0.961385434101
0.10640625		0.351253984198	0.961281196793
0.10671875		0.351101747687	0.961176901866
0.10703125		0.350949531781	0.961072550654
0.10734375		0.35079730364	0.96096814269
0.10765625		0.350645004734	0.96086367625
0.10796875		0.35049253088	0.960759150629
0.10828125		0.350339873367	0.96065456707
0.10859375		0.350187221301	0.960549927081
0.10890625		0.350034616423	0.960445230404
0.10921875		0.349882029189	0.960340475389
0.10953125		0.349729446635	0.960235661065
0.10984375		0.349576858072	0.960130788154
0.11015625		0.349424284985	0.960025858009
0.11046875		0.349271698065	0.959920870649
0.11078125		0.34911904781	0.959815824728
0.11109375		0.348966239549	0.959710719311
0.11140625		0.348813258311	0.959605555052
0.11171875		0.348660268322	0.959500333311
0.11203125		0.348507320794	0.959395054276
0.11234375		0.348354387749	0.959289716813
0.11265625		0.348201457256	0.95918431985
0.11296875		0.348048517354	0.959078863535
0.11328125		0.347895587545	0.958973348861
0.11359375		0.347742642477	0.958867776259
0.11390625		0.347589640155	0.958762144987
0.11421875		0.34743649476	0.958656454142
0.11453125		0.347283187067	0.958550703784
0.11484375		0.347129857543	0.958444894793
0.11515625		0.346976565694	0.958339027655
0.11546875		0.346823285965	0.958233101879
0.11578125		0.346670007348	0.958127116609
0.11609375		0.346516716717	0.958021071483
0.11640625		0.346363429147	0.957914966923
0.11671875		0.34621012665	0.95780880342
0.11703125		0.346056772071	0.957702580927
0.11734375		0.345903289295	0.957596298911
0.11765625		0.345749653184	0.957489957023
0.11796875		0.345595980363	0.957383555482
0.11828125		0.345442342869	0.957277094654
0.11859375		0.34528871625	0.957170574717
0.11890625		0.345135088958	0.957063995333
0.11921875		0.344981447608	0.956957355932
0.11953125		0.344827800668	0.956850656211
0.11984375		0.344674140872	0.956743896354
0.12015625		0.344520434548	0.956637076806
0.12046875		0.344366617025	0.956530197749
0.12078125		0.344212652802	0.956423258818
0.12109375		0.344058633087	0.956316259485
0.12140625		0.343904648947	0.956209199621
0.12171875		0.343750673693	0.956102079713
0.12203125		0.34359669585	0.955994900316
0.12234375		0.343442703743	0.955887661071
0.12265625		0.343288698546	0.955780361002
0.12296875		0.343134681059	0.955672999527
0.12328125		0.342980622265	0.955565577216
0.12359375		0.342826467351	0.955458095171
0.12390625		0.342672180059	0.95535055353
0.12421875		0.342517815469	0.955242951207
0.12453125		0.342363480199	0.955135287103
0.12484375		0.342209152985	0.955027561629
0.12515625		0.342054823436	0.954919776214
0.12546875		0.341900480963	0.954811931351
0.12578125		0.341746116991	0.954704025632
0.12609375		0.341591740558	0.954596057404
0.12640625		0.34143732977	0.954488026885
0.12671875		0.341282840049	0.954379935913
0.12703125		0.341128230208	0.954271785716
0.12734375		0.340973525388	0.954163574952
0.12765625		0.340818833483	0.954055301491
0.12796875		0.340664151609	0.953946965165
0.12828125		0.340509468563	0.953838567944
0.12859375		0.340354773693	0.953730111531
0.12890625		0.34020005251	0.953621594559
0.12921875		0.340045317529	0.953513014376
0.12953125		0.339890553014	0.95340437051
0.12984375		0.33973572677	0.953295665025
0.13015625		0.33958079652	0.953186900259
0.13046875		0.339425760521	0.953078075254
0.13078125		0.339270708056	0.95296918708
0.13109375		0.339115669438	0.952860234864
0.13140625		0.33896063049	0.952751220491
0.13171875		0.338805581617	0.95264214658
0.13203125		0.338650505604	0.952533012393
0.13234375		0.338495411618	0.952423814767
0.13265625		0.338340291243	0.952314552522
0.13296875		0.338185125267	0.952205227414
0.13328125		0.338029873047	0.952095842285
0.13359375		0.337874515328	0.951986396953
0.13390625		0.337719103372	0.951876888413
0.13421875		0.337563707122	0.951767315184
0.13453125		0.337408310539	0.951657678696
0.13484375		0.337252905545	0.951547981612
0.13515625		0.337097478137	0.95143822405
0.13546875		0.336942025901	0.951328403213
0.13578125		0.33678655043	0.951218517366
0.13609375		0.336631037662	0.951108567708
0.13640625		0.336475455965	0.950998556749
0.13671875		0.336319776913	0.950888485006
0.13703125		0.336164019827	0.950778350221
0.13734375		0.336008263295	0.950668150612
0.13765625		0.335852509998	0.950557886995
0.13796875		0.335696749357	0.950447561474
0.13828125		0.335540970779	0.950337174627
0.13859375		0.33538516375	0.950226724604
0.13890625		0.335229334217	0.950116209661
0.13921875		0.335073471991	0.950005630294
0.13953125		0.334917551472	0.949894988325
0.13984375		0.334761544389	0.949784284475
0.14015625		0.334605451027	0.949673517508
0.14046875		0.3344493374	0.949562685928
0.14078125		0.334293229568	0.949451789879
0.14109375		0.334137114474	0.949340830714
0.14140625		0.333980984148	0.949229809018
0.14171875		0.333824825536	0.949118723918
0.14203125		0.333668643386	0.949007574163
0.14234375		0.333512430273	0.948896359689
0.14265625		0.33335616727	0.948785081462
0.14296875		0.333199826604	0.948673740069
0.14328125		0.333043398953	0.948562335132
0.14359375		0.332886932595	0.948450865811
0.14390625		0.332730471527	0.948339331864
0.14421875		0.332574003373	0.948227733752
0.14453125		0.332417520339	0.948116071835
0.14484375		0.332261010082	0.948004345967
0.14515625		0.332104476499	0.947892555604
0.14546875		0.331947913505	0.947780700448
0.14578125		0.331791307811	0.947668780621
0.14609375		0.331634632121	0.94755679637
0.14640625		0.331477874197	0.947444747859
0.14671875		0.331321057524	0.94733263498
0.14703125		0.331164240871	0.947220457459
0.14734375		0.331007418514	0.947108215019
0.14765625		0.330850580653	0.946995907615
0.14796875		0.33069371952	0.946883535457
0.14828125		0.330536833057	0.946771098697
0.14859375		0.330379920405	0.946658597131
0.14890625		0.330222972826	0.946546030264
0.14921875		0.33006596694	0.946433397883
0.14953125		0.329908883917	0.946320700346
0.14984375		0.32975172492	0.946207938164
0.15015625		0.329594546793	0.946095111298
0.15046875		0.329437367261	0.945982219011
0.15078125		0.329280173822	0.945869260804
0.15109375		0.329122960157	0.945756236953
0.15140625		0.328965719982	0.945643148109
0.15171875		0.328808456958	0.945529994366
0.15203125		0.328651164811	0.945416774911
0.15234375		0.328493828399	0.945303489086
0.15265625		0.328336423324	0.945190137168
0.15296875		0.328178938974	0.945076720035
0.15328125		0.328021401297	0.944963238029
0.15359375		0.327863859182	0.944849690296
0.15390625		0.327706309637	0.944736075924
0.15421875		0.327548741301	0.944622395022
0.15453125		0.327391149068	0.944508648487
0.15484375		0.327233534041	0.944394836806
0.15515625		0.327075894385	0.94428095916
0.15546875		0.326918221837	0.944167014514
0.15578125		0.326760493344	0.944053002877
0.15609375		0.326602690444	0.943938925246
0.15640625		0.326444811018	0.943824782373
0.15671875		0.326286905488	0.943710573573
0.15703125		0.326128997001	0.943596297625
0.15734375		0.325971074962	0.943481954306
0.15765625		0.325813131329	0.943367544543
0.15796875		0.325655162971	0.943253069222
0.15828125		0.325497174831	0.943138527772
0.15859375		0.325339160115	0.943023918882
0.15890625		0.325181103499	0.942909242172
0.15921875		0.325022980837	0.942794498558
0.15953125		0.324864779106	0.942679689167
0.15984375		0.324706517557	0.942564813678
0.16015625		0.324548246223	0.94244987071
0.16046875		0.324389969979	0.94233485962
0.16078125		0.324231674061	0.942219781159
0.16109375		0.324073354664	0.94210463657
0.16140625		0.323915014755	0.941989425711
0.16171875		0.323756654302	0.941874147154
0.16203125		0.323598263434	0.941758800045
0.16234375		0.323439821699	0.941643385039
0.16265625		0.323281307064	0.941527903563
0.16296875		0.323122712326	0.941412355803
0.16328125		0.322964076801	0.941296740384
0.16359375		0.322805438062	0.941181056184
0.16390625		0.322646791406	0.941065303632
0.16421875		0.322488121935	0.940949484233
0.16453125		0.322329429591	0.940833598407
0.16484375		0.322170719403	0.940717644784
0.16515625		0.322011986922	0.94060162199
0.16546875		0.32185321942	0.940485530275
0.16578125		0.321694391854	0.940369371265
0.16609375		0.321535488227	0.940253145723
0.16640625		0.321376509485	0.940136852439
0.16671875		0.321217503461	0.940020489842
0.16703125		0.3210584979	0.939904057919
0.16734375		0.320899480278	0.939787558289
0.16765625		0.32074043875	0.939670991984
0.16796875		0.320581375676	0.939554357895
0.16828125		0.320422297239	0.939437654209
0.16859375		0.320263192764	0.939320880628
0.16890625		0.32010404709	0.939204038775
0.16921875		0.319944834603	0.939087130025
0.16953125		0.319785542644	0.938970153539
0.16984375		0.319626185238	0.938853107407
0.17015625		0.319466813794	0.938735990996
0.17046875		0.319307444244	0.9386188058
0.17078125		0.319148057685	0.938501553534
0.17109375		0.318988647863	0.938384233634
0.17140625		0.31882921775	0.938266843987
0.17171875		0.318669772605	0.93814938352
0.17203125		0.318510296356	0.938031853559
0.17234375		0.318350770769	0.937914256129
0.17265625		0.318191170573	0.937796591086
0.17296875		0.318031491207	0.937678856316
0.17328125		0.317871765885	0.937561050485
0.17359375		0.317712038465	0.937443174704
0.17390625		0.317552307241	0.937325231115
0.17421875		0.317392550891	0.937207219961
0.17453125		0.317232770775	0.937089139107
0.17484375		0.317072977578	0.936970986873
0.17515625		0.316913167844	0.936852764077
0.17546875		0.316753320207	0.936734472864
0.17578125		0.316593411423	0.936616113872
0.17609375		0.31643342341	0.936497685175
0.17640625		0.316273369462	0.936379185037
0.17671875		0.316113288498	0.936260614062
0.17703125		0.315953208265	0.936141974257
0.17734375		0.315793114162	0.936023266468
0.17765625		0.315632987596	0.935904488994
0.17796875		0.31547283762	0.935785640056
0.17828125		0.315312684353	0.935666719917
0.17859375		0.315152510106	0.935547730292
0.17890625		0.314992289272	0.935428672121
0.17921875		0.314831997866	0.935309544123
0.17953125		0.314671631801	0.935190344678
0.17984375		0.314511219427	0.93507107394
0.18015625		0.314350787535	0.934951733413
0.18046875		0.314190352036	0.934832323959
0.18078125		0.314029889455	0.93471284454
0.18109375		0.313869394126	0.934593293706
0.18140625		0.313708884258	0.934473671486
0.18171875		0.31354837365	0.934353979011
0.18203125		0.313387834012	0.934234216893
0.18234375		0.313227238171	0.934114384318
0.18265625		0.31306657067	0.933994480254
0.18296875		0.31290584117	0.933874504887
0.18328125		0.312745075386	0.933754459135
0.18359375		0.312584286936	0.933634343327
0.18390625		0.312423490104	0.933514156652
0.18421875		0.312262663026	0.933393898399
0.18453125		0.312101809852	0.933273568916
0.18484375		0.311940952702	0.933153168852
0.18515625		0.311780083103	0.933032698019
0.18546875		0.311619173202	0.932912155519
0.18578125		0.311458203061	0.932791541093
0.18609375		0.311297167731	0.93267085554
0.18640625		0.311136083649	0.932550099442
0.18671875		0.310974956483	0.932429272224
0.18703125		0.310813809861	0.932308372735
0.18734375		0.310652654338	0.932187400918
0.18765625		0.310491473627	0.932066358021
0.18796875		0.310330274918	0.931945244571
0.18828125		0.310169067996	0.931824059441
0.18859375		0.310007831881	0.931702801048
0.18890625		0.30984654827	0.93158146959
0.18921875		0.309685208824	0.931460066882
0.18953125		0.309523812989	0.931338593649
0.18984375		0.309362368215	0.931217048393
0.19015625		0.309200875243	0.931095429159
0.19046875		0.309039375691	0.930973736187
0.19078125		0.308877867399	0.930851971621
0.19109375		0.30871633469	0.930730136255
0.19140625		0.308554787169	0.93060822818
0.19171875		0.308393216021	0.93048624514
0.19203125		0.30823160859	0.930364187493
0.19234375		0.308069955048	0.930242057535
0.19265625		0.307908246977	0.930119855943
0.19296875		0.307746482289	0.929997580671
0.19328125		0.307584654206	0.929875229791
0.19359375		0.307422796883	0.929752803817
0.19390625		0.307260941098	0.929630304512
0.19421875		0.307099068949	0.929507731806
0.19453125		0.306937172601	0.929385083722
0.19484375		0.306775258459	0.929262359292
0.19515625		0.30661331712	0.929139559139
0.19546875		0.306451330558	0.92901668368
0.19578125		0.30628928125	0.928893732152
0.19609375		0.306127163222	0.928770704845
0.19640625		0.30596499088	0.928647603492
0.19671875		0.305802779763	0.928524428744
0.19703125		0.305640564162	0.928401175203
0.19734375		0.305478322609	0.928277831142
0.19765625		0.305316007526	0.92815437633
0.19796875		0.305153568588	0.928030773668
0.19828125		0.30499090564	0.927906945894
0.19859375		0.304827800972	0.927782734898
0.19890625		0.304663782815	0.927657786839
0.19921875		0.304497678868	0.927531216328
0.19953125		0.30432602549	0.927400403073
0.19984375		0.304135356977	0.927255217525
0.20015625		0.303841650515	0.927065050803
0.20046875		0.303411338832	0.926736197507
0.20078125		0.302929522444	0.926368099644
0.20109375		0.302434464005	0.925989359062
0.20140625		0.301938965904	0.925609738464
0.20171875		0.301446839159	0.925232235216
0.20203125		0.300955691313	0.924855007772
0.20234375		0.300464606003	0.924477357527
0.20265625		0.299973198822	0.924099001602
0.20296875		0.299481306919	0.923719837852
0.20328125		0.298988912546	0.923339834623
0.20359375		0.298496002865	0.922958980221
0.20390625		0.298002608893	0.922577261147
0.20421875		0.297508747549	0.92219466827
0.20453125		0.297014402575	0.921811196669
0.20484375		0.296519543294	0.921426842158
0.20515625		0.296024157286	0.921041600337
0.20546875		0.295528233118	0.920655466671
0.20578125		0.295031758374	0.920268436529
0.20609375		0.294534722366	0.919880505482
0.20640625		0.294037107478	0.919491669496
0.20671875		0.293538979053	0.919101924741
0.20703125		0.293040396188	0.918711266859
0.20734375		0.292541310317	0.918319691248
0.20765625		0.292041681489	0.917927193549
0.20796875		0.291541508945	0.917533769593
0.20828125		0.291040798799	0.917139415119
0.20859375		0.290539541553	0.91674412585
0.20890625		0.290037722597	0.916347897469
0.20921875		0.28953534157	0.915950725726
0.20953125		0.289032385494	0.915552606285
0.20984375		0.288528895844	0.915153534817
0.21015625		0.288024908357	0.914753506739
0.21046875		0.28752038693	0.914352517415
0.21078125		0.287015319185	0.913950562283
0.21109375		0.286509709822	0.913547636752
0.21140625		0.286003552599	0.913143736164
0.21171875		0.285496831036	0.912738855848
0.21203125		0.284989529658	0.912332991133
0.21234375		0.284481643134	0.911926137345
0.21265625		0.283973178483	0.911518289781
0.21296875		0.28346415633	0.911109443651
0.21328125		0.282954601214	0.910699594
0.21359375		0.282444512477	0.910288735748
0.21390625		0.281933880074	0.909876863768
0.21421875		0.281422686947	0.909463972929
0.21453125		0.280910918645	0.90905005807
0.21484375		0.280398561261	0.908635114058
0.21515625		0.279885606267	0.908219135777
0.21546875		0.279372050857	0.907802118133
0.21578125		0.278857894178	0.907384055977
0.21609375		0.278343163713	0.906964944088
0.21640625		0.277827895445	0.906544776998
0.21671875		0.277312088032	0.90612354908
0.21703125		0.276795711185	0.905701254689
0.21734375		0.276278745461	0.905277888266
0.21765625		0.275761175205	0.904853444253
0.21796875		0.275242992516	0.904427917127
0.21828125		0.274724196321	0.90400130131
0.21859375		0.274204788355	0.903573591177
0.21890625		0.273684762053	0.903144781025
0.21921875		0.27316414884	0.902714865095
0.21953125		0.272642983272	0.902283837391
0.21984375		0.272121258955	0.901851691768
0.22015625		0.271598936628	0.901418422095
0.22046875		0.271075995882	0.900984022344
0.22078125		0.27055242031	0.900548486488
0.22109375		0.270028208391	0.90011180852
0.22140625		0.269503369379	0.899673982334
0.22171875		0.268977909921	0.899235001736
0.22203125		0.268451823938	0.898794860443
0.22234375		0.267925129593	0.898353552114
0.22265625		0.267397853298	0.897911070234
0.22296875		0.266869987317	0.89746740815
0.22328125		0.266341498713	0.897022559229
0.22359375		0.265812367263	0.896576516893
0.22390625		0.26528257419	0.896129274584
0.22421875		0.264752122001	0.895680825733
0.22453125		0.264221025797	0.895231163669
0.22484375		0.263689295039	0.894780281584
0.22515625		0.263156926032	0.894328172577
0.22546875		0.262623927166	0.893874829686
0.22578125		0.262090311949	0.893420245814
0.22609375		0.261556069349	0.892964413774
0.22640625		0.261021178994	0.892507326372
0.22671875		0.260485624072	0.892048976424
0.22703125		0.25994938582	0.891589356749
0.22734375		0.259412466806	0.891128460141
0.22765625		0.258874882314	0.890666279283
0.22796875		0.258336640515	0.890202806713
0.22828125		0.257797742826	0.889738034866
0.22859375		0.257258193438	0.889271956087
0.22890625		0.256717992634	0.888804562619
0.22921875		0.256177127464	0.888335846642
0.22953125		0.255635588089	0.88786580031
0.22984375		0.255093359226	0.887394415744
0.23015625		0.254550426389	0.886921685054
0.23046875		0.254006791794	0.88644760031
0.23078125		0.253462466843	0.885972153458
0.23109375		0.252917457868	0.885495336315
0.23140625		0.252371767154	0.885017140599
0.23171875		0.251825399415	0.884537557922
0.23203125		0.251278346432	0.884056579791
0.23234375		0.250730598262	0.883574197663
0.23265625		0.250182144998	0.883090402944
0.23296875		0.249632973067	0.882605186996
0.23328125		0.249083074077	0.882118541145
0.23359375		0.248532451515	0.881630456639
0.23390625		0.247981112477	0.881140924601
0.23421875		0.247429060507	0.880649936022
0.23453125		0.246876294647	0.880157481793
0.23484375		0.246322819284	0.879663552686
0.23515625		0.245768628293	0.879168139375
0.23546875		0.245213711728	0.878671232456
0.23578125		0.244658058632	0.878172822467
0.23609375		0.244101655666	0.877672899892
0.23640625		0.243544498258	0.877171455162
0.23671875		0.242986591159	0.876668478595
0.23703125		0.24242793948	0.876163960376
0.23734375		0.241868543492	0.875657890559
0.23765625		0.241308400107	0.875150259099
0.23796875		0.240747508821	0.874641055839
0.23828125		0.240185868554	0.874130270506
0.23859375		0.239623471556	0.873617892721
0.23890625		0.239060307473	0.873103912023
0.23921875		0.2384963632	0.872588317883
0.23953125		0.237931632272	0.872071099701
0.23984375		0.237366118945	0.871552246767
0.24015625		0.236799828101	0.871031748216
0.24046875		0.236232759439	0.87050959304
0.24078125		0.235664908574	0.869985770108
0.24109375		0.235096273462	0.869460268174
0.24140625		0.234526851499	0.868933075864
0.24171875		0.233956635761	0.868404181687
0.24203125		0.233385618676	0.867873574051
0.24234375		0.232813790818	0.867341241259
0.24265625		0.232241144055	0.866807171519
0.24296875		0.231667678065	0.86627135292
0.24328125		0.23109339551	0.865733773398
0.24359375		0.230518296892	0.865194420731
0.24390625		0.229942379042	0.864653282551
0.24421875		0.229365639161	0.864110346353
0.24453125		0.228788073626	0.863565599489
0.24484375		0.228209675109	0.863019029178
0.24515625		0.227630436075	0.862470622515
0.24546875		0.227050349191	0.861920366473
0.24578125		0.226469407833	0.861368247892
0.24609375		0.225887609589	0.860814253477
0.24640625		0.225304954003	0.860258369767
0.24671875		0.224721439884	0.859700583133
0.24703125		0.224137064397	0.859140879781
0.24734375		0.223551824515	0.858579245755
0.24765625		0.222965717264	0.858015666934
0.24796875		0.222378736329	0.857450129035
0.24828125		0.221790873524	0.856882617627
0.24859375		0.221202120894	0.856313118129
0.24890625		0.220612471838	0.85574161581
0.24921875		0.220021923809	0.855168095773
0.24953125		0.219430475379	0.854592542934
0.24984375		0.218838123881	0.854014942019
0.25015625		0.218244865201	0.853435277565
0.25046875		0.217650695252	0.852853533928
0.25078125		0.217055610886	0.852269695273
0.25109375		0.216459607369	0.85168374557
0.25140625		0.21586267726	0.851095668606
0.25171875		0.215264812728	0.850505447986
0.25203125		0.214666005731	0.849913067132
0.25234375		0.214066251818	0.849318509281
0.25265625		0.213465548866	0.848721757455
0.25296875		0.212863894209	0.848122794457
0.25328125		0.212261283393	0.847521602867
0.25359375		0.211657711228	0.846918165054
0.25390625		0.211053173363	0.846312463165
0.25421875		0.210447664786	0.845704479122
0.25453125		0.209841178969	0.845094194625
0.25484375		0.209233708726	0.844481591155
0.25515625		0.208625246444	0.843866649965
0.25546875		0.208015785492	0.843249352088
0.25578125		0.2074053215	0.842629678312
0.25609375		0.206793850849	0.842007609177
0.25640625		0.206181369497	0.841383124961
0.25671875		0.205567872155	0.840756205685
0.25703125		0.204953353644	0.840126831108
0.25734375		0.204337808238	0.839494980726
0.25765625		0.203721228911	0.838860633768
0.25796875		0.203103608318	0.8382237692
0.25828125		0.202484939161	0.837584365717
0.25859375		0.20186521463	0.836942401741
0.25890625		0.20124442877	0.836297855409
0.25921875		0.200622576089	0.835650704564
0.25953125		0.199999651499	0.835000926748
0.25984375		0.1993756495	0.834348499193
0.26015625		0.198750564329	0.83369339882
0.26046875		0.19812439015	0.833035602233
0.26078125		0.197497119875	0.832375085716
0.26109375		0.196868745471	0.831711825233
0.26140625		0.196239258855	0.831045796423
0.26171875		0.195608652363	0.830376974598
0.26203125		0.194976919306	0.829705334724
0.26234375		0.194344053275	0.82903085142
0.26265625		0.193710048118	0.828353498941
0.26296875		0.193074897272	0.827673251175
0.26328125		0.192438593818	0.826990081637
0.26359375		0.191801131151	0.826303963462
0.26390625		0.19116250221	0.825614869395
0.26421875		0.190522698927	0.824922771791
0.26453125		0.189881712778	0.824227642606
0.26484375		0.189239535128	0.823529453394
0.26515625		0.188596157354	0.822828175298
0.26546875		0.187951571704	0.822123779041
0.26578125		0.187305771334	0.821416234911
0.26609375		0.186658749194	0.820705512745
0.26640625		0.186010497421	0.819991581931
0.26671875		0.185361008035	0.819274411391
0.26703125		0.184710272966	0.818553969578
0.26734375		0.184058283607	0.817830224467
0.26765625		0.183405030949	0.817103143541
0.26796875		0.182750505872	0.816372693791
0.26828125		0.182094699082	0.815638841699
0.26859375		0.18143760092	0.814901553232
0.26890625		0.180779202278	0.814160793827
0.26921875		0.180119495067	0.813416528381
0.26953125		0.17945847101	0.812668721228
0.26984375		0.178796121216	0.811917336135
0.27015625		0.178132436546	0.811162336285
0.27046875		0.177467407277	0.810403684274
0.27078125		0.176801023109	0.80964134209
0.27109375		0.17613327372	0.808875271114
0.27140625		0.175464148955	0.808105432095
0.27171875		0.174793638642	0.807331785139
0.27203125		0.174121732302	0.806554289695
0.27234375		0.173448419264	0.805772904539
0.27265625		0.172773689414	0.804987587759
0.27296875		0.172097532796	0.804198296735
0.27328125		0.171419939197	0.803404988124
0.27359375		0.170740898127	0.80260761784
0.27390625		0.170060398305	0.801806141044
0.27421875		0.169378427773	0.801000512125
0.27453125		0.16869497451	0.800190684688
0.27484375		0.168010026723	0.79937661153
0.27515625		0.167323572782	0.79855824462
0.27546875		0.166635600816	0.797735535082
0.27578125		0.165946098689	0.796908433167
0.27609375		0.165255054247	0.796076888243
0.27640625		0.164562455364	0.795240848761
0.27671875		0.163868289792	0.794400262239
0.27703125		0.163172545141	0.793555075237
0.27734375		0.162475208473	0.792705233332
0.27765625		0.16177626614	0.791850681097
0.27796875		0.16107570412	0.79099136208
0.27828125		0.160373508413	0.790127218774
0.27859375		0.159669665184	0.789258192595
0.27890625		0.158964160497	0.788384223845
0.27921875		0.158256980276	0.787505251688
0.27953125		0.157548110327	0.78662121412
0.27984375		0.156837536186	0.785732047933
0.28015625		0.156125243048	0.784837688688
0.28046875		0.155411215796	0.783938070681
0.28078125		0.154695438996	0.783033126911
0.28109375		0.15397789687	0.782122789047
0.28140625		0.153258573205	0.781206987387
0.28171875		0.152537451446	0.780285650829
0.28203125		0.151814514912	0.779358706826
0.28234375		0.151089746796	0.77842608135
0.28265625		0.150363130245	0.777487698845
0.28296875		0.149634648332	0.776543482186
0.28328125		0.148904283842	0.775593352632
0.28359375		0.148172019011	0.774637229783
0.28390625		0.147437835435	0.77367503153
0.28421875		0.146701714354	0.772706674008
0.28453125		0.145963636769	0.771732071549
0.28484375		0.145223583383	0.770751136624
0.28515625		0.144481534582	0.769763779789
0.28546875		0.143737470362	0.768769909626
0.28578125		0.142991370308	0.76776943269
0.28609375		0.142243213756	0.766762253439
0.28640625		0.141492979884	0.765748274174
0.28671875		0.140740647591	0.764727394973
0.28703125		0.139986195394	0.763699513614
0.28734375		0.139229601164	0.762664525512
0.28765625		0.138470841979	0.761622323641
0.28796875		0.137709894337	0.760572798458
0.28828125		0.136946734499	0.759515837827
0.28859375		0.136181338532	0.758451326928
0.28890625		0.135413682067	0.757379148172
0.28921875		0.13464374018	0.756299181107
0.28953125		0.133871487406	0.755211302327
0.28984375		0.133096897756	0.754115385368
0.29015625		0.132319944768	0.753011300608
0.29046875		0.131540601541	0.751898915158
0.29078125		0.130758840721	0.75077809275
0.29109375		0.129974634198	0.749648693617
0.29140625		0.12918795289	0.748510574373
0.29171875		0.128398766997	0.74736358789
0.29203125		0.12760704631	0.74620758316
0.29234375		0.12681276017	0.745042405156
0.29265625		0.126015877365	0.743867894684
0.29296875		0.125216366016	0.742683888228
0.29328125		0.124414193434	0.741490217794
0.29359375		0.123609326052	0.740286710737
0.29390625		0.122801729476	0.73907318959
0.29421875		0.121991368579	0.737849471881
0.29453125		0.12117820752	0.736615369935
0.29484375		0.120362209622	0.735370690676
0.29515625		0.119543337219	0.734115235409
0.29546875		0.118721551589	0.732848799602
0.29578125		0.117896813041	0.731571172651
0.29609375		0.117069081056	0.730282137631
0.29640625		0.116238314322	0.728981471038
0.29671875		0.115404470586	0.727668942513
0.29703125		0.114567506439	0.726344314554
0.29734375		0.113727377174	0.725007342216
0.29765625		0.112884036812	0.723657772791
0.29796875		0.112037438186	0.72229534547
0.29828125		0.111187532951	0.720919790992
0.29859375		0.110334271548	0.719530831265
0.29890625		0.109477603105	0.71812817897
0.29921875		0.108617475305	0.716711537141
0.29953125		0.107753834292	0.715280598722
0.29984375		0.106886624634	0.713835046098
0.30015625		0.106015789373	0.712374550599
0.30046875		0.105141270083	0.710898771969
0.30078125		0.104263006746	0.709407357807
0.30109375		0.103380937468	0.707899942975
0.30140625		0.102494998318	0.706376148962
0.30171875		0.10160512332	0.704835583218
0.30203125		0.100711244498	0.703277838441
0.30234375		0.0998132918694	0.701702491812
0.30265625		0.0989111933542	0.700109104188
0.30296875		0.0980048746023	0.698497219233
0.30328125		0.0970942587699	0.696866362495
0.30359375		0.0961792663856	0.69521604042
0.30390625		0.0952598152989	0.693545739298
0.30421875		0.0943358206223	0.691854924128
0.30453125		0.0934071946292	0.690143037413
0.30484375		0.092473846591	0.688409497854
0.30515625		0.0915356825505	0.686653698954
0.30546875		0.0905926050694	0.684875007521
0.30578125		0.0896445130315	0.683072762048
0.30609375		0.088691301551	0.681246270978
0.30640625		0.0877328618946	0.679394810823
0.30671875		0.0867690812787	0.677517624134
0.30703125		0.0857998425495	0.67561391731
0.30734375		0.0848250238488	0.673682858219
0.30765625		0.0838444983115	0.671723573625
0.30796875		0.0828581338037	0.669735146391
0.30828125		0.0818657926863	0.667716612439
0.30859375		0.0808673315403	0.665666957439
0.30890625		0.0798626007904	0.663585113194
0.30921875		0.0788514442466	0.661469953701
0.30953125		0.0778336986179	0.659320290826
0.30984375		0.0768091930357	0.657134869581
0.31015625		0.0757777485985	0.654912362926
0.31046875		0.0747391779025	0.652651366057
0.31078125		0.0736932844863	0.650350390107
0.31109375		0.0726398621388	0.64800785519
0.31140625		0.0715786941034	0.645622082707
0.31171875		0.0705095522442	0.643191286811
0.31203125		0.0694321962059	0.640713564918
0.31234375		0.0683463725305	0.638186887138
0.31265625		0.0672518136574	0.63560908447
0.31296875		0.0661482367623	0.632977835576
0.31328125		0.0650353424328	0.630290651936
0.31359375		0.0639128131952	0.627544861127
0.31390625		0.0627803119045	0.624737587937
0.31421875		0.0616374799854	0.621865732969
0.31453125		0.0604839354728	0.618925948316
0.31484375		0.0593192707979	0.615914609806
0.31515625		0.0581430502547	0.612827785228
0.31546875		0.0569548070851	0.609661197797
0.31578125		0.0557540401584	0.60641018398
0.31609375		0.0545402102327	0.603069644605
0.31640625		0.0533127357231	0.599633987897
0.31671875		0.0520709878374	0.596097062804
0.31703125		0.0508142849118	0.59245208052
0.31734375		0.0495418857778	0.5886915216
0.31765625		0.0482529819838	0.584807025305
0.31796875		0.046946688669	0.580789256916
0.31828125		0.0456220338261	0.576627747553
0.31859375		0.044277945544	0.572310699331
0.31890625		0.0429132366704	0.567824746283
0.31921875		0.0415265861966	0.563154658241
0.31953125		0.0401165164758	0.5582829704
0.31984375		0.0386813651083	0.553189514886
0.32015625		0.0372192499216	0.547850821249
0.32046875		0.0357280249267	0.542239339159
0.32078125		0.0342052240989	0.53632241516
0.32109375		0.0326479881063	0.530060921665
0.32140625		0.0310529674946	0.52340738588
0.32171875		0.0294161932083	0.516303383048
0.32203125		0.0277328983359	0.508675807838
0.32234375		0.0259972641822	0.500431373607
0.32265625		0.024202046809	0.491448207684
0.32296875		0.022338008299	0.481562463394
0.32328125		0.0203930121116	0.470545878707
0.32359375		0.0183505198239	0.458065802428
0.32390625		0.0161869360073	0.443607931158
0.32421875		0.0138662260024	0.426307182482
0.32453125		0.0113265646237	0.40450390455
0.32484375		0.00844699210022	0.374308131132
0.32515625		0.00503651060142	0.325487177111
0.32546875		0.00171893129193	0.238828966706
0.32578125		4.93727480704e-06	0.0478819205829
0.32609375		4.23979964057e-09	0.0100330554838
0.32640625		4.1131557201e-09	0.0100000008339
0.32671875		4.11315252382e-09	0.01
0.32703125		4.11315252376e-09	0.01
0.32734375		4.11315252376e-09	0.01
0.32765625		4.11315252376e-09	0.01
0.32796875		4.11315252376e-09	0.01
0.32828125		4.11315252376e-09	0.01
0.32859375		4.11315252376e-09	0.01
0.32890625		4.11315252376e-09	0.01
0.32921875		4.11315252376e-09	0.01
0.32953125		4.11315252376e-09	0.01
0.32984375		4.11315252376e-09	0.01
0.33015625		4.11315252376e-09	0.01
0.33046875		4.11315252376e-09	0.01
0.33078125		4.11315252376e-09	0.01
0.33109375		4.11315252376e-09	0.01
0.33140625		4.11315252376e-09	0.01
0.33171875		4.11315252376e-09	0.01
0.33203125		4.11315252376e-09	0.01
0.33234375		4.11315252376e-09	0.01
0.33265625		4.11315252376e-09	0.01
0.33296875		4.11315252376e-09	0.01
0.33328125		4.11315252376e-09	0.01
0.33359375		4.11315252376e-09	0.01
0.33390625		4.11315252376e-09	0.01
0.33421875		4.11315252376e-09	0.01
0.33453125		4.11315252376e-09	0.01
0.33484375		4.11315252376e-09	0.01
0.33515625		4.11315252376e-09	0.01
0.33546875		4.11315252376e-09	0.01
0.33578125		4.11315252376e-09	0.01
0.33609375		4.11315252376e-09	0.01
0.33640625		4.11315252376e-09	0.01
0.33671875		4.11315252376e-09	0.01
0.33703125		4.11315252376e-09	0.01
0.33734375		4.11315252376e-09	0.01
0.33765625		4.11315252376e-09	0.01
0.33796875		4.11315252376e-09	0.01
0.33828125		4.11315252376e-09	0.01
0.33859375		4.11315252376e-09	0.01
0.33890625		4.11315252376e-09	0.01
0.33921875		4.11315252376e-09	0.01
0.33953125		4.11315252376e-09	0.01
0.33984375		4.11315252376e-09	0.01
0.34015625		4.11315252376e-09	0.01
0.34046875		4.11315252376e-09	0.01
0.34078125		4.11315252376e-09	0.01
0.34109375		4.11315252376e-09	0.01
0.34140625		4.11315252376e-09	0.01
0.34171875		4.11315252376e-09	0.01
0.34203125		4.11315252376e-09	0.01
0.34234375		4.11315252376e-09	0.01
0.34265625		4.11315252376e-09	0.01
0.34296875		4.11315252376e-09	0.01
0.34328125		4.11315252376e-09	0.01
0.34359375		4.11315252376e-09	0.01
0.34390625		4.11315252376e-09	0.01
0.34421875		4.11315252376e-09	0.01
0.34453125		4.11315252376e-09	0.01
0.34484375		4.11315252376e-09	0.01
0.34515625		4.11315252376e-09	0.01
0.34546875		4.11315252376e-09	0.01
0.34578125		4.11315252376e-09	0.01
0.34609375		4.11315252376e-09	0.01
0.34640625		4.11315252376e-09	0.01
0.34671875		4.11315252376e-09	0.01
0.34703125		4.11315252376e-09	0.01
0.34734375		4.11315252376e-09	0.01
0.34765625		4.11315252376e-09	0.01
0.34796875		4.11315252376e-09	0.01
0.34828125		4.11315252376e-09	0.01
0.34859375		4.11315252376e-09	0.01
0.34890625		4.11315252376e-09	0.01
0.34921875		4.11315252376e-09	0.01
0.34953125		4.11315252376e-09	0.01
0.34984375		4.11315252376e-09	0.01
0.35015625		4.11315252376e-09	0.01
0.35046875		4.11315252376e-09	0.01
0.35078125		4.11315252376e-09	0.01
0.35109375		4.11315252376e-09	0.01
0.35140625		4.11315252376e-09	0.01
0.35171875		4.11315252376e-09	0.01
0.35203125		4.11315252376e-09	0.01
0.35234375		4.11315252376e-09	0.01
0.35265625		4.11315252376e-09	0.01
0.35296875		4.11315252376e-09	0.01
0.35328125		4.11315252376e-09	0.01
0.35359375		4.11315252376e-09	0.01
0.35390625		4.11315252376e-09	0.01
0.35421875		4.11315252376e-09	0.01
0.35453125		4.11315252376e-09	0.01
0.35484375		4.11315252376e-09	0.01
0.35515625		4.11315252376e-09	0.01
0.35546875		4.11315252376e-09	0.01
0.35578125		4.11315252376e-09	0.01
0.35609375		4.11315252376e-09	0.01
0.35640625		4.11315252376e-09	0.01
0.35671875		4.11315252376e-09	0.01
0.35703125		4.11315252376e-09	0.01
0.35734375		4.11315252376e-09	0.01
0.35765625		4.11315252376e-09	0.01
0.35796875		4.11315252376e-09	0.01
0.35828125		4.11315252376e-09	0.01
0.35859375		4.11315252376e-09	0.01
0.35890625		4.11315252376e-09	0.01
0.35921875		4.11315252376e-09	0.01
0.35953125		4.11315252376e-09	0.01
0.35984375		4.11315252376e-09	0.01
0.36015625		4.11315252376e-09	0.01
0.36046875		4.11315252376e-09	0.01
0.36078125		4.11315252376e-09	0.01
0.36109375		4.11315252376e-09	0.01
0.36140625		4.11315252376e-09	0.01
0.36171875		4.11315252376e-09	0.01
0.36203125		4.11315252376e-09	0.01
0.36234375		4.11315252376e-09	0.01
0.36265625		4.11315252376e-09	0.01
0.36296875		4.11315252376e-09	0.01
0.36328125		4.11315252376e-09	0.01
0.36359375		4.11315252376e-09	0.01
0.36390625		4.11315252376e-09	0.01
0.36421875		4.11315252376e-09	0.01
0.36453125		4.11315252376e-09	0.01
0.36484375		4.11315252376e-09	0.01
0.36515625		4.11315252376e-09	0.01
0.36546875		4.11315252376e-09	0.01
0.36578125		4.11315252376e-09	0.01
0.36609375		4.11315252376e-09	0.01
0.36640625		4.11315252376e-09	0.01
0.36671875		4.11315252376e-09	0.01
0.36703125		4.11315252376e-09	0.01
0.36734375		4.11315252376e-09	0.01
0.36765625		4.11315252376e-09	0.01
0.36796875		4.11315252376e-09	0.01
0.36828125		4.11315252376e-09	0.01
0.36859375		4.11315252376e-09	0.01
0.36890625		4.11315252376e-09	0.01
0.36921875		4.11315252376e-09	0.01
0.36953125		4.11315252376e-09	0.01
0.36984375		4.11315252376e-09	0.01
0.37015625		4.11315252376e-09	0.01
0.37046875		4.11315252376e-09	0.01
0.37078125		4.11315252376e-09	0.01
0.37109375		4.11315252376e-09	0.01
0.37140625		4.11315252376e-09	0.01
0.37171875		4.11315252376e-09	0.01
0.37203125		4.11315252376e-09	0.01
0.37234375		4.11315252376e-09	0.01
0.37265625		4.11315252376e-09	0.01
0.37296875		4.11315252376e-09	0.01
0.37328125		4.11315252376e-09	0.01
0.37359375		4.11315252376e-09	0.01
0.37390625		4.11315252376e-09	0.01
0.37421875		4.11315252376e-09	0.01
0.37453125		4.11315252376e-09	0.01
0.37484375		4.11315252376e-09	0.01
0.37515625		4.11315252376e-09	0.01
0.37546875		4.11315252376e-09	0.01
0.37578125		4.11315252376e-09	0.01
0.37609375		4.11315252376e-09	0.01
0.37640625		4.11315252376e-09	0.01
0.37671875		4.11315252376e-09	0.01
0.37703125		4.11315252376e-09	0.01
0.37734375		4.11315252376e-09	0.01
0.37765625		4.11315252376e-09	0.01
0.37796875		4.11315252376e-09	0.01
0.37828125		4.11315252376e-09	0.01
0.37859375		4.11315252376e-09	0.01
0.37890625		4.11315252376e-09	0.01
0.37921875		4.11315252376e-09	0.01
0.37953125		4.11315252376e-09	0.01
0.37984375		4.11315252376e-09	0.01
0.38015625		4.11315252376e-09	0.01
0.38046875		4.11315252376e-09	0.01
0.38078125		4.11315252376e-09	0.01
0.38109375		4.11315252376e-09	0.01
0.38140625		4.11315252376e-09	0.01
0.38171875		4.11315252376e-09	0.01
0.38203125		4.11315252376e-09	0.01
0.38234375		4.11315252376e-09	0.01
0.38265625		4.11315252376e-09	0.01
0.38296875		4.11315252376e-09	0.01
0.38328125		4.11315252376e-09	0.01
0.38359375		4.11315252376e-09	0.01
0.38390625		4.11315252376e-09	0.01
0.38421875		4.11315252376e-09	0.01
0.38453125		4.11315252376e-09	0.01
0.38484375		4.11315252376e-09	0.01
0.38515625		4.11315252376e-09	0.01
0.38546875		4.11315252376e-09	0.01
0.38578125		4.11315252376e-09	0.01
0.38609375		4.11315252376e-09	0.01
0.38640625		4.11315252376e-09	0.01
0.38671875		4.11315252376e-09	0.01
0.38703125		4.11315252376e-09	0.01
0.38734375		4.11315252376e-09	0.01
0.38765625		4.11315252376e-09	0.01
0.38796875		4.11315252376e-09	0.01
0.38828125		4.11315252376e-09	0.01
0.38859375		4.11315252376e-09	0.01
0.38890625		4.11315252376e-09	0.01
0.38921875		4.11315252376e-09	0.01
0.38953125		4.11315252376e-09	0.01
0.38984375		4.11315252376e-09	0.01
0.39015625		4.11315252376e-09	0.01
0.39046875		4.11315252376e-09	0.01
0.39078125		4.11315252376e-09	0.01
0.39109375		4.11315252376e-09	0.01
0.39140625		4.11315252376e-09	0.01
0.39171875		4.11315252376e-09	0.01
0.39203125		4.11315252376e-09	0.01
0.39234375		4.11315252376e-09	0.01
0.39265625		4.11315252376e-09	0.01
0.39296875		4.11315252376e-09	0.01
0.39328125		4.11315252376e-09	0.01
0.39359375		4.11315252376e-09	0.01
0.39390625		4.11315252376e-09	0.01
0.39421875		4.11315252376e-09	0.01
0.39453125		4.11315252376e-09	0.01
0.39484375		4.11315252376e-09	0.01
0.39515625		4.11315252376e-09	0.01
0.39546875		4.11315252376e-09	0.01
0.39578125		4.11315252376e-09	0.01
0.39609375		4.11315252376e-09	0.01
0.39640625		4.11315252376e-09	0.01
0.39671875		4.11315252376e-09	0.01
0.39703125		4.11315252376e-09	0.01
0.39734375		4.11315252376e-09	0.01
0.39765625		4.11315252376e-09	0.01
0.39796875		4.11315252376e-09	0.01
0.39828125		4.11315252376e-09	0.01
0.39859375		4.11315252376e-09	0.01
0.39890625		4.11315252376e-09	0.01
0.39921875		4.11315252376e-09	0.01
0.39953125		4.11315252376e-09	0.01
0.39984375		4.11315252376e-09	0.01
0.40015625		4.11315252376e-09	0.01
0.40046875		4.11315252376e-09	0.01
0.40078125		4.11315252376e-09	0.01
0.40109375		4.11315252376e-09	0.01
0.40140625		4.11315252376e-09	0.01
0.40171875		4.11315252376e-09	0.01
0.40203125		4.11315252376e-09	0.01
0.40234375		4.11315252376e-09	0.01
0.40265625		4.11315252376e-09	0.01
0.40296875		4.11315252376e-09	0.01
0.40328125		4.11315252376e-09	0.01
0.40359375		4.11315252376e-09	0.01
0.40390625		4.11315252376e-09	0.01
0.40421875		4.11315252376e-09	0.01
0.40453125		4.11315252376e-09	0.01
0.40484375		4.11315252376e-09	0.01
0.40515625		4.11315252376e-09	0.01
0.40546875		4.11315252376e-09	0.01
0.40578125		4.11315252376e-09	0.01
0.40609375		4.11315252376e-09	0.01
0.40640625		4.11315252376e-09	0.01
0.40671875		4.11315252376e-09	0.01
0.40703125		4.11315252376e-09	0.01
0.40734375		4.11315252376e-09	0.01
0.40765625		4.11315252376e-09	0.01
0.40796875		4.11315252376e-09	0.01
0.40828125		4.11315252376e-09	0.01
0.40859375		4.11315252376e-09	0.01
0.40890625		4.11315252376e-09	0.01
0.40921875		4.11315252376e-09	0.01
0.40953125		4.11315252376e-09	0.01
0.40984375		4.11315252376e-09	0.01
0.41015625		4.11315252376e-09	0.01
0.41046875		4.11315252376e-09	0.01
0.41078125		4.11315252376e-09	0.01
0.41109375		4.11315252376e-09	0.01
0.41140625		4.11315252376e-09	0.01
0.41171875		4.11315252376e-09	0.01
0.41203125		4.11315252376e-09	0.01
0.41234375		4.11315252376e-09	0.01
0.41265625		4.11315252376e-09	0.01
0.41296875		4.11315252376e-09	0.01
0.41328125		4.11315252376e-09	0.01
0.41359375		4.11315252376e-09	0.01
0.41390625		4.11315252376e-09	0.01
0.41421875		4.11315252376e-09	0.01
0.41453125		4.11315252376e-09	0.01
0.41484375		4.11315252376e-09	0.01
0.41515625		4.11315252376e-09	0.01
0.41546875		4.11315252376e-09	0.01
0.41578125		4.11315252376e-09	0.01
0.41609375		4.11315252376e-09	0.01
0.41640625		4.11315252376e-09	0.01
0.41671875		4.11315252376e-09	0.01
0.41703125		4.11315252376e-09	0.01
0.41734375		4.11315252376e-09	0.01
0.41765625		4.11315252376e-09	0.01
0.41796875		4.11315252376e-09	0.01
0.41828125		4.11315252376e-09	0.01
0.41859375		4.11315252376e-09	0.01
0.41890625		4.11315252376e-09	0.01
0.41921875		4.11315252376e-09	0.01
0.41953125		4.11315252376e-09	0.01
0.41984375		4.11315252376e-09	0.01
0.42015625		4.11315252376e-09	0.01
0.42046875		4.11315252376e-09	0.01
0.42078125		4.11315252376e-09	0.01
0.42109375		4.11315252376e-09	0.01
0.42140625		4.11315252376e-09	0.01
0.42171875		4.11315252376e-09	0.01
0.42203125		4.11315252376e-09	0.01
0.42234375		4.11315252376e-09	0.01
0.42265625		4.11315252376e-09	0.01
0.42296875		4.11315252376e-09	0.01
0.42328125		4.11315252376e-09	0.01
0.42359375		4.11315252376e-09	0.01
0.42390625		4.11315252376e-09	0.01
0.42421875		4.11315252376e-09	0.01
0.42453125		4.11315252376e-09	0.01
0.42484375		4.11315252376e-09	0.01
0.42515625		4.11315252376e-09	0.01
0.42546875		4.11315252376e-09	0.01
0.42578125		4.11315252376e-09	0.01
0.42609375		4.11315252376e-09	0.01
0.42640625		4.11315252376e-09	0.01
0.42671875		4.11315252376e-09	0.01
0.42703125		4.11315252376e-09	0.01
0.42734375		4.11315252376e-09	0.01
0.42765625		4.11315252376e-09	0.01
0.42796875		4.11315252376e-09	0.01
0.42828125		4.11315252376e-09	0.01
0.42859375		4.11315252376e-09	0.01
0.42890625		4.11315252376e-09	0.01
0.42921875		4.11315252376e-09	0.01
0.42953125		4.11315252376e-09	0.01
0.42984375		4.11315252376e-09	0.01
0.43015625		4.11315252376e-09	0.01
0.43046875		4.11315252376e-09	0.01
0.43078125		4.11315252376e-09	0.01
0.43109375		4.11315252376e-09	0.01
0.43140625		4.11315252376e-09	0.01
0.43171875		4.11315252376e-09	0.01
0.43203125		4.11315252376e-09	0.01
0.43234375		4.11315252376e-09	0.01
0.43265625		4.11315252376e-09	0.01
0.43296875		4.11315252376e-09	0.01
0.43328125		4.11315252376e-09	0.01
0.43359375		4.11315252376e-09	0.01
0.43390625		4.11315252376e-09	0.01
0.43421875		4.11315252376e-09	0.01
0.43453125		4.11315252376e-09	0.01
0.43484375		4.11315252376e-09	0.01
0.43515625		4.11315252376e-09	0.01
0.43546875		4.11315252376e-09	0.01
0.43578125		4.11315252376e-09	0.01
0.43609375		4.11315252376e-09	0.01
0.43640625		4.11315252376e-09	0.01
0.43671875		4.11315252376e-09	0.01
0.43703125		4.11315252376e-09	0.01
0.43734375		4.11315252376e-09	0.01
0.43765625		4.11315252376e-09	0.01
0.43796875		4.11315252376e-09	0.01
0.43828125		4.11315252376e-09	0.01
0.43859375		4.11315252376e-09	0.01
0.43890625		4.11315252376e-09	0.01
0.43921875		4.11315252376e-09	0.01
0.43953125		4.11315252376e-09	0.01
0.43984375		4.11315252376e-09	0.01
0.44015625		4.11315252376e-09	0.01
0.44046875		4.11315252376e-09	0.01
0.44078125		4.11315252376e-09	0.01
0.44109375		4.11315252376e-09	0.01
0.44140625		4.11315252376e-09	0.01
0.44171875		4.11315252376e-09	0.01
0.44203125		4.11315252376e-09	0.01
0.44234375		4.11315252376e-09	0.01
0.44265625		4.11315252376e-09	0.01
0.44296875		4.11315252376e-09	0.01
0.44328125		4.11315252376e-09	0.01
0.44359375		4.11315252376e-09	0.01
0.44390625		4.11315252376e-09	0.01
0.44421875		4.11315252376e-09	0.01
0.44453125		4.11315252376e-09	0.01
0.44484375		4.11315252376e-09	0.01
0.44515625		4.11315252376e-09	0.01
0.44546875		4.11315252376e-09	0.01
0.44578125		4.11315252376e-09	0.01
0.44609375		4.11315252376e-09	0.01
0.44640625		4.11315252376e-09	0.01
0.44671875		4.11315252376e-09	0.01
0.44703125		4.11315252376e-09	0.01
0.44734375		4.11315252376e-09	0.01
0.44765625		4.11315252376e-09	0.01
0.44796875		4.11315252376e-09	0.01
0.44828125		4.11315252376e-09	0.01
0.44859375		4.11315252376e-09	0.01
0.44890625		4.11315252376e-09	0.01
0.44921875		4.11315252376e-09	0.01
0.44953125		4.11315252376e-09	0.01
0.44984375		4.11315252376e-09	0.01
0.45015625		4.11315252376e-09	0.01
0.45046875		4.11315252376e-09	0.01
0.45078125		4.11315252376e-09	0.01
0.45109375		4.11315252376e-09	0.01
0.45140625		4.11315252376e-09	0.01
0.45171875		4.11315252376e-09	0.01
0.45203125		4.11315252376e-09	0.01
0.45234375		4.11315252376e-09	0.01
0.45265625		4.11315252376e-09	0.01
0.45296875		4.11315252376e-09	0.01
0.45328125		4.11315252376e-09	0.01
0.45359375		4.11315252376e-09	0.01
0.45390625		4.11315252376e-09	0.01
0.45421875		4.11315252376e-09	0.01
0.45453125		4.11315252376e-09	0.01
0.45484375		4.11315252376e-09	0.01
0.45515625		4.11315252376e-09	0.01
0.45546875		4.11315252376e-09	0.01
0.45578125		4.11315252376e-09	0.01
0.45609375		4.11315252376e-09	0.01
0.45640625		4.11315252376e-09	0.01
0.45671875		4.11315252376e-09	0.01
0.45703125		4.11315252376e-09	0.01
0.45734375		4.11315252376e-09	0.01
0.45765625		4.11315252376e-09	0.01
0.45796875		4.11315252376e-09	0.01
0.45828125		4.11315252376e-09	0.01
0.45859375		4.11315252376e-09	0.01
0.45890625		4.11315252376e-09	0.01
0.45921875		4.11315252376e-09	0.01
0.45953125		4.11315252376e-09	0.01
0.45984375		4.11315252376e-09	0.01
0.46015625		4.11315252376e-09	0.01
0.46046875		4.11315252376e-09	0.01
0.46078125		4.11315252376e-09	0.01
0.46109375		4.11315252376e-09	0.01
0.46140625		4.11315252376e-09	0.01
0.46171875		4.11315252376e-09	0.01
0.46203125		4.11315252376e-09	0.01
0.46234375		4.11315252376e-09	0.01
0.46265625		4.11315252376e-09	0.01
0.46296875		4.11315252376e-09	0.01
0.46328125		4.11315252376e-09	0.01
0.46359375		4.11315252376e-09	0.01
0.46390625		4.11315252376e-09	0.01
0.46421875		4.11315252376e-09	0.01
0.46453125		4.11315252376e-09	0.01
0.46484375		4.11315252376e-09	0.01
0.46515625		4.11315252376e-09	0.01
0.46546875		4.11315252376e-09	0.01
0.46578125		4.11315252376e-09	0.01
0.46609375		4.11315252376e-09	0.01
0.46640625		4.11315252376e-09	0.01
0.46671875		4.11315252376e-09	0.01
0.46703125		4.11315252376e-09	0.01
0.46734375		4.11315252376e-09	0.01
0.46765625		4.11315252376e-09	0.01
0.46796875		4.11315252376e-09	0.01
0.46828125		4.11315252376e-09	0.01
0.46859375		4.11315252376e-09	0.01
0.46890625		4.11315252376e-09	0.01
0.46921875		4.11315252376e-09	0.01
0.46953125		4.11315252376e-09	0.01
0.46984375		4.11315252376e-09	0.01
0.47015625		4.11315252376e-09	0.01
0.47046875		4.11315252376e-09	0.01
0.47078125		4.11315252376e-09	0.01
0.47109375		4.11315252376e-09	0.01
0.47140625		4.11315252376e-09	0.01
0.47171875		4.11315252376e-09	0.01
0.47203125		4.11315252376e-09	0.01
0.47234375		4.11315252376e-09	0.01
0.47265625		4.11315252376e-09	0.01
0.47296875		4.11315252376e-09	0.01
0.47328125		4.11315252376e-09	0.01
0.47359375		4.11315252376e-09	0.01
0.47390625		4.11315252376e-09	0.01
0.47421875		4.11315252376e-09	0.01
0.47453125		4.11315252376e-09	0.01
0.47484375		4.11315252376e-09	0.01
0.47515625		4.11315252376e-09	0.01
0.47546875		4.11315252376e-09	0.01
0.47578125		4.11315252376e-09	0.01
0.47609375		4.11315252376e-09	0.01
0.47640625		4.11315252376e-09	0.01
0.47671875		4.11315252376e-09	0.01
0.47703125		4.11315252376e-09	0.01
0.47734375		4.11315252376e-09	0.01
0.47765625		4.11315252376e-09	0.01
0.47796875		4.11315252376e-09	0.01
0.47828125		4.11315252376e-09	0.01
0.47859375		4.11315252376e-09	0.01
0.47890625		4.11315252376e-09	0.01
0.47921875		4.11315252376e-09	0.01
0.47953125		4.11315252376e-09	0.01
0.47984375		4.11315252376e-09	0.01
0.48015625		4.11315252376e-09	0.01
0.48046875		4.11315252376e-09	0.01
0.48078125		4.11315252376e-09	0.01
0.48109375		4.11315252376e-09	0.01
0.48140625		4.11315252376e-09	0.01
0.48171875		4.11315252376e-09	0.01
0.48203125		4.11315252376e-09	0.01
0.48234375		4.11315252376e-09	0.01
0.48265625		4.11315252376e-09	0.01
0.48296875		4.11315252376e-09	0.01
0.48328125		4.11315252376e-09	0.01
0.48359375		4.11315252376e-09	0.01
0.48390625		4.11315252376e-09	0.01
0.48421875		4.11315252376e-09	0.01
0.48453125		4.11315252376e-09	0.01
0.48484375		4.11315252376e-09	0.01
0.48515625		4.11315252376e-09	0.01
0.48546875		4.11315252376e-09	0.01
0.48578125		4.11315252376e-09	0.01
0.48609375		4.11315252376e-09	0.01
0.48640625		4.11315252376e-09	0.01
0.48671875		4.11315252376e-09	0.01
0.48703125		4.11315252376e-09	0.01
0.48734375		4.11315252376e-09	0.01
0.48765625		4.11315252376e-09	0.01
0.48796875		4.11315252376e-09	0.01
0.48828125		4.11315252376e-09	0.01
0.48859375		4.11315252376e-09	0.01
0.48890625		4.11315252376e-09	0.01
0.48921875		4.11315252376e-09	0.01
0.48953125		4.11315252376e-09	0.01
0.48984375		4.11315252376e-09	0.01
0.49015625		4.11315252376e-09	0.01
0.49046875		4.11315252376e-09	0.01
0.49078125		4.11315252376e-09	0.01
0.49109375		4.11315252376e-09	0.01
0.49140625		4.11315252376e-09	0.01
0.49171875		4.11315252376e-09	0.01
0.49203125		4.11315252376e-09	0.01
0.49234375		4.11315252376e-09	0.01
0.49265625		4.11315252376e-09	0.01
0.49296875		4.11315252376e-09	0.01
0.49328125		4.11315252376e-09	0.01
0.49359375		4.11315252376e-09	0.01
0.49390625		4.11315252376e-09	0.01
0.49421875		4.11315252376e-09	0.01
0.49453125		4.11315252376e-09	0.01
0.49484375		4.11315252376e-09	0.01
0.49515625		4.11315252376e-09	0.01
0.49546875		4.11315252376e-09	0.01
0.49578125		4.11315252376e-09	0.01
0.49609375		4.11315252376e-09	0.01
0.49640625		4.11315252376e-09	0.01
0.49671875		4.11315252376e-09	0.01
0.49703125		4.11315252376e-09	0.01
0.49734375		4.11315252376e-09	0.01
0.49765625		4.11315252376e-09	0.01
0.49796875		4.11315252376e-09	0.01
0.49828125		4.11315252376e-09	0.01
0.49859375		4.11315252376e-09	0.01
0.49890625		4.11315252376e-09	0.01
0.49921875		4.11315252376e-09	0.01
0.49953125		4.11315252376e-09	0.01
0.49984375		4.11315252376e-09	0.01
