0.00015625		0.405106698199	0.996203518206
0.00046875		0.404950392647	0.996107086853
0.00078125		0.404732910962	0.995973361386
0.00109375		0.404526654859	0.995846552507
0.00140625		0.404356239564	0.995741739677
0.00171875		0.404202695337	0.995647229779
0.00203125		0.404055606339	0.995556629071
0.00234375		0.403910064106	0.995466947697
0.00265625		0.40376507253	0.995377566703
0.00296875		0.403620766569	0.995288581269
0.00328125		0.403477848862	0.995200396636
0.00359375		0.403336532429	0.995113164527
0.00390625		0.403196859454	0.995026920115
0.00421875		0.403058771228	0.994941643477
0.00453125		0.402922156106	0.99485729454
0.00484375		0.40278695045	0.994773827934
0.00515625		0.402653072769	0.994691196531
0.00546875		0.402520495096	0.994609357835
0.00578125		0.402389199924	0.994528264353
0.00609375		0.402259143886	0.994447871876
0.00640625		0.402130244701	0.994368138395
0.00671875		0.402002442368	0.994289028792
0.00703125		0.401875631234	0.994210508031
0.00734375		0.40174968503	0.99413253589
0.00765625		0.401624523146	0.994055078049
0.00796875		0.401500151032	0.993978106824
0.00828125		0.40137654629	0.993901601065
0.00859375		0.401253668361	0.993825532755
0.00890625		0.40113149009	0.99374987306
0.00921875		0.401009959169	0.993674603313
0.00953125		0.400889068811	0.993599703601
0.00984375		0.400768782355	0.993525149533
0.01015625		0.400649136469	0.993450922754
0.01046875		0.400530072193	0.993377001476
0.01078125		0.40041148436	0.993303363456
0.01109375		0.400293289396	0.993229986311
0.01140625		0.400175419586	0.993156862329
0.01171875		0.4000578506	0.993083984076
0.01203125		0.399940723528	0.993011343317
0.01234375		0.399824051463	0.992938921689
0.01265625		0.399707784263	0.992866703322
0.01296875		0.399591914295	0.992794677846
0.01328125		0.399476411585	0.992722834642
0.01359375		0.399361177917	0.992651165076
0.01390625		0.399246217655	0.992579657746
0.01421875		0.39913145628	0.992508300358
0.01453125		0.399016850527	0.992437087623
0.01484375		0.398902502037	0.992366018267
0.01515625		0.398788482935	0.992295088783
0.01546875		0.398674720821	0.992224283382
0.01578125		0.398561174546	0.992153584834
0.01609375		0.398447859506	0.992082993817
0.01640625		0.398334716798	0.992012514694
0.01671875		0.398221746695	0.991942145578
0.01703125		0.398108946255	0.991871873259
0.01734375		0.397996278439	0.991801680398
0.01765625		0.397883779343	0.991731560989
0.01796875		0.397771431854	0.991661517729
0.01828125		0.3976591972	0.991591550661
0.01859375		0.39754708337	0.991521658281
0.01890625		0.397435110939	0.991451834779
0.01921875		0.397323285998	0.991382069141
0.01953125		0.397211625978	0.991312359951
0.01984375		0.397100163754	0.991242710632
0.02015625		0.396988780721	0.991173120767
0.02046875		0.396877479715	0.991103585186
0.02078125		0.39676620992	0.991034095938
0.02109375		0.396654907979	0.990964648732
0.02140625		0.396543660629	0.990895243001
0.02171875		0.396432593883	0.99082587868
0.02203125		0.396321689677	0.990756555691
0.02234375		0.396210928663	0.990687270034
0.02265625		0.396100353026	0.990618015831
0.02296875		0.395989893527	0.99054878968
0.02328125		0.395879379508	0.99047959197
0.02359375		0.395768865485	0.990410424917
0.02390625		0.395658331551	0.990341286814
0.02421875		0.395547697003	0.990272172516
0.02453125		0.395437150838	0.990203078369
0.02484375		0.395326770129	0.990134004431
0.02515625		0.395216526641	0.990064953023
0.02546875		0.395106434015	0.989995923327
0.02578125		0.394996489207	0.989926910763
0.02609375		0.394886721711	0.9898579111
0.02640625		0.394776832095	0.989788923744
0.02671875		0.394666844283	0.989719950785
0.02703125		0.394556814266	0.989650992487
0.02734375		0.394446672056	0.98958204625
0.02765625		0.394336551794	0.98951310948
0.02796875		0.394226561152	0.989444181571
0.02828125		0.3941166957	0.989375263795
0.02859375		0.394007014324	0.989306356724
0.02890625		0.393897446048	0.989237458127
0.02921875		0.393788168853	0.989168564511
0.02953125		0.393678840922	0.989099673806
0.02984375		0.393569261639	0.989030786673
0.03015625		0.393459621169	0.988961904554
0.03046875		0.393349850541	0.988893026864
0.03078125		0.393239926549	0.988824151337
0.03109375		0.393130086339	0.98875527587
0.03140625		0.393020424929	0.988686400189
0.03171875		0.392910965698	0.988617525658
0.03203125		0.392801690753	0.988548652504
0.03234375		0.392692749645	0.988479778672
0.03265625		0.392583895295	0.988410901489
0.03296875		0.392474674719	0.988342020642
0.03328125		0.392365262408	0.988273137646
0.03359375		0.392255710434	0.988204253016
0.03390625		0.392145901589	0.988135365373
0.03421875		0.392036086037	0.988066473176
0.03453125		0.391926524873	0.987997575877
0.03484375		0.391817186499	0.987928673865
0.03515625		0.391708118811	0.987859767046
0.03546875		0.391599355403	0.987790854107
0.03578125		0.39149086429	0.98772193356
0.03609375		0.391381959801	0.987653005105
0.03640625		0.391272684524	0.987584069899
0.03671875		0.391163256673	0.987515128053
0.03703125		0.391053529879	0.987446178517
0.03734375		0.390943729796	0.987377220275
0.03765625		0.390834207709	0.987308253034
0.03796875		0.390724912711	0.987239277537
0.03828125		0.390615940501	0.987170293735
0.03859375		0.390507213586	0.987101300054
0.03890625		0.390398966509	0.987032294044
0.03921875		0.390290331348	0.986963274888
0.03953125		0.39018114648	0.986894244585
0.03984375		0.390071760325	0.986825204978
0.04015625		0.389962092042	0.986756155141
0.04046875		0.389852335448	0.98668709298
0.04078125		0.38974282986	0.986618017119
0.04109375		0.389633548942	0.986548928819
0.04140625		0.389524551008	0.986479829792
0.04171875		0.389415751998	0.986410719056
0.04203125		0.389307506943	0.986341593546
0.04234375		0.389199132613	0.986272450851
0.04265625		0.389090047366	0.986203292756
0.04296875		0.3889806883	0.986134122387
0.04328125		0.388871057343	0.986064940049
0.04359375		0.388761325021	0.985995743227
0.04390625		0.388651826806	0.985926529549
0.04421875		0.38854253577	0.985857299597
0.04453125		0.388433440256	0.985788056003
0.04484375		0.388324597115	0.985718799058
0.04515625		0.388216114193	0.985649526018
0.04546875		0.388107868329	0.98558023346
0.04578125		0.387998948082	0.985510921815
0.04609375		0.38788962631	0.985441594687
0.04640625		0.38778002463	0.985372253869
0.04671875		0.387670271003	0.98530289743
0.04703125		0.387560769737	0.985233522183
0.04734375		0.387451421381	0.985164127544
0.04765625		0.387342232347	0.985094716199
0.04796875		0.38723329495	0.985025289927
0.04828125		0.387124535324	0.984955846729
0.04859375		0.387016232161	0.984886382826
0.04890625		0.386907476225	0.984816896969
0.04921875		0.386798193671	0.984747392451
0.04953125		0.386688638823	0.984677872372
0.04984375		0.386578863868	0.984608335919
0.05015625		0.386469299653	0.984538779599
0.05046875		0.386359877058	0.984469201557
0.05078125		0.386250605522	0.984399603844
0.05109375		0.386141499755	0.984329989398
0.05140625		0.386032545827	0.984260357517
0.05171875		0.385923977252	0.984190704486
0.05203125		0.38581532685	0.98412102763
0.05234375		0.385706103504	0.984051329101
0.05265625		0.385596583799	0.98398161287
0.05296875		0.385486811847	0.983911879501
0.05328125		0.385377129165	0.983842125704
0.05359375		0.385267639957	0.983772348545
0.05390625		0.385158264343	0.983702549244
0.05421875		0.385048985689	0.983632731274
0.05453125		0.384939893881	0.98356289528
0.05484375		0.384830956509	0.983493037851
0.05515625		0.384722261166	0.983423155519
0.05546875		0.384613107596	0.98335324912
0.05578125		0.384503626018	0.983283322887
0.05609375		0.384393864397	0.983213378607
0.05640625		0.384284064016	0.983143413664
0.05671875		0.384174473203	0.983073424355
0.05703125		0.384064969351	0.983003410774
0.05734375		0.383955564872	0.982933376495
0.05765625		0.383846285624	0.982863323479
0.05796875		0.383737082446	0.982793249077
0.05828125		0.383628170686	0.982723149272
0.05859375		0.383519048861	0.982653023442
0.05890625		0.383409569987	0.982582875486
0.05921875		0.383299840399	0.982512708506
0.05953125		0.383189930111	0.982442520853
0.05984375		0.383080190424	0.98237230851
0.06015625		0.382970563954	0.982302070133
0.06046875		0.382861026541	0.982231808864
0.06078125		0.382751544837	0.982161527807
0.06109375		0.382642175422	0.982091225711
0.06140625		0.382532961087	0.982020898335
0.06171875		0.382423786303	0.981950543545
0.06203125		0.382314289394	0.981880164224
0.06234375		0.382204560648	0.981809764384
0.06265625		0.382094595087	0.981739344001
0.06296875		0.381984679082	0.981668899154
0.06328125		0.381874917353	0.981598427162
0.06359375		0.381765215281	0.981527930003
0.06390625		0.381655562863	0.981457411571
0.06421875		0.381546032086	0.981386872287
0.06453125		0.381436532457	0.981316308338
0.06484375		0.381327210553	0.981245716307
0.06515625		0.38121767106	0.981175097483
0.06546875		0.381107918416	0.981104456198
0.06578125		0.380997919257	0.981033794189
0.06609375		0.380887837753	0.98096310846
0.06640625		0.380777903911	0.980892395194
0.06671875		0.380668031324	0.980821654669
0.06703125		0.380558233265	0.980750890819
0.06734375		0.380448480301	0.980680105903
0.06765625		0.380338794903	0.980609297327
0.06796875		0.380229233142	0.980538460781
0.06828125		0.38011961955	0.980467595553
0.06859375		0.380009801481	0.980396705529
0.06890625		0.379899780586	0.980325794058
0.06921875		0.379789569365	0.980254859753
0.06953125		0.379679435328	0.980183898296
0.06984375		0.379569404211	0.980112908085
0.07015625		0.379459420852	0.980041892181
0.07046875		0.379349473132	0.979970854243
0.07078125		0.379239619762	0.979899793545
0.07109375		0.379129792295	0.979828705652
0.07140625		0.379020044591	0.979757588072
0.07171875		0.378910141565	0.979686443273
0.07203125		0.378800071047	0.979615275586
0.07234375		0.378689776044	0.979544085584
0.07265625		0.378579447599	0.979472869368
0.07296875		0.378469232279	0.979401623781
0.07328125		0.378359059064	0.979330350304
0.07359375		0.378248946895	0.979259053103
0.07390625		0.378138872445	0.979187733557
0.07421875		0.378028841937	0.979116387985
0.07453125		0.377918893988	0.979045012574
0.07484375		0.377808876698	0.978973607901
0.07515625		0.377698726899	0.978902178289
0.07546875		0.377588370146	0.978830726294
0.07578125		0.377477865879	0.978759249276
0.07609375		0.377367448788	0.978687743015
0.07640625		0.377257103044	0.978616207107
0.07671875		0.377146794548	0.978544645387
0.07703125		0.377036513196	0.978473061022
0.07734375		0.376926300732	0.978401451984
0.07765625		0.376816118892	0.978329813607
0.07796875		0.376705954758	0.978258144523
0.07828125		0.376595693396	0.978186448165
0.07859375		0.376485270394	0.978114728646
0.07890625		0.376374639986	0.978042985215
0.07921875		0.376264016859	0.977971213396
0.07953125		0.376153476328	0.977899410786
0.07984375		0.376042966099	0.977827580065
0.08015625		0.375932501514	0.977755725618
0.08046875		0.375822071574	0.977683847613
0.08078125		0.375711683866	0.977611941508
0.08109375		0.375601328977	0.977540003953
0.08140625		0.375490932876	0.977468036797
0.08171875		0.375380420617	0.977396044899
0.08203125		0.375269706005	0.977324029835
0.08234375		0.375158871554	0.97725198779
0.08265625		0.375048132231	0.977179914649
0.08296875		0.374937436444	0.977107811142
0.08328125		0.374826765779	0.977035682091
0.08359375		0.374716128947	0.97696353002
0.08390625		0.374605535452	0.976891351566
0.08421875		0.374494976501	0.976819141766
0.08453125		0.374384411318	0.976746900327
0.08484375		0.374273780923	0.976674632007
0.08515625		0.37416297693	0.976602340515
0.08546875		0.374051994969	0.976530023623
0.08578125		0.373941038397	0.976457676184
0.08609375		0.373830142742	0.976385296704
0.08640625		0.373719274737	0.976312889414
0.08671875		0.373608434396	0.976240458702
0.08703125		0.373497627924	0.97616800315
0.08734375		0.373386865193	0.976095517336
0.08765625		0.373276113478	0.976022998649
0.08796875		0.373165333027	0.975950450703
0.08828125		0.37305442681	0.975877878519
0.08859375		0.372943324283	0.975805282035
0.08890625		0.37283214885	0.975732656464
0.08921875		0.37272105718	0.975659998292
0.08953125		0.372609991837	0.975587310044
0.08984375		0.372498947761	0.975514596807
0.09015625		0.372387936492	0.975441859332
0.09046875		0.372276954811	0.975369093318
0.09078125		0.372166008739	0.975296294734
0.09109375		0.372055056602	0.975223465064
0.09140625		0.371944022857	0.975150609194
0.09171875		0.371832809697	0.975077728731
0.09203125		0.371721455713	0.975004820417
0.09234375		0.371610149057	0.974931880404
0.09265625		0.371498885156	0.974858909242
0.09296875		0.371387647765	0.974785911291
0.09328125		0.371276428241	0.974712888528
0.09359375		0.371165231058	0.974639838083
0.09390625		0.371054074638	0.974566755821
0.09421875		0.370942926097	0.974493641547
0.09453125		0.370831744004	0.974420499433
0.09484375		0.370720425472	0.974347332251
0.09515625		0.370608929395	0.974274137932
0.09546875		0.370497399065	0.974200912401
0.09578125		0.370385939023	0.974127654681
0.09609375		0.370274500107	0.974054368481
0.09640625		0.370163075091	0.973981057086
0.09671875		0.370051675433	0.973907718882
0.09703125		0.369940294023	0.973834349579
0.09734375		0.36982893786	0.973760947458
0.09765625		0.369717575093	0.973687515735
0.09796875		0.36960612911	0.973614058261
0.09828125		0.369494516232	0.973540574362
0.09859375		0.369382791799	0.973467060072
0.09890625		0.369271122325	0.973393513062
0.09921875		0.36915947961	0.973319935837
0.09953125		0.369047855864	0.973246332507
0.09984375		0.368936245876	0.973172703071
0.10015625		0.36882464759	0.973099043545
0.10046875		0.368713081409	0.973025350962
0.10078125		0.368601514463	0.972951627134
0.10109375		0.368489910718	0.972877876383
0.10140625		0.3683781811	0.972804099636
0.10171875		0.368266302651	0.972730293476
0.10203125		0.368154412278	0.972656454609
0.10234375		0.368042569876	0.972582584029
0.10265625		0.367930743665	0.97250868597
0.10296875		0.367818923547	0.972434762052
0.10328125		0.367707121081	0.972360809172
0.10359375		0.36759533184	0.972286823534
0.10390625		0.367483556458	0.972212805349
0.10421875		0.367371770663	0.972138758686
0.10453125		0.367259906426	0.972064685977
0.10484375		0.367147897859	0.971990584865
0.10515625		0.367035801585	0.971916451503
0.10546875		0.366923753263	0.971842285388
0.10578125		0.366811719595	0.971768090131
0.10609375		0.366699699247	0.971693868717
0.10640625		0.366587687218	0.971619619373
0.10671875		0.366475679573	0.971545338009
0.10703125		0.366363693492	0.971471023314
0.10734375		0.366251705217	0.971396678429
0.10765625		0.366139679754	0.971322306877
0.10796875		0.366027543027	0.971247907786
0.10828125		0.36591528053	0.971173477286
0.10859375		0.365803012149	0.971099013477
0.10890625		0.36569077659	0.97102451883
0.10921875		0.365578553182	0.970949997134
0.10953125		0.3654663308	0.970875448298
0.10984375		0.365354117939	0.970800868508
0.11015625		0.365241914504	0.970726255155
0.11046875		0.365129717543	0.97065160997
0.11078125		0.365017506439	0.970576936917
0.11109375		0.364905223322	0.97050223687
0.11140625		0.364792815435	0.970427506531
0.11171875		0.364680339183	0.970352742901
0.11203125		0.364567900042	0.970277946926
0.11234375		0.364455469268	0.970203122421
0.11265625		0.364343045578	0.970128271085
0.11296875		0.364230627351	0.970053390089
0.11328125		0.364118208537	0.969978475875
0.11359375		0.36400580239	0.969903528534
0.11390625		0.363893390819	0.969828551639
0.11421875		0.363780937913	0.9697535477
0.11453125		0.363668385133	0.969678514713
0.11484375		0.363555729786	0.969603448999
0.11515625		0.363443076277	0.969528349888
0.11546875		0.363330442319	0.969453220463
0.11578125		0.363217817494	0.969378063774
0.11609375		0.363105191697	0.969302878658
0.11640625		0.36299256627	0.969227661223
0.11671875		0.362879947529	0.969152409905
0.11703125		0.362767329377	0.969077127217
0.11734375		0.362654691952	0.969001816665
0.11765625		0.362541983179	0.968926478111
0.11796875		0.362429165183	0.968851107884
0.11828125		0.362316301288	0.968775703808
0.11859375		0.362203465184	0.968700267669
0.11890625		0.36209063561	0.968624803095
0.11921875		0.361977805963	0.968549310883
0.11953125		0.361864976117	0.968473787646
0.11984375		0.361752143847	0.968398230477
0.12015625		0.361639317856	0.968322640327
0.12046875		0.36152648292	0.968247020803
0.12078125		0.361413602276	0.968171373722
0.12109375		0.361300628758	0.96809569634
0.12140625		0.36118757454	0.968019985342
0.12171875		0.361074529179	0.967944240861
0.12203125		0.360961494137	0.967868466225
0.12234375		0.360848462582	0.967792664056
0.12265625		0.360735427405	0.967716832295
0.12296875		0.360622387058	0.967640967177
0.12328125		0.360509351517	0.967565067897
0.12359375		0.360396310931	0.967489137431
0.12390625		0.36028324667	0.967413179101
0.12421875		0.360170111871	0.967337191826
0.12453125		0.360056884208	0.967261171688
0.12484375		0.359943627739	0.967185117152
0.12515625		0.359830388453	0.967109030666
0.12546875		0.359717153587	0.967032915955
0.12578125		0.359603914693	0.966956772891
0.12609375		0.359490670974	0.966880597431
0.12640625		0.359377423078	0.966804387253
0.12671875		0.35926417614	0.966728144179
0.12703125		0.359150916631	0.966651872173
0.12734375		0.359037608663	0.966575572174
0.12765625		0.358924215834	0.96649924042
0.12796875		0.358810759088	0.966422874036
0.12828125		0.358697313346	0.966346474145
0.12859375		0.358583874188	0.966270044611
0.12890625		0.358470433569	0.966193587321
0.12921875		0.358356987084	0.966117098942
0.12953125		0.358243531382	0.966040576004
0.12984375		0.358130076549	0.965964018825
0.13015625		0.358016613967	0.965887431027
0.13046875		0.357903121193	0.965810815397
0.13078125		0.357789558857	0.965734169389
0.13109375		0.357675917995	0.965657489189
0.13140625		0.357562264014	0.965580774356
0.13171875		0.357448620429	0.965504028063
0.13203125		0.357334978646	0.965427253792
0.13234375		0.35722132931	0.965350449862
0.13265625		0.357107669987	0.965273612018
0.13296875		0.356994006045	0.96519673906
0.13328125		0.356880337502	0.96511983366
0.13359375		0.356766652093	0.965042899865
0.13390625		0.356652913331	0.964965936993
0.13421875		0.356539096546	0.964888940655
0.13453125		0.356425239054	0.964811909109
0.13484375		0.356311390057	0.964734844456
0.13515625		0.356197544858	0.964657750889
0.13546875		0.356083693284	0.964580628691
0.13578125		0.35596983223	0.964503473487
0.13609375		0.355855961849	0.964426282929
0.13640625		0.355742087529	0.964349058532
0.13671875		0.355628202478	0.964271804423
0.13703125		0.355514279837	0.964194521876
0.13734375		0.355400287844	0.964117206918
0.13765625		0.35528623508	0.964039856779
0.13796875		0.35517217962	0.963962472374
0.13828125		0.35505813025	0.963885057469
0.13859375		0.354944077276	0.96380761415
0.13890625		0.354830014579	0.963730139056
0.13921875		0.354715940547	0.963652628916
0.13953125		0.354601861014	0.963575084003
0.13984375		0.354487772341	0.963497507642
0.14015625		0.354373658665	0.963419902668
0.14046875		0.354259487997	0.963342266581
0.14078125		0.354145248637	0.963264595768
0.14109375		0.354030988274	0.963186889966
0.14140625		0.353916734322	0.963109151921
0.14171875		0.353802480189	0.963031384964
0.14203125		0.353688216012	0.96295358747
0.14234375		0.353573939268	0.962875755565
0.14265625		0.353459654568	0.962797888396
0.14296875		0.35334536101	0.962719988147
0.14328125		0.353231051019	0.962642058426
0.14359375		0.353116695392	0.962564098591
0.14390625		0.353002275104	0.962486104843
0.14421875		0.352887814933	0.96240807585
0.14453125		0.352773356366	0.962330013196
0.14484375		0.352658899789	0.962251920421
0.14515625		0.35254443404	0.962173797786
0.14546875		0.352429956162	0.962095641763
0.14578125		0.352315466945	0.962017450472
0.14609375		0.352200969101	0.961939224921
0.14640625		0.352086457993	0.961860968396
0.14671875		0.351971913097	0.961782682055
0.14703125		0.351857311371	0.961704362972
0.14734375		0.351742657016	0.961626008832
0.14765625		0.351627994548	0.961547620104
0.14796875		0.351513335133	0.961469199578
0.14828125		0.351398668878	0.961390749125
0.14859375		0.351283990452	0.961312266528
0.14890625		0.351169298105	0.961233749078
0.14921875		0.351054596364	0.961155196677
0.14953125		0.350939882187	0.961076611579
0.14984375		0.350825142804	0.960997996202
0.15015625		0.350710355922	0.960919349236
0.15046875		0.350595512816	0.960840667833
0.15078125		0.350480648903	0.960761951377
0.15109375		0.35036578604	0.960683201497
0.15140625		0.350250919538	0.960604420861
0.15171875		0.350136040845	0.960525609058
0.15203125		0.350021146729	0.960446763247
0.15234375		0.349906241706	0.96036788223
0.15265625		0.349791323873	0.960288967031
0.15296875		0.349676386418	0.960210020406
0.15328125		0.349561409699	0.960131042899
0.15359375		0.349446381374	0.960052031998
0.15390625		0.34933131987	0.959972985967
0.15421875		0.349216255017	0.959893905237
0.15453125		0.349101187088	0.959814792331
0.15484375		0.348986106889	0.959735648646
0.15515625		0.348871012222	0.959656472172
0.15546875		0.348755904187	0.959577260634
0.15578125		0.348640783268	0.95949801388
0.15609375		0.348525645222	0.959418734078
0.15640625		0.34841047603	0.959339423378
0.15671875		0.348295263503	0.959260080552
0.15703125		0.348180008366	0.959180702989
0.15734375		0.348064742012	0.959101289941
0.15765625		0.347949471334	0.959021843035
0.15796875		0.34783419007	0.958942364904
0.15828125		0.347718895039	0.958862855203
0.15859375		0.347603584617	0.958783311117
0.15890625		0.347488261188	0.958703731273
0.15921875		0.347372921528	0.958624116739
0.15953125		0.347257557968	0.958544470427
0.15984375		0.347142158325	0.958464793
0.16015625		0.347026713832	0.95838508179
0.16046875		0.346911248094	0.958305334782
0.16078125		0.346795775513	0.958225552412
0.16109375		0.346680292486	0.958145737583
0.16140625		0.346564795596	0.958065891885
0.16171875		0.346449284028	0.957986013052
0.16203125		0.346333759832	0.957906098404
0.16234375		0.346218219258	0.957826147723
0.16265625		0.346102657632	0.957746163731
0.16296875		0.345987066098	0.957666148896
0.16328125		0.345871436945	0.957586101729
0.16359375		0.345755775548	0.957506019036
0.16390625		0.34564010148	0.957425899871
0.16421875		0.345524416775	0.957345746522
0.16453125		0.345408717814	0.95726556207
0.16484375		0.345293005303	0.957185345974
0.16515625		0.345177279142	0.957105094688
0.16546875		0.345061537123	0.957024806545
0.16578125		0.344945776748	0.956944483325
0.16609375		0.344829993724	0.956864128537
0.16640625		0.344714180526	0.956783742722
0.16671875		0.344598326793	0.9567033223
0.16703125		0.344482451607	0.956622864862
0.16734375		0.344366564541	0.956542371572
0.16765625		0.344250663364	0.956461846113
0.16796875		0.344134748645	0.956381290011
0.16828125		0.34401882143	0.956300699947
0.16859375		0.343902880288	0.956220072711
0.16890625		0.343786922022	0.956139408843
0.16921875		0.343670944749	0.956058712019
0.16953125		0.343554941741	0.955977984692
0.16984375		0.34343890225	0.955897224364
0.17015625		0.343322830176	0.955816427073
0.17046875		0.343206740389	0.95573559252
0.17078125		0.343090637371	0.955654724063
0.17109375		0.34297452104	0.955573824893
0.17140625		0.342858392851	0.955492893671
0.17171875		0.342742252359	0.955411925842
0.17203125		0.342626095202	0.955330920167
0.17234375		0.342509920905	0.955249879589
0.17265625		0.342393726747	0.955168807869
0.17296875		0.342277504233	0.955087704952
0.17328125		0.342161239094	0.955006566097
0.17359375		0.342044947359	0.954925389011
0.17390625		0.341928642085	0.954844176129
0.17421875		0.34181232464	0.954762931489
0.17453125		0.341695995319	0.954681656164
0.17484375		0.341579654809	0.954600345696
0.17515625		0.341463299953	0.954518996712
0.17546875		0.341346928747	0.954437611036
0.17578125		0.341230541408	0.95435619283
0.17609375		0.341114129335	0.954274744158
0.17640625		0.340997677276	0.954193261465
0.17671875		0.340881189649	0.95411174033
0.17703125		0.340764682262	0.954030181612
0.17734375		0.340648162582	0.953948589411
0.17765625		0.340531632318	0.953866966637
0.17796875		0.340415092154	0.953785310989
0.17828125		0.340298540139	0.953703617244
0.17859375		0.340181972754	0.953621885117
0.17890625		0.34006538896	0.953540118492
0.17921875		0.339948785322	0.953458320892
0.17953125		0.339832149595	0.953376491328
0.17984375		0.339715468684	0.953294624364
0.18015625		0.339598759313	0.953212718486
0.18046875		0.339482036681	0.953130777161
0.18078125		0.339365305834	0.953048804265
0.18109375		0.339248566378	0.952966799943
0.18140625		0.339131816041	0.952884758941
0.18171875		0.339015051619	0.952802678681
0.18203125		0.338898271499	0.952720561997
0.18234375		0.338781473046	0.95263841294
0.18265625		0.338664648232	0.952556232729
0.18296875		0.338547778792	0.952474016732
0.18328125		0.338430871362	0.952391761529
0.18359375		0.338313944845	0.952309469075
0.18390625		0.338197010792	0.952227143241
0.18421875		0.338080069324	0.952144786017
0.18453125		0.337963119458	0.952062393808
0.18484375		0.337846158508	0.951979962763
0.18515625		0.337729183338	0.951897493927
0.18546875		0.337612187138	0.951814990528
0.18578125		0.337495165014	0.951732454883
0.18609375		0.33737810573	0.95164988474
0.18640625		0.337261001766	0.95156727657
0.18671875		0.33714387266	0.951484630504
0.18703125		0.337026733853	0.951401948734
0.18734375		0.336909587983	0.951319233318
0.18765625		0.336792432755	0.951236483336
0.18796875		0.336675268934	0.951153696193
0.18828125		0.336558092205	0.951070871317
0.18859375		0.336440895416	0.950988009774
0.18890625		0.336323671124	0.950905112901
0.18921875		0.336206410629	0.950822180657
0.18953125		0.336089110141	0.950739211932
0.18984375		0.335971776435	0.950656206098
0.19015625		0.335854430103	0.950573162989
0.19046875		0.335737073833	0.950490082746
0.19078125		0.335619702617	0.950406965497
0.19109375		0.335502319758	0.950323811723
0.19140625		0.335384926703	0.950240621437
0.19171875		0.335267519069	0.950157393644
0.19203125		0.335150085898	0.950074127027
0.19234375		0.335032618308	0.949990821397
0.19265625		0.334915109084	0.949907478197
0.19296875		0.33479755992	0.949824098328
0.19328125		0.334679984461	0.949740680478
0.19359375		0.334562398381	0.94965722273
0.19390625		0.334444795982	0.949573724053
0.19421875		0.3343271729	0.949490185813
0.19453125		0.334209536104	0.949406609476
0.19484375		0.334091885609	0.949322993961
0.19515625		0.333974217526	0.94923933734
0.19546875		0.33385652075	0.94915563819
0.19578125		0.333738781932	0.949071897344
0.19609375		0.333620990333	0.948988116886
0.19640625		0.333503151939	0.948904298102
0.19671875		0.333385298056	0.948820440837
0.19703125		0.333267441107	0.948736542298
0.19734375		0.333149559746	0.948652595407
0.19765625		0.33303162055	0.948568584464
0.19796875		0.332913580715	0.948484478056
0.19828125		0.332795360009	0.948400216872
0.19859375		0.332676797602	0.948315686005
0.19890625		0.332557550559	0.948230640464
0.19921875		0.332436757764	0.948144473029
0.19953125		0.332311873252	0.948055390728
0.19984375		0.332173125379	0.947956528919
0.20015625		0.33195960941	0.947817270202
0.20046875		0.331646469595	0.947593412543
0.20078125		0.331296421857	0.947343330698
0.20109375		0.330937117896	0.947086371134
0.20140625		0.330577738199	0.946829112286
0.20171875		0.330220732827	0.94657334357
0.20203125		0.329864647985	0.946318014593
0.20234375		0.32950877652	0.946062617467
0.20265625		0.329152864843	0.945806982535
0.20296875		0.32879676328	0.945551024526
0.20328125		0.328440389247	0.945294701386
0.20359375		0.328083766659	0.945037998414
0.20390625		0.327726933472	0.944780911696
0.20421875		0.327369890678	0.944523439174
0.20453125		0.327012618869	0.944265578442
0.20484375		0.326655102545	0.94400732693
0.20515625		0.326297334522	0.943748682099
0.20546875		0.325939309917	0.943489641583
0.20578125		0.325581021236	0.943230203264
0.20609375		0.325222461262	0.942970365222
0.20640625		0.32486363145	0.942710125623
0.20671875		0.324504526683	0.942449482764
0.20703125		0.324145156568	0.94218843514
0.20734375		0.323785561697	0.941926981259
0.20765625		0.323425724003	0.941665119612
0.20796875		0.323065622844	0.941402848807
0.20828125		0.3227052669	0.941140167496
0.20859375		0.322344654153	0.940877074314
0.20890625		0.321983773978	0.940613567909
0.20921875		0.321622617523	0.940349646981
0.20953125		0.321261179282	0.940085310261
0.20984375		0.320899464436	0.939820556506
0.21015625		0.320537467356	0.939555384479
0.21046875		0.320175218878	0.939289792929
0.21078125		0.319812729361	0.939023780465
0.21109375		0.319449983698	0.938757345692
0.21140625		0.319086978891	0.938490487245
0.21171875		0.318723710827	0.938223203757
0.21203125		0.318360173861	0.937955493879
0.21234375		0.317996358456	0.937687356278
0.21265625		0.317632257397	0.937418789657
0.21296875		0.317267868237	0.937149792724
0.21328125		0.316903195669	0.936880364181
0.21359375		0.316538256964	0.936610502695
0.21390625		0.316173067705	0.936340206839
0.21421875		0.315807622628	0.936069475149
0.21453125		0.315441917407	0.93579830617
0.21484375		0.315075943009	0.93552669845
0.21515625		0.314709693243	0.935254650566
0.21546875		0.31434316021	0.934982161111
0.21578125		0.313976339525	0.934709228699
0.21609375		0.313609230567	0.934435851941
0.21640625		0.313241834042	0.934162029434
0.21671875		0.312874155929	0.933887759761
0.21703125		0.312506214169	0.933613041454
0.21734375		0.31213801389	0.933337872975
0.21765625		0.311769552707	0.933062252769
0.21796875		0.311400817369	0.932786179292
0.21828125		0.311031800301	0.932509651034
0.21859375		0.310662494848	0.932232666508
0.21890625		0.310292896558	0.93195522424
0.21921875		0.309923007278	0.931677322754
0.21953125		0.309552829895	0.931398960545
0.21984375		0.309182364088	0.931120136089
0.22015625		0.308811615394	0.930840847843
0.22046875		0.308440599469	0.930561094208
0.22078125		0.308069320505	0.930280873535
0.22109375		0.307697765858	0.930000184174
0.22140625		0.307325924109	0.929719024521
0.22171875		0.306953788845	0.929437392999
0.22203125		0.306581354273	0.92915528804
0.22234375		0.306208622392	0.928872708084
0.22265625		0.305835597846	0.92858965154
0.22296875		0.305462283525	0.928306116789
0.22328125		0.30508867692	0.928022102194
0.22359375		0.304714786791	0.927737606107
0.22390625		0.304340623525	0.927452626823
0.22421875		0.303966184074	0.9271671626
0.22453125		0.303591454529	0.926881211717
0.22484375		0.303216427998	0.926594772484
0.22515625		0.302841097109	0.92630784323
0.22546875		0.302465459937	0.926020422295
0.22578125		0.302089522711	0.925732508005
0.22609375		0.301713290883	0.925444098647
0.22640625		0.301336764432	0.925155192478
0.22671875		0.300959942912	0.924865787746
0.22703125		0.300582833321	0.924575882679
0.22734375		0.30020543915	0.924285475467
0.22765625		0.299827752497	0.923994564286
0.22796875		0.299449766156	0.923703147337
0.22828125		0.299071474066	0.923411222832
0.22859375		0.29869286949	0.923118788996
0.22890625		0.298313954388	0.922825844061
0.22921875		0.297934735356	0.922532386227
0.22953125		0.297555216311	0.922238413658
0.22984375		0.297175397109	0.921943924494
0.23015625		0.296795278664	0.921648916861
0.23046875		0.296414863972	0.921353388863
0.23078125		0.296034149934	0.921057338585
0.23109375		0.295653131175	0.920760764121
0.23140625		0.29527180434	0.920463663566
0.23171875		0.294890162779	0.920166035018
0.23203125		0.294508203168	0.919867876587
0.23234375		0.294125928787	0.919569186375
0.23265625		0.293743344641	0.919269962451
0.23296875		0.293360452972	0.918970202854
0.23328125		0.292977254907	0.9186699056
0.23359375		0.29259375152	0.91836906869
0.23390625		0.292209940117	0.918067690105
0.23421875		0.29182581691	0.917765767828
0.23453125		0.291441379454	0.91746329984
0.23484375		0.291056623715	0.91716028412
0.23515625		0.290671545085	0.916856718649
0.23546875		0.290286143509	0.916552601406
0.23578125		0.289900422392	0.91624793035
0.23609375		0.28951438407	0.915942703413
0.23640625		0.289128029851	0.9156369185
0.23671875		0.288741361743	0.915330573498
0.23703125		0.288354378658	0.915023666271
0.23734375		0.287967076625	0.914716194677
0.23765625		0.287579452921	0.914408156574
0.23796875		0.28719150428	0.914099549814
0.23828125		0.286803226806	0.913790372248
0.23859375		0.286414619376	0.913480621726
0.23890625		0.286025683959	0.91317029608
0.23921875		0.285636422642	0.912859393117
0.23953125		0.285246836046	0.912547910621
0.23984375		0.284856923651	0.912235846357
0.24015625		0.284466687903	0.911923198074
0.24046875		0.28407612669	0.911609963498
0.24078125		0.283685236854	0.911296140347
0.24109375		0.283294015249	0.910981726338
0.24140625		0.282902457794	0.910666719182
0.24171875		0.282510562086	0.91035111659
0.24203125		0.282118329478	0.91003491626
0.24234375		0.281725762346	0.909718115865
0.24265625		0.281332861378	0.909400713049
0.24296875		0.280939625637	0.909082705438
0.24328125		0.280546054462	0.908764090644
0.24359375		0.280152148343	0.90844486626
0.24390625		0.279757906468	0.908125029868
0.24421875		0.279363326009	0.907804579038
0.24453125		0.278968403829	0.90748351133
0.24484375		0.278573135614	0.9071618243
0.24515625		0.278177520169	0.906839515496
0.24546875		0.277781559726	0.906516582451
0.24578125		0.277385256176	0.906193022667
0.24609375		0.276988609337	0.905868833622
0.24640625		0.276591617818	0.905544012776
0.24671875		0.276194281207	0.905218557575
0.24703125		0.275796598918	0.904892465447
0.24734375		0.275398569008	0.904565733801
0.24765625		0.275000189454	0.90423836004
0.24796875		0.274601457784	0.903910341551
0.24828125		0.274202370816	0.903581675715
0.24859375		0.273802927885	0.903252359899
0.24890625		0.273403130447	0.902922391454
0.24921875		0.273002979557	0.902591767699
0.24953125		0.272602474852	0.902260485931
0.24984375		0.272201615555	0.901928543429
0.25015625		0.271800401053	0.901595937452
0.25046875		0.271398829428	0.901262665242
0.25078125		0.270996898355	0.900928724028
0.25109375		0.270594605984	0.900594111025
0.25140625		0.270191950069	0.900258823437
0.25171875		0.269788929269	0.899922858451
0.25203125		0.269385543612	0.899586213239
0.25234375		0.268981793415	0.899248884944
0.25265625		0.268577678571	0.898910870688
0.25296875		0.268173198435	0.898572167571
0.25328125		0.26776835262	0.89823277267
0.25359375		0.267363140323	0.897892683045
0.25390625		0.266957559352	0.897551895731
0.25421875		0.266551607298	0.897210407755
0.25453125		0.266145281637	0.896868216126
0.25484375		0.26573858073	0.896525317841
0.25515625		0.265331504649	0.896181709877
0.25546875		0.264924053707	0.895837389184
0.25578125		0.264516227427	0.895492352686
0.25609375		0.264108024706	0.895146597286
0.25640625		0.263699444656	0.894800119866
0.25671875		0.263290486824	0.894452917283
0.25703125		0.262881150092	0.894104986374
0.25734375		0.262471432389	0.893756323954
0.25765625		0.2620613316	0.893406926821
0.25796875		0.261650845133	0.893056791757
0.25828125		0.261239971779	0.892705915526
0.25859375		0.260828711777	0.892354294868
0.25890625		0.260417065212	0.892001926495
0.25921875		0.26000503127	0.891648807091
0.25953125		0.259592608672	0.891294933317
0.25984375		0.25917979651	0.890940301812
0.26015625		0.258766593707	0.890584909189
0.26046875		0.258352998569	0.890228752039
0.26078125		0.257939009382	0.889871826932
0.26109375		0.257524624341	0.889514130416
0.26140625		0.257109841409	0.889155659017
0.26171875		0.256694659563	0.888796409242
0.26203125		0.25627907851	0.888436377569
0.26234375		0.255863097864	0.888075560446
0.26265625		0.25544671673	0.887713954295
0.26296875		0.255029934071	0.887351555512
0.26328125		0.254612748857	0.886988360464
0.26359375		0.254195159423	0.886624365494
0.26390625		0.25377716378	0.88625956692
0.26421875		0.253358760212	0.885893961037
0.26453125		0.252939947	0.885527544116
0.26484375		0.25252072294	0.885160312403
0.26515625		0.252101087179	0.884792262114
0.26546875		0.25168103886	0.884423389438
0.26578125		0.251260577047	0.884053690532
0.26609375		0.250839700655	0.883683161526
0.26640625		0.250418408757	0.883311798517
0.26671875		0.249996700181	0.882939597577
0.26703125		0.249574573086	0.882566554746
0.26734375		0.249152025418	0.882192666038
0.26765625		0.248729055143	0.881817927442
0.26796875		0.248305660796	0.881442334919
0.26828125		0.247881841579	0.881065884401
0.26859375		0.247457596647	0.880688571785
0.26890625		0.247032924868	0.880310392936
0.26921875		0.246607824845	0.879931343688
0.26953125		0.246182295326	0.879551419844
0.26984375		0.245756335222	0.879170617173
0.27015625		0.245329943142	0.878788931413
0.27046875		0.244903117244	0.878406358268
0.27078125		0.244475855577	0.878022893415
0.27109375		0.244048156101	0.877638532497
0.27140625		0.243620017409	0.877253271128
0.27171875		0.243191438568	0.876867104888
0.27203125		0.242762418621	0.87648002932
0.27234375		0.242332956275	0.876092039929
0.27265625		0.241903050068	0.875703132189
0.27296875		0.241472698654	0.875313301535
0.27328125		0.241041900533	0.874922543367
0.27359375		0.240610653987	0.874530853053
0.27390625		0.240178957237	0.87413822592
0.27421875		0.239746808448	0.873744657266
0.27453125		0.239314205817	0.87335014235
0.27484375		0.238881147844	0.872954676396
0.27515625		0.238447633258	0.872558254588
0.27546875		0.238013660868	0.872160872073
0.27578125		0.237579229309	0.871762523957
0.27609375		0.237144337154	0.871363205305
0.27640625		0.236708982909	0.870962911145
0.27671875		0.236273164776	0.870561636461
0.27703125		0.2358368808	0.870159376203
0.27734375		0.235400129072	0.869756125278
0.27765625		0.234962907803	0.869351878556
0.27796875		0.234525215415	0.868946630864
0.27828125		0.234087050338	0.868540376987
0.27859375		0.233648411066	0.868133111668
0.27890625		0.233209296116	0.867724829607
0.27921875		0.232769703933	0.867315525457
0.27953125		0.232329633024	0.86690519383
0.27984375		0.231889081768	0.86649382929
0.28015625		0.231448048225	0.866081426357
0.28046875		0.231006530327	0.865667979509
0.28078125		0.230564525971	0.865253483177
0.28109375		0.230122033324	0.864837931749
0.28140625		0.229679050766	0.864421319566
0.28171875		0.229235576743	0.864003640919
0.28203125		0.228791609639	0.863584890053
0.28234375		0.228347147679	0.863165061161
0.28265625		0.227902189129	0.862744148388
0.28296875		0.2274567323	0.862322145831
0.28328125		0.227010775346	0.861899047532
0.28359375		0.226564316246	0.861474847486
0.28390625		0.226117352915	0.861049539637
0.28421875		0.225669883184	0.860623117876
0.28453125		0.225221905004	0.860195576047
0.28484375		0.224773416594	0.859766907938
0.28515625		0.224324416345	0.859337107283
0.28546875		0.223874902514	0.858906167761
0.28578125		0.223424873214	0.858474082995
0.28609375		0.222974326553	0.858040846553
0.28640625		0.222523260525	0.857606451944
0.28671875		0.222071673004	0.857170892623
0.28703125		0.22161956186	0.856734161986
0.28734375		0.221166924999	0.856296253372
0.28765625		0.220713760225	0.855857160063
0.28796875		0.22026006532	0.855416875279
0.28828125		0.219805838293	0.854975392182
0.28859375		0.219351077348	0.854532703873
0.28890625		0.218895780582	0.854088803386
0.28921875		0.218439946005	0.853643683697
0.28953125		0.217983571561	0.853197337713
0.28984375		0.217526654986	0.852749758279
0.29015625		0.217069193901	0.852300938177
0.29046875		0.216611186	0.85185087012
0.29078125		0.216152629043	0.85139954676
0.29109375		0.215693520772	0.850946960679
0.29140625		0.215233858939	0.85049310439
0.29171875		0.214773641405	0.850037970339
0.29203125		0.214312866052	0.8495815509
0.29234375		0.213851530701	0.849123838377
0.29265625		0.213389633195	0.848664825
0.29296875		0.212927171315	0.848204502925
0.29328125		0.212464142625	0.847742864238
0.29359375		0.212000544572	0.847279900947
0.29390625		0.211536374639	0.846815604988
0.29421875		0.211071630338	0.846349968219
0.29453125		0.210606309259	0.845882982422
0.29484375		0.210140409106	0.845414639303
0.29515625		0.209673927568	0.844944930482
0.29546875		0.209206862253	0.844473847504
0.29578125		0.20873921073	0.844001381829
0.29609375		0.208270970587	0.843527524832
0.29640625		0.207802139338	0.843052267809
0.29671875		0.207332714375	0.842575601968
0.29703125		0.206862693015	0.842097518431
0.29734375		0.206392072563	0.841618008234
0.29765625		0.20592085028	0.841137062328
0.29796875		0.205449023488	0.840654671571
0.29828125		0.204976589704	0.840170826733
0.29859375		0.204503546443	0.83968551849
0.29890625		0.204029891112	0.839198737426
0.29921875		0.203555621071	0.838710474028
0.29953125		0.203080733594	0.838220718688
0.29984375		0.202605225845	0.837729461701
0.30015625		0.20212909496	0.837236693264
0.30046875		0.201652338089	0.836742403475
0.30078125		0.201174952371	0.836246582331
0.30109375		0.200696934911	0.835749219727
0.30140625		0.200218282759	0.835250305456
0.30171875		0.199738993084	0.834749829202
0.30203125		0.199259063118	0.834247780545
0.30234375		0.198778490054	0.833744148955
0.30265625		0.19829727104	0.833238923792
0.30296875		0.197815403069	0.832732094303
0.30328125		0.197332882979	0.832223649624
0.30359375		0.196849707585	0.831713578775
0.30390625		0.196365873765	0.831201870663
0.30421875		0.195881378444	0.830688514075
0.30453125		0.195396218513	0.830173497679
0.30484375		0.194910390809	0.829656810022
0.30515625		0.194423892172	0.829138439527
0.30546875		0.193936719462	0.828618374494
0.30578125		0.193448869525	0.828096603093
0.30609375		0.192960339204	0.827573113368
0.30640625		0.192471125243	0.827047893229
0.30671875		0.191981224224	0.826520930456
0.30703125		0.191490632648	0.825992212694
0.30734375		0.190999347039	0.825461727452
0.30765625		0.190507363974	0.824929462102
0.30796875		0.190014680034	0.824395403876
0.30828125		0.189521291789	0.82385953986
0.30859375		0.189027195807	0.823321856998
0.30890625		0.188532388607	0.822782342087
0.30921875		0.188036866647	0.82224098177
0.30953125		0.187540626339	0.821697762544
0.30984375		0.18704366404	0.821152670747
0.31015625		0.186545976045	0.820605692564
0.31046875		0.186047558587	0.820056814021
0.31078125		0.185548407849	0.819506020981
0.31109375		0.185048519998	0.818953299146
0.31140625		0.1845478912	0.818398634051
0.31171875		0.184046517644	0.817842011062
0.31203125		0.183544395547	0.817283415374
0.31234375		0.183041521094	0.816722832004
0.31265625		0.182537890374	0.816160245796
0.31296875		0.182033499337	0.815595641409
0.31328125		0.18152834386	0.815029003323
0.31359375		0.181022419818	0.814460315831
0.31390625		0.180515723079	0.813889563038
0.31421875		0.180008249482	0.813316728855
0.31453125		0.179499994808	0.812741797
0.31484375		0.178990954779	0.812164750993
0.31515625		0.178481125105	0.81158557415
0.31546875		0.177970501511	0.811004249583
0.31578125		0.177459079716	0.810420760198
0.31609375		0.176946855388	0.809835088683
0.31640625		0.176433824069	0.809247217514
0.31671875		0.175919981167	0.808657128948
0.31703125		0.17540532203	0.808064805017
0.31734375		0.17488984201	0.807470227529
0.31765625		0.174373536471	0.806873378061
0.31796875		0.173856400738	0.806274237955
0.31828125		0.173338430081	0.805672788315
0.31859375		0.172819619722	0.805069010001
0.31890625		0.172299964828	0.804462883626
0.31921875		0.17177946052	0.803854389552
0.31953125		0.171258101885	0.803243507886
0.31984375		0.170735883959	0.802630218471
0.32015625		0.170212801676	0.802014500889
0.32046875		0.169688849858	0.801396334449
0.32078125		0.169164023255	0.800775698189
0.32109375		0.168638316606	0.800152570866
0.32140625		0.168111724636	0.799526930952
0.32171875		0.167584242046	0.79889875663
0.32203125		0.167055863498	0.798268025788
0.32234375		0.166526583578	0.797634716012
0.32265625		0.165996396772	0.796998804582
0.32296875		0.165465297474	0.796360268467
0.32328125		0.164933280026	0.795719084317
0.32359375		0.164400338724	0.795075228461
0.32390625		0.163866467786	0.794428676896
0.32421875		0.163331661343	0.793779405284
0.32453125		0.16279591345	0.793127388945
0.32484375		0.162259218102	0.79247260285
0.32515625		0.161721569252	0.791815021616
0.32546875		0.16118296083	0.791154619496
0.32578125		0.160643386716	0.790491370373
0.32609375		0.160102840704	0.789825247753
0.32640625		0.159561316459	0.78915622476
0.32671875		0.159018807513	0.788484274123
0.32703125		0.158475307317	0.787809368173
0.32734375		0.157930809291	0.787131478836
0.32765625		0.15738530681	0.786450577621
0.32796875		0.156838793161	0.785766635611
0.32828125		0.156291261524	0.78507962346
0.32859375		0.155742704991	0.784389511379
0.32890625		0.155193116581	0.783696269128
0.32921875		0.154642489254	0.782999866009
0.32953125		0.154090815906	0.782300270854
0.32984375		0.15353808935	0.781597452015
0.33015625		0.152984302244	0.780891377356
0.33046875		0.152429447088	0.780182014242
0.33078125		0.151873516293	0.779469329528
0.33109375		0.151316502228	0.77875328955
0.33140625		0.150758397195	0.778033860111
0.33171875		0.150199193408	0.777311006471
0.33203125		0.149638882972	0.776584693335
0.33234375		0.149077457867	0.775854884842
0.33265625		0.148514909947	0.775121544551
0.33296875		0.147951230968	0.774384635428
0.33328125		0.147386412596	0.773644119835
0.33359375		0.146820446406	0.772899959515
0.33390625		0.146253323825	0.772152115579
0.33421875		0.145685036112	0.771400548491
0.33453125		0.145115574402	0.770645218052
0.33484375		0.144544929741	0.76988608339
0.33515625		0.143973093087	0.769123102941
0.33546875		0.143400055299	0.76835623443
0.33578125		0.142825807109	0.76758543486
0.33609375		0.142250339086	0.766810660492
0.33640625		0.141673641631	0.766031866829
0.33671875		0.141095705	0.765249008596
0.33703125		0.140516519331	0.764462039725
0.33734375		0.139936074637	0.763670913333
0.33765625		0.139354360785	0.762875581704
0.33796875		0.138771367482	0.762075996268
0.33828125		0.138187084263	0.761272107581
0.33859375		0.137601500501	0.760463865302
0.33890625		0.137014605428	0.759651218174
0.33921875		0.136426388156	0.758834113997
0.33953125		0.135836837652	0.758012499609
0.33984375		0.135245942697	0.757186320855
0.34015625		0.134653691856	0.756355522571
0.34046875		0.134060073482	0.755520048549
0.34078125		0.133465075757	0.754679841518
0.34109375		0.132868686713	0.753834843112
0.34140625		0.132270894212	0.752984993844
0.34171875		0.131671685929	0.752130233074
0.34203125		0.131071049327	0.751270498979
0.34234375		0.130468971646	0.750405728523
0.34265625		0.129865439915	0.749535857426
0.34296875		0.129260440972	0.748660820127
0.34328125		0.128653961466	0.747780549749
0.34359375		0.128045987829	0.746894978067
0.34390625		0.127436506244	0.746004035469
0.34421875		0.126825502627	0.745107650914
0.34453125		0.126212962635	0.744205751899
0.34484375		0.1255988717	0.743298264411
0.34515625		0.124983215044	0.742385112891
0.34546875		0.124365977659	0.741466220184
0.34578125		0.123747144273	0.740541507496
0.34609375		0.123126699309	0.739610894344
0.34640625		0.122504626895	0.73867429851
0.34671875		0.12188091088	0.73773163599
0.34703125		0.121255534845	0.736782820936
0.34734375		0.120628482089	0.735827765608
0.34765625		0.119999735605	0.73486638031
0.34796875		0.119369278061	0.733898573337
0.34828125		0.118737091777	0.732924250908
0.34859375		0.118103158739	0.731943317105
0.34890625		0.117467460604	0.730955673809
0.34921875		0.116829978715	0.729961220625
0.34953125		0.116190694087	0.728959854814
0.34984375		0.115549587348	0.727951471217
0.35015625		0.114906638717	0.726935962178
0.35046875		0.114261828002	0.725913217461
0.35078125		0.113615134617	0.72488312417
0.35109375		0.112966537589	0.723845566657
0.35140625		0.112316015547	0.722800426433
0.35171875		0.111663546689	0.721747582071
0.35203125		0.111009108744	0.720686909107
0.35234375		0.110352678955	0.719618279937
0.35265625		0.109694234088	0.718541563709
0.35296875		0.109033750437	0.717456626209
0.35328125		0.108371203828	0.716363329744
0.35359375		0.107706569584	0.715261533018
0.35390625		0.107039822465	0.714151091003
0.35421875		0.106370936651	0.713031854805
0.35453125		0.105699885741	0.711903671524
0.35484375		0.105026642754	0.710766384106
0.35515625		0.104351180125	0.709619831188
0.35546875		0.10367346969	0.708463846936
0.35578125		0.102993482643	0.707298260881
0.35609375		0.102311189488	0.706122897732
0.35640625		0.101626560015	0.704937577199
0.35671875		0.100939563298	0.703742113793
0.35703125		0.100250167688	0.702536316624
0.35734375		0.0995583408007	0.701319989181
0.35765625		0.0988640494755	0.700092929114
0.35796875		0.0981672597184	0.698854927986
0.35828125		0.0974679366619	0.697605771033
0.35859375		0.0967660445479	0.696345236894
0.35890625		0.09606154672	0.695073097337
0.35921875		0.0953544056061	0.693789116966
0.35953125		0.0946445826803	0.692493052916
0.35984375		0.0939320384013	0.691184654524
0.36015625		0.093216732153	0.689863662989
0.36046875		0.0924986222083	0.688529811011
0.36078125		0.0917776657028	0.687182822407
0.36109375		0.0910538186082	0.685822411708
0.36140625		0.0903270356906	0.684448283733
0.36171875		0.0895972704485	0.68306013313
0.36203125		0.0888644750435	0.681657643906
0.36234375		0.0881286002362	0.680240488909
0.36265625		0.0873895953316	0.678808329294
0.36296875		0.0866474081396	0.677360813949
0.36328125		0.0859019849303	0.675897578887
0.36359375		0.0851532703596	0.674418246595
0.36390625		0.0844012073757	0.67292242535
0.36421875		0.0836457371256	0.671409708482
0.36453125		0.0828867988735	0.669879673591
0.36484375		0.0821243299304	0.668331881716
0.36515625		0.0813582655874	0.666765876442
0.36546875		0.0805885390257	0.665181182948
0.36578125		0.0798150811971	0.663577306986
0.36609375		0.0790378206977	0.661953733792
0.36640625		0.0782566836478	0.660309926916
0.36671875		0.0774715935748	0.658645326967
0.36703125		0.0766824712964	0.656959350266
0.36734375		0.0758892347931	0.655251387396
0.36765625		0.0750917990575	0.653520801641
0.36796875		0.074290075922	0.651766927306
0.36828125		0.0734839738729	0.649989067906
0.36859375		0.0726733978634	0.6481864942
0.36890625		0.071858249128	0.646358442078
0.36921875		0.0710384249887	0.644504110265
0.36953125		0.0702138186355	0.642622657829
0.36984375		0.0693843188749	0.640713201483
0.37015625		0.0685498098512	0.638774812642
0.37046875		0.0677101707523	0.636806514225
0.37078125		0.0668652755077	0.634807277162
0.37109375		0.0660149924707	0.632776016583
0.37140625		0.065159184069	0.630711587637
0.37171875		0.0642977064126	0.628612780926
0.37203125		0.0634304088586	0.626478317471
0.37234375		0.0625571335401	0.624306843193
0.37265625		0.0616777148586	0.622096922811
0.37296875		0.0607919789396	0.619847033121
0.37328125		0.0598997430384	0.61755555554
0.37359375		0.0590008148851	0.615220767848
0.37390625		0.0580949919537	0.612840835
0.37421875		0.0571820606511	0.610413798892
0.37453125		0.056261795424	0.607937566922
0.37484375		0.0553339577813	0.605409899184
0.37515625		0.0543982952156	0.602828394084
0.37546875		0.0534545400036	0.600190472131
0.37578125		0.0525024078633	0.597493357637
0.37609375		0.0515415964427	0.594734057966
0.37640625		0.0505717836236	0.591909339948
0.37671875		0.0495926256185	0.589015702959
0.37703125		0.0486037548305	0.586049348092
0.37734375		0.0476047774335	0.583006142702
0.37765625		0.0465952706182	0.579881579478
0.37796875		0.045574779441	0.576670728966
0.37828125		0.0445428132096	0.57336818426
0.37859375		0.0434988413249	0.569967996227
0.37890625		0.0424422884741	0.566463597239
0.37921875		0.0413725290465	0.562847710868
0.37953125		0.0402888806091	0.559112244294
0.37984375		0.0391905962336	0.55524815928
0.38015625		0.0380768554154	0.551245316332
0.38046875		0.0369467532548	0.54709228502
0.38078125		0.0357992874702	0.542776111149
0.38109375		0.034633342684	0.538282028321
0.38140625		0.0334476712572	0.53359309713
0.38171875		0.0322408696828	0.528689748832
0.38203125		0.0310113491478	0.523549201035
0.38234375		0.0297572983723	0.518144699319
0.38265625		0.0284766361087	0.512444518206
0.38296875		0.0271669495831	0.506410623032
0.38328125		0.0258254133949	0.49999684333
0.38359375		0.0244486804846	0.49314632418
0.38390625		0.0230327324202	0.485787880623
0.38421875		0.0215726686435	0.477830629385
0.38453125		0.0200623989745	0.469155796891
0.38484375		0.018494175944	0.459603672555
0.38515625		0.0168578508864	0.448951737022
0.38546875		0.0151396339922	0.436875643223
0.38578125		0.01331992443	0.422873970728
0.38609375		0.0113690332945	0.406105128555
0.38640625		0.00923688420861	0.384964501116
0.38671875		0.00682695692287	0.355717252489
0.38703125		0.00404909650834	0.309675678201
0.38734375		0.00140622383787	0.231250195992
0.38765625		5.45722915481e-06	0.0510214482105
0.38796875		4.26862604156e-09	0.0100471271218
0.38828125		4.11315684178e-09	0.0100000013094
0.38859375		4.11315252385e-09	0.01
0.38890625		4.11315252376e-09	0.01
0.38921875		4.11315252376e-09	0.01
0.38953125		4.11315252376e-09	0.01
0.38984375		4.11315252376e-09	0.01
0.39015625		4.11315252376e-09	0.01
0.39046875		4.11315252376e-09	0.01
0.39078125		4.11315252376e-09	0.01
0.39109375		4.11315252376e-09	0.01
0.39140625		4.11315252376e-09	0.01
0.39171875		4.11315252376e-09	0.01
0.39203125		4.11315252376e-09	0.01
0.39234375		4.11315252376e-09	0.01
0.39265625		4.11315252376e-09	0.01
0.39296875		4.11315252376e-09	0.01
0.39328125		4.11315252376e-09	0.01
0.39359375		4.11315252376e-09	0.01
0.39390625		4.11315252376e-09	0.01
0.39421875		4.11315252376e-09	0.01
0.39453125		4.11315252376e-09	0.01
0.39484375		4.11315252376e-09	0.01
0.39515625		4.11315252376e-09	0.01
0.39546875		4.11315252376e-09	0.01
0.39578125		4.11315252376e-09	0.01
0.39609375		4.11315252376e-09	0.01
0.39640625		4.11315252376e-09	0.01
0.39671875		4.11315252376e-09	0.01
0.39703125		4.11315252376e-09	0.01
0.39734375		4.11315252376e-09	0.01
0.39765625		4.11315252376e-09	0.01
0.39796875		4.11315252376e-09	0.01
0.39828125		4.11315252376e-09	0.01
0.39859375		4.11315252376e-09	0.01
0.39890625		4.11315252376e-09	0.01
0.39921875		4.11315252376e-09	0.01
0.39953125		4.11315252376e-09	0.01
0.39984375		4.11315252376e-09	0.01
0.40015625		4.11315252376e-09	0.01
0.40046875		4.11315252376e-09	0.01
0.40078125		4.11315252376e-09	0.01
0.40109375		4.11315252376e-09	0.01
0.40140625		4.11315252376e-09	0.01
0.40171875		4.11315252376e-09	0.01
0.40203125		4.11315252376e-09	0.01
0.40234375		4.11315252376e-09	0.01
0.40265625		4.11315252376e-09	0.01
0.40296875		4.11315252376e-09	0.01
0.40328125		4.11315252376e-09	0.01
0.40359375		4.11315252376e-09	0.01
0.40390625		4.11315252376e-09	0.01
0.40421875		4.11315252376e-09	0.01
0.40453125		4.11315252376e-09	0.01
0.40484375		4.11315252376e-09	0.01
0.40515625		4.11315252376e-09	0.01
0.40546875		4.11315252376e-09	0.01
0.40578125		4.11315252376e-09	0.01
0.40609375		4.11315252376e-09	0.01
0.40640625		4.11315252376e-09	0.01
0.40671875		4.11315252376e-09	0.01
0.40703125		4.11315252376e-09	0.01
0.40734375		4.11315252376e-09	0.01
0.40765625		4.11315252376e-09	0.01
0.40796875		4.11315252376e-09	0.01
0.40828125		4.11315252376e-09	0.01
0.40859375		4.11315252376e-09	0.01
0.40890625		4.11315252376e-09	0.01
0.40921875		4.11315252376e-09	0.01
0.40953125		4.11315252376e-09	0.01
0.40984375		4.11315252376e-09	0.01
0.41015625		4.11315252376e-09	0.01
0.41046875		4.11315252376e-09	0.01
0.41078125		4.11315252376e-09	0.01
0.41109375		4.11315252376e-09	0.01
0.41140625		4.11315252376e-09	0.01
0.41171875		4.11315252376e-09	0.01
0.41203125		4.11315252376e-09	0.01
0.41234375		4.11315252376e-09	0.01
0.41265625		4.11315252376e-09	0.01
0.41296875		4.11315252376e-09	0.01
0.41328125		4.11315252376e-09	0.01
0.41359375		4.11315252376e-09	0.01
0.41390625		4.11315252376e-09	0.01
0.41421875		4.11315252376e-09	0.01
0.41453125		4.11315252376e-09	0.01
0.41484375		4.11315252376e-09	0.01
0.41515625		4.11315252376e-09	0.01
0.41546875		4.11315252376e-09	0.01
0.41578125		4.11315252376e-09	0.01
0.41609375		4.11315252376e-09	0.01
0.41640625		4.11315252376e-09	0.01
0.41671875		4.11315252376e-09	0.01
0.41703125		4.11315252376e-09	0.01
0.41734375		4.11315252376e-09	0.01
0.41765625		4.11315252376e-09	0.01
0.41796875		4.11315252376e-09	0.01
0.41828125		4.11315252376e-09	0.01
0.41859375		4.11315252376e-09	0.01
0.41890625		4.11315252376e-09	0.01
0.41921875		4.11315252376e-09	0.01
0.41953125		4.11315252376e-09	0.01
0.41984375		4.11315252376e-09	0.01
0.42015625		4.11315252376e-09	0.01
0.42046875		4.11315252376e-09	0.01
0.42078125		4.11315252376e-09	0.01
0.42109375		4.11315252376e-09	0.01
0.42140625		4.11315252376e-09	0.01
0.42171875		4.11315252376e-09	0.01
0.42203125		4.11315252376e-09	0.01
0.42234375		4.11315252376e-09	0.01
0.42265625		4.11315252376e-09	0.01
0.42296875		4.11315252376e-09	0.01
0.42328125		4.11315252376e-09	0.01
0.42359375		4.11315252376e-09	0.01
0.42390625		4.11315252376e-09	0.01
0.42421875		4.11315252376e-09	0.01
0.42453125		4.11315252376e-09	0.01
0.42484375		4.11315252376e-09	0.01
0.42515625		4.11315252376e-09	0.01
0.42546875		4.11315252376e-09	0.01
0.42578125		4.11315252376e-09	0.01
0.42609375		4.11315252376e-09	0.01
0.42640625		4.11315252376e-09	0.01
0.42671875		4.11315252376e-09	0.01
0.42703125		4.11315252376e-09	0.01
0.42734375		4.11315252376e-09	0.01
0.42765625		4.11315252376e-09	0.01
0.42796875		4.11315252376e-09	0.01
0.42828125		4.11315252376e-09	0.01
0.42859375		4.11315252376e-09	0.01
0.42890625		4.11315252376e-09	0.01
0.42921875		4.11315252376e-09	0.01
0.42953125		4.11315252376e-09	0.01
0.42984375		4.11315252376e-09	0.01
0.43015625		4.11315252376e-09	0.01
0.43046875		4.11315252376e-09	0.01
0.43078125		4.11315252376e-09	0.01
0.43109375		4.11315252376e-09	0.01
0.43140625		4.11315252376e-09	0.01
0.43171875		4.11315252376e-09	0.01
0.43203125		4.11315252376e-09	0.01
0.43234375		4.11315252376e-09	0.01
0.43265625		4.11315252376e-09	0.01
0.43296875		4.11315252376e-09	0.01
0.43328125		4.11315252376e-09	0.01
0.43359375		4.11315252376e-09	0.01
0.43390625		4.11315252376e-09	0.01
0.43421875		4.11315252376e-09	0.01
0.43453125		4.11315252376e-09	0.01
0.43484375		4.11315252376e-09	0.01
0.43515625		4.11315252376e-09	0.01
0.43546875		4.11315252376e-09	0.01
0.43578125		4.11315252376e-09	0.01
0.43609375		4.11315252376e-09	0.01
0.43640625		4.11315252376e-09	0.01
0.43671875		4.11315252376e-09	0.01
0.43703125		4.11315252376e-09	0.01
0.43734375		4.11315252376e-09	0.01
0.43765625		4.11315252376e-09	0.01
0.43796875		4.11315252376e-09	0.01
0.43828125		4.11315252376e-09	0.01
0.43859375		4.11315252376e-09	0.01
0.43890625		4.11315252376e-09	0.01
0.43921875		4.11315252376e-09	0.01
0.43953125		4.11315252376e-09	0.01
0.43984375		4.11315252376e-09	0.01
0.44015625		4.11315252376e-09	0.01
0.44046875		4.11315252376e-09	0.01
0.44078125		4.11315252376e-09	0.01
0.44109375		4.11315252376e-09	0.01
0.44140625		4.11315252376e-09	0.01
0.44171875		4.11315252376e-09	0.01
0.44203125		4.11315252376e-09	0.01
0.44234375		4.11315252376e-09	0.01
0.44265625		4.11315252376e-09	0.01
0.44296875		4.11315252376e-09	0.01
0.44328125		4.11315252376e-09	0.01
0.44359375		4.11315252376e-09	0.01
0.44390625		4.11315252376e-09	0.01
0.44421875		4.11315252376e-09	0.01
0.44453125		4.11315252376e-09	0.01
0.44484375		4.11315252376e-09	0.01
0.44515625		4.11315252376e-09	0.01
0.44546875		4.11315252376e-09	0.01
0.44578125		4.11315252376e-09	0.01
0.44609375		4.11315252376e-09	0.01
0.44640625		4.11315252376e-09	0.01
0.44671875		4.11315252376e-09	0.01
0.44703125		4.11315252376e-09	0.01
0.44734375		4.11315252376e-09	0.01
0.44765625		4.11315252376e-09	0.01
0.44796875		4.11315252376e-09	0.01
0.44828125		4.11315252376e-09	0.01
0.44859375		4.11315252376e-09	0.01
0.44890625		4.11315252376e-09	0.01
0.44921875		4.11315252376e-09	0.01
0.44953125		4.11315252376e-09	0.01
0.44984375		4.11315252376e-09	0.01
0.45015625		4.11315252376e-09	0.01
0.45046875		4.11315252376e-09	0.01
0.45078125		4.11315252376e-09	0.01
0.45109375		4.11315252376e-09	0.01
0.45140625		4.11315252376e-09	0.01
0.45171875		4.11315252376e-09	0.01
0.45203125		4.11315252376e-09	0.01
0.45234375		4.11315252376e-09	0.01
0.45265625		4.11315252376e-09	0.01
0.45296875		4.11315252376e-09	0.01
0.45328125		4.11315252376e-09	0.01
0.45359375		4.11315252376e-09	0.01
0.45390625		4.11315252376e-09	0.01
0.45421875		4.11315252376e-09	0.01
0.45453125		4.11315252376e-09	0.01
0.45484375		4.11315252376e-09	0.01
0.45515625		4.11315252376e-09	0.01
0.45546875		4.11315252376e-09	0.01
0.45578125		4.11315252376e-09	0.01
0.45609375		4.11315252376e-09	0.01
0.45640625		4.11315252376e-09	0.01
0.45671875		4.11315252376e-09	0.01
0.45703125		4.11315252376e-09	0.01
0.45734375		4.11315252376e-09	0.01
0.45765625		4.11315252376e-09	0.01
0.45796875		4.11315252376e-09	0.01
0.45828125		4.11315252376e-09	0.01
0.45859375		4.11315252376e-09	0.01
0.45890625		4.11315252376e-09	0.01
0.45921875		4.11315252376e-09	0.01
0.45953125		4.11315252376e-09	0.01
0.45984375		4.11315252376e-09	0.01
0.46015625		4.11315252376e-09	0.01
0.46046875		4.11315252376e-09	0.01
0.46078125		4.11315252376e-09	0.01
0.46109375		4.11315252376e-09	0.01
0.46140625		4.11315252376e-09	0.01
0.46171875		4.11315252376e-09	0.01
0.46203125		4.11315252376e-09	0.01
0.46234375		4.11315252376e-09	0.01
0.46265625		4.11315252376e-09	0.01
0.46296875		4.11315252376e-09	0.01
0.46328125		4.11315252376e-09	0.01
0.46359375		4.11315252376e-09	0.01
0.46390625		4.11315252376e-09	0.01
0.46421875		4.11315252376e-09	0.01
0.46453125		4.11315252376e-09	0.01
0.46484375		4.11315252376e-09	0.01
0.46515625		4.11315252376e-09	0.01
0.46546875		4.11315252376e-09	0.01
0.46578125		4.11315252376e-09	0.01
0.46609375		4.11315252376e-09	0.01
0.46640625		4.11315252376e-09	0.01
0.46671875		4.11315252376e-09	0.01
0.46703125		4.11315252376e-09	0.01
0.46734375		4.11315252376e-09	0.01
0.46765625		4.11315252376e-09	0.01
0.46796875		4.11315252376e-09	0.01
0.46828125		4.11315252376e-09	0.01
0.46859375		4.11315252376e-09	0.01
0.46890625		4.11315252376e-09	0.01
0.46921875		4.11315252376e-09	0.01
0.46953125		4.11315252376e-09	0.01
0.46984375		4.11315252376e-09	0.01
0.47015625		4.11315252376e-09	0.01
0.47046875		4.11315252376e-09	0.01
0.47078125		4.11315252376e-09	0.01
0.47109375		4.11315252376e-09	0.01
0.47140625		4.11315252376e-09	0.01
0.47171875		4.11315252376e-09	0.01
0.47203125		4.11315252376e-09	0.01
0.47234375		4.11315252376e-09	0.01
0.47265625		4.11315252376e-09	0.01
0.47296875		4.11315252376e-09	0.01
0.47328125		4.11315252376e-09	0.01
0.47359375		4.11315252376e-09	0.01
0.47390625		4.11315252376e-09	0.01
0.47421875		4.11315252376e-09	0.01
0.47453125		4.11315252376e-09	0.01
0.47484375		4.11315252376e-09	0.01
0.47515625		4.11315252376e-09	0.01
0.47546875		4.11315252376e-09	0.01
0.47578125		4.11315252376e-09	0.01
0.47609375		4.11315252376e-09	0.01
0.47640625		4.11315252376e-09	0.01
0.47671875		4.11315252376e-09	0.01
0.47703125		4.11315252376e-09	0.01
0.47734375		4.11315252376e-09	0.01
0.47765625		4.11315252376e-09	0.01
0.47796875		4.11315252376e-09	0.01
0.47828125		4.11315252376e-09	0.01
0.47859375		4.11315252376e-09	0.01
0.47890625		4.11315252376e-09	0.01
0.47921875		4.11315252376e-09	0.01
0.47953125		4.11315252376e-09	0.01
0.47984375		4.11315252376e-09	0.01
0.48015625		4.11315252376e-09	0.01
0.48046875		4.11315252376e-09	0.01
0.48078125		4.11315252376e-09	0.01
0.48109375		4.11315252376e-09	0.01
0.48140625		4.11315252376e-09	0.01
0.48171875		4.11315252376e-09	0.01
0.48203125		4.11315252376e-09	0.01
0.48234375		4.11315252376e-09	0.01
0.48265625		4.11315252376e-09	0.01
0.48296875		4.11315252376e-09	0.01
0.48328125		4.11315252376e-09	0.01
0.48359375		4.11315252376e-09	0.01
0.48390625		4.11315252376e-09	0.01
0.48421875		4.11315252376e-09	0.01
0.48453125		4.11315252376e-09	0.01
0.48484375		4.11315252376e-09	0.01
0.48515625		4.11315252376e-09	0.01
0.48546875		4.11315252376e-09	0.01
0.48578125		4.11315252376e-09	0.01
0.48609375		4.11315252376e-09	0.01
0.48640625		4.11315252376e-09	0.01
0.48671875		4.11315252376e-09	0.01
0.48703125		4.11315252376e-09	0.01
0.48734375		4.11315252376e-09	0.01
0.48765625		4.11315252376e-09	0.01
0.48796875		4.11315252376e-09	0.01
0.48828125		4.11315252376e-09	0.01
0.48859375		4.11315252376e-09	0.01
0.48890625		4.11315252376e-09	0.01
0.48921875		4.11315252376e-09	0.01
0.48953125		4.11315252376e-09	0.01
0.48984375		4.11315252376e-09	0.01
0.49015625		4.11315252376e-09	0.01
0.49046875		4.11315252376e-09	0.01
0.49078125		4.11315252376e-09	0.01
0.49109375		4.11315252376e-09	0.01
0.49140625		4.11315252376e-09	0.01
0.49171875		4.11315252376e-09	0.01
0.49203125		4.11315252376e-09	0.01
0.49234375		4.11315252376e-09	0.01
0.49265625		4.11315252376e-09	0.01
0.49296875		4.11315252376e-09	0.01
0.49328125		4.11315252376e-09	0.01
0.49359375		4.11315252376e-09	0.01
0.49390625		4.11315252376e-09	0.01
0.49421875		4.11315252376e-09	0.01
0.49453125		4.11315252376e-09	0.01
0.49484375		4.11315252376e-09	0.01
0.49515625		4.11315252376e-09	0.01
0.49546875		4.11315252376e-09	0.01
0.49578125		4.11315252376e-09	0.01
0.49609375		4.11315252376e-09	0.01
0.49640625		4.11315252376e-09	0.01
0.49671875		4.11315252376e-09	0.01
0.49703125		4.11315252376e-09	0.01
0.49734375		4.11315252376e-09	0.01
0.49765625		4.11315252376e-09	0.01
0.49796875		4.11315252376e-09	0.01
0.49828125		4.11315252376e-09	0.01
0.49859375		4.11315252376e-09	0.01
0.49890625		4.11315252376e-09	0.01
0.49921875		4.11315252376e-09	0.01
0.49953125		4.11315252376e-09	0.01
0.49984375		4.11315252376e-09	0.01
