0.00015625		0.404302560398	0.995708277381
0.00046875		0.40412551861	0.995599073814
0.00078125		0.403879500126	0.995447615098
0.00109375		0.403646498524	0.995303958733
0.00140625		0.403453981649	0.995185197783
0.00171875		0.403280421193	0.995078091784
0.00203125		0.403114061754	0.994975398352
0.00234375		0.402949431333	0.994873734623
0.00265625		0.402785396928	0.994772416047
0.00296875		0.402622110902	0.994671536436
0.00328125		0.402460307911	0.994571566967
0.00359375		0.402300266224	0.994472669009
0.00390625		0.402142066524	0.994374885841
0.00421875		0.401985689111	0.994278194866
0.00453125		0.401831082784	0.994182549888
0.00484375		0.401678172774	0.994087899701
0.00515625		0.401526893499	0.993994191609
0.00546875		0.401377108934	0.993901377328
0.00578125		0.401228664227	0.993809404333
0.00609375		0.401081478262	0.99371821991
0.00640625		0.400935514899	0.993627778762
0.00671875		0.400790705525	0.993538038393
0.00703125		0.400646990834	0.993448960039
0.00734375		0.40050432591	0.993360500382
0.00765625		0.40036263914	0.99327261896
0.00796875		0.400221914112	0.993185284178
0.00828125		0.400082114413	0.993098469779
0.00859375		0.399943184374	0.993012149859
0.00890625		0.39980502725	0.992926291986
0.00921875		0.399667536181	0.992840865879
0.00953125		0.399530647334	0.992755850444
0.00984375		0.39939442086	0.992671228088
0.01015625		0.399258865076	0.992586974187
0.01046875		0.399123923979	0.992503059031
0.01078125		0.398989549364	0.992419456706
0.01109375		0.398855674688	0.992336149807
0.01140625		0.39872228263	0.992253126963
0.01171875		0.398589338876	0.992170378116
0.01203125		0.398456829374	0.992087889698
0.01234375		0.39832478588	0.992005645224
0.01265625		0.398193165831	0.991923628539
0.01296875		0.398061930322	0.991841824407
0.01328125		0.397931033594	0.991760221808
0.01359375		0.397800441363	0.991678812228
0.01390625		0.397670138594	0.99159758727
0.01421875		0.397540118151	0.991516538249
0.01453125		0.397410407265	0.9914356525
0.01484375		0.397281029428	0.991354914721
0.01515625		0.3971519508	0.991274315674
0.01546875		0.397023145228	0.991193851494
0.01578125		0.396894579449	0.991113518933
0.01609375		0.39676621655	0.991033311588
0.01640625		0.396638022794	0.990953221318
0.01671875		0.396509976523	0.990873241136
0.01703125		0.396382146272	0.99079336414
0.01734375		0.396254532682	0.990713581006
0.01765625		0.396127091391	0.990633882009
0.01796875		0.39599980035	0.990554262039
0.01828125		0.395872660512	0.990474719771
0.01859375		0.395745665345	0.990395252534
0.01890625		0.395618856066	0.990315856508
0.01921875		0.39549222597	0.990236528444
0.01953125		0.395365746042	0.990157264502
0.01984375		0.395239377025	0.990078060391
0.02015625		0.395113091542	0.9899989132
0.02046875		0.394986848802	0.98991982169
0.02078125		0.394860626685	0.989840783144
0.02109375		0.394734517139	0.989761793529
0.02140625		0.394608592829	0.989682847717
0.02171875		0.394482848978	0.989603942173
0.02203125		0.394357275423	0.989525075222
0.02234375		0.39423182964	0.989446245568
0.02265625		0.394106449933	0.989367451129
0.02296875		0.393981106531	0.989288687917
0.02328125		0.393855727685	0.989209952226
0.02359375		0.393730271757	0.989131242392
0.02390625		0.393604862542	0.989052558461
0.02421875		0.393479613157	0.988973899862
0.02453125		0.393354506238	0.988895263733
0.02484375		0.393229539012	0.988816646509
0.02515625		0.39310469545	0.988738046082
0.02546875		0.392979991722	0.988659462321
0.02578125		0.392855288363	0.988580895456
0.02609375		0.392730588855	0.98850234362
0.02640625		0.39260581308	0.988423803748
0.02671875		0.392480922182	0.988345273659
0.02703125		0.392356048894	0.988266753246
0.02734375		0.392231314189	0.988188242743
0.02765625		0.392106698959	0.988109741213
0.02796875		0.391982180247	0.988031246223
0.02828125		0.391857798687	0.987952755714
0.02859375		0.39173357288	0.987874268947
0.02890625		0.391609369861	0.987795786054
0.02921875		0.391485105126	0.987717306769
0.02953125		0.391360788133	0.987638829427
0.02984375		0.391236335405	0.987560352164
0.03015625		0.391111762862	0.987481874223
0.03046875		0.390987292488	0.987403395846
0.03078125		0.390862924906	0.98732491691
0.03109375		0.390738645748	0.987246436201
0.03140625		0.390614560768	0.987167951962
0.03171875		0.390490596251	0.987089462692
0.03203125		0.39036682474	0.987010968054
0.03234375		0.390242925433	0.986932468265
0.03265625		0.390118921932	0.986853963022
0.03296875		0.389994807801	0.986775450965
0.03328125		0.389870470381	0.986696930646
0.03359375		0.389746026067	0.986618401865
0.03390625		0.389621725832	0.986539864962
0.03421875		0.389497570806	0.98646131981
0.03453125		0.389373625543	0.986382765125
0.03484375		0.389249844153	0.986304199311
0.03515625		0.389126371418	0.986225621797
0.03546875		0.389002822416	0.986147032716
0.03578125		0.388878997893	0.9860684325
0.03609375		0.388755050324	0.985989820271
0.03640625		0.388630856346	0.985911195102
0.03671875		0.388506417285	0.985832556673
0.03703125		0.388382076426	0.985753905513
0.03734375		0.388257963192	0.985675241373
0.03765625		0.38813406103	0.985596563222
0.03796875		0.388010384137	0.985517869681
0.03828125		0.387887043541	0.985439159983
0.03859375		0.387763786012	0.985360434024
0.03890625		0.387640116303	0.985281692043
0.03921875		0.387516245043	0.985202933821
0.03953125		0.387392130643	0.98512415851
0.03984375		0.387267696103	0.985045365981
0.04015625		0.387143291658	0.984966556533
0.04046875		0.387019138405	0.984887730245
0.04078125		0.386895183903	0.984808886358
0.04109375		0.38677152869	0.984730023664
0.04140625		0.386648134278	0.984651141372
0.04171875		0.386525065507	0.984572239185
0.04203125		0.386401580489	0.984493317383
0.04234375		0.386277730738	0.984414375927
0.04265625		0.3861536665	0.984335414078
0.04296875		0.386029241161	0.984256431345
0.04328125		0.38590474621	0.98417742837
0.04359375		0.385780502753	0.984098405579
0.04390625		0.385656456806	0.984019362525
0.04421875		0.385532713302	0.983940297873
0.04453125		0.385409158467	0.98386121029
0.04484375		0.385286104765	0.983782099376
0.04515625		0.385162856549	0.983702965616
0.04546875		0.385039048564	0.98362380958
0.04578125		0.384914996905	0.983544630857
0.04609375		0.384790610442	0.983465428381
0.04640625		0.384666005021	0.983386202337
0.04671875		0.384541659925	0.983306953519
0.04703125		0.384417511067	0.983227682151
0.04734375		0.384293535451	0.983148387224
0.04765625		0.384169852904	0.983069067284
0.04796875		0.384046438271	0.982989721492
0.04828125		0.383923370571	0.982910349958
0.04859375		0.38379974476	0.982830953477
0.04890625		0.383675698283	0.982751532282
0.04921875		0.383551327236	0.982672085518
0.04953125		0.383426661396	0.982592612639
0.04984375		0.383302170903	0.982513114411
0.05015625		0.383177864095	0.982433591249
0.05046875		0.383053735987	0.982354043002
0.05078125		0.38292979811	0.982274468194
0.05109375		0.382806045983	0.982194865759
0.05140625		0.38268274199	0.982115235471
0.05171875		0.38255932989	0.98203557781
0.05203125		0.382435323709	0.981955893422
0.05234375		0.38231098599	0.981876181971
0.05265625		0.382186294365	0.981796442867
0.05296875		0.382061612258	0.981716676016
0.05328125		0.38193717839	0.98163688214
0.05359375		0.381812881689	0.981557061334
0.05390625		0.381688700922	0.98147721312
0.05421875		0.38156476235	0.981397336148
0.05453125		0.381440959345	0.981317429688
0.05484375		0.381317503683	0.981237493714
0.05515625		0.381193582638	0.981157528931
0.05546875		0.381069281826	0.981077536018
0.05578125		0.380944595196	0.980997514325
0.05609375		0.380819741884	0.980917463356
0.05640625		0.380695147726	0.980837382847
0.05671875		0.380570672039	0.980757273572
0.05703125		0.38044633938	0.98067713583
0.05734375		0.380322119953	0.980596969056
0.05765625		0.380198022016	0.980516771583
0.05796875		0.38007424232	0.980436542728
0.05828125		0.379950330936	0.980356282907
0.05859375		0.379826005959	0.980275993653
0.05890625		0.379701354309	0.980195675237
0.05921875		0.379576402113	0.980115326519
0.05953125		0.379451578765	0.980034946572
0.05984375		0.379326943688	0.979954535497
0.06015625		0.379202412336	0.979874094813
0.06046875		0.379077945275	0.979793624725
0.06078125		0.378953644874	0.979713123834
0.06109375		0.378829448253	0.979632590073
0.06140625		0.378705422314	0.979552023366
0.06171875		0.378581061527	0.979471425406
0.06203125		0.378456414552	0.979390797867
0.06234375		0.378331412948	0.979310139831
0.06265625		0.378206364926	0.979229449384
0.06296875		0.378081523515	0.979148725756
0.06328125		0.377956755135	0.979067970609
0.06359375		0.377832100914	0.978987185673
0.06390625		0.377707518716	0.978906370147
0.06421875		0.377583016094	0.978825521275
0.06453125		0.377458719596	0.978744637652
0.06484375		0.377334307487	0.97866372074
0.06515625		0.377209624971	0.978582773209
0.06546875		0.37708464708	0.978501795199
0.06578125		0.376959402656	0.978420784411
0.06609375		0.376834291569	0.978339739079
0.06640625		0.376709321296	0.978258660124
0.06671875		0.37658440682	0.978177550152
0.06703125		0.37645955053	0.978096409644
0.06734375		0.376334816858	0.978015236136
0.06765625		0.376210124043	0.977934026988
0.06796875		0.376085574946	0.977852782666
0.06828125		0.375960839844	0.977771505891
0.06859375		0.375835878706	0.977690198237
0.06890625		0.375710596641	0.977608857889
0.06921875		0.375585193414	0.977527482478
0.06953125		0.375459945289	0.977446071869
0.06984375		0.375334791247	0.977364628364
0.07015625		0.375209694838	0.977283153753
0.07046875		0.375084626701	0.977201646457
0.07078125		0.374959678266	0.977120103714
0.07109375		0.374834783589	0.977038524633
0.07140625		0.374709937003	0.976956911238
0.07171875		0.374584930481	0.97687526555
0.07203125		0.37445969112	0.976793587136
0.07234375		0.374334142188	0.97671187373
0.07265625		0.374208586805	0.976630124417
0.07296875		0.374083157224	0.976548340502
0.07328125		0.373957790571	0.976466523926
0.07359375		0.37383248058	0.976384674576
0.07390625		0.373707203243	0.976302790314
0.07421875		0.373582021484	0.976220869624
0.07453125		0.373456895645	0.976138913094
0.07484375		0.373331761736	0.976056922481
0.07515625		0.373206498665	0.975974898411
0.07546875		0.373080975736	0.975892839616
0.07578125		0.372955179421	0.975810744836
0.07609375		0.372829442788	0.975728614369
0.07640625		0.372703808856	0.975646449381
0.07671875		0.372578219969	0.975564250712
0.07703125		0.372452682482	0.975482017553
0.07734375		0.372327181767	0.975399748482
0.07765625		0.372201760235	0.975317442898
0.07796875		0.372076382817	0.975235101509
0.07828125		0.371950984014	0.975152725273
0.07859375		0.371825454349	0.975070314201
0.07890625		0.371699643341	0.974987867547
0.07921875		0.371573610324	0.974905384647
0.07953125		0.371447674123	0.97482286581
0.07984375		0.371321816208	0.974740311735
0.08015625		0.371195998048	0.974657722977
0.08046875		0.371070218749	0.974575098946
0.08078125		0.370944483473	0.974492438507
0.08109375		0.37081881489	0.974409741051
0.08140625		0.370693178802	0.974327007139
0.08171875		0.370567522762	0.974244237786
0.08203125		0.37044171143	0.974161433087
0.08234375		0.370315609322	0.974078592185
0.08265625		0.370189341451	0.973995714344
0.08296875		0.370063195807	0.973912799828
0.08328125		0.36993710392	0.97382984973
0.08359375		0.369811048724	0.973746864581
0.08390625		0.369685026005	0.97366384353
0.08421875		0.369559046828	0.97358078505
0.08453125		0.369433133923	0.973497688846
0.08484375		0.369307243738	0.973414555972
0.08515625		0.369181317868	0.973331387522
0.08546875		0.369055195417	0.973248183073
0.08578125		0.368928787889	0.973164941414
0.08609375		0.368802301452	0.973081662099
0.08640625		0.368675939436	0.972998346005
0.08671875		0.368549609992	0.972914994321
0.08703125		0.368423313245	0.972831606859
0.08734375		0.368297055001	0.972748182247
0.08765625		0.368170831332	0.972664719319
0.08796875		0.368044675678	0.972581218665
0.08828125		0.367918531862	0.972497681626
0.08859375		0.367792309185	0.972414108512
0.08890625		0.367665844862	0.972330498114
0.08921875		0.367539136944	0.972246849426
0.08953125		0.367412451512	0.972163162921
0.08984375		0.367285862503	0.972079440027
0.09015625		0.36715930439	0.971995681257
0.09046875		0.367032765141	0.971911885401
0.09078125		0.366906267604	0.971828050939
0.09109375		0.366779805369	0.971744177738
0.09140625		0.366653389004	0.971660267263
0.09171875		0.366526969379	0.971576320427
0.09203125		0.366400423922	0.97149233643
0.09234375		0.366273617216	0.971408313733
0.09265625		0.366146646573	0.971324252184
0.09296875		0.366019766157	0.971240153215
0.09328125		0.365892939416	0.971156018047
0.09359375		0.36576614104	0.971071846068
0.09390625		0.365639356134	0.970987635471
0.09421875		0.365512603899	0.970903385424
0.09453125		0.365385893685	0.970819097013
0.09484375		0.365259206554	0.970734771791
0.09515625		0.365132492945	0.970650409529
0.09546875		0.365005621096	0.970566008612
0.09578125		0.364878501006	0.970481568057
0.09609375		0.364751297908	0.970397088935
0.09640625		0.364624198628	0.970312572959
0.09671875		0.364497126282	0.970228020278
0.09703125		0.364370074605	0.970143429289
0.09734375		0.364243038348	0.970058798456
0.09765625		0.36411602196	0.96997412824
0.09796875		0.363989050098	0.969889420398
0.09828125		0.363862082995	0.96980467556
0.09859375		0.363735067333	0.969719892283
0.09890625		0.36360787231	0.969635068998
0.09921875		0.363480465999	0.969550206003
0.09953125		0.363353044452	0.96946530522
0.09984375		0.363225706632	0.969380367584
0.10015625		0.363098385701	0.969295391931
0.10046875		0.362971075889	0.969210376433
0.10078125		0.362843785015	0.969125320736
0.10109375		0.362716506794	0.96904022642
0.10140625		0.362589259736	0.968955094756
0.10171875		0.362462006931	0.968869924994
0.10203125		0.362334673023	0.968784715227
0.10234375		0.362207147487	0.968699464931
0.10265625		0.36207947109	0.968614175671
0.10296875		0.361951838424	0.968528849083
0.10328125		0.361824255175	0.968443484676
0.10359375		0.361696687859	0.968358080603
0.10390625		0.361569122987	0.968272635879
0.10421875		0.361441572393	0.968187151511
0.10453125		0.361314042345	0.96810162914
0.10484375		0.361186519289	0.96801606873
0.10515625		0.361058963766	0.967930468645
0.10546875		0.360931282238	0.967844827629
0.10578125		0.360803420214	0.967759146566
0.10609375		0.360675502972	0.967673427285
0.10640625		0.360547660187	0.96758767017
0.10671875		0.36041983431	0.967501873703
0.10703125		0.360292010682	0.967416036421
0.10734375		0.36016419929	0.967330158647
0.10765625		0.360036393811	0.967244241942
0.10796875		0.359908603639	0.967158286998
0.10828125		0.359780797273	0.96707229265
0.10859375		0.359652904477	0.966986257423
0.10890625		0.359524850409	0.966900181326
0.10921875		0.35939669128	0.966814065951
0.10953125		0.359268583506	0.966727912316
0.10984375		0.359140501214	0.96664171962
0.11015625		0.359012425104	0.966555486274
0.11046875		0.358884354568	0.966469211851
0.11078125		0.358756284259	0.966382897479
0.11109375		0.358628230648	0.966296544287
0.11140625		0.358500164206	0.966210151868
0.11171875		0.358372036907	0.966123718774
0.11203125		0.358243774364	0.966037244445
0.11234375		0.358115385993	0.965950729813
0.11265625		0.35798701515	0.965864176163
0.11296875		0.357858679626	0.965777583399
0.11328125		0.357730351373	0.965690950316
0.11359375		0.357602021489	0.965604275998
0.11390625		0.357473692533	0.965517560867
0.11421875		0.357345374853	0.965430806021
0.11453125		0.357217048523	0.965344011739
0.11484375		0.357088677295	0.965257177113
0.11515625		0.356960192145	0.965170301224
0.11546875		0.356831578548	0.965083384314
0.11578125		0.356702949137	0.964996427375
0.11609375		0.356574360548	0.964909430907
0.11640625		0.35644577954	0.964822394321
0.11671875		0.356317193213	0.964735316723
0.11703125		0.356188607679	0.964648197831
0.11734375		0.356060025353	0.964561038223
0.11765625		0.355931438487	0.964473838492
0.11796875		0.355802815861	0.964386598517
0.11828125		0.355674100228	0.964299317642
0.11859375		0.35554525929	0.964211995451
0.11890625		0.355416376745	0.964124632263
0.11921875		0.355287535225	0.964037228631
0.11953125		0.355158700786	0.963949784786
0.11984375		0.355029860177	0.963862300333
0.12015625		0.354901019103	0.963774774624
0.12046875		0.354772175131	0.963687207377
0.12078125		0.354643328021	0.963599598941
0.12109375		0.354514450001	0.96351194988
0.12140625		0.354385492496	0.963424260311
0.12171875		0.354256420091	0.963336529697
0.12203125		0.35412728979	0.96324875745
0.12234375		0.353998195603	0.963160943597
0.12265625		0.353869108809	0.963073088855
0.12296875		0.353740016674	0.962985193802
0.12328125		0.35361092094	0.962897257944
0.12359375		0.353481817327	0.962809280229
0.12390625		0.353352710589	0.962721260161
0.12421875		0.353223575003	0.962633198533
0.12453125		0.353094368121	0.962545096475
0.12484375		0.352965055974	0.962456953958
0.12515625		0.352835682797	0.962368769755
0.12546875		0.352706336838	0.962280542897
0.12578125		0.352576998656	0.962192273979
0.12609375		0.352447655456	0.962103964526
0.12640625		0.352318306646	0.96201561492
0.12671875		0.352188947299	0.961927223678
0.12703125		0.352059581379	0.961838789272
0.12734375		0.351930186262	0.961750311995
0.12765625		0.351800724377	0.961661793755
0.12796875		0.351671165229	0.961573235614
0.12828125		0.351541548937	0.961484636263
0.12859375		0.35141195502	0.961395993682
0.12890625		0.351282367199	0.961307307734
0.12921875		0.351152774135	0.961218580381
0.12953125		0.351023172745	0.961129813206
0.12984375		0.350893560543	0.96104100506
0.13015625		0.350763936425	0.960952153464
0.13046875		0.350634279524	0.960863257853
0.13078125		0.350504556617	0.960774320152
0.13109375		0.350374743878	0.960685342587
0.13140625		0.350244884657	0.960596324515
0.13171875		0.350115046751	0.96050726321
0.13203125		0.349985211082	0.960418157618
0.13234375		0.349855370043	0.960329009378
0.13265625		0.349725516937	0.960239820955
0.13296875		0.349595653127	0.960150592137
0.13328125		0.349465770408	0.960061320116
0.13359375		0.349335849497	0.959972003489
0.13390625		0.349205860207	0.959882643627
0.13421875		0.349075789065	0.959793243182
0.13453125		0.348945690997	0.959703802509
0.13484375		0.348815611885	0.959614319002
0.13515625		0.3486855303	0.959524790958
0.13546875		0.348555441966	0.959435219307
0.13578125		0.348425337896	0.959345606453
0.13609375		0.348295221583	0.959255953046
0.13640625		0.348165079294	0.959166256932
0.13671875		0.34803488992	0.959076516311
0.13703125		0.347904628026	0.958986731806
0.13734375		0.347774300707	0.958896905569
0.13765625		0.347643970045	0.958807038535
0.13796875		0.347513649901	0.9587171291
0.13828125		0.347383324442	0.958627175436
0.13859375		0.347252986948	0.958537177769
0.13890625		0.347122634744	0.958447137722
0.13921875		0.346992263229	0.958357056231
0.13953125		0.346861857266	0.958266932298
0.13984375		0.346731394178	0.95817676435
0.14015625		0.346600858772	0.958086552408
0.14046875		0.346470282872	0.957996297691
0.14078125		0.346339722491	0.957906001059
0.14109375		0.346209161677	0.957815662005
0.14140625		0.346078591916	0.957725279267
0.14171875		0.345948006146	0.957634852579
0.14203125		0.345817405026	0.957544382613
0.14234375		0.345686775192	0.957453870013
0.14265625		0.345556099061	0.957363314705
0.14296875		0.345425355553	0.957272715934
0.14328125		0.345294552356	0.957182073407
0.14359375		0.345163745766	0.957091387402
0.14390625		0.345032950055	0.95700065831
0.14421875		0.344902148249	0.956909886257
0.14453125		0.344771330747	0.956819070891
0.14484375		0.34464049777	0.956728211881
0.14515625		0.344509642548	0.95663730907
0.14546875		0.344378750202	0.956546362591
0.14578125		0.34424779956	0.956455372734
0.14609375		0.34411677956	0.956364339615
0.14640625		0.343985727559	0.956273263104
0.14671875		0.343854691356	0.95618214277
0.14703125		0.343723654179	0.956090978419
0.14734375		0.343592605258	0.955999770339
0.14765625		0.343461537978	0.955908518888
0.14796875		0.343330454575	0.955817224079
0.14828125		0.34319934317	0.95572588532
0.14859375		0.343068186352	0.955634502148
0.14890625		0.342936964792	0.955543074833
0.14921875		0.342805682574	0.95545160401
0.14953125		0.342674392832	0.955360089983
0.14984375		0.342543114938	0.955268532109
0.15015625		0.342411830891	0.955176929639
0.15046875		0.342280530478	0.955085282661
0.15078125		0.342149211483	0.954993591854
0.15109375		0.342017874594	0.954901857745
0.15140625		0.341886507345	0.95481007978
0.15171875		0.341755090696	0.954718257021
0.15203125		0.341623607678	0.954626389407
0.15234375		0.341492074178	0.95453447769
0.15265625		0.341360540133	0.954442522664
0.15296875		0.341229013348	0.954350523918
0.15328125		0.341097477908	0.954258480348
0.15359375		0.34096592436	0.954166391631
0.15390625		0.340834352446	0.954074258396
0.15421875		0.3407027621	0.95398208158
0.15453125		0.340571140968	0.953889861041
0.15484375		0.340439469592	0.953797595652
0.15515625		0.340307733718	0.953705284883
0.15546875		0.340175950807	0.953612929268
0.15578125		0.340044166108	0.953520529886
0.15609375		0.339912386662	0.953428086872
0.15640625		0.339780597859	0.95333559911
0.15671875		0.339648790919	0.953243065777
0.15703125		0.339516965399	0.953150487157
0.15734375		0.339385121788	0.953057864374
0.15765625		0.339253248697	0.952965197894
0.15796875		0.339121327609	0.95287248674
0.15828125		0.338989344249	0.952779729898
0.15859375		0.338857311755	0.952686927441
0.15890625		0.338725272699	0.952594080513
0.15921875		0.338593238853	0.952501189873
0.15953125		0.338461195736	0.952408254727
0.15984375		0.338329134699	0.952315273842
0.16015625		0.338197054939	0.952222246938
0.16046875		0.338064958394	0.952129175071
0.16078125		0.337932835309	0.952036059308
0.16109375		0.337800668185	0.951942899163
0.16140625		0.337668440327	0.951849693284
0.16171875		0.337536158586	0.951756441116
0.16203125		0.337403863973	0.951663143593
0.16234375		0.337271574417	0.951569802015
0.16265625		0.337139276307	0.951476416231
0.16296875		0.337006960518	0.951382984793
0.16328125		0.336874626224	0.951289506773
0.16359375		0.336742276652	0.951195982849
0.16390625		0.336609904779	0.951102414529
0.16421875		0.336477494245	0.951008802102
0.16453125		0.336345024948	0.950915144156
0.16484375		0.336212496911	0.950821439472
0.16515625		0.336079947209	0.950727688444
0.16546875		0.335947399508	0.95063389269
0.16578125		0.335814845032	0.950540052928
0.16609375		0.335682274499	0.950446167875
0.16640625		0.335549686771	0.950352235969
0.16671875		0.335417083897	0.950258257171
0.16703125		0.335284461276	0.950164233126
0.16734375		0.335151808064	0.950070165029
0.16765625		0.335019102045	0.949976051886
0.16796875		0.334886333559	0.949881891923
0.16828125		0.334753528327	0.949787684688
0.16859375		0.334620720304	0.949693431702
0.16890625		0.334487910235	0.94959913455
0.16921875		0.334355085712	0.949504792644
0.16953125		0.334222243629	0.949410404029
0.16984375		0.334089386332	0.949315967757
0.17015625		0.333956511912	0.949221485083
0.17046875		0.333823613698	0.949126957938
0.17078125		0.333690672025	0.94903238626
0.17109375		0.333557669746	0.94893776808
0.17140625		0.333424615874	0.948843102065
0.17171875		0.333291548892	0.948748389118
0.17203125		0.333158480499	0.948653631324
0.17234375		0.33302540071	0.948558829157
0.17265625		0.332892305068	0.948463980756
0.17296875		0.33275919425	0.948369084412
0.17328125		0.332626068465	0.948274140543
0.17359375		0.332492921911	0.948179151233
0.17390625		0.332359741622	0.948084117535
0.17421875		0.332226508509	0.947989037938
0.17453125		0.332093215018	0.947893910487
0.17484375		0.331959892073	0.94779873511
0.17515625		0.331826564655	0.947703513681
0.17546875		0.331693229536	0.947608247731
0.17578125		0.331559879856	0.947512936252
0.17609375		0.33142651558	0.947417577064
0.17640625		0.331293138239	0.947322169567
0.17671875		0.331159741593	0.947226715292
0.17703125		0.331026320008	0.94713121611
0.17734375		0.330892855469	0.94703567169
0.17765625		0.330759331069	0.946940079843
0.17796875		0.330625760017	0.946844439558
0.17828125		0.330492173749	0.946748751919
0.17859375		0.33035858251	0.946653018825
0.17890625		0.33022497799	0.946557240656
0.17921875		0.330091359458	0.946461415409
0.17953125		0.329957729264	0.946365541671
0.17984375		0.329824083716	0.946269620007
0.18015625		0.329690415907	0.946173652171
0.18046875		0.329556716156	0.946077639111
0.18078125		0.329422967125	0.945981579331
0.18109375		0.329289158501	0.945885471242
0.18140625		0.329155318738	0.94578931491
0.18171875		0.329021467441	0.945693111767
0.18203125		0.328887607461	0.94559686297
0.18234375		0.328753734393	0.945500567691
0.18265625		0.32861985017	0.94540422436
0.18296875		0.328485954877	0.945307832587
0.18328125		0.328352039231	0.945211393335
0.18359375		0.328218098281	0.945114907695
0.18390625		0.328084117916	0.94501837551
0.18421875		0.327950084167	0.944921795583
0.18453125		0.327815999845	0.944825167318
0.18484375		0.327681891217	0.944728491123
0.18515625		0.327547772493	0.944631767778
0.18546875		0.327413644861	0.944534997532
0.18578125		0.327279504705	0.944438179759
0.18609375		0.327145353794	0.944341313804
0.18640625		0.327011188732	0.944244399547
0.18671875		0.326876998812	0.944147437305
0.18703125		0.326742778198	0.944050427403
0.18734375		0.326608513542	0.94395336987
0.18765625		0.326474198136	0.943856264407
0.18796875		0.326339841465	0.943759110581
0.18828125		0.326205464551	0.943661908147
0.18859375		0.326071078636	0.943564657123
0.18890625		0.325936678783	0.943467357885
0.18921875		0.325802263692	0.943370010708
0.18953125		0.325667837208	0.943272615169
0.18984375		0.325533394107	0.943175170493
0.19015625		0.325398923661	0.943077676156
0.19046875		0.325264418856	0.942980132464
0.19078125		0.32512986818	0.942882540303
0.19109375		0.32499526774	0.94278489979
0.19140625		0.324860630818	0.942687209925
0.19171875		0.324725979559	0.942589469478
0.19203125		0.324591312759	0.942491678234
0.19234375		0.32445662135	0.942393837342
0.19265625		0.324321914576	0.942295947484
0.19296875		0.324187197392	0.942198007666
0.19328125		0.324052463535	0.942100016193
0.19359375		0.323917702481	0.942001972439
0.19390625		0.323782902224	0.941903877195
0.19421875		0.323648046843	0.941805731244
0.19453125		0.323513130907	0.941707533981
0.19484375		0.323378183875	0.941609284304
0.19515625		0.323243225385	0.941510981325
0.19546875		0.32310824489	0.941412624581
0.19578125		0.322973234586	0.941314214318
0.19609375		0.322838207628	0.941215751598
0.19640625		0.322703171199	0.941117237868
0.19671875		0.322568122128	0.941018673796
0.19703125		0.322433041289	0.940920055925
0.19734375		0.322297896037	0.94082137444
0.19765625		0.322162646839	0.94072261119
0.19796875		0.322027263956	0.94062373305
0.19828125		0.321891678262	0.940524673818
0.19859375		0.321755723453	0.940425301486
0.19890625		0.321619008635	0.940325329504
0.19921875		0.321480545655	0.940224045772
0.19953125		0.321337429213	0.94011934657
0.19984375		0.321178458291	0.940003149797
0.20015625		0.320933775358	0.939843657695
0.20046875		0.320574964238	0.939580514116
0.20078125		0.320173632312	0.939286334212
0.20109375		0.319761488893	0.938983912619
0.20140625		0.319349119048	0.938681010116
0.20171875		0.318939529149	0.938379833204
0.20203125		0.318530889307	0.938079064893
0.20234375		0.318122403296	0.937778122409
0.20265625		0.317713789026	0.937476801717
0.20296875		0.317304927123	0.937175001466
0.20328125		0.316895782456	0.936872679246
0.20359375		0.316486339257	0.936569822017
0.20390625		0.31607656732	0.936266425535
0.20421875		0.315666449337	0.93596248614
0.20453125		0.315255972145	0.93565800028
0.20484375		0.314845134386	0.935352964751
0.20515625		0.314433938208	0.935047376444
0.20546875		0.314022376311	0.93474123237
0.20578125		0.313610497033	0.934434529616
0.20609375		0.313198305906	0.934127265356
0.20640625		0.312785772793	0.933819436978
0.20671875		0.312372885202	0.933511042127
0.20703125		0.31195965145	0.933202078521
0.20734375		0.311546072146	0.932892543884
0.20765625		0.311132137722	0.932582435942
0.20796875		0.310717834172	0.932271752497
0.20828125		0.310303157993	0.931960491424
0.20859375		0.309888108726	0.93164865067
0.20890625		0.309472679573	0.931336228211
0.20921875		0.309056921441	0.931023221972
0.20953125		0.308640834864	0.930709629698
0.20984375		0.308224391583	0.930395449167
0.21015625		0.307807591347	0.930080678202
0.21046875		0.307390441758	0.929765314602
0.21078125		0.306972936103	0.929449356132
0.21109375		0.306555062927	0.929132800567
0.21140625		0.306136809141	0.928815645731
0.21171875		0.305718168608	0.928497889457
0.21203125		0.305299148098	0.928179529585
0.21234375		0.304879755214	0.927860563893
0.21265625		0.304460015326	0.927540990072
0.21296875		0.304039928481	0.927220805719
0.21328125		0.303619487763	0.926900008462
0.21359375		0.303198689992	0.926578595924
0.21390625		0.302777527336	0.926256565722
0.21421875		0.302355991338	0.925933915483
0.21453125		0.30193407337	0.92561064284
0.21484375		0.301511766303	0.925286745447
0.21515625		0.301089067904	0.924962220952
0.21546875		0.300665978477	0.924637066992
0.21578125		0.300242511536	0.924311281163
0.21609375		0.299818688683	0.923984860975
0.21640625		0.299394513388	0.923657803844
0.21671875		0.298969980099	0.923330107172
0.21703125		0.298545073453	0.923001768358
0.21734375		0.298119785088	0.922672784849
0.21765625		0.297694106659	0.922343154104
0.21796875		0.297268032918	0.922012873599
0.21828125		0.296841564699	0.921681940791
0.21859375		0.296414701401	0.921350353113
0.21890625		0.295987442147	0.921018107968
0.21921875		0.295559790862	0.920685202738
0.21953125		0.295131774734	0.920351634719
0.21984375		0.294703402337	0.920017401113
0.22015625		0.294274657508	0.919682499097
0.22046875		0.29384552244	0.919346925918
0.22078125		0.293415988557	0.919010678846
0.22109375		0.292986048614	0.91867375517
0.22140625		0.292555702397	0.918336152168
0.22171875		0.292124955438	0.917997867093
0.22203125		0.291693809336	0.917658897149
0.22234375		0.291262262075	0.917319239517
0.22265625		0.290830313039	0.916978891361
0.22296875		0.290397983905	0.916637849794
0.22328125		0.28996528464	0.916296111826
0.22359375		0.289532198046	0.915953674434
0.22390625		0.289098707703	0.915610534655
0.22421875		0.288664803421	0.915266689552
0.22453125		0.288230477427	0.914922136212
0.22484375		0.287795734367	0.91457687171
0.22515625		0.287360583385	0.91423089307
0.22546875		0.286925027734	0.913884197259
0.22578125		0.286489064169	0.91353678121
0.22609375		0.286052689302	0.913188641852
0.22640625		0.285615917006	0.912839776074
0.22671875		0.285178754267	0.912490180689
0.22703125		0.2847411875	0.912139852484
0.22734375		0.284303205439	0.911788788279
0.22765625		0.283864797827	0.911436984909
0.22796875		0.283425956325	0.911084439227
0.22828125		0.282986686055	0.910731148077
0.22859375		0.282546997083	0.910377108242
0.22890625		0.282106893967	0.910022316442
0.22921875		0.28166637396	0.909666769355
0.22953125		0.281225432495	0.909310463651
0.22984375		0.280784076184	0.908953395979
0.23015625		0.280342307452	0.908595562925
0.23046875		0.279900117666	0.908236961064
0.23078125		0.279457501067	0.907877586971
0.23109375		0.279014448388	0.907517437222
0.23140625		0.278570951519	0.907156508402
0.23171875		0.278127013936	0.906794797088
0.23203125		0.277682644003	0.906432299801
0.23234375		0.277237845748	0.906069013001
0.23265625		0.276792617067	0.905704933114
0.23296875		0.276346957394	0.905340056542
0.23328125		0.275900867634	0.904974379652
0.23359375		0.275454344298	0.904607898784
0.23390625		0.275007383097	0.904240610263
0.23421875		0.274559980505	0.903872510401
0.23453125		0.274112129814	0.903503595493
0.23484375		0.273663825086	0.903133861837
0.23515625		0.273215067636	0.902763305709
0.23546875		0.272765862499	0.902391923339
0.23578125		0.272316212661	0.902019710907
0.23609375		0.271866117703	0.90164666455
0.23640625		0.271415579651	0.901272780372
0.23671875		0.270964595554	0.900898054437
0.23703125		0.270513160925	0.900522482793
0.23734375		0.270061271265	0.900146061472
0.23765625		0.269608922434	0.899768786489
0.23796875		0.2691561096	0.899390653844
0.23828125		0.268702831229	0.899011659519
0.23859375		0.268249089068	0.898631799462
0.23890625		0.267794885009	0.898251069572
0.23921875		0.267340219699	0.897869465706
0.23953125		0.266885092221	0.897486983683
0.23984375		0.266429504557	0.897103619286
0.24015625		0.265973455027	0.896719368254
0.24046875		0.265516938757	0.896334226302
0.24078125		0.265059950505	0.895948189124
0.24109375		0.264602483943	0.895561252399
0.24140625		0.264144536184	0.895173411798
0.24171875		0.263686109335	0.894784662959
0.24203125		0.263227206068	0.89439500147
0.24234375		0.262767826408	0.894004422864
0.24265625		0.262307968366	0.893612922639
0.24296875		0.261847630749	0.893220496259
0.24328125		0.261386813862	0.892827139146
0.24359375		0.260925516287	0.892432846686
0.24390625		0.260463733997	0.892037614227
0.24421875		0.260001462592	0.891641437098
0.24453125		0.259538695579	0.891244310602
0.24484375		0.259075430546	0.890846230026
0.24515625		0.258611670249	0.890447190613
0.24546875		0.258147417196	0.89004718755
0.24578125		0.257682670799	0.889646215969
0.24609375		0.257217428889	0.889244270968
0.24640625		0.256751690316	0.8888413476
0.24671875		0.256285453216	0.888437440883
0.24703125		0.255818714083	0.888032545794
0.24734375		0.255351470072	0.887626657281
0.24765625		0.25488371741	0.887219770258
0.24796875		0.254415452034	0.886811879608
0.24828125		0.253946673013	0.88640298018
0.24859375		0.253477381359	0.885993066771
0.24890625		0.253007577686	0.885582134126
0.24921875		0.252537261174	0.885170176938
0.24953125		0.252066430736	0.884757189855
0.24984375		0.251595084941	0.884343167476
0.25015625		0.251123220072	0.883928104359
0.25046875		0.250650832056	0.883511995027
0.25078125		0.250177917177	0.883094833968
0.25109375		0.249704472499	0.88267661563
0.25140625		0.249230497367	0.882257334422
0.25171875		0.248755991686	0.881836984694
0.25203125		0.248280954692	0.881415560746
0.25234375		0.247805385031	0.880993056822
0.25265625		0.247329281393	0.880569467118
0.25296875		0.246852642935	0.88014478578
0.25328125		0.246375467526	0.879719006897
0.25359375		0.24589775127	0.879292124515
0.25390625		0.24541949006	0.878864132639
0.25421875		0.244940679648	0.878435025233
0.25453125		0.244461318643	0.878004796214
0.25484375		0.243981407444	0.877573439445
0.25515625		0.243500945709	0.877140948723
0.25546875		0.243019931607	0.876707317787
0.25578125		0.242538362937	0.876272540321
0.25609375		0.242056238227	0.875836609955
0.25640625		0.241573555574	0.875399520263
0.25671875		0.241090311894	0.874961264761
0.25703125		0.240606503983	0.874521836917
0.25734375		0.240122128008	0.874081230145
0.25765625		0.239637180795	0.87363943781
0.25796875		0.239151661377	0.873196453221
0.25828125		0.238665569319	0.872752269619
0.25859375		0.238178903559	0.872306880178
0.25890625		0.237691662065	0.871860278009
0.25921875		0.237203843003	0.87141245616
0.25953125		0.236715444061	0.870963407615
0.25984375		0.236226461911	0.870513125298
0.26015625		0.235736893294	0.870061602075
0.26046875		0.235246735013	0.86960883075
0.26078125		0.234755984246	0.869154804068
0.26109375		0.234264639143	0.868699514708
0.26140625		0.233772698216	0.868242955282
0.26171875		0.233280159942	0.867785118325
0.26203125		0.232787022447	0.867325996304
0.26234375		0.232293283877	0.866865581614
0.26265625		0.231798942216	0.866403866576
0.26296875		0.231303994336	0.865940843441
0.26328125		0.230808436496	0.865476504393
0.26359375		0.230312264992	0.865010841547
0.26390625		0.229815476921	0.864543846953
0.26421875		0.229318070571	0.864075512582
0.26453125		0.228820044282	0.863605830329
0.26484375		0.228321396034	0.863134792007
0.26515625		0.227822123372	0.862662389349
0.26546875		0.227322224003	0.862188614011
0.26578125		0.226821695842	0.861713457565
0.26609375		0.226320536162	0.861236911503
0.26640625		0.225818741494	0.860758967236
0.26671875		0.225316308086	0.860279616096
0.26703125		0.224813232308	0.859798849338
0.26734375		0.224309511739	0.859316658136
0.26765625		0.223805144566	0.858833033571
0.26796875		0.223300128845	0.858347966637
0.26828125		0.222794462037	0.857861448234
0.26859375		0.222288141495	0.857373469174
0.26890625		0.22178116464	0.856884020174
0.26921875		0.221273528447	0.856393091862
0.26953125		0.220765229508	0.855900674772
0.26984375		0.220256264317	0.855406759348
0.27015625		0.219746629301	0.85491133594
0.27046875		0.219236321378	0.854414394807
0.27078125		0.21872533798	0.853915926105
0.27109375		0.21821367681	0.853415919892
0.27140625		0.217701335397	0.852914366118
0.27171875		0.217188311008	0.852411254633
0.27203125		0.216674600864	0.851906575176
0.27234375		0.21616020166	0.851400317385
0.27265625		0.215645109645	0.850892470791
0.27296875		0.215129321009	0.850383024819
0.27328125		0.214612832124	0.849871968791
0.27359375		0.214095639869	0.849359291915
0.27390625		0.21357774131	0.84884498329
0.27421875		0.213059133663	0.848329031896
0.27453125		0.212539814015	0.847811426595
0.27484375		0.212019779325	0.84729215613
0.27515625		0.211499026618	0.846771209125
0.27546875		0.210977552534	0.846248574077
0.27578125		0.210455353188	0.845724239365
0.27609375		0.209932424494	0.845198193246
0.27640625		0.209408762363	0.844670423851
0.27671875		0.208884363233	0.844140919187
0.27703125		0.208359223989	0.843609667132
0.27734375		0.207833341707	0.843076655426
0.27765625		0.207306713118	0.842541871675
0.27796875		0.206779334781	0.842005303347
0.27828125		0.206251203279	0.84146693777
0.27859375		0.205722314873	0.840926762132
0.27890625		0.205192665478	0.840384763479
0.27921875		0.204662250993	0.839840928715
0.27953125		0.204131067134	0.8392952446
0.27984375		0.203599109712	0.838747697748
0.28015625		0.203066375085	0.838198274621
0.28046875		0.202532860045	0.837646961528
0.28078125		0.201998561138	0.837093744616
0.28109375		0.201463474657	0.836538609875
0.28140625		0.200927596787	0.835981543132
0.28171875		0.200390923295	0.835422530049
0.28203125		0.199853449658	0.834861556126
0.28234375		0.199315171443	0.834298606696
0.28265625		0.198776084159	0.833733666923
0.28296875		0.198236183391	0.833166721799
0.28328125		0.19769546508	0.832597756139
0.28359375		0.197153925482	0.83202675458
0.28390625		0.196611560664	0.831453701572
0.28421875		0.196068366548	0.830878581378
0.28453125		0.195524338973	0.830301378073
0.28484375		0.194979473339	0.82972207554
0.28515625		0.194433764706	0.829140657469
0.28546875		0.193887208154	0.828557107353
0.28578125		0.193339798721	0.82797140849
0.28609375		0.192791531667	0.827383543973
0.28640625		0.192242402669	0.82679349669
0.28671875		0.191692407515	0.826201249313
0.28703125		0.191141541695	0.825606784301
0.28734375		0.190589800622	0.82501008389
0.28765625		0.190037179601	0.824411130097
0.28796875		0.189483673548	0.823809904709
0.28828125		0.188929277143	0.823206389289
0.28859375		0.188373985079	0.822600565166
0.28890625		0.187817791963	0.821992413437
0.28921875		0.187260692505	0.821381914956
0.28953125		0.186702681848	0.820769050333
0.28984375		0.186143755249	0.820153799926
0.29015625		0.185583907705	0.819536143837
0.29046875		0.185023134116	0.818916061908
0.29078125		0.184461429163	0.818293533717
0.29109375		0.18389878715	0.817668538573
0.29140625		0.183335202235	0.817041055515
0.29171875		0.182770668633	0.816411063306
0.29203125		0.182205180602	0.815778540429
0.29234375		0.181638732318	0.815143465078
0.29265625		0.181071318166	0.814505815156
0.29296875		0.18050293265	0.813865568265
0.29328125		0.179933570165	0.813222701704
0.29359375		0.179363225021	0.81257719246
0.29390625		0.178791891317	0.811929017204
0.29421875		0.178219562772	0.811278152284
0.29453125		0.177646232927	0.810624573727
0.29484375		0.177071895342	0.809968257225
0.29515625		0.176496543675	0.809309178134
0.29546875		0.175920171579	0.808647311462
0.29578125		0.175342772641	0.807982631867
0.29609375		0.174764340481	0.807315113646
0.29640625		0.174184868743	0.806644730731
0.29671875		0.173604350988	0.805971456678
0.29703125		0.173022780623	0.805295264661
0.29734375		0.172440150763	0.804616127467
0.29765625		0.171856454304	0.803934017488
0.29796875		0.17127168406	0.803248906714
0.29828125		0.170685832858	0.802560766724
0.29859375		0.170098893546	0.80186956868
0.29890625		0.169510858904	0.801175283312
0.29921875		0.168921721673	0.800477880918
0.29953125		0.16833147459	0.799777331347
0.29984375		0.16774011031	0.799073603994
0.30015625		0.167147621353	0.798366667788
0.30046875		0.166554000045	0.797656491186
0.30078125		0.16595923852	0.796943042159
0.30109375		0.165363328782	0.796226288187
0.30140625		0.164766262726	0.795506196248
0.30171875		0.164168032196	0.794782732804
0.30203125		0.163568628977	0.794055863793
0.30234375		0.162968044777	0.793325554618
0.30265625		0.162366271271	0.792591770133
0.30296875		0.161763300083	0.79185447463
0.30328125		0.16115912273	0.791113631831
0.30359375		0.160553730535	0.790369204872
0.30390625		0.159947114605	0.789621156291
0.30421875		0.159339265895	0.788869448016
0.30453125		0.158730175235	0.788114041353
0.30484375		0.158119833348	0.78735489697
0.30515625		0.157508230873	0.786591974883
0.30546875		0.156895358327	0.785825234441
0.30578125		0.156281206103	0.785054634313
0.30609375		0.155665764525	0.784280132467
0.30640625		0.155049023827	0.78350168616
0.30671875		0.154430974105	0.782719251917
0.30703125		0.153811605295	0.781932785516
0.30734375		0.153190907108	0.781142241969
0.30765625		0.152568869037	0.780347575508
0.30796875		0.151945480395	0.779548739561
0.30828125		0.151320730392	0.778745686739
0.30859375		0.150694608144	0.777938368813
0.30890625		0.150067102608	0.777126736694
0.30921875		0.149438202583	0.77631074041
0.30953125		0.148807896734	0.775490329088
0.30984375		0.148176173574	0.774665450931
0.31015625		0.14754302144	0.773836053191
0.31046875		0.146908428505	0.77300208215
0.31078125		0.146272382721	0.772163483095
0.31109375		0.145634871772	0.77132020029
0.31140625		0.144995883108	0.770472176954
0.31171875		0.144355404031	0.769619355232
0.31203125		0.143713421708	0.768761676169
0.31234375		0.143069923112	0.76789907968
0.31265625		0.142424895025	0.76703150452
0.31296875		0.141778324034	0.766158888254
0.31328125		0.141130196511	0.765281167226
0.31359375		0.140480498593	0.764398276525
0.31390625		0.139829216197	0.763510149953
0.31421875		0.139176335009	0.76261671999
0.31453125		0.13852184042	0.761717917756
0.31484375		0.137865717534	0.760813672976
0.31515625		0.13720795122	0.759903913941
0.31546875		0.136548526137	0.75898856747
0.31578125		0.135887426705	0.758067558865
0.31609375		0.135224637106	0.75714081187
0.31640625		0.134560141266	0.756208248626
0.31671875		0.133893922823	0.755269789626
0.31703125		0.133225965102	0.754325353665
0.31734375		0.132556251121	0.753374857794
0.31765625		0.131884763597	0.752418217268
0.31796875		0.131211484936	0.75145534549
0.31828125		0.130536397202	0.750486153959
0.31859375		0.12985948212	0.749510552214
0.31890625		0.129180721086	0.748528447772
0.31921875		0.128500095181	0.747539746066
0.31953125		0.127817585168	0.746544350385
0.31984375		0.127133171474	0.745542161801
0.32015625		0.126446834151	0.744533079106
0.32046875		0.125758552838	0.743516998736
0.32078125		0.125068306756	0.742493814699
0.32109375		0.124376074721	0.741463418494
0.32140625		0.123681835148	0.740425699034
0.32171875		0.122985566024	0.73938054256
0.32203125		0.1222872449	0.738327832553
0.32234375		0.12158684887	0.737267449643
0.32265625		0.120884354559	0.736199271514
0.32296875		0.120179738123	0.735123172803
0.32328125		0.119472975259	0.734039024998
0.32359375		0.11876404119	0.732946696332
0.32390625		0.118052910613	0.731846051665
0.32421875		0.117339557656	0.730736952369
0.32453125		0.116623955863	0.729619256207
0.32484375		0.115906078202	0.728492817201
0.32515625		0.115185897063	0.7273574855
0.32546875		0.114463384249	0.726213107241
0.32578125		0.113738510956	0.725059524398
0.32609375		0.113011247735	0.723896574632
0.32640625		0.112281564456	0.722724091127
0.32671875		0.111549430291	0.721541902423
0.32703125		0.110814813719	0.720349832239
0.32734375		0.11007768251	0.719147699289
0.32765625		0.109338003689	0.717935317084
0.32796875		0.108595743478	0.716712493733
0.32828125		0.107850867259	0.715479031722
0.32859375		0.107103339557	0.714234727697
0.32890625		0.106353124028	0.712979372223
0.32921875		0.105600183451	0.711712749535
0.32953125		0.104844479702	0.710434637279
0.32984375		0.104085973714	0.709144806234
0.33015625		0.103324625405	0.707843020022
0.33046875		0.102560393632	0.706529034805
0.33078125		0.101793236165	0.705202598959
0.33109375		0.10102310967	0.703863452737
0.33140625		0.100249969675	0.702511327908
0.33171875		0.0994737705138	0.701145947378
0.33203125		0.0986944652635	0.699767024789
0.33234375		0.0979120056761	0.698374264096
0.33265625		0.0971263421268	0.696967359115
0.33296875		0.0963374235892	0.695545993053
0.33328125		0.0955451976082	0.694109837998
0.33359375		0.0947496102394	0.69265855439
0.33390625		0.0939506059517	0.691191790448
0.33421875		0.0931481275265	0.689709181571
0.33453125		0.0923421159856	0.688210349697
0.33484375		0.0915325105378	0.68669490262
0.33515625		0.0907192485243	0.68516243327
0.33546875		0.0899022653453	0.68361251893
0.33578125		0.0890814943563	0.68204472042
0.33609375		0.0882568667478	0.680458581215
0.33640625		0.0874283114324	0.678853626501
0.33671875		0.0865957549408	0.677229362174
0.33703125		0.0857591213321	0.675585273762
0.33734375		0.0849183320988	0.673920825272
0.33765625		0.0840733060375	0.672235457956
0.33796875		0.0832239590848	0.670528588978
0.33828125		0.0823702041431	0.668799609993
0.33859375		0.0815119509185	0.667047885608
0.33890625		0.080649105769	0.665272751733
0.33921875		0.0797815715593	0.663473513796
0.33953125		0.0789092474866	0.661649444821
0.33984375		0.0780320288577	0.659799783342
0.34015625		0.0771498068389	0.65792373116
0.34046875		0.0762624682059	0.656020450895
0.34078125		0.0753698950991	0.654089063343
0.34109375		0.0744719647713	0.652128644599
0.34140625		0.0735685493071	0.65013822292
0.34171875		0.0726595153039	0.648116775318
0.34203125		0.0717447235107	0.646063223829
0.34234375		0.0708240284318	0.64397643144
0.34265625		0.0698972779089	0.641855197622
0.34296875		0.0689643126968	0.639698253441
0.34328125		0.0680249660103	0.637504256168
0.34359375		0.0670790630148	0.635271783353
0.34390625		0.0661264202444	0.632999326284
0.34421875		0.0651668449537	0.630685282751
0.34453125		0.0642001344162	0.628327949037
0.34484375		0.0632260751755	0.625925511008
0.34515625		0.062244442238	0.623476034214
0.34546875		0.0612549981789	0.620977452825
0.34578125		0.0602574921336	0.618427557267
0.34609375		0.0592516586644	0.615823980344
0.34640625		0.0582372165027	0.613164181635
0.34671875		0.0572138671619	0.610445429887
0.34703125		0.0561812934017	0.607664783087
0.34734375		0.0551391575147	0.604819065846
0.34765625		0.0540870993938	0.601904843627
0.34796875		0.0530247343417	0.598918393281
0.34828125		0.0519516505809	0.595855669233
0.34859375		0.0508674064294	0.592712264507
0.34890625		0.0497715270983	0.589483365622
0.34921875		0.0486635010419	0.586163700147
0.34953125		0.0475427757656	0.582747475432
0.34984375		0.0464087529762	0.579228306647
0.35015625		0.0452607829467	0.575599131822
0.35046875		0.0440981579423	0.571852110903
0.35078125		0.0429201045124	0.567978505063
0.35109375		0.0417257744047	0.563968531368
0.35140625		0.0405142337918	0.55981118656
0.35171875		0.0392844503944	0.555494031641
0.35203125		0.0380352779399	0.551002926161
0.35234375		0.0367654372353	0.546321697251
0.35265625		0.0354734929247	0.541431723053
0.35296875		0.0341578246753	0.536311402333
0.35328125		0.0328165910779	0.5309354706
0.35359375		0.031447683875	0.525274105931
0.35390625		0.0300486689438	0.51929174043
0.35421875		0.0286167089418	0.512945451487
0.35453125		0.0271484605977	0.506182741614
0.35484375		0.0256399352978	0.498938401434
0.35515625		0.0240863039989	0.49112994875
0.35546875		0.0224816155407	0.482650775968
0.35578125		0.020818377018	0.47335945697
0.35609375		0.0190869050873	0.463062282741
0.35640625		0.0172742793407	0.451483118756
0.35671875		0.0153625726277	0.43820769525
0.35703125		0.0133255296887	0.422569790343
0.35734375		0.0111210999125	0.403380386791
0.35765625		0.00867330008239	0.378162763333
0.35796875		0.00582770125903	0.340391168131
0.35828125		0.00272347097695	0.278250683818
0.35859375		0.00017800338326	0.126514884816
0.35890625		1.30476637598e-08	0.0120375699108
0.35921875		4.113405412e-09	0.0100000778616
0.35953125		4.11315253084e-09	0.0100000000022
0.35984375		4.11315252376e-09	0.01
0.36015625		4.11315252376e-09	0.01
0.36046875		4.11315252376e-09	0.01
0.36078125		4.11315252376e-09	0.01
0.36109375		4.11315252376e-09	0.01
0.36140625		4.11315252376e-09	0.01
0.36171875		4.11315252376e-09	0.01
0.36203125		4.11315252376e-09	0.01
0.36234375		4.11315252376e-09	0.01
0.36265625		4.11315252376e-09	0.01
0.36296875		4.11315252376e-09	0.01
0.36328125		4.11315252376e-09	0.01
0.36359375		4.11315252376e-09	0.01
0.36390625		4.11315252376e-09	0.01
0.36421875		4.11315252376e-09	0.01
0.36453125		4.11315252376e-09	0.01
0.36484375		4.11315252376e-09	0.01
0.36515625		4.11315252376e-09	0.01
0.36546875		4.11315252376e-09	0.01
0.36578125		4.11315252376e-09	0.01
0.36609375		4.11315252376e-09	0.01
0.36640625		4.11315252376e-09	0.01
0.36671875		4.11315252376e-09	0.01
0.36703125		4.11315252376e-09	0.01
0.36734375		4.11315252376e-09	0.01
0.36765625		4.11315252376e-09	0.01
0.36796875		4.11315252376e-09	0.01
0.36828125		4.11315252376e-09	0.01
0.36859375		4.11315252376e-09	0.01
0.36890625		4.11315252376e-09	0.01
0.36921875		4.11315252376e-09	0.01
0.36953125		4.11315252376e-09	0.01
0.36984375		4.11315252376e-09	0.01
0.37015625		4.11315252376e-09	0.01
0.37046875		4.11315252376e-09	0.01
0.37078125		4.11315252376e-09	0.01
0.37109375		4.11315252376e-09	0.01
0.37140625		4.11315252376e-09	0.01
0.37171875		4.11315252376e-09	0.01
0.37203125		4.11315252376e-09	0.01
0.37234375		4.11315252376e-09	0.01
0.37265625		4.11315252376e-09	0.01
0.37296875		4.11315252376e-09	0.01
0.37328125		4.11315252376e-09	0.01
0.37359375		4.11315252376e-09	0.01
0.37390625		4.11315252376e-09	0.01
0.37421875		4.11315252376e-09	0.01
0.37453125		4.11315252376e-09	0.01
0.37484375		4.11315252376e-09	0.01
0.37515625		4.11315252376e-09	0.01
0.37546875		4.11315252376e-09	0.01
0.37578125		4.11315252376e-09	0.01
0.37609375		4.11315252376e-09	0.01
0.37640625		4.11315252376e-09	0.01
0.37671875		4.11315252376e-09	0.01
0.37703125		4.11315252376e-09	0.01
0.37734375		4.11315252376e-09	0.01
0.37765625		4.11315252376e-09	0.01
0.37796875		4.11315252376e-09	0.01
0.37828125		4.11315252376e-09	0.01
0.37859375		4.11315252376e-09	0.01
0.37890625		4.11315252376e-09	0.01
0.37921875		4.11315252376e-09	0.01
0.37953125		4.11315252376e-09	0.01
0.37984375		4.11315252376e-09	0.01
0.38015625		4.11315252376e-09	0.01
0.38046875		4.11315252376e-09	0.01
0.38078125		4.11315252376e-09	0.01
0.38109375		4.11315252376e-09	0.01
0.38140625		4.11315252376e-09	0.01
0.38171875		4.11315252376e-09	0.01
0.38203125		4.11315252376e-09	0.01
0.38234375		4.11315252376e-09	0.01
0.38265625		4.11315252376e-09	0.01
0.38296875		4.11315252376e-09	0.01
0.38328125		4.11315252376e-09	0.01
0.38359375		4.11315252376e-09	0.01
0.38390625		4.11315252376e-09	0.01
0.38421875		4.11315252376e-09	0.01
0.38453125		4.11315252376e-09	0.01
0.38484375		4.11315252376e-09	0.01
0.38515625		4.11315252376e-09	0.01
0.38546875		4.11315252376e-09	0.01
0.38578125		4.11315252376e-09	0.01
0.38609375		4.11315252376e-09	0.01
0.38640625		4.11315252376e-09	0.01
0.38671875		4.11315252376e-09	0.01
0.38703125		4.11315252376e-09	0.01
0.38734375		4.11315252376e-09	0.01
0.38765625		4.11315252376e-09	0.01
0.38796875		4.11315252376e-09	0.01
0.38828125		4.11315252376e-09	0.01
0.38859375		4.11315252376e-09	0.01
0.38890625		4.11315252376e-09	0.01
0.38921875		4.11315252376e-09	0.01
0.38953125		4.11315252376e-09	0.01
0.38984375		4.11315252376e-09	0.01
0.39015625		4.11315252376e-09	0.01
0.39046875		4.11315252376e-09	0.01
0.39078125		4.11315252376e-09	0.01
0.39109375		4.11315252376e-09	0.01
0.39140625		4.11315252376e-09	0.01
0.39171875		4.11315252376e-09	0.01
0.39203125		4.11315252376e-09	0.01
0.39234375		4.11315252376e-09	0.01
0.39265625		4.11315252376e-09	0.01
0.39296875		4.11315252376e-09	0.01
0.39328125		4.11315252376e-09	0.01
0.39359375		4.11315252376e-09	0.01
0.39390625		4.11315252376e-09	0.01
0.39421875		4.11315252376e-09	0.01
0.39453125		4.11315252376e-09	0.01
0.39484375		4.11315252376e-09	0.01
0.39515625		4.11315252376e-09	0.01
0.39546875		4.11315252376e-09	0.01
0.39578125		4.11315252376e-09	0.01
0.39609375		4.11315252376e-09	0.01
0.39640625		4.11315252376e-09	0.01
0.39671875		4.11315252376e-09	0.01
0.39703125		4.11315252376e-09	0.01
0.39734375		4.11315252376e-09	0.01
0.39765625		4.11315252376e-09	0.01
0.39796875		4.11315252376e-09	0.01
0.39828125		4.11315252376e-09	0.01
0.39859375		4.11315252376e-09	0.01
0.39890625		4.11315252376e-09	0.01
0.39921875		4.11315252376e-09	0.01
0.39953125		4.11315252376e-09	0.01
0.39984375		4.11315252376e-09	0.01
0.40015625		4.11315252376e-09	0.01
0.40046875		4.11315252376e-09	0.01
0.40078125		4.11315252376e-09	0.01
0.40109375		4.11315252376e-09	0.01
0.40140625		4.11315252376e-09	0.01
0.40171875		4.11315252376e-09	0.01
0.40203125		4.11315252376e-09	0.01
0.40234375		4.11315252376e-09	0.01
0.40265625		4.11315252376e-09	0.01
0.40296875		4.11315252376e-09	0.01
0.40328125		4.11315252376e-09	0.01
0.40359375		4.11315252376e-09	0.01
0.40390625		4.11315252376e-09	0.01
0.40421875		4.11315252376e-09	0.01
0.40453125		4.11315252376e-09	0.01
0.40484375		4.11315252376e-09	0.01
0.40515625		4.11315252376e-09	0.01
0.40546875		4.11315252376e-09	0.01
0.40578125		4.11315252376e-09	0.01
0.40609375		4.11315252376e-09	0.01
0.40640625		4.11315252376e-09	0.01
0.40671875		4.11315252376e-09	0.01
0.40703125		4.11315252376e-09	0.01
0.40734375		4.11315252376e-09	0.01
0.40765625		4.11315252376e-09	0.01
0.40796875		4.11315252376e-09	0.01
0.40828125		4.11315252376e-09	0.01
0.40859375		4.11315252376e-09	0.01
0.40890625		4.11315252376e-09	0.01
0.40921875		4.11315252376e-09	0.01
0.40953125		4.11315252376e-09	0.01
0.40984375		4.11315252376e-09	0.01
0.41015625		4.11315252376e-09	0.01
0.41046875		4.11315252376e-09	0.01
0.41078125		4.11315252376e-09	0.01
0.41109375		4.11315252376e-09	0.01
0.41140625		4.11315252376e-09	0.01
0.41171875		4.11315252376e-09	0.01
0.41203125		4.11315252376e-09	0.01
0.41234375		4.11315252376e-09	0.01
0.41265625		4.11315252376e-09	0.01
0.41296875		4.11315252376e-09	0.01
0.41328125		4.11315252376e-09	0.01
0.41359375		4.11315252376e-09	0.01
0.41390625		4.11315252376e-09	0.01
0.41421875		4.11315252376e-09	0.01
0.41453125		4.11315252376e-09	0.01
0.41484375		4.11315252376e-09	0.01
0.41515625		4.11315252376e-09	0.01
0.41546875		4.11315252376e-09	0.01
0.41578125		4.11315252376e-09	0.01
0.41609375		4.11315252376e-09	0.01
0.41640625		4.11315252376e-09	0.01
0.41671875		4.11315252376e-09	0.01
0.41703125		4.11315252376e-09	0.01
0.41734375		4.11315252376e-09	0.01
0.41765625		4.11315252376e-09	0.01
0.41796875		4.11315252376e-09	0.01
0.41828125		4.11315252376e-09	0.01
0.41859375		4.11315252376e-09	0.01
0.41890625		4.11315252376e-09	0.01
0.41921875		4.11315252376e-09	0.01
0.41953125		4.11315252376e-09	0.01
0.41984375		4.11315252376e-09	0.01
0.42015625		4.11315252376e-09	0.01
0.42046875		4.11315252376e-09	0.01
0.42078125		4.11315252376e-09	0.01
0.42109375		4.11315252376e-09	0.01
0.42140625		4.11315252376e-09	0.01
0.42171875		4.11315252376e-09	0.01
0.42203125		4.11315252376e-09	0.01
0.42234375		4.11315252376e-09	0.01
0.42265625		4.11315252376e-09	0.01
0.42296875		4.11315252376e-09	0.01
0.42328125		4.11315252376e-09	0.01
0.42359375		4.11315252376e-09	0.01
0.42390625		4.11315252376e-09	0.01
0.42421875		4.11315252376e-09	0.01
0.42453125		4.11315252376e-09	0.01
0.42484375		4.11315252376e-09	0.01
0.42515625		4.11315252376e-09	0.01
0.42546875		4.11315252376e-09	0.01
0.42578125		4.11315252376e-09	0.01
0.42609375		4.11315252376e-09	0.01
0.42640625		4.11315252376e-09	0.01
0.42671875		4.11315252376e-09	0.01
0.42703125		4.11315252376e-09	0.01
0.42734375		4.11315252376e-09	0.01
0.42765625		4.11315252376e-09	0.01
0.42796875		4.11315252376e-09	0.01
0.42828125		4.11315252376e-09	0.01
0.42859375		4.11315252376e-09	0.01
0.42890625		4.11315252376e-09	0.01
0.42921875		4.11315252376e-09	0.01
0.42953125		4.11315252376e-09	0.01
0.42984375		4.11315252376e-09	0.01
0.43015625		4.11315252376e-09	0.01
0.43046875		4.11315252376e-09	0.01
0.43078125		4.11315252376e-09	0.01
0.43109375		4.11315252376e-09	0.01
0.43140625		4.11315252376e-09	0.01
0.43171875		4.11315252376e-09	0.01
0.43203125		4.11315252376e-09	0.01
0.43234375		4.11315252376e-09	0.01
0.43265625		4.11315252376e-09	0.01
0.43296875		4.11315252376e-09	0.01
0.43328125		4.11315252376e-09	0.01
0.43359375		4.11315252376e-09	0.01
0.43390625		4.11315252376e-09	0.01
0.43421875		4.11315252376e-09	0.01
0.43453125		4.11315252376e-09	0.01
0.43484375		4.11315252376e-09	0.01
0.43515625		4.11315252376e-09	0.01
0.43546875		4.11315252376e-09	0.01
0.43578125		4.11315252376e-09	0.01
0.43609375		4.11315252376e-09	0.01
0.43640625		4.11315252376e-09	0.01
0.43671875		4.11315252376e-09	0.01
0.43703125		4.11315252376e-09	0.01
0.43734375		4.11315252376e-09	0.01
0.43765625		4.11315252376e-09	0.01
0.43796875		4.11315252376e-09	0.01
0.43828125		4.11315252376e-09	0.01
0.43859375		4.11315252376e-09	0.01
0.43890625		4.11315252376e-09	0.01
0.43921875		4.11315252376e-09	0.01
0.43953125		4.11315252376e-09	0.01
0.43984375		4.11315252376e-09	0.01
0.44015625		4.11315252376e-09	0.01
0.44046875		4.11315252376e-09	0.01
0.44078125		4.11315252376e-09	0.01
0.44109375		4.11315252376e-09	0.01
0.44140625		4.11315252376e-09	0.01
0.44171875		4.11315252376e-09	0.01
0.44203125		4.11315252376e-09	0.01
0.44234375		4.11315252376e-09	0.01
0.44265625		4.11315252376e-09	0.01
0.44296875		4.11315252376e-09	0.01
0.44328125		4.11315252376e-09	0.01
0.44359375		4.11315252376e-09	0.01
0.44390625		4.11315252376e-09	0.01
0.44421875		4.11315252376e-09	0.01
0.44453125		4.11315252376e-09	0.01
0.44484375		4.11315252376e-09	0.01
0.44515625		4.11315252376e-09	0.01
0.44546875		4.11315252376e-09	0.01
0.44578125		4.11315252376e-09	0.01
0.44609375		4.11315252376e-09	0.01
0.44640625		4.11315252376e-09	0.01
0.44671875		4.11315252376e-09	0.01
0.44703125		4.11315252376e-09	0.01
0.44734375		4.11315252376e-09	0.01
0.44765625		4.11315252376e-09	0.01
0.44796875		4.11315252376e-09	0.01
0.44828125		4.11315252376e-09	0.01
0.44859375		4.11315252376e-09	0.01
0.44890625		4.11315252376e-09	0.01
0.44921875		4.11315252376e-09	0.01
0.44953125		4.11315252376e-09	0.01
0.44984375		4.11315252376e-09	0.01
0.45015625		4.11315252376e-09	0.01
0.45046875		4.11315252376e-09	0.01
0.45078125		4.11315252376e-09	0.01
0.45109375		4.11315252376e-09	0.01
0.45140625		4.11315252376e-09	0.01
0.45171875		4.11315252376e-09	0.01
0.45203125		4.11315252376e-09	0.01
0.45234375		4.11315252376e-09	0.01
0.45265625		4.11315252376e-09	0.01
0.45296875		4.11315252376e-09	0.01
0.45328125		4.11315252376e-09	0.01
0.45359375		4.11315252376e-09	0.01
0.45390625		4.11315252376e-09	0.01
0.45421875		4.11315252376e-09	0.01
0.45453125		4.11315252376e-09	0.01
0.45484375		4.11315252376e-09	0.01
0.45515625		4.11315252376e-09	0.01
0.45546875		4.11315252376e-09	0.01
0.45578125		4.11315252376e-09	0.01
0.45609375		4.11315252376e-09	0.01
0.45640625		4.11315252376e-09	0.01
0.45671875		4.11315252376e-09	0.01
0.45703125		4.11315252376e-09	0.01
0.45734375		4.11315252376e-09	0.01
0.45765625		4.11315252376e-09	0.01
0.45796875		4.11315252376e-09	0.01
0.45828125		4.11315252376e-09	0.01
0.45859375		4.11315252376e-09	0.01
0.45890625		4.11315252376e-09	0.01
0.45921875		4.11315252376e-09	0.01
0.45953125		4.11315252376e-09	0.01
0.45984375		4.11315252376e-09	0.01
0.46015625		4.11315252376e-09	0.01
0.46046875		4.11315252376e-09	0.01
0.46078125		4.11315252376e-09	0.01
0.46109375		4.11315252376e-09	0.01
0.46140625		4.11315252376e-09	0.01
0.46171875		4.11315252376e-09	0.01
0.46203125		4.11315252376e-09	0.01
0.46234375		4.11315252376e-09	0.01
0.46265625		4.11315252376e-09	0.01
0.46296875		4.11315252376e-09	0.01
0.46328125		4.11315252376e-09	0.01
0.46359375		4.11315252376e-09	0.01
0.46390625		4.11315252376e-09	0.01
0.46421875		4.11315252376e-09	0.01
0.46453125		4.11315252376e-09	0.01
0.46484375		4.11315252376e-09	0.01
0.46515625		4.11315252376e-09	0.01
0.46546875		4.11315252376e-09	0.01
0.46578125		4.11315252376e-09	0.01
0.46609375		4.11315252376e-09	0.01
0.46640625		4.11315252376e-09	0.01
0.46671875		4.11315252376e-09	0.01
0.46703125		4.11315252376e-09	0.01
0.46734375		4.11315252376e-09	0.01
0.46765625		4.11315252376e-09	0.01
0.46796875		4.11315252376e-09	0.01
0.46828125		4.11315252376e-09	0.01
0.46859375		4.11315252376e-09	0.01
0.46890625		4.11315252376e-09	0.01
0.46921875		4.11315252376e-09	0.01
0.46953125		4.11315252376e-09	0.01
0.46984375		4.11315252376e-09	0.01
0.47015625		4.11315252376e-09	0.01
0.47046875		4.11315252376e-09	0.01
0.47078125		4.11315252376e-09	0.01
0.47109375		4.11315252376e-09	0.01
0.47140625		4.11315252376e-09	0.01
0.47171875		4.11315252376e-09	0.01
0.47203125		4.11315252376e-09	0.01
0.47234375		4.11315252376e-09	0.01
0.47265625		4.11315252376e-09	0.01
0.47296875		4.11315252376e-09	0.01
0.47328125		4.11315252376e-09	0.01
0.47359375		4.11315252376e-09	0.01
0.47390625		4.11315252376e-09	0.01
0.47421875		4.11315252376e-09	0.01
0.47453125		4.11315252376e-09	0.01
0.47484375		4.11315252376e-09	0.01
0.47515625		4.11315252376e-09	0.01
0.47546875		4.11315252376e-09	0.01
0.47578125		4.11315252376e-09	0.01
0.47609375		4.11315252376e-09	0.01
0.47640625		4.11315252376e-09	0.01
0.47671875		4.11315252376e-09	0.01
0.47703125		4.11315252376e-09	0.01
0.47734375		4.11315252376e-09	0.01
0.47765625		4.11315252376e-09	0.01
0.47796875		4.11315252376e-09	0.01
0.47828125		4.11315252376e-09	0.01
0.47859375		4.11315252376e-09	0.01
0.47890625		4.11315252376e-09	0.01
0.47921875		4.11315252376e-09	0.01
0.47953125		4.11315252376e-09	0.01
0.47984375		4.11315252376e-09	0.01
0.48015625		4.11315252376e-09	0.01
0.48046875		4.11315252376e-09	0.01
0.48078125		4.11315252376e-09	0.01
0.48109375		4.11315252376e-09	0.01
0.48140625		4.11315252376e-09	0.01
0.48171875		4.11315252376e-09	0.01
0.48203125		4.11315252376e-09	0.01
0.48234375		4.11315252376e-09	0.01
0.48265625		4.11315252376e-09	0.01
0.48296875		4.11315252376e-09	0.01
0.48328125		4.11315252376e-09	0.01
0.48359375		4.11315252376e-09	0.01
0.48390625		4.11315252376e-09	0.01
0.48421875		4.11315252376e-09	0.01
0.48453125		4.11315252376e-09	0.01
0.48484375		4.11315252376e-09	0.01
0.48515625		4.11315252376e-09	0.01
0.48546875		4.11315252376e-09	0.01
0.48578125		4.11315252376e-09	0.01
0.48609375		4.11315252376e-09	0.01
0.48640625		4.11315252376e-09	0.01
0.48671875		4.11315252376e-09	0.01
0.48703125		4.11315252376e-09	0.01
0.48734375		4.11315252376e-09	0.01
0.48765625		4.11315252376e-09	0.01
0.48796875		4.11315252376e-09	0.01
0.48828125		4.11315252376e-09	0.01
0.48859375		4.11315252376e-09	0.01
0.48890625		4.11315252376e-09	0.01
0.48921875		4.11315252376e-09	0.01
0.48953125		4.11315252376e-09	0.01
0.48984375		4.11315252376e-09	0.01
0.49015625		4.11315252376e-09	0.01
0.49046875		4.11315252376e-09	0.01
0.49078125		4.11315252376e-09	0.01
0.49109375		4.11315252376e-09	0.01
0.49140625		4.11315252376e-09	0.01
0.49171875		4.11315252376e-09	0.01
0.49203125		4.11315252376e-09	0.01
0.49234375		4.11315252376e-09	0.01
0.49265625		4.11315252376e-09	0.01
0.49296875		4.11315252376e-09	0.01
0.49328125		4.11315252376e-09	0.01
0.49359375		4.11315252376e-09	0.01
0.49390625		4.11315252376e-09	0.01
0.49421875		4.11315252376e-09	0.01
0.49453125		4.11315252376e-09	0.01
0.49484375		4.11315252376e-09	0.01
0.49515625		4.11315252376e-09	0.01
0.49546875		4.11315252376e-09	0.01
0.49578125		4.11315252376e-09	0.01
0.49609375		4.11315252376e-09	0.01
0.49640625		4.11315252376e-09	0.01
0.49671875		4.11315252376e-09	0.01
0.49703125		4.11315252376e-09	0.01
0.49734375		4.11315252376e-09	0.01
0.49765625		4.11315252376e-09	0.01
0.49796875		4.11315252376e-09	0.01
0.49828125		4.11315252376e-09	0.01
0.49859375		4.11315252376e-09	0.01
0.49890625		4.11315252376e-09	0.01
0.49921875		4.11315252376e-09	0.01
0.49953125		4.11315252376e-09	0.01
0.49984375		4.11315252376e-09	0.01
