0.00015625		0.390429493853	0.987039582954
0.00046875		0.389893467579	0.986699449407
0.00078125		0.389146926847	0.98622654405
0.00109375		0.388437511576	0.985776281744
0.00140625		0.387849777193	0.985402734271
0.00171875		0.387318478812	0.985064677459
0.00203125		0.386808205746	0.984739659053
0.00234375		0.386303004196	0.984417531144
0.00265625		0.38579956253	0.984096198306
0.00296875		0.385298421235	0.98377600138
0.00328125		0.38480186229	0.983458426496
0.00359375		0.384310625608	0.983143964057
0.00390625		0.383824866417	0.982832717526
0.00421875		0.38334448468	0.98252462117
0.00453125		0.382869261591	0.982219540773
0.00484375		0.382398936067	0.981917317332
0.00515625		0.38193323016	0.981617783195
0.00546875		0.381471862865	0.981320771446
0.00578125		0.381014565364	0.981026121174
0.00609375		0.380561091395	0.980733678904
0.00640625		0.380111210575	0.980443297029
0.00671875		0.379664698523	0.980154831801
0.00703125		0.379221332746	0.979868145348
0.00734375		0.37878090938	0.979583111276
0.00765625		0.378343259056	0.979299620556
0.00796875		0.377908242939	0.979017582294
0.00828125		0.377475719333	0.97873690815
0.00859375		0.377045515209	0.978457496013
0.00890625		0.376617448424	0.978179243033
0.00921875		0.376191376941	0.977902070576
0.00953125		0.375767200811	0.977625923599
0.00984375		0.375344837824	0.977350720661
0.01015625		0.374924133595	0.97707635427
0.01046875		0.374504963455	0.976802731235
0.01078125		0.374087250034	0.976529803657
0.01109375		0.373670918087	0.976257545657
0.01140625		0.373255868809	0.975985917662
0.01171875		0.372841994659	0.975714863922
0.01203125		0.37242920231	0.97544432483
0.01234375		0.372017477887	0.975174245487
0.01265625		0.37160675927	0.974904579642
0.01296875		0.371196989351	0.974635292347
0.01328125		0.370788122622	0.97436636112
0.01359375		0.370380113132	0.974097772273
0.01390625		0.369972897987	0.973829501362
0.01421875		0.369566383942	0.973561487321
0.01453125		0.369160451225	0.973293656307
0.01484375		0.368755035933	0.973025966419
0.01515625		0.368350245782	0.972758427336
0.01546875		0.367946072418	0.972491044911
0.01578125		0.36754245175	0.972223800063
0.01609375		0.3671393074	0.971956656316
0.01640625		0.366736568128	0.971689572043
0.01671875		0.366334161988	0.971422511155
0.01703125		0.365932053786	0.97115544926
0.01734375		0.365530241472	0.970888372984
0.01765625		0.365128784317	0.970621273641
0.01796875		0.364727643913	0.970354141553
0.01828125		0.364326774463	0.970086964852
0.01859375		0.36392613688	0.969819730315
0.01890625		0.363525688732	0.969552423909
0.01921875		0.363125406711	0.969285031693
0.01953125		0.362725320634	0.969017540508
0.01984375		0.362325452338	0.968749937663
0.02015625		0.361925766969	0.968482210544
0.02046875		0.361526215774	0.968214347105
0.02078125		0.361126759117	0.967946336365
0.02109375		0.360727328532	0.967678168531
0.02140625		0.360327878731	0.967409834878
0.02171875		0.359928529062	0.96714132738
0.02203125		0.359529339301	0.966872637684
0.02234375		0.359130274924	0.966603756601
0.02265625		0.358731295216	0.966334674606
0.02296875		0.358332353952	0.966065382486
0.02328125		0.357933408804	0.965795871489
0.02359375		0.357534363763	0.965526133588
0.02390625		0.357135113161	0.965256161573
0.02421875		0.356735736232	0.964985948896
0.02453125		0.356336525035	0.964715489294
0.02484375		0.355937419849	0.96444477669
0.02515625		0.355538359739	0.964173805255
0.02546875		0.355139294887	0.963902569223
0.02578125		0.354740174422	0.96363106311
0.02609375		0.354340918549	0.963359281556
0.02640625		0.353941419837	0.963087219308
0.02671875		0.353541593722	0.96281487154
0.02703125		0.35314166114	0.962542233589
0.02734375		0.3527418688	0.962269300382
0.02765625		0.352342112281	0.961996066971
0.02796875		0.35194236338	0.961722528703
0.02828125		0.35154255775	0.961448681088
0.02859375		0.351142624114	0.961174519621
0.02890625		0.350742493476	0.960900039913
0.02921875		0.350342073597	0.960625237853
0.02953125		0.349941292308	0.960350109576
0.02984375		0.349540297386	0.96007465143
0.03015625		0.349139367028	0.959798859417
0.03046875		0.348738428608	0.959522729411
0.03078125		0.348337467643	0.959246257596
0.03109375		0.347936489129	0.958969440223
0.03140625		0.347535367644	0.958692273588
0.03171875		0.347133987689	0.958414754066
0.03203125		0.346732257619	0.958136878172
0.03234375		0.346330152532	0.957858642778
0.03265625		0.34592773898	0.957580044823
0.03296875		0.345525288693	0.957301081045
0.03328125		0.345122829169	0.957021747871
0.03359375		0.344720243861	0.956742041861
0.03390625		0.344317667877	0.956461960005
0.03421875		0.343915013181	0.956181499148
0.03453125		0.343512109454	0.955900656309
0.03484375		0.34310879589	0.955619428774
0.03515625		0.342705044322	0.955337814005
0.03546875		0.342300920429	0.955055809706
0.03578125		0.34189669042	0.954773413041
0.03609375		0.341492404363	0.954490620892
0.03640625		0.341087973023	0.954207429992
0.03671875		0.34068357656	0.953923837303
0.03703125		0.34027913866	0.953639839546
0.03734375		0.339874444947	0.95335543354
0.03765625		0.339469280663	0.95307061632
0.03796875		0.339063577661	0.952785385264
0.03828125		0.338657420468	0.952499738033
0.03859375		0.338251137759	0.952213672146
0.03890625		0.337844851549	0.951927184685
0.03921875		0.337438526911	0.951640272743
0.03953125		0.337032293265	0.951352933376
0.03984375		0.336625934914	0.95106516376
0.04015625		0.336219191597	0.950776961174
0.04046875		0.335811792559	0.95048832318
0.04078125		0.335403662884	0.950199247668
0.04109375		0.334995124569	0.949909732571
0.04140625		0.334586671131	0.949619775315
0.04171875		0.334178311454	0.949329372788
0.04203125		0.333770025754	0.949038521836
0.04234375		0.333361829492	0.948747219628
0.04265625		0.332953460752	0.948455463304
0.04296875		0.332544504041	0.948163250608
0.04328125		0.332134582093	0.947870579472
0.04359375		0.331723713154	0.947577448372
0.04390625		0.331312631253	0.947283855489
0.04421875		0.330901796964	0.946989798115
0.04453125		0.330491121504	0.946695273166
0.04484375		0.330080578969	0.946400277734
0.04515625		0.329670233412	0.946104808524
0.04546875		0.329259758205	0.945808862826
0.04578125		0.328848637358	0.945512437959
0.04609375		0.328436262948	0.945215532314
0.04640625		0.328022615956	0.944918144577
0.04671875		0.327608698662	0.944620273323
0.04703125		0.327195219903	0.944321915622
0.04734375		0.326781935188	0.944023068342
0.04765625		0.326368853286	0.943723728378
0.04796875		0.32595615071	0.943423892532
0.04828125		0.325543402825	0.943123557686
0.04859375		0.32513014209	0.942822721101
0.04890625		0.324715463594	0.942521381132
0.04921875		0.32429909792	0.942219536865
0.04953125		0.323882116046	0.941917187408
0.04984375		0.32346578225	0.941614330083
0.05015625		0.323049642359	0.941310961411
0.05046875		0.322633798335	0.941007078216
0.05078125		0.322218335911	0.940702677282
0.05109375		0.321803031709	0.940397755172
0.05140625		0.32138741795	0.940092308877
0.05171875		0.320970489415	0.939786336372
0.05203125		0.32055162087	0.939479836807
0.05234375		0.320131593353	0.939172809701
0.05265625		0.319712167368	0.938865252886
0.05296875		0.319293087763	0.938557162642
0.05328125		0.318874276054	0.938248535896
0.05359375		0.318455704003	0.937939369343
0.05390625		0.318037481655	0.937629659699
0.05421875		0.317619139846	0.937319403743
0.05453125		0.317199878282	0.937008598928
0.05484375		0.316778749315	0.936697244029
0.05515625		0.316355963734	0.936385338549
0.05546875		0.315933355421	0.936072881065
0.05578125		0.315511285052	0.935759867895
0.05609375		0.315089324851	0.935446295844
0.05640625		0.314667509392	0.935132161599
0.05671875		0.314245982209	0.934817462034
0.05703125		0.313824477105	0.934502193646
0.05734375		0.313402523268	0.934186353796
0.05765625		0.312979205957	0.933869940166
0.05796875		0.312554100744	0.933552951887
0.05828125		0.312128265431	0.933235387845
0.05859375		0.311702970918	0.932917245415
0.05890625		0.311277774142	0.932598520902
0.05921875		0.310852450782	0.932279211325
0.05953125		0.310427168736	0.931959313711
0.05984375		0.310002029882	0.931638824705
0.06015625		0.309576915627	0.931317741254
0.06046875		0.309151456053	0.930996059969
0.06078125		0.308724965589	0.930673778822
0.06109375		0.308296943956	0.930350895898
0.06140625		0.307867852734	0.930027410247
0.06171875		0.307438971076	0.929703319377
0.06203125		0.307010272323	0.929378619932
0.06234375		0.306581408663	0.929053308544
0.06265625		0.306152239465	0.928727382263
0.06296875		0.305722988789	0.928400838494
0.06328125		0.305293827895	0.928073673555
0.06359375		0.304864853565	0.92774588464
0.06390625		0.304435681875	0.927417467776
0.06421875		0.304005693815	0.9270884208
0.06453125		0.303573991054	0.926758741381
0.06484375		0.303140534971	0.926428429137
0.06515625		0.302707022391	0.926097482363
0.06546875		0.302273985107	0.925765897404
0.06578125		0.301841079446	0.925433670494
0.06609375		0.301408298493	0.925100797958
0.06640625		0.300975537605	0.92476727654
0.06671875		0.300543018118	0.924433102405
0.06703125		0.300110306691	0.924098272485
0.06734375		0.299676659623	0.923762783347
0.06765625		0.299241062906	0.923426633557
0.06796875		0.298803598936	0.92308982234
0.06828125		0.298366422745	0.922752348027
0.06859375		0.297929745682	0.922414206471
0.06890625		0.297493112754	0.922075393504
0.06921875		0.297056617915	0.921735905745
0.06953125		0.296620150013	0.921395739334
0.06984375		0.296183791069	0.921054890739
0.07015625		0.295747117501	0.920713356451
0.07046875		0.295309235514	0.920371133608
0.07078125		0.294869324251	0.920028220672
0.07109375		0.294428123315	0.919684616711
0.07140625		0.293987462519	0.919340318906
0.07171875		0.293547107464	0.918995322951
0.07203125		0.293106763724	0.918649624872
0.07234375		0.292666404793	0.918303220829
0.07265625		0.29222612375	0.917956107266
0.07296875		0.291785735707	0.917608280276
0.07328125		0.291344761877	0.917259736492
0.07359375		0.290902306567	0.916910473332
0.07390625		0.290457933771	0.916560489272
0.07421875		0.290013142655	0.916209782861
0.07453125		0.289568875868	0.915858350011
0.07484375		0.289124669868	0.915506186436
0.07515625		0.288680483978	0.915153288037
0.07546875		0.288236154414	0.914799651118
0.07578125		0.287791856557	0.914445271901
0.07609375		0.287347256871	0.914090146566
0.07640625		0.286901716481	0.913734271778
0.07671875		0.286454479916	0.913377645099
0.07703125		0.286005837808	0.913020265004
0.07734375		0.285557403675	0.912662128789
0.07765625		0.285109250921	0.912303231847
0.07796875		0.284661056343	0.911943569874
0.07828125		0.284212782382	0.911583138757
0.07859375		0.283764336988	0.911221934731
0.07890625		0.283315842267	0.910859953718
0.07921875		0.282866918667	0.910497191737
0.07953125		0.282416867412	0.910133645403
0.07984375		0.281965120173	0.909769312377
0.08015625		0.281512318566	0.909404190901
0.08046875		0.281059841989	0.909038277349
0.08078125		0.280607454166	0.908671567014
0.08109375		0.280155005407	0.908304055321
0.08140625		0.27970224107	0.907935738292
0.08171875		0.279249218404	0.907566611888
0.08203125		0.278796115871	0.907196672169
0.08234375		0.278342928323	0.906825914486
0.08265625		0.277889212002	0.906454334823
0.08296875		0.277434254969	0.906081929644
0.08328125		0.276977591476	0.905708696668
0.08359375		0.276519938381	0.905334633518
0.08390625		0.276062599365	0.904959736324
0.08421875		0.27560529566	0.904584000043
0.08453125		0.275147880174	0.904207420114
0.08484375		0.274690131892	0.903829992156
0.08515625		0.274232018713	0.903451711897
0.08546875		0.273773637802	0.903072575117
0.08578125		0.273315122601	0.902692577306
0.08609375		0.272856151036	0.902311714074
0.08640625		0.272396175222	0.901929981441
0.08671875		0.271934750887	0.90154737627
0.08703125		0.271472314884	0.901163895657
0.08734375		0.271009986879	0.900779535628
0.08765625		0.270547771886	0.900394290949
0.08796875		0.27008545596	0.900008156605
0.08828125		0.269622809556	0.899621127753
0.08859375		0.269159831435	0.899233199918
0.08890625		0.268696528022	0.898844368427
0.08921875		0.268232671631	0.898454628755
0.08953125		0.267767772958	0.898063976688
0.08984375		0.267301544447	0.897672408767
0.09015625		0.266834508572	0.897279921608
0.09046875		0.266367620681	0.896886510586
0.09078125		0.265900781955	0.896492170213
0.09109375		0.265433795407	0.896096895095
0.09140625		0.264966403352	0.895700680244
0.09171875		0.264498634791	0.895303520807
0.09203125		0.264030402407	0.894905411942
0.09234375		0.263561388176	0.894506348916
0.09265625		0.263091210656	0.894106327544
0.09296875		0.262619880256	0.893705344137
0.09328125		0.262148268627	0.893303394433
0.09359375		0.261676810442	0.892900472916
0.09390625		0.261205302826	0.892496573624
0.09421875		0.260733439183	0.892091691067
0.09453125		0.260261135991	0.891685820018
0.09484375		0.259788349723	0.891278955464
0.09515625		0.259314879999	0.890871092242
0.09546875		0.258840346501	0.890462225661
0.09578125		0.25836465387	0.890052351425
0.09609375		0.257888406693	0.889641465205
0.09640625		0.257412258699	0.889229561431
0.09671875		0.256936112666	0.888816633772
0.09703125		0.25645964604	0.888402676267
0.09734375		0.255982701472	0.887987683201
0.09765625		0.255505233107	0.887571649355
0.09796875		0.255027079256	0.887154569144
0.09828125		0.254547896723	0.88673643759
0.09859375		0.254067604003	0.886317249803
0.09890625		0.253586697884	0.885897001001
0.09921875		0.25310581373	0.885475685445
0.09953125		0.252624924083	0.885053296391
0.09984375		0.252143715031	0.884629827527
0.10015625		0.251661987903	0.884205272639
0.10046875		0.251179694663	0.883779626186
0.10078125		0.250696659985	0.883352882274
0.10109375		0.250212587033	0.88292503551
0.10140625		0.249727463597	0.882496080603
0.10171875		0.249241789761	0.882066012125
0.10203125		0.248756106593	0.881634823895
0.10234375		0.248270373461	0.881202508818
0.10265625		0.247784273184	0.880769060161
0.10296875		0.247297598977	0.880334471316
0.10328125		0.246810315165	0.879898736213
0.10359375		0.246322197988	0.879461848681
0.10390625		0.245833038059	0.879023802998
0.10421875		0.245342896537	0.878584593401
0.10453125		0.244852310418	0.878144213814
0.10484375		0.244361709411	0.877702657387
0.10515625		0.24387098749	0.877259916658
0.10546875		0.243379822711	0.876815984452
0.10578125		0.242888041784	0.876370853785
0.10609375		0.242395599781	0.875924518074
0.10640625		0.241902255633	0.875476970726
0.10671875		0.241407871651	0.875028205556
0.10703125		0.240912567956	0.874578216227
0.10734375		0.240416871322	0.874126995999
0.10765625		0.239921115347	0.87367453736
0.10796875		0.239425183608	0.873220832374
0.10828125		0.238928765284	0.872765873354
0.10859375		0.238431709495	0.872309652919
0.10890625		0.237933967983	0.871852163796
0.10921875		0.237435316118	0.871393398891
0.10953125		0.236935638705	0.870933351398
0.10984375		0.236435033927	0.870472014464
0.11015625		0.235933961378	0.870009380764
0.11046875		0.235432741468	0.869545442252
0.11078125		0.234931340916	0.86908019047
0.11109375		0.234429474849	0.868613617093
0.11140625		0.233926954526	0.868145714086
0.11171875		0.233423761771	0.867676473553
0.11203125		0.232919721175	0.867205887709
0.11234375		0.232414660646	0.866733948999
0.11265625		0.23190864045	0.866260649915
0.11296875		0.23140194135	0.865785982634
0.11328125		0.230894969491	0.86530993872
0.11359375		0.230387815451	0.864832509121
0.11390625		0.229880278938	0.864353684772
0.11421875		0.22937210922	0.863873456829
0.11453125		0.228863260786	0.863391816693
0.11484375		0.228353649646	0.862908755772
0.11515625		0.227843077543	0.8624242656
0.11546875		0.227331518097	0.861938337959
0.11578125		0.226819073014	0.861450964377
0.11609375		0.226306119871	0.860962136049
0.11640625		0.225792907248	0.860471843423
0.11671875		0.225279419561	0.859980076674
0.11703125		0.2247653992	0.859486826002
0.11734375		0.224250676099	0.85899208189
0.11765625		0.223735235671	0.858495834923
0.11796875		0.223218936645	0.857998075721
0.11828125		0.222701633555	0.857498795066
0.11859375		0.222183389407	0.856997983768
0.11890625		0.221664333316	0.856495632321
0.11921875		0.221144839536	0.855991730824
0.11953125		0.220625058787	0.855486268773
0.11984375		0.220104901697	0.854979235411
0.12015625		0.219584101874	0.85447062009
0.12046875		0.219062564672	0.853960412378
0.12078125		0.218540238905	0.853448601922
0.12109375		0.218016971111	0.852935178457
0.12140625		0.2174927003	0.85242013188
0.12171875		0.216967510795	0.851903451846
0.12203125		0.216441595584	0.851385127734
0.12234375		0.215915263583	0.85086514845
0.12265625		0.215388604505	0.850343502372
0.12296875		0.214861457148	0.849820177689
0.12328125		0.214333582629	0.849295162752
0.12359375		0.21380492993	0.848768446107
0.12390625		0.213275398361	0.848240016387
0.12421875		0.212744855479	0.847709862325
0.12453125		0.212213337443	0.847177972638
0.12484375		0.211680914941	0.84664433568
0.12515625		0.21114785753	0.846108939587
0.12546875		0.21061439559	0.845571771882
0.12578125		0.210080543285	0.845032819719
0.12609375		0.209546066699	0.844492070062
0.12640625		0.209010799436	0.843949510165
0.12671875		0.208474687267	0.843405127384
0.12703125		0.207937591251	0.842858909219
0.12734375		0.207399453709	0.842310843195
0.12765625		0.206860360812	0.84176091657
0.12796875		0.206320413148	0.84120911632
0.12828125		0.205779924522	0.840655429003
0.12859375		0.20523902886	0.840099840683
0.12890625		0.204697626859	0.839542337001
0.12921875		0.204155460485	0.838982903686
0.12953125		0.20361244779	0.838421526649
0.12984375		0.203068473013	0.837858191977
0.13015625		0.202523430601	0.837292885838
0.13046875		0.2019773672	0.836725594199
0.13078125		0.201430342178	0.836156302637
0.13109375		0.200882595681	0.835584996481
0.13140625		0.200334373994	0.835011660595
0.13171875		0.199785695861	0.834436279251
0.13203125		0.199236322604	0.833858836476
0.13234375		0.198686087056	0.833279316522
0.13265625		0.198134899859	0.832697703839
0.13296875		0.197582628358	0.83211398311
0.13328125		0.197029267789	0.831528138763
0.13359375		0.196474896949	0.830940154825
0.13390625		0.195919636884	0.830350015021
0.13421875		0.195363801482	0.829757702807
0.13453125		0.19480750104	0.829163200954
0.13484375		0.194250575409	0.828566491704
0.13515625		0.19369278768	0.827967557374
0.13546875		0.19313404089	0.827366380522
0.13578125		0.19257419527	0.82676294403
0.13609375		0.192013205424	0.826157230655
0.13640625		0.191451155776	0.825549222659
0.13671875		0.190888095388	0.824938901884
0.13703125		0.190324328228	0.82432624996
0.13734375		0.189760047403	0.82371124794
0.13765625		0.189195195209	0.823093876219
0.13796875		0.188629494154	0.822474114967
0.13828125		0.188062825232	0.82185194454
0.13859375		0.187495041024	0.821227345569
0.13890625		0.186926067402	0.82060029886
0.13921875		0.186355963279	0.819970784746
0.13953125		0.185784775425	0.819338782939
0.13984375		0.185212729717	0.818704272858
0.14015625		0.184640102991	0.818067233473
0.14046875		0.184066920098	0.817427643022
0.14078125		0.183492924302	0.816785479348
0.14109375		0.182917937518	0.81614072028
0.14140625		0.182341820381	0.815493343945
0.14171875		0.181764467526	0.81484332866
0.14203125		0.181185908642	0.814190652498
0.14234375		0.18060620945	0.81353529279
0.14265625		0.180025509389	0.812877226459
0.14296875		0.179444149528	0.812216429903
0.14328125		0.178862220797	0.811552878707
0.14359375		0.178279510057	0.810886548066
0.14390625		0.17769578595	0.810217413091
0.14421875		0.177110909561	0.809545449048
0.14453125		0.176524741552	0.808870631208
0.14484375		0.175937292183	0.808192934855
0.14515625		0.175348647348	0.807512334624
0.14546875		0.174758879842	0.806828804581
0.14578125		0.174168363432	0.806142318119
0.14609375		0.173577248048	0.805452847683
0.14640625		0.172985368852	0.80476036526
0.14671875		0.172392451961	0.804064842744
0.14703125		0.171798348831	0.803366252169
0.14734375		0.171202899563	0.802664565427
0.14765625		0.170606097608	0.801959754366
0.14796875		0.170008027284	0.801251790223
0.14828125		0.169408737399	0.800540643734
0.14859375		0.168808590025	0.799826284937
0.14890625		0.16820779845	0.799108682639
0.14921875		0.167606252074	0.798387804915
0.14953125		0.167003646722	0.797663619784
0.14984375		0.166399819142	0.79693609546
0.15015625		0.165794587351	0.796205200013
0.15046875		0.165187925944	0.795470901188
0.15078125		0.164579922496	0.794733166201
0.15109375		0.163970605353	0.793991961642
0.15140625		0.163360299645	0.793247253563
0.15171875		0.162749288558	0.792499006609
0.15203125		0.162137529884	0.791747184318
0.15234375		0.161524690699	0.790991750034
0.15265625		0.160910594328	0.790232667265
0.15296875		0.160295036636	0.78946989947
0.15328125		0.159677971295	0.78870340977
0.15359375		0.159059463695	0.787933160552
0.15390625		0.15843956697	0.787159113396
0.15421875		0.157818529457	0.786381229345
0.15453125		0.15719670903	0.78559946814
0.15484375		0.156574134856	0.784813788174
0.15515625		0.1559504713	0.784024147145
0.15546875		0.155325508456	0.783230502824
0.15578125		0.154699023398	0.782432812972
0.15609375		0.154070944523	0.781631035179
0.15640625		0.153441314982	0.780825126229
0.15671875		0.152810215185	0.780015041774
0.15703125		0.152177818947	0.779200736607
0.15734375		0.151544552866	0.778382164335
0.15765625		0.150910504074	0.777559277229
0.15796875		0.150275364161	0.776732026503
0.15828125		0.149638871933	0.775900362998
0.15859375		0.149000800464	0.775064237376
0.15890625		0.148361033407	0.774223600375
0.15921875		0.147719605771	0.773378402054
0.15953125		0.147076624938	0.772528590968
0.15984375		0.146432183107	0.771674114402
0.16015625		0.145786748474	0.770814918399
0.16046875		0.145140492084	0.769950947583
0.16078125		0.144493145567	0.769082145314
0.16109375		0.143844395041	0.768208454224
0.16140625		0.143194017317	0.767329816397
0.16171875		0.14254183379	0.766446173907
0.16203125		0.141887874172	0.765557468382
0.16234375		0.14123225023	0.764663639899
0.16265625		0.140575027857	0.763764626637
0.16296875		0.139916620193	0.762860365365
0.16328125		0.139257312717	0.761950791157
0.16359375		0.138596933318	0.761035837712
0.16390625		0.137935122577	0.760115437712
0.16421875		0.137271634093	0.759189522774
0.16453125		0.136606241142	0.75825802411
0.16484375		0.135938951095	0.757320872649
0.16515625		0.135269853516	0.756377997838
0.16546875		0.134599033978	0.755429326926
0.16578125		0.133926775488	0.754474785221
0.16609375		0.133253482092	0.753514296028
0.16640625		0.132579143786	0.752547780627
0.16671875		0.131903357025	0.751575159241
0.16703125		0.131225870454	0.750596350964
0.16734375		0.130546393115	0.749611273731
0.16765625		0.129864872435	0.748619844415
0.16796875		0.129181372222	0.747621978797
0.16828125		0.128496034333	0.746617590723
0.16859375		0.127808992978	0.745606591687
0.16890625		0.127120712803	0.744588889953
0.16921875		0.126431369168	0.743564391136
0.16953125		0.125740600214	0.742532999316
0.16984375		0.125048103503	0.741494617925
0.17015625		0.124353551088	0.740449148597
0.17046875		0.12365678749	0.739396491046
0.17078125		0.122957864692	0.73833654277
0.17109375		0.122256944122	0.737269199825
0.17140625		0.121554109931	0.736194356369
0.17171875		0.120849767377	0.735111902935
0.17203125		0.120144267581	0.73402172514
0.17234375		0.119437385678	0.732923705487
0.17265625		0.118728739405	0.731817726735
0.17296875		0.118017993226	0.730703670495
0.17328125		0.117304863164	0.729581415653
0.17359375		0.116589384032	0.728450836063
0.17390625		0.115871707609	0.727311803573
0.17421875		0.115151977779	0.72616418907
0.17453125		0.114430408398	0.725007861372
0.17484375		0.113707452224	0.723842681738
0.17515625		0.112983138698	0.722668504869
0.17546875		0.112257062999	0.72148518474
0.17578125		0.111528873757	0.720292576883
0.17609375		0.110798173146	0.719090533852
0.17640625		0.110064900743	0.717878900528
0.17671875		0.109329213754	0.716657516134
0.17703125		0.108591313917	0.715426220013
0.17734375		0.107851317097	0.714184851258
0.17765625		0.107109483807	0.712933241758
0.17796875		0.106366191973	0.71167121124
0.17828125		0.105621183128	0.710398574995
0.17859375		0.104874133547	0.709115152144
0.17890625		0.104124570056	0.707820761256
0.17921875		0.103372213237	0.706515210156
0.17953125		0.102617159692	0.705198295862
0.17984375		0.101859668876	0.703869814195
0.18015625		0.101099882313	0.70252956407
0.18046875		0.100337879458	0.701177337942
0.18078125		0.09957391665	0.699812911821
0.18109375		0.0988082211226	0.698436050635
0.18140625		0.0980405811762	0.697046522817
0.18171875		0.0972706290134	0.695644100401
0.18203125		0.0964978563761	0.694228543466
0.18234375		0.0957220566925	0.692799593081
0.18265625		0.0949434626782	0.691356985988
0.18296875		0.0941623325965	0.689900466312
0.18328125		0.0933787403199	0.688429774212
0.18359375		0.0925927633832	0.68694462775
0.18390625		0.0918046167457	0.685444724585
0.18421875		0.0910144556443	0.683929764456
0.18453125		0.0902221069261	0.682399455918
0.18484375		0.0894272001873	0.680853496471
0.18515625		0.0886293739508	0.679291555455
0.18546875		0.0878283333296	0.677713287234
0.18578125		0.08702428649	0.67611835559
0.18609375		0.0862174958545	0.6745064293
0.18640625		0.085408071008	0.672877153179
0.18671875		0.0845961042586	0.671230141146
0.18703125		0.0837818117285	0.669564998177
0.18734375		0.0829652388036	0.667881338502
0.18765625		0.0821461266382	0.666178772715
0.18796875		0.0813242774887	0.664456882352
0.18828125		0.0804995487145	0.662715223416
0.18859375		0.0796715951232	0.660953350996
0.18890625		0.0788403433246	0.659170827382
0.18921875		0.0780060647133	0.657367201711
0.18953125		0.0771690829186	0.655541989519
0.18984375		0.0763295373172	0.653694686853
0.19015625		0.0754874445759	0.651824790599
0.19046875		0.0746427766753	0.649931789243
0.19078125		0.0737954842293	0.648015146476
0.19109375		0.0729455064766	0.646074301412
0.19140625		0.072092756966	0.644108676787
0.19171875		0.0712368551847	0.642117689717
0.19203125		0.0703775526345	0.64010075556
0.19234375		0.0695150612995	0.638057278738
0.19265625		0.0686497885647	0.635986636365
0.19296875		0.0677820277785	0.633888178466
0.19328125		0.0669118506127	0.631761257359
0.19359375		0.0660392654483	0.629605239587
0.19390625		0.0651642790799	0.627419477627
0.19421875		0.0642868490338	0.625203278534
0.19453125		0.0634069767779	0.622955945454
0.19484375		0.0625244748293	0.62067684005
0.19515625		0.0616391059249	0.618365359798
0.19546875		0.0607509630324	0.616020877075
0.19578125		0.0598605554687	0.613642748897
0.19609375		0.0589684963349	0.611230417041
0.19640625		0.058075163235	0.608783446685
0.19671875		0.057180698765	0.606301504982
0.19703125		0.0562852362245	0.603784373643
0.19734375		0.0553889856183	0.601231953512
0.19765625		0.0544921181711	0.598644178944
0.19796875		0.0535945962551	0.59602071196
0.19828125		0.0526963006338	0.593360622015
0.19859375		0.0517977094291	0.590662833454
0.19890625		0.0508988452769	0.58792558587
0.19921875		0.0499962348331	0.585138707685
0.19953125		0.0490763740424	0.582259173011
0.19984375		0.0480692917758	0.579061513187
0.20015625		0.0464976191571	0.57794005811
0.20046875		0.0442445731396	0.570648280227
0.20078125		0.0415577788944	0.561569879756
0.20109375		0.0386858098946	0.551344955315
0.20140625		0.035699262799	0.540053797145
0.20171875		0.0325581160179	0.527333715488
0.20203125		0.0292288346665	0.512724567855
0.20234375		0.0256737938196	0.495535978184
0.20265625		0.0218138946598	0.474437212708
0.20296875		0.0174970607652	0.446557880152
0.20328125		0.0124249213063	0.40421290352
0.20359375		0.0062203951361	0.33016051965
0.20390625		0.000428868182263	0.140987761735
0.20421875		2.25940139228e-08	0.0123815035829
0.20453125		4.11356559436e-09	0.0100000755849
0.20484375		4.11315253296e-09	0.0100000000017
0.20515625		4.11315252376e-09	0.01
0.20546875		4.11315252376e-09	0.01
0.20578125		4.11315252376e-09	0.01
0.20609375		4.11315252376e-09	0.01
0.20640625		4.11315252376e-09	0.01
0.20671875		4.11315252376e-09	0.01
0.20703125		4.11315252376e-09	0.01
0.20734375		4.11315252376e-09	0.01
0.20765625		4.11315252376e-09	0.01
0.20796875		4.11315252376e-09	0.01
0.20828125		4.11315252376e-09	0.01
0.20859375		4.11315252376e-09	0.01
0.20890625		4.11315252376e-09	0.01
0.20921875		4.11315252376e-09	0.01
0.20953125		4.11315252376e-09	0.01
0.20984375		4.11315252376e-09	0.01
0.21015625		4.11315252376e-09	0.01
0.21046875		4.11315252376e-09	0.01
0.21078125		4.11315252376e-09	0.01
0.21109375		4.11315252376e-09	0.01
0.21140625		4.11315252376e-09	0.01
0.21171875		4.11315252376e-09	0.01
0.21203125		4.11315252376e-09	0.01
0.21234375		4.11315252376e-09	0.01
0.21265625		4.11315252376e-09	0.01
0.21296875		4.11315252376e-09	0.01
0.21328125		4.11315252376e-09	0.01
0.21359375		4.11315252376e-09	0.01
0.21390625		4.11315252376e-09	0.01
0.21421875		4.11315252376e-09	0.01
0.21453125		4.11315252376e-09	0.01
0.21484375		4.11315252376e-09	0.01
0.21515625		4.11315252376e-09	0.01
0.21546875		4.11315252376e-09	0.01
0.21578125		4.11315252376e-09	0.01
0.21609375		4.11315252376e-09	0.01
0.21640625		4.11315252376e-09	0.01
0.21671875		4.11315252376e-09	0.01
0.21703125		4.11315252376e-09	0.01
0.21734375		4.11315252376e-09	0.01
0.21765625		4.11315252376e-09	0.01
0.21796875		4.11315252376e-09	0.01
0.21828125		4.11315252376e-09	0.01
0.21859375		4.11315252376e-09	0.01
0.21890625		4.11315252376e-09	0.01
0.21921875		4.11315252376e-09	0.01
0.21953125		4.11315252376e-09	0.01
0.21984375		4.11315252376e-09	0.01
0.22015625		4.11315252376e-09	0.01
0.22046875		4.11315252376e-09	0.01
0.22078125		4.11315252376e-09	0.01
0.22109375		4.11315252376e-09	0.01
0.22140625		4.11315252376e-09	0.01
0.22171875		4.11315252376e-09	0.01
0.22203125		4.11315252376e-09	0.01
0.22234375		4.11315252376e-09	0.01
0.22265625		4.11315252376e-09	0.01
0.22296875		4.11315252376e-09	0.01
0.22328125		4.11315252376e-09	0.01
0.22359375		4.11315252376e-09	0.01
0.22390625		4.11315252376e-09	0.01
0.22421875		4.11315252376e-09	0.01
0.22453125		4.11315252376e-09	0.01
0.22484375		4.11315252376e-09	0.01
0.22515625		4.11315252376e-09	0.01
0.22546875		4.11315252376e-09	0.01
0.22578125		4.11315252376e-09	0.01
0.22609375		4.11315252376e-09	0.01
0.22640625		4.11315252376e-09	0.01
0.22671875		4.11315252376e-09	0.01
0.22703125		4.11315252376e-09	0.01
0.22734375		4.11315252376e-09	0.01
0.22765625		4.11315252376e-09	0.01
0.22796875		4.11315252376e-09	0.01
0.22828125		4.11315252376e-09	0.01
0.22859375		4.11315252376e-09	0.01
0.22890625		4.11315252376e-09	0.01
0.22921875		4.11315252376e-09	0.01
0.22953125		4.11315252376e-09	0.01
0.22984375		4.11315252376e-09	0.01
0.23015625		4.11315252376e-09	0.01
0.23046875		4.11315252376e-09	0.01
0.23078125		4.11315252376e-09	0.01
0.23109375		4.11315252376e-09	0.01
0.23140625		4.11315252376e-09	0.01
0.23171875		4.11315252376e-09	0.01
0.23203125		4.11315252376e-09	0.01
0.23234375		4.11315252376e-09	0.01
0.23265625		4.11315252376e-09	0.01
0.23296875		4.11315252376e-09	0.01
0.23328125		4.11315252376e-09	0.01
0.23359375		4.11315252376e-09	0.01
0.23390625		4.11315252376e-09	0.01
0.23421875		4.11315252376e-09	0.01
0.23453125		4.11315252376e-09	0.01
0.23484375		4.11315252376e-09	0.01
0.23515625		4.11315252376e-09	0.01
0.23546875		4.11315252376e-09	0.01
0.23578125		4.11315252376e-09	0.01
0.23609375		4.11315252376e-09	0.01
0.23640625		4.11315252376e-09	0.01
0.23671875		4.11315252376e-09	0.01
0.23703125		4.11315252376e-09	0.01
0.23734375		4.11315252376e-09	0.01
0.23765625		4.11315252376e-09	0.01
0.23796875		4.11315252376e-09	0.01
0.23828125		4.11315252376e-09	0.01
0.23859375		4.11315252376e-09	0.01
0.23890625		4.11315252376e-09	0.01
0.23921875		4.11315252376e-09	0.01
0.23953125		4.11315252376e-09	0.01
0.23984375		4.11315252376e-09	0.01
0.24015625		4.11315252376e-09	0.01
0.24046875		4.11315252376e-09	0.01
0.24078125		4.11315252376e-09	0.01
0.24109375		4.11315252376e-09	0.01
0.24140625		4.11315252376e-09	0.01
0.24171875		4.11315252376e-09	0.01
0.24203125		4.11315252376e-09	0.01
0.24234375		4.11315252376e-09	0.01
0.24265625		4.11315252376e-09	0.01
0.24296875		4.11315252376e-09	0.01
0.24328125		4.11315252376e-09	0.01
0.24359375		4.11315252376e-09	0.01
0.24390625		4.11315252376e-09	0.01
0.24421875		4.11315252376e-09	0.01
0.24453125		4.11315252376e-09	0.01
0.24484375		4.11315252376e-09	0.01
0.24515625		4.11315252376e-09	0.01
0.24546875		4.11315252376e-09	0.01
0.24578125		4.11315252376e-09	0.01
0.24609375		4.11315252376e-09	0.01
0.24640625		4.11315252376e-09	0.01
0.24671875		4.11315252376e-09	0.01
0.24703125		4.11315252376e-09	0.01
0.24734375		4.11315252376e-09	0.01
0.24765625		4.11315252376e-09	0.01
0.24796875		4.11315252376e-09	0.01
0.24828125		4.11315252376e-09	0.01
0.24859375		4.11315252376e-09	0.01
0.24890625		4.11315252376e-09	0.01
0.24921875		4.11315252376e-09	0.01
0.24953125		4.11315252376e-09	0.01
0.24984375		4.11315252376e-09	0.01
0.25015625		4.11315252376e-09	0.01
0.25046875		4.11315252376e-09	0.01
0.25078125		4.11315252376e-09	0.01
0.25109375		4.11315252376e-09	0.01
0.25140625		4.11315252376e-09	0.01
0.25171875		4.11315252376e-09	0.01
0.25203125		4.11315252376e-09	0.01
0.25234375		4.11315252376e-09	0.01
0.25265625		4.11315252376e-09	0.01
0.25296875		4.11315252376e-09	0.01
0.25328125		4.11315252376e-09	0.01
0.25359375		4.11315252376e-09	0.01
0.25390625		4.11315252376e-09	0.01
0.25421875		4.11315252376e-09	0.01
0.25453125		4.11315252376e-09	0.01
0.25484375		4.11315252376e-09	0.01
0.25515625		4.11315252376e-09	0.01
0.25546875		4.11315252376e-09	0.01
0.25578125		4.11315252376e-09	0.01
0.25609375		4.11315252376e-09	0.01
0.25640625		4.11315252376e-09	0.01
0.25671875		4.11315252376e-09	0.01
0.25703125		4.11315252376e-09	0.01
0.25734375		4.11315252376e-09	0.01
0.25765625		4.11315252376e-09	0.01
0.25796875		4.11315252376e-09	0.01
0.25828125		4.11315252376e-09	0.01
0.25859375		4.11315252376e-09	0.01
0.25890625		4.11315252376e-09	0.01
0.25921875		4.11315252376e-09	0.01
0.25953125		4.11315252376e-09	0.01
0.25984375		4.11315252376e-09	0.01
0.26015625		4.11315252376e-09	0.01
0.26046875		4.11315252376e-09	0.01
0.26078125		4.11315252376e-09	0.01
0.26109375		4.11315252376e-09	0.01
0.26140625		4.11315252376e-09	0.01
0.26171875		4.11315252376e-09	0.01
0.26203125		4.11315252376e-09	0.01
0.26234375		4.11315252376e-09	0.01
0.26265625		4.11315252376e-09	0.01
0.26296875		4.11315252376e-09	0.01
0.26328125		4.11315252376e-09	0.01
0.26359375		4.11315252376e-09	0.01
0.26390625		4.11315252376e-09	0.01
0.26421875		4.11315252376e-09	0.01
0.26453125		4.11315252376e-09	0.01
0.26484375		4.11315252376e-09	0.01
0.26515625		4.11315252376e-09	0.01
0.26546875		4.11315252376e-09	0.01
0.26578125		4.11315252376e-09	0.01
0.26609375		4.11315252376e-09	0.01
0.26640625		4.11315252376e-09	0.01
0.26671875		4.11315252376e-09	0.01
0.26703125		4.11315252376e-09	0.01
0.26734375		4.11315252376e-09	0.01
0.26765625		4.11315252376e-09	0.01
0.26796875		4.11315252376e-09	0.01
0.26828125		4.11315252376e-09	0.01
0.26859375		4.11315252376e-09	0.01
0.26890625		4.11315252376e-09	0.01
0.26921875		4.11315252376e-09	0.01
0.26953125		4.11315252376e-09	0.01
0.26984375		4.11315252376e-09	0.01
0.27015625		4.11315252376e-09	0.01
0.27046875		4.11315252376e-09	0.01
0.27078125		4.11315252376e-09	0.01
0.27109375		4.11315252376e-09	0.01
0.27140625		4.11315252376e-09	0.01
0.27171875		4.11315252376e-09	0.01
0.27203125		4.11315252376e-09	0.01
0.27234375		4.11315252376e-09	0.01
0.27265625		4.11315252376e-09	0.01
0.27296875		4.11315252376e-09	0.01
0.27328125		4.11315252376e-09	0.01
0.27359375		4.11315252376e-09	0.01
0.27390625		4.11315252376e-09	0.01
0.27421875		4.11315252376e-09	0.01
0.27453125		4.11315252376e-09	0.01
0.27484375		4.11315252376e-09	0.01
0.27515625		4.11315252376e-09	0.01
0.27546875		4.11315252376e-09	0.01
0.27578125		4.11315252376e-09	0.01
0.27609375		4.11315252376e-09	0.01
0.27640625		4.11315252376e-09	0.01
0.27671875		4.11315252376e-09	0.01
0.27703125		4.11315252376e-09	0.01
0.27734375		4.11315252376e-09	0.01
0.27765625		4.11315252376e-09	0.01
0.27796875		4.11315252376e-09	0.01
0.27828125		4.11315252376e-09	0.01
0.27859375		4.11315252376e-09	0.01
0.27890625		4.11315252376e-09	0.01
0.27921875		4.11315252376e-09	0.01
0.27953125		4.11315252376e-09	0.01
0.27984375		4.11315252376e-09	0.01
0.28015625		4.11315252376e-09	0.01
0.28046875		4.11315252376e-09	0.01
0.28078125		4.11315252376e-09	0.01
0.28109375		4.11315252376e-09	0.01
0.28140625		4.11315252376e-09	0.01
0.28171875		4.11315252376e-09	0.01
0.28203125		4.11315252376e-09	0.01
0.28234375		4.11315252376e-09	0.01
0.28265625		4.11315252376e-09	0.01
0.28296875		4.11315252376e-09	0.01
0.28328125		4.11315252376e-09	0.01
0.28359375		4.11315252376e-09	0.01
0.28390625		4.11315252376e-09	0.01
0.28421875		4.11315252376e-09	0.01
0.28453125		4.11315252376e-09	0.01
0.28484375		4.11315252376e-09	0.01
0.28515625		4.11315252376e-09	0.01
0.28546875		4.11315252376e-09	0.01
0.28578125		4.11315252376e-09	0.01
0.28609375		4.11315252376e-09	0.01
0.28640625		4.11315252376e-09	0.01
0.28671875		4.11315252376e-09	0.01
0.28703125		4.11315252376e-09	0.01
0.28734375		4.11315252376e-09	0.01
0.28765625		4.11315252376e-09	0.01
0.28796875		4.11315252376e-09	0.01
0.28828125		4.11315252376e-09	0.01
0.28859375		4.11315252376e-09	0.01
0.28890625		4.11315252376e-09	0.01
0.28921875		4.11315252376e-09	0.01
0.28953125		4.11315252376e-09	0.01
0.28984375		4.11315252376e-09	0.01
0.29015625		4.11315252376e-09	0.01
0.29046875		4.11315252376e-09	0.01
0.29078125		4.11315252376e-09	0.01
0.29109375		4.11315252376e-09	0.01
0.29140625		4.11315252376e-09	0.01
0.29171875		4.11315252376e-09	0.01
0.29203125		4.11315252376e-09	0.01
0.29234375		4.11315252376e-09	0.01
0.29265625		4.11315252376e-09	0.01
0.29296875		4.11315252376e-09	0.01
0.29328125		4.11315252376e-09	0.01
0.29359375		4.11315252376e-09	0.01
0.29390625		4.11315252376e-09	0.01
0.29421875		4.11315252376e-09	0.01
0.29453125		4.11315252376e-09	0.01
0.29484375		4.11315252376e-09	0.01
0.29515625		4.11315252376e-09	0.01
0.29546875		4.11315252376e-09	0.01
0.29578125		4.11315252376e-09	0.01
0.29609375		4.11315252376e-09	0.01
0.29640625		4.11315252376e-09	0.01
0.29671875		4.11315252376e-09	0.01
0.29703125		4.11315252376e-09	0.01
0.29734375		4.11315252376e-09	0.01
0.29765625		4.11315252376e-09	0.01
0.29796875		4.11315252376e-09	0.01
0.29828125		4.11315252376e-09	0.01
0.29859375		4.11315252376e-09	0.01
0.29890625		4.11315252376e-09	0.01
0.29921875		4.11315252376e-09	0.01
0.29953125		4.11315252376e-09	0.01
0.29984375		4.11315252376e-09	0.01
0.30015625		4.11315252376e-09	0.01
0.30046875		4.11315252376e-09	0.01
0.30078125		4.11315252376e-09	0.01
0.30109375		4.11315252376e-09	0.01
0.30140625		4.11315252376e-09	0.01
0.30171875		4.11315252376e-09	0.01
0.30203125		4.11315252376e-09	0.01
0.30234375		4.11315252376e-09	0.01
0.30265625		4.11315252376e-09	0.01
0.30296875		4.11315252376e-09	0.01
0.30328125		4.11315252376e-09	0.01
0.30359375		4.11315252376e-09	0.01
0.30390625		4.11315252376e-09	0.01
0.30421875		4.11315252376e-09	0.01
0.30453125		4.11315252376e-09	0.01
0.30484375		4.11315252376e-09	0.01
0.30515625		4.11315252376e-09	0.01
0.30546875		4.11315252376e-09	0.01
0.30578125		4.11315252376e-09	0.01
0.30609375		4.11315252376e-09	0.01
0.30640625		4.11315252376e-09	0.01
0.30671875		4.11315252376e-09	0.01
0.30703125		4.11315252376e-09	0.01
0.30734375		4.11315252376e-09	0.01
0.30765625		4.11315252376e-09	0.01
0.30796875		4.11315252376e-09	0.01
0.30828125		4.11315252376e-09	0.01
0.30859375		4.11315252376e-09	0.01
0.30890625		4.11315252376e-09	0.01
0.30921875		4.11315252376e-09	0.01
0.30953125		4.11315252376e-09	0.01
0.30984375		4.11315252376e-09	0.01
0.31015625		4.11315252376e-09	0.01
0.31046875		4.11315252376e-09	0.01
0.31078125		4.11315252376e-09	0.01
0.31109375		4.11315252376e-09	0.01
0.31140625		4.11315252376e-09	0.01
0.31171875		4.11315252376e-09	0.01
0.31203125		4.11315252376e-09	0.01
0.31234375		4.11315252376e-09	0.01
0.31265625		4.11315252376e-09	0.01
0.31296875		4.11315252376e-09	0.01
0.31328125		4.11315252376e-09	0.01
0.31359375		4.11315252376e-09	0.01
0.31390625		4.11315252376e-09	0.01
0.31421875		4.11315252376e-09	0.01
0.31453125		4.11315252376e-09	0.01
0.31484375		4.11315252376e-09	0.01
0.31515625		4.11315252376e-09	0.01
0.31546875		4.11315252376e-09	0.01
0.31578125		4.11315252376e-09	0.01
0.31609375		4.11315252376e-09	0.01
0.31640625		4.11315252376e-09	0.01
0.31671875		4.11315252376e-09	0.01
0.31703125		4.11315252376e-09	0.01
0.31734375		4.11315252376e-09	0.01
0.31765625		4.11315252376e-09	0.01
0.31796875		4.11315252376e-09	0.01
0.31828125		4.11315252376e-09	0.01
0.31859375		4.11315252376e-09	0.01
0.31890625		4.11315252376e-09	0.01
0.31921875		4.11315252376e-09	0.01
0.31953125		4.11315252376e-09	0.01
0.31984375		4.11315252376e-09	0.01
0.32015625		4.11315252376e-09	0.01
0.32046875		4.11315252376e-09	0.01
0.32078125		4.11315252376e-09	0.01
0.32109375		4.11315252376e-09	0.01
0.32140625		4.11315252376e-09	0.01
0.32171875		4.11315252376e-09	0.01
0.32203125		4.11315252376e-09	0.01
0.32234375		4.11315252376e-09	0.01
0.32265625		4.11315252376e-09	0.01
0.32296875		4.11315252376e-09	0.01
0.32328125		4.11315252376e-09	0.01
0.32359375		4.11315252376e-09	0.01
0.32390625		4.11315252376e-09	0.01
0.32421875		4.11315252376e-09	0.01
0.32453125		4.11315252376e-09	0.01
0.32484375		4.11315252376e-09	0.01
0.32515625		4.11315252376e-09	0.01
0.32546875		4.11315252376e-09	0.01
0.32578125		4.11315252376e-09	0.01
0.32609375		4.11315252376e-09	0.01
0.32640625		4.11315252376e-09	0.01
0.32671875		4.11315252376e-09	0.01
0.32703125		4.11315252376e-09	0.01
0.32734375		4.11315252376e-09	0.01
0.32765625		4.11315252376e-09	0.01
0.32796875		4.11315252376e-09	0.01
0.32828125		4.11315252376e-09	0.01
0.32859375		4.11315252376e-09	0.01
0.32890625		4.11315252376e-09	0.01
0.32921875		4.11315252376e-09	0.01
0.32953125		4.11315252376e-09	0.01
0.32984375		4.11315252376e-09	0.01
0.33015625		4.11315252376e-09	0.01
0.33046875		4.11315252376e-09	0.01
0.33078125		4.11315252376e-09	0.01
0.33109375		4.11315252376e-09	0.01
0.33140625		4.11315252376e-09	0.01
0.33171875		4.11315252376e-09	0.01
0.33203125		4.11315252376e-09	0.01
0.33234375		4.11315252376e-09	0.01
0.33265625		4.11315252376e-09	0.01
0.33296875		4.11315252376e-09	0.01
0.33328125		4.11315252376e-09	0.01
0.33359375		4.11315252376e-09	0.01
0.33390625		4.11315252376e-09	0.01
0.33421875		4.11315252376e-09	0.01
0.33453125		4.11315252376e-09	0.01
0.33484375		4.11315252376e-09	0.01
0.33515625		4.11315252376e-09	0.01
0.33546875		4.11315252376e-09	0.01
0.33578125		4.11315252376e-09	0.01
0.33609375		4.11315252376e-09	0.01
0.33640625		4.11315252376e-09	0.01
0.33671875		4.11315252376e-09	0.01
0.33703125		4.11315252376e-09	0.01
0.33734375		4.11315252376e-09	0.01
0.33765625		4.11315252376e-09	0.01
0.33796875		4.11315252376e-09	0.01
0.33828125		4.11315252376e-09	0.01
0.33859375		4.11315252376e-09	0.01
0.33890625		4.11315252376e-09	0.01
0.33921875		4.11315252376e-09	0.01
0.33953125		4.11315252376e-09	0.01
0.33984375		4.11315252376e-09	0.01
0.34015625		4.11315252376e-09	0.01
0.34046875		4.11315252376e-09	0.01
0.34078125		4.11315252376e-09	0.01
0.34109375		4.11315252376e-09	0.01
0.34140625		4.11315252376e-09	0.01
0.34171875		4.11315252376e-09	0.01
0.34203125		4.11315252376e-09	0.01
0.34234375		4.11315252376e-09	0.01
0.34265625		4.11315252376e-09	0.01
0.34296875		4.11315252376e-09	0.01
0.34328125		4.11315252376e-09	0.01
0.34359375		4.11315252376e-09	0.01
0.34390625		4.11315252376e-09	0.01
0.34421875		4.11315252376e-09	0.01
0.34453125		4.11315252376e-09	0.01
0.34484375		4.11315252376e-09	0.01
0.34515625		4.11315252376e-09	0.01
0.34546875		4.11315252376e-09	0.01
0.34578125		4.11315252376e-09	0.01
0.34609375		4.11315252376e-09	0.01
0.34640625		4.11315252376e-09	0.01
0.34671875		4.11315252376e-09	0.01
0.34703125		4.11315252376e-09	0.01
0.34734375		4.11315252376e-09	0.01
0.34765625		4.11315252376e-09	0.01
0.34796875		4.11315252376e-09	0.01
0.34828125		4.11315252376e-09	0.01
0.34859375		4.11315252376e-09	0.01
0.34890625		4.11315252376e-09	0.01
0.34921875		4.11315252376e-09	0.01
0.34953125		4.11315252376e-09	0.01
0.34984375		4.11315252376e-09	0.01
0.35015625		4.11315252376e-09	0.01
0.35046875		4.11315252376e-09	0.01
0.35078125		4.11315252376e-09	0.01
0.35109375		4.11315252376e-09	0.01
0.35140625		4.11315252376e-09	0.01
0.35171875		4.11315252376e-09	0.01
0.35203125		4.11315252376e-09	0.01
0.35234375		4.11315252376e-09	0.01
0.35265625		4.11315252376e-09	0.01
0.35296875		4.11315252376e-09	0.01
0.35328125		4.11315252376e-09	0.01
0.35359375		4.11315252376e-09	0.01
0.35390625		4.11315252376e-09	0.01
0.35421875		4.11315252376e-09	0.01
0.35453125		4.11315252376e-09	0.01
0.35484375		4.11315252376e-09	0.01
0.35515625		4.11315252376e-09	0.01
0.35546875		4.11315252376e-09	0.01
0.35578125		4.11315252376e-09	0.01
0.35609375		4.11315252376e-09	0.01
0.35640625		4.11315252376e-09	0.01
0.35671875		4.11315252376e-09	0.01
0.35703125		4.11315252376e-09	0.01
0.35734375		4.11315252376e-09	0.01
0.35765625		4.11315252376e-09	0.01
0.35796875		4.11315252376e-09	0.01
0.35828125		4.11315252376e-09	0.01
0.35859375		4.11315252376e-09	0.01
0.35890625		4.11315252376e-09	0.01
0.35921875		4.11315252376e-09	0.01
0.35953125		4.11315252376e-09	0.01
0.35984375		4.11315252376e-09	0.01
0.36015625		4.11315252376e-09	0.01
0.36046875		4.11315252376e-09	0.01
0.36078125		4.11315252376e-09	0.01
0.36109375		4.11315252376e-09	0.01
0.36140625		4.11315252376e-09	0.01
0.36171875		4.11315252376e-09	0.01
0.36203125		4.11315252376e-09	0.01
0.36234375		4.11315252376e-09	0.01
0.36265625		4.11315252376e-09	0.01
0.36296875		4.11315252376e-09	0.01
0.36328125		4.11315252376e-09	0.01
0.36359375		4.11315252376e-09	0.01
0.36390625		4.11315252376e-09	0.01
0.36421875		4.11315252376e-09	0.01
0.36453125		4.11315252376e-09	0.01
0.36484375		4.11315252376e-09	0.01
0.36515625		4.11315252376e-09	0.01
0.36546875		4.11315252376e-09	0.01
0.36578125		4.11315252376e-09	0.01
0.36609375		4.11315252376e-09	0.01
0.36640625		4.11315252376e-09	0.01
0.36671875		4.11315252376e-09	0.01
0.36703125		4.11315252376e-09	0.01
0.36734375		4.11315252376e-09	0.01
0.36765625		4.11315252376e-09	0.01
0.36796875		4.11315252376e-09	0.01
0.36828125		4.11315252376e-09	0.01
0.36859375		4.11315252376e-09	0.01
0.36890625		4.11315252376e-09	0.01
0.36921875		4.11315252376e-09	0.01
0.36953125		4.11315252376e-09	0.01
0.36984375		4.11315252376e-09	0.01
0.37015625		4.11315252376e-09	0.01
0.37046875		4.11315252376e-09	0.01
0.37078125		4.11315252376e-09	0.01
0.37109375		4.11315252376e-09	0.01
0.37140625		4.11315252376e-09	0.01
0.37171875		4.11315252376e-09	0.01
0.37203125		4.11315252376e-09	0.01
0.37234375		4.11315252376e-09	0.01
0.37265625		4.11315252376e-09	0.01
0.37296875		4.11315252376e-09	0.01
0.37328125		4.11315252376e-09	0.01
0.37359375		4.11315252376e-09	0.01
0.37390625		4.11315252376e-09	0.01
0.37421875		4.11315252376e-09	0.01
0.37453125		4.11315252376e-09	0.01
0.37484375		4.11315252376e-09	0.01
0.37515625		4.11315252376e-09	0.01
0.37546875		4.11315252376e-09	0.01
0.37578125		4.11315252376e-09	0.01
0.37609375		4.11315252376e-09	0.01
0.37640625		4.11315252376e-09	0.01
0.37671875		4.11315252376e-09	0.01
0.37703125		4.11315252376e-09	0.01
0.37734375		4.11315252376e-09	0.01
0.37765625		4.11315252376e-09	0.01
0.37796875		4.11315252376e-09	0.01
0.37828125		4.11315252376e-09	0.01
0.37859375		4.11315252376e-09	0.01
0.37890625		4.11315252376e-09	0.01
0.37921875		4.11315252376e-09	0.01
0.37953125		4.11315252376e-09	0.01
0.37984375		4.11315252376e-09	0.01
0.38015625		4.11315252376e-09	0.01
0.38046875		4.11315252376e-09	0.01
0.38078125		4.11315252376e-09	0.01
0.38109375		4.11315252376e-09	0.01
0.38140625		4.11315252376e-09	0.01
0.38171875		4.11315252376e-09	0.01
0.38203125		4.11315252376e-09	0.01
0.38234375		4.11315252376e-09	0.01
0.38265625		4.11315252376e-09	0.01
0.38296875		4.11315252376e-09	0.01
0.38328125		4.11315252376e-09	0.01
0.38359375		4.11315252376e-09	0.01
0.38390625		4.11315252376e-09	0.01
0.38421875		4.11315252376e-09	0.01
0.38453125		4.11315252376e-09	0.01
0.38484375		4.11315252376e-09	0.01
0.38515625		4.11315252376e-09	0.01
0.38546875		4.11315252376e-09	0.01
0.38578125		4.11315252376e-09	0.01
0.38609375		4.11315252376e-09	0.01
0.38640625		4.11315252376e-09	0.01
0.38671875		4.11315252376e-09	0.01
0.38703125		4.11315252376e-09	0.01
0.38734375		4.11315252376e-09	0.01
0.38765625		4.11315252376e-09	0.01
0.38796875		4.11315252376e-09	0.01
0.38828125		4.11315252376e-09	0.01
0.38859375		4.11315252376e-09	0.01
0.38890625		4.11315252376e-09	0.01
0.38921875		4.11315252376e-09	0.01
0.38953125		4.11315252376e-09	0.01
0.38984375		4.11315252376e-09	0.01
0.39015625		4.11315252376e-09	0.01
0.39046875		4.11315252376e-09	0.01
0.39078125		4.11315252376e-09	0.01
0.39109375		4.11315252376e-09	0.01
0.39140625		4.11315252376e-09	0.01
0.39171875		4.11315252376e-09	0.01
0.39203125		4.11315252376e-09	0.01
0.39234375		4.11315252376e-09	0.01
0.39265625		4.11315252376e-09	0.01
0.39296875		4.11315252376e-09	0.01
0.39328125		4.11315252376e-09	0.01
0.39359375		4.11315252376e-09	0.01
0.39390625		4.11315252376e-09	0.01
0.39421875		4.11315252376e-09	0.01
0.39453125		4.11315252376e-09	0.01
0.39484375		4.11315252376e-09	0.01
0.39515625		4.11315252376e-09	0.01
0.39546875		4.11315252376e-09	0.01
0.39578125		4.11315252376e-09	0.01
0.39609375		4.11315252376e-09	0.01
0.39640625		4.11315252376e-09	0.01
0.39671875		4.11315252376e-09	0.01
0.39703125		4.11315252376e-09	0.01
0.39734375		4.11315252376e-09	0.01
0.39765625		4.11315252376e-09	0.01
0.39796875		4.11315252376e-09	0.01
0.39828125		4.11315252376e-09	0.01
0.39859375		4.11315252376e-09	0.01
0.39890625		4.11315252376e-09	0.01
0.39921875		4.11315252376e-09	0.01
0.39953125		4.11315252376e-09	0.01
0.39984375		4.11315252376e-09	0.01
0.40015625		4.11315252376e-09	0.01
0.40046875		4.11315252376e-09	0.01
0.40078125		4.11315252376e-09	0.01
0.40109375		4.11315252376e-09	0.01
0.40140625		4.11315252376e-09	0.01
0.40171875		4.11315252376e-09	0.01
0.40203125		4.11315252376e-09	0.01
0.40234375		4.11315252376e-09	0.01
0.40265625		4.11315252376e-09	0.01
0.40296875		4.11315252376e-09	0.01
0.40328125		4.11315252376e-09	0.01
0.40359375		4.11315252376e-09	0.01
0.40390625		4.11315252376e-09	0.01
0.40421875		4.11315252376e-09	0.01
0.40453125		4.11315252376e-09	0.01
0.40484375		4.11315252376e-09	0.01
0.40515625		4.11315252376e-09	0.01
0.40546875		4.11315252376e-09	0.01
0.40578125		4.11315252376e-09	0.01
0.40609375		4.11315252376e-09	0.01
0.40640625		4.11315252376e-09	0.01
0.40671875		4.11315252376e-09	0.01
0.40703125		4.11315252376e-09	0.01
0.40734375		4.11315252376e-09	0.01
0.40765625		4.11315252376e-09	0.01
0.40796875		4.11315252376e-09	0.01
0.40828125		4.11315252376e-09	0.01
0.40859375		4.11315252376e-09	0.01
0.40890625		4.11315252376e-09	0.01
0.40921875		4.11315252376e-09	0.01
0.40953125		4.11315252376e-09	0.01
0.40984375		4.11315252376e-09	0.01
0.41015625		4.11315252376e-09	0.01
0.41046875		4.11315252376e-09	0.01
0.41078125		4.11315252376e-09	0.01
0.41109375		4.11315252376e-09	0.01
0.41140625		4.11315252376e-09	0.01
0.41171875		4.11315252376e-09	0.01
0.41203125		4.11315252376e-09	0.01
0.41234375		4.11315252376e-09	0.01
0.41265625		4.11315252376e-09	0.01
0.41296875		4.11315252376e-09	0.01
0.41328125		4.11315252376e-09	0.01
0.41359375		4.11315252376e-09	0.01
0.41390625		4.11315252376e-09	0.01
0.41421875		4.11315252376e-09	0.01
0.41453125		4.11315252376e-09	0.01
0.41484375		4.11315252376e-09	0.01
0.41515625		4.11315252376e-09	0.01
0.41546875		4.11315252376e-09	0.01
0.41578125		4.11315252376e-09	0.01
0.41609375		4.11315252376e-09	0.01
0.41640625		4.11315252376e-09	0.01
0.41671875		4.11315252376e-09	0.01
0.41703125		4.11315252376e-09	0.01
0.41734375		4.11315252376e-09	0.01
0.41765625		4.11315252376e-09	0.01
0.41796875		4.11315252376e-09	0.01
0.41828125		4.11315252376e-09	0.01
0.41859375		4.11315252376e-09	0.01
0.41890625		4.11315252376e-09	0.01
0.41921875		4.11315252376e-09	0.01
0.41953125		4.11315252376e-09	0.01
0.41984375		4.11315252376e-09	0.01
0.42015625		4.11315252376e-09	0.01
0.42046875		4.11315252376e-09	0.01
0.42078125		4.11315252376e-09	0.01
0.42109375		4.11315252376e-09	0.01
0.42140625		4.11315252376e-09	0.01
0.42171875		4.11315252376e-09	0.01
0.42203125		4.11315252376e-09	0.01
0.42234375		4.11315252376e-09	0.01
0.42265625		4.11315252376e-09	0.01
0.42296875		4.11315252376e-09	0.01
0.42328125		4.11315252376e-09	0.01
0.42359375		4.11315252376e-09	0.01
0.42390625		4.11315252376e-09	0.01
0.42421875		4.11315252376e-09	0.01
0.42453125		4.11315252376e-09	0.01
0.42484375		4.11315252376e-09	0.01
0.42515625		4.11315252376e-09	0.01
0.42546875		4.11315252376e-09	0.01
0.42578125		4.11315252376e-09	0.01
0.42609375		4.11315252376e-09	0.01
0.42640625		4.11315252376e-09	0.01
0.42671875		4.11315252376e-09	0.01
0.42703125		4.11315252376e-09	0.01
0.42734375		4.11315252376e-09	0.01
0.42765625		4.11315252376e-09	0.01
0.42796875		4.11315252376e-09	0.01
0.42828125		4.11315252376e-09	0.01
0.42859375		4.11315252376e-09	0.01
0.42890625		4.11315252376e-09	0.01
0.42921875		4.11315252376e-09	0.01
0.42953125		4.11315252376e-09	0.01
0.42984375		4.11315252376e-09	0.01
0.43015625		4.11315252376e-09	0.01
0.43046875		4.11315252376e-09	0.01
0.43078125		4.11315252376e-09	0.01
0.43109375		4.11315252376e-09	0.01
0.43140625		4.11315252376e-09	0.01
0.43171875		4.11315252376e-09	0.01
0.43203125		4.11315252376e-09	0.01
0.43234375		4.11315252376e-09	0.01
0.43265625		4.11315252376e-09	0.01
0.43296875		4.11315252376e-09	0.01
0.43328125		4.11315252376e-09	0.01
0.43359375		4.11315252376e-09	0.01
0.43390625		4.11315252376e-09	0.01
0.43421875		4.11315252376e-09	0.01
0.43453125		4.11315252376e-09	0.01
0.43484375		4.11315252376e-09	0.01
0.43515625		4.11315252376e-09	0.01
0.43546875		4.11315252376e-09	0.01
0.43578125		4.11315252376e-09	0.01
0.43609375		4.11315252376e-09	0.01
0.43640625		4.11315252376e-09	0.01
0.43671875		4.11315252376e-09	0.01
0.43703125		4.11315252376e-09	0.01
0.43734375		4.11315252376e-09	0.01
0.43765625		4.11315252376e-09	0.01
0.43796875		4.11315252376e-09	0.01
0.43828125		4.11315252376e-09	0.01
0.43859375		4.11315252376e-09	0.01
0.43890625		4.11315252376e-09	0.01
0.43921875		4.11315252376e-09	0.01
0.43953125		4.11315252376e-09	0.01
0.43984375		4.11315252376e-09	0.01
0.44015625		4.11315252376e-09	0.01
0.44046875		4.11315252376e-09	0.01
0.44078125		4.11315252376e-09	0.01
0.44109375		4.11315252376e-09	0.01
0.44140625		4.11315252376e-09	0.01
0.44171875		4.11315252376e-09	0.01
0.44203125		4.11315252376e-09	0.01
0.44234375		4.11315252376e-09	0.01
0.44265625		4.11315252376e-09	0.01
0.44296875		4.11315252376e-09	0.01
0.44328125		4.11315252376e-09	0.01
0.44359375		4.11315252376e-09	0.01
0.44390625		4.11315252376e-09	0.01
0.44421875		4.11315252376e-09	0.01
0.44453125		4.11315252376e-09	0.01
0.44484375		4.11315252376e-09	0.01
0.44515625		4.11315252376e-09	0.01
0.44546875		4.11315252376e-09	0.01
0.44578125		4.11315252376e-09	0.01
0.44609375		4.11315252376e-09	0.01
0.44640625		4.11315252376e-09	0.01
0.44671875		4.11315252376e-09	0.01
0.44703125		4.11315252376e-09	0.01
0.44734375		4.11315252376e-09	0.01
0.44765625		4.11315252376e-09	0.01
0.44796875		4.11315252376e-09	0.01
0.44828125		4.11315252376e-09	0.01
0.44859375		4.11315252376e-09	0.01
0.44890625		4.11315252376e-09	0.01
0.44921875		4.11315252376e-09	0.01
0.44953125		4.11315252376e-09	0.01
0.44984375		4.11315252376e-09	0.01
0.45015625		4.11315252376e-09	0.01
0.45046875		4.11315252376e-09	0.01
0.45078125		4.11315252376e-09	0.01
0.45109375		4.11315252376e-09	0.01
0.45140625		4.11315252376e-09	0.01
0.45171875		4.11315252376e-09	0.01
0.45203125		4.11315252376e-09	0.01
0.45234375		4.11315252376e-09	0.01
0.45265625		4.11315252376e-09	0.01
0.45296875		4.11315252376e-09	0.01
0.45328125		4.11315252376e-09	0.01
0.45359375		4.11315252376e-09	0.01
0.45390625		4.11315252376e-09	0.01
0.45421875		4.11315252376e-09	0.01
0.45453125		4.11315252376e-09	0.01
0.45484375		4.11315252376e-09	0.01
0.45515625		4.11315252376e-09	0.01
0.45546875		4.11315252376e-09	0.01
0.45578125		4.11315252376e-09	0.01
0.45609375		4.11315252376e-09	0.01
0.45640625		4.11315252376e-09	0.01
0.45671875		4.11315252376e-09	0.01
0.45703125		4.11315252376e-09	0.01
0.45734375		4.11315252376e-09	0.01
0.45765625		4.11315252376e-09	0.01
0.45796875		4.11315252376e-09	0.01
0.45828125		4.11315252376e-09	0.01
0.45859375		4.11315252376e-09	0.01
0.45890625		4.11315252376e-09	0.01
0.45921875		4.11315252376e-09	0.01
0.45953125		4.11315252376e-09	0.01
0.45984375		4.11315252376e-09	0.01
0.46015625		4.11315252376e-09	0.01
0.46046875		4.11315252376e-09	0.01
0.46078125		4.11315252376e-09	0.01
0.46109375		4.11315252376e-09	0.01
0.46140625		4.11315252376e-09	0.01
0.46171875		4.11315252376e-09	0.01
0.46203125		4.11315252376e-09	0.01
0.46234375		4.11315252376e-09	0.01
0.46265625		4.11315252376e-09	0.01
0.46296875		4.11315252376e-09	0.01
0.46328125		4.11315252376e-09	0.01
0.46359375		4.11315252376e-09	0.01
0.46390625		4.11315252376e-09	0.01
0.46421875		4.11315252376e-09	0.01
0.46453125		4.11315252376e-09	0.01
0.46484375		4.11315252376e-09	0.01
0.46515625		4.11315252376e-09	0.01
0.46546875		4.11315252376e-09	0.01
0.46578125		4.11315252376e-09	0.01
0.46609375		4.11315252376e-09	0.01
0.46640625		4.11315252376e-09	0.01
0.46671875		4.11315252376e-09	0.01
0.46703125		4.11315252376e-09	0.01
0.46734375		4.11315252376e-09	0.01
0.46765625		4.11315252376e-09	0.01
0.46796875		4.11315252376e-09	0.01
0.46828125		4.11315252376e-09	0.01
0.46859375		4.11315252376e-09	0.01
0.46890625		4.11315252376e-09	0.01
0.46921875		4.11315252376e-09	0.01
0.46953125		4.11315252376e-09	0.01
0.46984375		4.11315252376e-09	0.01
0.47015625		4.11315252376e-09	0.01
0.47046875		4.11315252376e-09	0.01
0.47078125		4.11315252376e-09	0.01
0.47109375		4.11315252376e-09	0.01
0.47140625		4.11315252376e-09	0.01
0.47171875		4.11315252376e-09	0.01
0.47203125		4.11315252376e-09	0.01
0.47234375		4.11315252376e-09	0.01
0.47265625		4.11315252376e-09	0.01
0.47296875		4.11315252376e-09	0.01
0.47328125		4.11315252376e-09	0.01
0.47359375		4.11315252376e-09	0.01
0.47390625		4.11315252376e-09	0.01
0.47421875		4.11315252376e-09	0.01
0.47453125		4.11315252376e-09	0.01
0.47484375		4.11315252376e-09	0.01
0.47515625		4.11315252376e-09	0.01
0.47546875		4.11315252376e-09	0.01
0.47578125		4.11315252376e-09	0.01
0.47609375		4.11315252376e-09	0.01
0.47640625		4.11315252376e-09	0.01
0.47671875		4.11315252376e-09	0.01
0.47703125		4.11315252376e-09	0.01
0.47734375		4.11315252376e-09	0.01
0.47765625		4.11315252376e-09	0.01
0.47796875		4.11315252376e-09	0.01
0.47828125		4.11315252376e-09	0.01
0.47859375		4.11315252376e-09	0.01
0.47890625		4.11315252376e-09	0.01
0.47921875		4.11315252376e-09	0.01
0.47953125		4.11315252376e-09	0.01
0.47984375		4.11315252376e-09	0.01
0.48015625		4.11315252376e-09	0.01
0.48046875		4.11315252376e-09	0.01
0.48078125		4.11315252376e-09	0.01
0.48109375		4.11315252376e-09	0.01
0.48140625		4.11315252376e-09	0.01
0.48171875		4.11315252376e-09	0.01
0.48203125		4.11315252376e-09	0.01
0.48234375		4.11315252376e-09	0.01
0.48265625		4.11315252376e-09	0.01
0.48296875		4.11315252376e-09	0.01
0.48328125		4.11315252376e-09	0.01
0.48359375		4.11315252376e-09	0.01
0.48390625		4.11315252376e-09	0.01
0.48421875		4.11315252376e-09	0.01
0.48453125		4.11315252376e-09	0.01
0.48484375		4.11315252376e-09	0.01
0.48515625		4.11315252376e-09	0.01
0.48546875		4.11315252376e-09	0.01
0.48578125		4.11315252376e-09	0.01
0.48609375		4.11315252376e-09	0.01
0.48640625		4.11315252376e-09	0.01
0.48671875		4.11315252376e-09	0.01
0.48703125		4.11315252376e-09	0.01
0.48734375		4.11315252376e-09	0.01
0.48765625		4.11315252376e-09	0.01
0.48796875		4.11315252376e-09	0.01
0.48828125		4.11315252376e-09	0.01
0.48859375		4.11315252376e-09	0.01
0.48890625		4.11315252376e-09	0.01
0.48921875		4.11315252376e-09	0.01
0.48953125		4.11315252376e-09	0.01
0.48984375		4.11315252376e-09	0.01
0.49015625		4.11315252376e-09	0.01
0.49046875		4.11315252376e-09	0.01
0.49078125		4.11315252376e-09	0.01
0.49109375		4.11315252376e-09	0.01
0.49140625		4.11315252376e-09	0.01
0.49171875		4.11315252376e-09	0.01
0.49203125		4.11315252376e-09	0.01
0.49234375		4.11315252376e-09	0.01
0.49265625		4.11315252376e-09	0.01
0.49296875		4.11315252376e-09	0.01
0.49328125		4.11315252376e-09	0.01
0.49359375		4.11315252376e-09	0.01
0.49390625		4.11315252376e-09	0.01
0.49421875		4.11315252376e-09	0.01
0.49453125		4.11315252376e-09	0.01
0.49484375		4.11315252376e-09	0.01
0.49515625		4.11315252376e-09	0.01
0.49546875		4.11315252376e-09	0.01
0.49578125		4.11315252376e-09	0.01
0.49609375		4.11315252376e-09	0.01
0.49640625		4.11315252376e-09	0.01
0.49671875		4.11315252376e-09	0.01
0.49703125		4.11315252376e-09	0.01
0.49734375		4.11315252376e-09	0.01
0.49765625		4.11315252376e-09	0.01
0.49796875		4.11315252376e-09	0.01
0.49828125		4.11315252376e-09	0.01
0.49859375		4.11315252376e-09	0.01
0.49890625		4.11315252376e-09	0.01
0.49921875		4.11315252376e-09	0.01
0.49953125		4.11315252376e-09	0.01
0.49984375		4.11315252376e-09	0.01
