0.00015625		0.40568590344	0.996559991554
0.00046875		0.405544342316	0.996472724346
0.00078125		0.405347398975	0.99635172008
0.00109375		0.405160844547	0.996236992872
0.00140625		0.405006756576	0.996142179541
0.00171875		0.404867790593	0.996056698191
0.00203125		0.404734527146	0.995974763816
0.00234375		0.404602609126	0.995893667723
0.00265625		0.404471154361	0.995812840616
0.00296875		0.4043404417	0.995732375869
0.00328125		0.404210965846	0.995652630584
0.00359375		0.404082968103	0.995573752859
0.00390625		0.403956480118	0.995495770957
0.00421875		0.403831478594	0.995418666968
0.00453125		0.403707832696	0.99534240549
0.00484375		0.403585428026	0.995266945681
0.00515625		0.40346429798	0.99519224499
0.00546875		0.403344375632	0.995118261984
0.00578125		0.40322555031	0.995044955869
0.00609375		0.403107777471	0.994972287157
0.00640625		0.40299100513	0.994900217611
0.00671875		0.402875144247	0.994828714998
0.00703125		0.402760171257	0.994757745803
0.00734375		0.402646075139	0.994687275632
0.00765625		0.402532821803	0.994617274208
0.00796875		0.402420352399	0.99454771542
0.00828125		0.402308584514	0.994478579962
0.00859375		0.402197424224	0.994409843283
0.00890625		0.402086825713	0.994341480273
0.00921875		0.401976805278	0.994273472482
0.00953125		0.401867344035	0.9942058012
0.00984375		0.40175847823	0.994138444812
0.01015625		0.401650186715	0.994071385667
0.01046875		0.401542306347	0.994004604321
0.01078125		0.401434835453	0.993938082534
0.01109375		0.401327718485	0.993871801992
0.01140625		0.401221010041	0.993805755944
0.01171875		0.401114792222	0.993739933859
0.01203125		0.401009004043	0.993674325863
0.01234375		0.400903550626	0.993608915084
0.01265625		0.400798398022	0.993543688999
0.01296875		0.400693497897	0.993478641362
0.01328125		0.400588804823	0.993413762273
0.01359375		0.400484333389	0.99334904269
0.01390625		0.400380094642	0.993284471399
0.01421875		0.400276176884	0.993220036841
0.01453125		0.400172562435	0.993155735548
0.01484375		0.400069276228	0.993091569178
0.01515625		0.399966255866	0.993027536461
0.01546875		0.399863445012	0.992963619578
0.01578125		0.39976075254	0.992899797762
0.01609375		0.399658156137	0.992836071355
0.01640625		0.39955564821	0.992772448466
0.01671875		0.399453305143	0.992708928957
0.01703125		0.399351192841	0.992645505923
0.01734375		0.3992492535	0.992582155321
0.01765625		0.39914745929	0.99251886883
0.01796875		0.399045800729	0.992455652437
0.01828125		0.398944318842	0.992392509214
0.01859375		0.398843029119	0.99232943904
0.01890625		0.398741876276	0.992266436036
0.01921875		0.39864082973	0.9922034867
0.01953125		0.398539843041	0.99214058972
0.01984375		0.398438886636	0.992077749821
0.02015625		0.398337946467	0.99201496641
0.02046875		0.398237043058	0.991952235135
0.02078125		0.398136254919	0.99188954803
0.02109375		0.398035627007	0.991826900812
0.02140625		0.397935203144	0.991764292943
0.02171875		0.397834957225	0.991701723641
0.02203125		0.397734918849	0.991639194115
0.02234375		0.397634893157	0.991576701701
0.02265625		0.397534815795	0.991514240309
0.02296875		0.397434716715	0.991451806727
0.02328125		0.397334510581	0.99138940088
0.02359375		0.397234241265	0.991327025468
0.02390625		0.397134143586	0.991264679596
0.02421875		0.397034209448	0.991202357704
0.02453125		0.396934441267	0.991140055668
0.02484375		0.396834846547	0.991077773117
0.02515625		0.396735481421	0.991015512356
0.02546875		0.396636182276	0.990953273079
0.02578125		0.39653670889	0.990891051307
0.02609375		0.39643716363	0.990828843938
0.02640625		0.396337493783	0.990766650866
0.02671875		0.396237702013	0.990704474524
0.02703125		0.396138033234	0.990642316228
0.02734375		0.396038504551	0.990580173013
0.02765625		0.395939108193	0.990518040758
0.02796875		0.395839929175	0.990455917673
0.02828125		0.395740916968	0.990393804838
0.02859375		0.395642195593	0.99033170378
0.02890625		0.395543292766	0.99026961271
0.02921875		0.395444170257	0.990207528126
0.02953125		0.395344942838	0.990145447856
0.02984375		0.395245516108	0.99008337267
0.03015625		0.395145992993	0.990021305141
0.03046875		0.395046639056	0.989959245348
0.03078125		0.394947450461	0.9898971905
0.03109375		0.394848514687	0.989835138145
0.03140625		0.394749776422	0.989773088017
0.03171875		0.394651450049	0.989711041281
0.03203125		0.394553074015	0.989648997605
0.03234375		0.39445428137	0.989586955246
0.03265625		0.394355328104	0.989524912854
0.03296875		0.394256144664	0.989462870515
0.03328125		0.394156719506	0.989400829193
0.03359375		0.394057408137	0.989338788843
0.03390625		0.393958343641	0.989276748139
0.03421875		0.393859537138	0.989214705851
0.03453125		0.393761003403	0.989152661836
0.03484375		0.393662908266	0.98909061653
0.03515625		0.393564935385	0.989028568884
0.03546875		0.393466443708	0.988966517063
0.03578125		0.393367633987	0.988904459812
0.03609375		0.393268612789	0.988842397859
0.03640625		0.393169290079	0.98878033363
0.03671875		0.393070030663	0.988718267683
0.03703125		0.392971043039	0.988656197476
0.03734375		0.392872275261	0.988594119877
0.03765625		0.392773848622	0.988532034526
0.03796875		0.39267573549	0.988469944044
0.03828125		0.392578041634	0.988407849612
0.03859375		0.392479851155	0.988345748733
0.03890625		0.39238115539	0.988283638231
0.03921875		0.392282236097	0.988221517541
0.03953125		0.392183016789	0.98815939026
0.03984375		0.392083826459	0.988097259369
0.04015625		0.391984874511	0.988035122749
0.04046875		0.391886126614	0.987972975931
0.04078125		0.391787675958	0.987910816963
0.04109375		0.391689446201	0.987848648567
0.04140625		0.391591775804	0.987786473942
0.04171875		0.391493903581	0.987724291455
0.04203125		0.391395352779	0.987662097232
0.04234375		0.39129651532	0.987599889248
0.04265625		0.391197386333	0.987537670347
0.04296875		0.391098221411	0.987475444892
0.04328125		0.390999296018	0.987413212512
0.04359375		0.390900551762	0.987350968705
0.04390625		0.390802000636	0.987288710077
0.04421875		0.390703715031	0.987226438138
0.04453125		0.390605814675	0.987164157061
0.04484375		0.390508121232	0.987101867086
0.04515625		0.390409769668	0.987039564375
0.04546875		0.390311028505	0.986977245711
0.04578125		0.390211973854	0.986914912444
0.04609375		0.390112805096	0.986852569379
0.04640625		0.390013889854	0.986790218167
0.04671875		0.38991511446	0.986727855072
0.04703125		0.389816488146	0.986665475664
0.04734375		0.389718117481	0.986603079862
0.04765625		0.389619941303	0.986540671815
0.04796875		0.389522215262	0.986478253728
0.04828125		0.389424061104	0.986415822561
0.04859375		0.389325395827	0.986353374309
0.04890625		0.389226440691	0.986290908572
0.04921875		0.389127268887	0.986228429701
0.04953125		0.389028315809	0.98616594114
0.04984375		0.388929503369	0.98610344053
0.05015625		0.388830825027	0.986040923085
0.05046875		0.388732304294	0.985978386948
0.05078125		0.388633954476	0.985915835484
0.05109375		0.388535984666	0.985853272508
0.05140625		0.38843795179	0.985790696438
0.05171875		0.388339375985	0.985728102802
0.05203125		0.388240499047	0.98566548966
0.05234375		0.388141363172	0.985602860254
0.05265625		0.388042323205	0.985540219294
0.05296875		0.387943473749	0.985477566187
0.05328125		0.387844723648	0.985414896072
0.05359375		0.387746062947	0.98535220581
0.05390625		0.387647601058	0.985289497571
0.05421875		0.387549296001	0.985226776048
0.05453125		0.38745123459	0.9851640414
0.05484375		0.387352753367	0.98510128909
0.05515625		0.387253943339	0.985038515897
0.05546875		0.387154851348	0.984975723861
0.05578125		0.387055724675	0.984912918244
0.05609375		0.386956802134	0.984850100176
0.05640625		0.38685796075	0.984787265232
0.05671875		0.386759211264	0.984724409206
0.05703125		0.386660582203	0.984661533089
0.05734375		0.386562047756	0.984598641721
0.05765625		0.386463793098	0.984535737048
0.05796875		0.386365366675	0.984472815041
0.05828125		0.386266590617	0.984409871351
0.05859375		0.386167563425	0.98434690666
0.05890625		0.386068360062	0.984283926094
0.05921875		0.385969321398	0.984220932588
0.05953125		0.385870395208	0.984157922753
0.05984375		0.385771542588	0.984094891491
0.06015625		0.385672743393	0.984031838315
0.06046875		0.385574072487	0.983968767682
0.06078125		0.385475542093	0.983905683116
0.06109375		0.385377082533	0.983842582018
0.06140625		0.38527831858	0.983779459136
0.06171875		0.385179325689	0.983716313493
0.06203125		0.385080101594	0.983653149505
0.06234375		0.384980922325	0.983589971523
0.06265625		0.384881893569	0.983526777982
0.06296875		0.384782913065	0.98346356336
0.06328125		0.384683985019	0.983400325422
0.06359375		0.38458516769	0.983337067759
0.06390625		0.384486402624	0.983273794906
0.06421875		0.38438780606	0.983210506328
0.06453125		0.384289030836	0.983147196681
0.06484375		0.384190034932	0.983083863038
0.06515625		0.384090810821	0.983020508593
0.06546875		0.383991502963	0.98295713845
0.06578125		0.383892338204	0.982893753272
0.06609375		0.383793233337	0.982830348128
0.06640625		0.383694190457	0.982766919003
0.06671875		0.383595191807	0.982703467866
0.06703125		0.383496274753	0.982639999612
0.06734375		0.383397467917	0.982576515921
0.06765625		0.383298637425	0.982513012575
0.06796875		0.383199604854	0.982449484981
0.06828125		0.383100376584	0.982385934297
0.06859375		0.383000976356	0.982322365586
0.06890625		0.382901649079	0.98225878165
0.06921875		0.382802425626	0.982195179254
0.06953125		0.382703240125	0.982131553234
0.06984375		0.382604088355	0.982067903306
0.07015625		0.382505031654	0.982004233868
0.07046875		0.382406003368	0.981940548345
0.07078125		0.382307062036	0.98187684474
0.07109375		0.382207969614	0.981813117684
0.07140625		0.382108714187	0.981749365915
0.07171875		0.382009255225	0.981685593442
0.07203125		0.381909768667	0.981621804621
0.07234375		0.381810400593	0.981557998683
0.07265625		0.381711069136	0.981494170318
0.07296875		0.381611790864	0.981430316983
0.07328125		0.381512551542	0.981366441613
0.07359375		0.381413359667	0.981302548722
0.07390625		0.381314248162	0.981238638744
0.07421875		0.381215073675	0.981174706822
0.07453125		0.381115759961	0.981110749531
0.07484375		0.381016255423	0.981046769045
0.07515625		0.380916629723	0.980982770354
0.07546875		0.380817097074	0.98091875514
0.07578125		0.380717632483	0.980854719149
0.07609375		0.380618202922	0.980790658065
0.07640625		0.380518793698	0.980726572824
0.07671875		0.380419456662	0.980662468064
0.07703125		0.380320151422	0.980598346425
0.07734375		0.380220860872	0.980534204479
0.07765625		0.380121463367	0.980470037422
0.07796875		0.38002190854	0.980405845308
0.07828125		0.379922176263	0.980341632723
0.07859375		0.379822475939	0.980277403391
0.07890625		0.379722863158	0.980213154817
0.07921875		0.379623273992	0.980148881793
0.07953125		0.379523721352	0.980084583144
0.07984375		0.379424210435	0.980020262752
0.08015625		0.379324732486	0.979955924955
0.08046875		0.379225289674	0.979891568317
0.08078125		0.379125790232	0.979827187492
0.08109375		0.379026165017	0.979762780357
0.08140625		0.378926355779	0.979698350398
0.08171875		0.378826486654	0.979633902745
0.08203125		0.378726712502	0.979569437192
0.08234375		0.3786269759	0.979504948431
0.08265625		0.378527266221	0.9794404332
0.08296875		0.378427582222	0.979375893934
0.08328125		0.378327943301	0.979311335949
0.08359375		0.37822833118	0.979246760327
0.08390625		0.378128702255	0.979182162103
0.08421875		0.378028991254	0.979117537079
0.08453125		0.377929107346	0.97905288686
0.08484375		0.377829095333	0.978988217143
0.08515625		0.377729151199	0.978923530439
0.08546875		0.377629260307	0.978858822329
0.08578125		0.377529389945	0.97879408774
0.08609375		0.377429546287	0.978729326979
0.08640625		0.377329733594	0.978664545448
0.08671875		0.377229953556	0.978599746795
0.08703125		0.377130180313	0.978534927517
0.08734375		0.377030357021	0.978470081823
0.08765625		0.37693039155	0.978405208917
0.08796875		0.376830267462	0.97834031416
0.08828125		0.376730143761	0.978275402467
0.08859375		0.376630093716	0.978210471375
0.08890625		0.376530069026	0.978145514624
0.08921875		0.376430058476	0.978080530063
0.08953125		0.376330074284	0.978015522343
0.08984375		0.376230127217	0.977950497087
0.09015625		0.376130197599	0.977885453029
0.09046875		0.376030246066	0.977820383841
0.09078125		0.375930186374	0.977755286228
0.09109375		0.375829960327	0.977690164239
0.09140625		0.375729661815	0.977625024209
0.09171875		0.375629451095	0.977559866217
0.09203125		0.375529266374	0.977494684368
0.09234375		0.375429093642	0.977429474222
0.09265625		0.375328945949	0.977364238566
0.09296875		0.37522882168	0.977298983648
0.09328125		0.375128731702	0.977233710682
0.09359375		0.375028637164	0.977168414705
0.09390625		0.374928467251	0.977103090684
0.09421875		0.374828138067	0.977037740322
0.09453125		0.374727696698	0.976972369706
0.09484375		0.374627306527	0.976906980958
0.09515625		0.374526961064	0.976841570118
0.09546875		0.374426631497	0.976776132186
0.09578125		0.374326316834	0.976710667599
0.09609375		0.374226022686	0.976645181662
0.09640625		0.374125765213	0.976579676936
0.09671875		0.374025510937	0.976514150271
0.09703125		0.373925215391	0.976448596857
0.09734375		0.373824784799	0.976383016429
0.09765625		0.37372421605	0.976317413884
0.09796875		0.373623646069	0.976251792504
0.09828125		0.373523140633	0.976186149798
0.09859375		0.37342265287	0.976120480977
0.09890625		0.373322170531	0.97605478487
0.09921875		0.373221712077	0.975989065661
0.09953125		0.373121276322	0.975923327159
0.09984375		0.373020855612	0.975857567591
0.10015625		0.372920415492	0.975791782232
0.10046875		0.372819878641	0.975725969154
0.10078125		0.372719195951	0.975660132052
0.10109375		0.372618453033	0.975594275421
0.10140625		0.372517785009	0.975528398357
0.10171875		0.37241713435	0.975462496291
0.10203125		0.372316490482	0.975396566544
0.10234375		0.372215863456	0.975330611875
0.10265625		0.372115250072	0.975264636945
0.10296875		0.372014659458	0.975198641714
0.10328125		0.371914060108	0.975132621922
0.10359375		0.371813399246	0.975066574337
0.10390625		0.371712606517	0.975000500985
0.10421875		0.371611720615	0.974934406771
0.10453125		0.371510873455	0.974868292671
0.10484375		0.37141006131	0.974802154836
0.10515625		0.371309257121	0.974735989569
0.10546875		0.37120845877	0.97466979791
0.10578125		0.371107672969	0.974603584453
0.10609375		0.371006907908	0.974537350994
0.10640625		0.370906142194	0.974471094277
0.10671875		0.37080534135	0.974404810287
0.10703125		0.370704437407	0.974338499252
0.10734375		0.370603421057	0.974272165574
0.10765625		0.370502395423	0.974205811993
0.10796875		0.370401420688	0.974139435956
0.10828125		0.370300453857	0.974073033236
0.10859375		0.370199486418	0.974006603127
0.10890625		0.370098533242	0.973940149379
0.10921875		0.369997589035	0.973873675328
0.10953125		0.369896654004	0.973807179241
0.10984375		0.369795700786	0.973740656858
0.11015625		0.36969467511	0.97367410673
0.11046875		0.369593536041	0.973607532021
0.11078125		0.369492343265	0.973540936672
0.11109375		0.369391200215	0.973474319936
0.11140625		0.369290068595	0.973407677675
0.11171875		0.369188938507	0.973341007734
0.11203125		0.369087814539	0.973274312352
0.11234375		0.368986694484	0.973207595535
0.11265625		0.368885588956	0.973140857526
0.11296875		0.36878447317	0.973074094559
0.11328125		0.368683311415	0.973007303909
0.11359375		0.368582050743	0.972940487004
0.11390625		0.368480711254	0.97287364792
0.11421875		0.368379388931	0.972806787979
0.11453125		0.368278093944	0.972739903965
0.11484375		0.368176801473	0.972672992635
0.11515625		0.368075506335	0.972606054451
0.11546875		0.367974216924	0.972539093102
0.11578125		0.36787293703	0.972472110801
0.11609375		0.367771654971	0.972405105067
0.11640625		0.367670344338	0.972338072243
0.11671875		0.367568958658	0.972271011933
0.11703125		0.367467481435	0.972203927527
0.11734375		0.367365981934	0.972136822138
0.11765625		0.367264521732	0.972069694197
0.11796875		0.367163065058	0.972002539758
0.11828125		0.367061603782	0.971935357531
0.11859375		0.366960146583	0.971868150262
0.11890625		0.366858691256	0.971800921492
0.11921875		0.36675724073	0.971733670663
0.11953125		0.366655772523	0.971666393818
0.11984375		0.366554250605	0.971599088925
0.12015625		0.366452640279	0.971531758117
0.12046875		0.366350978005	0.971464405262
0.12078125		0.366249345114	0.971397030905
0.12109375		0.366147724385	0.971329631339
0.12140625		0.366046100781	0.971262203868
0.12171875		0.365944473184	0.971194749736
0.12203125		0.3658428453	0.971127272678
0.12234375		0.365741224277	0.971059774224
0.12265625		0.365639592759	0.970992251213
0.12296875		0.365537924984	0.970924700441
0.12328125		0.365436181789	0.970857122286
0.12359375		0.365334370021	0.97078952035
0.12390625		0.365232559989	0.970721897179
0.12421875		0.365130773823	0.970654250347
0.12453125		0.365028986565	0.970586576194
0.12484375		0.364927190264	0.97051887411
0.12515625		0.364825394283	0.970451147295
0.12546875		0.364723600047	0.970383399046
0.12578125		0.36462180294	0.970315627815
0.12609375		0.364519980497	0.970247829547
0.12640625		0.36441810093	0.970180002844
0.12671875		0.36431614616	0.97011215055
0.12703125		0.364214161861	0.970044276596
0.12734375		0.364112207748	0.969976380434
0.12765625		0.364010256154	0.969908457773
0.12796875		0.363908297322	0.969840506519
0.12828125		0.363806333191	0.969772528904
0.12859375		0.363704365119	0.969704529046
0.12890625		0.363602399433	0.969636507374
0.12921875		0.363500415859	0.969568459649
0.12953125		0.363398390484	0.969500383197
0.12984375		0.363296295941	0.969432279667
0.13015625		0.363194152869	0.969364153268
0.13046875		0.363092024025	0.96929600541
0.13078125		0.362989907736	0.969227832223
0.13109375		0.362887786461	0.969159630543
0.13140625		0.362785654616	0.969091401226
0.13171875		0.362683516523	0.969023148173
0.13203125		0.36258137774	0.968954873629
0.13234375		0.362479230201	0.968886574378
0.13265625		0.362377051889	0.968818246866
0.13296875		0.36227481777	0.968749891151
0.13328125		0.362172524818	0.968681510821
0.13359375		0.362070220245	0.968613108986
0.13390625		0.361967936654	0.968544683305
0.13421875		0.361865650909	0.968476229803
0.13453125		0.361763353357	0.968407747685
0.13484375		0.361661047913	0.968339240037
0.13515625		0.361558736869	0.968270710603
0.13546875		0.361456423206	0.968202157967
0.13578125		0.361354086916	0.968133577776
0.13609375		0.36125170671	0.968064968657
0.13640625		0.361149267241	0.967996333229
0.13671875		0.361046795653	0.967927675644
0.13703125		0.360944340628	0.967858995472
0.13734375		0.360841889433	0.967790288253
0.13765625		0.36073942882	0.967721552097
0.13796875		0.360636956469	0.967652789031
0.13828125		0.360534474983	0.967584003143
0.13859375		0.360431991524	0.96751519489
0.13890625		0.36032949309	0.967446360012
0.13921875		0.360226961042	0.967377496245
0.13953125		0.360124376801	0.967308605042
0.13984375		0.360021748769	0.96723969026
0.14015625		0.359919119663	0.967170753248
0.14046875		0.359816501281	0.96710179031
0.14078125		0.359713876435	0.967032798816
0.14109375		0.359611237402	0.966963779515
0.14140625		0.359508588311	0.966894735727
0.14171875		0.359405933359	0.96682566953
0.14203125		0.359303270395	0.96675657805
0.14234375		0.359200582565	0.966687458293
0.14265625		0.359097852784	0.96661831031
0.14296875		0.358995073468	0.966549136928
0.14328125		0.35889227141	0.966479940965
0.14359375		0.358789483258	0.966410720543
0.14390625		0.358686692817	0.966341472266
0.14421875		0.358583889641	0.966272195542
0.14453125		0.358481074259	0.966202892602
0.14484375		0.358378249659	0.966133566644
0.14515625		0.35827542049	0.966064216704
0.14546875		0.35817257236	0.965994839264
0.14578125		0.358069690516	0.965925433259
0.14609375		0.357966761851	0.965856000436
0.14640625		0.357863797842	0.96578654398
0.14671875		0.357760836105	0.965717063895
0.14703125		0.357657878808	0.965647556914
0.14734375		0.357554912503	0.965578021524
0.14765625		0.357451931189	0.965508458859
0.14796875		0.357348938803	0.965438871725
0.14828125		0.357245940169	0.965369260963
0.14859375		0.35714292907	0.965299623877
0.14890625		0.357039892232	0.965229958574
0.14921875		0.356936815907	0.965160265571
0.14953125		0.356833695568	0.965090547212
0.14984375		0.356730559138	0.965020805175
0.15015625		0.356627432974	0.964951037636
0.15046875		0.356524301931	0.964881242244
0.15078125		0.356421156738	0.964811418855
0.15109375		0.356317998676	0.964741569157
0.15140625		0.356214830984	0.964671695452
0.15171875		0.356111655123	0.964601796877
0.15203125		0.356008459423	0.964531870841
0.15234375		0.355905230551	0.964461916578
0.15265625		0.355801957772	0.96439193522
0.15296875		0.355698654746	0.964321929395
0.15328125		0.355595356109	0.964251899236
0.15359375		0.355492059067	0.964181842218
0.15390625		0.355388751467	0.964111756966
0.15421875		0.355285428408	0.964041644047
0.15453125		0.355182092625	0.963971505861
0.15484375		0.355078749681	0.963901343497
0.15515625		0.354975391702	0.963831154925
0.15546875		0.354872007363	0.963760938192
0.15578125		0.354768584602	0.96369069332
0.15609375		0.354665122594	0.963620422295
0.15640625		0.354561649754	0.963550127177
0.15671875		0.354458184274	0.963479806669
0.15703125		0.354354713014	0.96340945823
0.15734375		0.35425122642	0.963339081332
0.15765625		0.354147725479	0.963268677322
0.15796875		0.354044213606	0.96319824894
0.15828125		0.353940691693	0.963127795884
0.15859375		0.353837149019	0.963057315278
0.15890625		0.353733573277	0.962986805947
0.15921875		0.353629956199	0.962916268624
0.15953125		0.353526314994	0.962845706468
0.15984375		0.353422678369	0.962775120271
0.16015625		0.353319042079	0.96270450721
0.16046875		0.353215393547	0.96263386537
0.16078125		0.353111727649	0.962563194838
0.16109375		0.353008048285	0.962492498654
0.16140625		0.352904360336	0.962421778639
0.16171875		0.352800655915	0.962351032598
0.16203125		0.352696924078	0.962280257814
0.16234375		0.352593155566	0.962209453835
0.16265625		0.352489354219	0.962138623268
0.16296875		0.352385544431	0.962067768782
0.16328125		0.352281739491	0.961996889301
0.16359375		0.352177928227	0.961925981181
0.16390625		0.352074100263	0.96185504364
0.16421875		0.351970255345	0.961784078564
0.16453125		0.351866398432	0.961713089261
0.16484375		0.351762531032	0.961642075771
0.16515625		0.351658640925	0.961571033909
0.16546875		0.351554718699	0.961499962357
0.16578125		0.351450761657	0.961428862456
0.16609375		0.351346784401	0.961357737825
0.16640625		0.35124280765	0.961286589516
0.16671875		0.351138831645	0.961215413806
0.16703125		0.351034844197	0.96114420825
0.16734375		0.350930835118	0.961072973578
0.16765625		0.350826810406	0.961001713357
0.16796875		0.350722775683	0.960930429514
0.16828125		0.35061872444	0.960859119458
0.16859375		0.35051464612	0.960787779524
0.16890625		0.350410535578	0.960716409801
0.16921875		0.350306398626	0.960645013539
0.16953125		0.350202251811	0.960573593529
0.16984375		0.350098106751	0.960502148595
0.17015625		0.349993958062	0.960430673964
0.17046875		0.34988978854	0.960359169033
0.17078125		0.349785597815	0.960287636784
0.17109375		0.349681392757	0.960216080455
0.17140625		0.34957717796	0.96014450005
0.17171875		0.349472941188	0.960072890182
0.17203125		0.349368675735	0.960001249539
0.17234375		0.349264383852	0.959929580871
0.17265625		0.349160074245	0.959857887774
0.17296875		0.349055758299	0.959786170956
0.17328125		0.348951443495	0.959714425852
0.17359375		0.348847114199	0.959642649598
0.17390625		0.34874276063	0.959570844454
0.17421875		0.348638387491	0.959499014205
0.17453125		0.348534003867	0.959427160272
0.17484375		0.34842960631	0.959355279327
0.17515625		0.348325185099	0.959283367147
0.17546875		0.348220738311	0.959211425241
0.17578125		0.348116271181	0.959139457422
0.17609375		0.348011790788	0.959067465736
0.17640625		0.347907305944	0.958995448241
0.17671875		0.347802810687	0.958923399927
0.17703125		0.347698295185	0.958851321087
0.17734375		0.347593758487	0.958779215545
0.17765625		0.347489206744	0.958707085923
0.17796875		0.347384645033	0.958634931322
0.17828125		0.347280065514	0.958562746252
0.17859375		0.347175463029	0.958490529844
0.17890625		0.347070838682	0.958418285961
0.17921875		0.346966197477	0.958346017781
0.17953125		0.346861545961	0.958273725386
0.17984375		0.346756882067	0.958201403194
0.18015625		0.346652201841	0.958129049067
0.18046875		0.346547501079	0.958056666685
0.18078125		0.346442783836	0.957984259616
0.18109375		0.34633805617	0.957911828522
0.18140625		0.346233315445	0.957839368429
0.18171875		0.346128554532	0.957766876262
0.18203125		0.346023772413	0.957694354966
0.18234375		0.345918972035	0.957621808261
0.18265625		0.345814157361	0.957549237467
0.18296875		0.345709325991	0.957476638648
0.18328125		0.345604475753	0.957404008022
0.18359375		0.34549960779	0.957331347451
0.18390625		0.345394725453	0.957258660648
0.18421875		0.345289831604	0.957185949412
0.18453125		0.345184926596	0.957113210782
0.18484375		0.345080005052	0.957040440586
0.18515625		0.344975063775	0.95696763981
0.18546875		0.344870102424	0.956894811993
0.18578125		0.344765123735	0.956821959192
0.18609375		0.344660122885	0.956749079262
0.18640625		0.344555100116	0.956676168245
0.18671875		0.344450061509	0.956603226555
0.18703125		0.34434500894	0.95653025692
0.18734375		0.344239944014	0.956457261352
0.18765625		0.344134869617	0.956384238323
0.18796875		0.34402978248	0.956311184721
0.18828125		0.343924679832	0.956238100616
0.18859375		0.343819556623	0.956164987921
0.18890625		0.343714409048	0.956091847988
0.18921875		0.343609231539	0.956018679457
0.18953125		0.343504028136	0.955945480643
0.18984375		0.343398809366	0.955872251904
0.19015625		0.343293579452	0.955798994395
0.19046875		0.343188337313	0.9557257082
0.19078125		0.343083083205	0.95565239175
0.19109375		0.342977820753	0.955579044779
0.19140625		0.342872546813	0.955505668247
0.19171875		0.342767253141	0.955432262555
0.19203125		0.342661926281	0.955358826698
0.19234375		0.342556560058	0.955285359085
0.19265625		0.342451159299	0.955211860175
0.19296875		0.34234574487	0.955138331418
0.19328125		0.342240323936	0.955064772727
0.19359375		0.342134890722	0.954991182484
0.19390625		0.342029439517	0.954917558914
0.19421875		0.341923972209	0.954843902641
0.19453125		0.341818494622	0.954770215175
0.19484375		0.341713000273	0.954696496397
0.19515625		0.341607476965	0.95462274447
0.19546875		0.341501906717	0.95454895721
0.19578125		0.341396287832	0.954475135379
0.19609375		0.341290640941	0.954401281579
0.19640625		0.341184990968	0.954327397632
0.19671875		0.341079337617	0.954253483341
0.19703125		0.340973670292	0.954179535576
0.19734375		0.34086797316	0.954105548112
0.19765625		0.340762224445	0.954031506998
0.19796875		0.340656384201	0.953957383071
0.19828125		0.340550376945	0.953883122618
0.19859375		0.34044405396	0.953808623452
0.19890625		0.340337096094	0.95373366911
0.19921875		0.340228723725	0.953657723052
0.19953125		0.340116670672	0.953579202807
0.19984375		0.33999221084	0.953492064168
0.20015625		0.339800784541	0.953367288677
0.20046875		0.339519929162	0.953169994083
0.20078125		0.339206069186	0.952949689753
0.20109375		0.338883974332	0.952723400656
0.20140625		0.338561881	0.952496911517
0.20171875		0.338241910926	0.952271751827
0.20203125		0.337922800782	0.952047033244
0.20234375		0.337603901443	0.95182230297
0.20265625		0.337284980744	0.951597411706
0.20296875		0.336965912493	0.951372284546
0.20328125		0.336646675428	0.951146880676
0.20359375		0.336327287694	0.950921185571
0.20390625		0.336007738682	0.9506951963
0.20421875		0.335688010167	0.950468911727
0.20453125		0.335368088493	0.95024232987
0.20484375		0.335047970305	0.950015448466
0.20515625		0.33472765232	0.949788265363
0.20546875		0.334407126067	0.949560778662
0.20578125		0.3340863832	0.949332986664
0.20609375		0.333765426084	0.949104887826
0.20640625		0.333444254153	0.948876480709
0.20671875		0.333122900678	0.948647763973
0.20703125		0.332801367326	0.948418736295
0.20734375		0.332479634846	0.948189396504
0.20765625		0.33215770174	0.947959743558
0.20796875		0.331835564814	0.947729776487
0.20828125		0.331513217749	0.947499494337
0.20859375		0.331190654867	0.947268896198
0.20890625		0.330867873648	0.947037981176
0.20921875		0.330544875269	0.946806748404
0.20953125		0.330221655093	0.946575197007
0.20984375		0.329898223318	0.946343326141
0.21015625		0.329574606925	0.946111134877
0.21046875		0.329250796539	0.945878622237
0.21078125		0.328926784095	0.945645787278
0.21109375		0.328602564601	0.94541262908
0.21140625		0.328278134135	0.945179146749
0.21171875		0.327953485968	0.944945339402
0.21203125		0.32762861506	0.944711206179
0.21234375		0.327303519467	0.944476746226
0.21265625		0.326978201844	0.944241958692
0.21296875		0.326652667997	0.944006842708
0.21328125		0.326326937154	0.943771397351
0.21359375		0.326001009214	0.943535621643
0.21390625		0.32567487897	0.943299514611
0.21421875		0.325348539894	0.943063075297
0.21453125		0.325021986	0.942826302763
0.21484375		0.324695211312	0.942589196087
0.21515625		0.324368211161	0.942351754362
0.21546875		0.324040985541	0.942113976692
0.21578125		0.323713535548	0.941875862166
0.21609375		0.323385865013	0.941637409863
0.21640625		0.323057985599	0.941398618834
0.21671875		0.32272990351	0.941159488076
0.21703125		0.322401618437	0.940920016568
0.21734375		0.322073122394	0.940680203295
0.21765625		0.321744407546	0.940440047266
0.21796875		0.321415469159	0.940199547511
0.21828125		0.321086301904	0.939958703074
0.21859375		0.32075690654	0.939717513006
0.21890625		0.320427286027	0.939475976345
0.21921875		0.320097441647	0.939234092112
0.21953125		0.319767377858	0.938991859314
0.21984375		0.319437104118	0.938749276922
0.22015625		0.319106624184	0.93850634387
0.22046875		0.318775931762	0.938263059076
0.22078125		0.318445017338	0.938019421484
0.22109375		0.318113876018	0.937775430064
0.22140625		0.317782502704	0.937531083809
0.22171875		0.317450897281	0.937286381721
0.22203125		0.31711906321	0.937041322789
0.22234375		0.316787003602	0.936795905979
0.22265625		0.316454717984	0.936550130243
0.22296875		0.316122213848	0.936303994519
0.22328125		0.315789497727	0.936057497706
0.22359375		0.315456566798	0.93581063868
0.22390625		0.315123410886	0.935563416335
0.22421875		0.314790025188	0.935315829591
0.22453125		0.314456404413	0.935067877378
0.22484375		0.314122546798	0.934819558642
0.22515625		0.313788456256	0.934570872315
0.22546875		0.313454136817	0.934321817309
0.22578125		0.313119588965	0.934072392516
0.22609375		0.312784815291	0.933822596819
0.22640625		0.3124498207	0.933572429075
0.22671875		0.312114606015	0.933321888124
0.22703125		0.311779163937	0.933070972802
0.22734375		0.31144348986	0.93281968197
0.22765625		0.311107578884	0.932568014496
0.22796875		0.310771426921	0.932315969261
0.22828125		0.310435036156	0.932063545147
0.22859375		0.310098411543	0.931810741015
0.22890625		0.309761555248	0.931557555704
0.22921875		0.309424468333	0.931303988035
0.22953125		0.30908715271	0.931050036817
0.22984375		0.308749609841	0.930795700846
0.23015625		0.308411835663	0.930540978909
0.23046875		0.308073826231	0.930285869806
0.23078125		0.307735578443	0.930030372339
0.23109375		0.307397087273	0.92977448532
0.23140625		0.307058352074	0.929518207569
0.23171875		0.306719376585	0.929261537893
0.23203125		0.306380163873	0.929004475075
0.23234375		0.306040716001	0.928747017882
0.23265625		0.305701033691	0.928489165065
0.23296875		0.305361117652	0.928230915365
0.23328125		0.305020964867	0.927972267515
0.23359375		0.30468057257	0.927713220254
0.23390625		0.304339938809	0.927453772323
0.23421875		0.303999059525	0.927193922464
0.23453125		0.303657932394	0.926933669427
0.23484375		0.303316559001	0.926673011958
0.23515625		0.302974942321	0.926411948784
0.23546875		0.30263308409	0.926150478613
0.23578125		0.302290985789	0.92588860014
0.23609375		0.301948648282	0.925626312044
0.23640625		0.301606069091	0.925363612997
0.23671875		0.301263245604	0.925100501673
0.23703125		0.300920176048	0.924836976748
0.23734375		0.300576857536	0.924573036896
0.23765625		0.30023328744	0.924308680795
0.23796875		0.299889466189	0.924043907119
0.23828125		0.299545395975	0.923778714532
0.23859375		0.299201078108	0.923513101678
0.23890625		0.298856513074	0.923247067189
0.23921875		0.298511702537	0.922980609684
0.23953125		0.298166645885	0.92271372777
0.23984375		0.297821340329	0.922446420049
0.24015625		0.297475783947	0.922178685125
0.24046875		0.297129974233	0.921910521601
0.24078125		0.296783908465	0.92164192808
0.24109375		0.296437586402	0.921372903168
0.24140625		0.296091009814	0.921103445456
0.24171875		0.295744180073	0.920833553518
0.24203125		0.29539709738	0.920563225917
0.24234375		0.295049761171	0.920292461204
0.24265625		0.294702172906	0.92002125792
0.24296875		0.294354331283	0.919749614596
0.24328125		0.294006234171	0.919477529758
0.24359375		0.293657879494	0.919205001931
0.24390625		0.293309264144	0.918932029639
0.24421875		0.292960386743	0.918658611409
0.24453125		0.292611248596	0.918384745757
0.24484375		0.292261851485	0.918110431184
0.24515625		0.291912195806	0.917835666173
0.24546875		0.291562280774	0.917560449199
0.24578125		0.291212106086	0.917284778731
0.24609375		0.290861671925	0.917008653231
0.24640625		0.290510977238	0.916732071145
0.24671875		0.290160020253	0.916455030917
0.24703125		0.289808798805	0.916177530986
0.24734375		0.289457310115	0.915899569792
0.24765625		0.289105553829	0.91562114577
0.24796875		0.288753531621	0.915342257345
0.24828125		0.288401244655	0.915062902925
0.24859375		0.288048692666	0.914783080901
0.24890625		0.287695874963	0.914502789658
0.24921875		0.287342791329	0.91422202757
0.24953125		0.286989440939	0.913940793002
0.24984375		0.2866358222	0.913659084313
0.25015625		0.286281933834	0.913376899855
0.25046875		0.285927773899	0.913094237976
0.25078125		0.285573340799	0.912811097021
0.25109375		0.285218634751	0.912527475327
0.25140625		0.284863656681	0.912243371216
0.25171875		0.284508407019	0.911958782996
0.25203125		0.284152885388	0.911673708962
0.25234375		0.283797091469	0.911388147399
0.25265625		0.283441024771	0.911102096582
0.25296875		0.283084683753	0.910815554777
0.25328125		0.282728066852	0.910528520244
0.25359375		0.282371172532	0.910240991236
0.25390625		0.282013999337	0.909952966002
0.25421875		0.281656547016	0.909664442783
0.25453125		0.281298815984	0.909375419806
0.25484375		0.280940806368	0.909085895286
0.25515625		0.280582517846	0.908795867424
0.25546875		0.280223949967	0.908505334408
0.25578125		0.27986510255	0.908214294418
0.25609375		0.279505974807	0.90792274562
0.25640625		0.279146565154	0.907630686174
0.25671875		0.278786872023	0.907338114231
0.25703125		0.278426893583	0.907045027936
0.25734375		0.278066629133	0.906751425428
0.25765625		0.277706079092	0.906457304835
0.25796875		0.277345243718	0.906162664267
0.25828125		0.276984122621	0.905867501821
0.25859375		0.276622714993	0.905571815583
0.25890625		0.276261020428	0.905275603629
0.25921875		0.275899038474	0.904978864019
0.25953125		0.275536768021	0.904681594806
0.25984375		0.275174207764	0.904383794032
0.26015625		0.274811356195	0.904085459731
0.26046875		0.274448211772	0.903786589927
0.26078125		0.274084774168	0.903487182639
0.26109375		0.273721043682	0.903187235868
0.26140625		0.273357020285	0.9028867476
0.26171875		0.272992703339	0.902585715808
0.26203125		0.272628092172	0.902284138453
0.26234375		0.272263186234	0.901982013484
0.26265625		0.271897984523	0.901679338835
0.26296875		0.271532485772	0.901376112434
0.26328125		0.27116668891	0.901072332194
0.26359375		0.270800592582	0.900767996021
0.26390625		0.270434195846	0.900463101811
0.26421875		0.270067498432	0.900157647444
0.26453125		0.269700500175	0.899851630788
0.26484375		0.269333200723	0.899545049696
0.26515625		0.268965599437	0.899237902004
0.26546875		0.26859769579	0.898930185537
0.26578125		0.268229488991	0.898621898107
0.26609375		0.267860977743	0.89831303751
0.26640625		0.267492160782	0.898003601535
0.26671875		0.267123036866	0.897693587958
0.26703125		0.266753605043	0.897382994543
0.26734375		0.266383864859	0.897071819041
0.26765625		0.266013815945	0.896760059187
0.26796875		0.265643457761	0.896447712701
0.26828125		0.265272789609	0.89613477729
0.26859375		0.264901810857	0.895821250642
0.26890625		0.264530520941	0.895507130435
0.26921875		0.264158918913	0.895192414329
0.26953125		0.263787003465	0.894877099972
0.26984375		0.263414773292	0.894561185
0.27015625		0.26304222711	0.894244667035
0.27046875		0.262669364271	0.893927543687
0.27078125		0.262296184442	0.89360981255
0.27109375		0.261922687128	0.893291471199
0.27140625		0.26154887155	0.892972517194
0.27171875		0.261174736852	0.892652948081
0.27203125		0.260800282356	0.892332761389
0.27234375		0.260425507285	0.89201195463
0.27265625		0.260050410549	0.891690525301
0.27296875		0.259674990968	0.891368470887
0.27328125		0.25929924727	0.891045788855
0.27359375		0.258923178331	0.89072247666
0.27390625		0.258546783511	0.89039853174
0.27421875		0.258170062316	0.890073951516
0.27453125		0.257793014135	0.889748733391
0.27484375		0.257415638115	0.88942287475
0.27515625		0.257037933445	0.889096372962
0.27546875		0.256659899282	0.888769225379
0.27578125		0.256281534577	0.888441429333
0.27609375		0.255902838153	0.888112982145
0.27640625		0.255523808893	0.887783881114
0.27671875		0.25514444565	0.887454123528
0.27703125		0.254764747495	0.887123706654
0.27734375		0.254384713669	0.886792627742
0.27765625		0.254004343463	0.886460884026
0.27796875		0.253623636114	0.886128472716
0.27828125		0.253242590772	0.885795391007
0.27859375		0.252861206622	0.885461636074
0.27890625		0.252479482685	0.885127205073
0.27921875		0.252097417754	0.884792095142
0.27953125		0.251715010586	0.8844563034
0.27984375		0.251332259987	0.88411982695
0.28015625		0.250949164989	0.883782662875
0.28046875		0.250565724755	0.883444808239
0.28078125		0.250181938435	0.883106260087
0.28109375		0.249797805151	0.88276701544
0.28140625		0.249413323965	0.882427071303
0.28171875		0.249028493983	0.882086424658
0.28203125		0.248643314322	0.881745072467
0.28234375		0.248257783904	0.881403011671
0.28265625		0.247871901486	0.881060239191
0.28296875		0.247485665765	0.880716751927
0.28328125		0.247099075526	0.880372546761
0.28359375		0.246712129819	0.880027620554
0.28390625		0.24632482778	0.879681970143
0.28421875		0.245937168526	0.879335592346
0.28453125		0.245549151045	0.878988483955
0.28484375		0.245160774306	0.878640641742
0.28515625		0.244772037329	0.878292062456
0.28546875		0.244382939069	0.877942742823
0.28578125		0.243993478355	0.877592679547
0.28609375		0.243603653962	0.877241869308
0.28640625		0.243213464599	0.876890308767
0.28671875		0.242822909043	0.876537994558
0.28703125		0.242431986228	0.876184923295
0.28734375		0.242040695204	0.875831091568
0.28765625		0.241649035028	0.87547649594
0.28796875		0.241257004638	0.875121132952
0.28828125		0.240864602962	0.874764999118
0.28859375		0.240471828892	0.874408090928
0.28890625		0.240078681207	0.874050404847
0.28921875		0.239685158638	0.873691937315
0.28953125		0.239291259953	0.873332684748
0.28984375		0.238896983895	0.872972643535
0.29015625		0.238502329209	0.872611810042
0.29046875		0.238107294725	0.872250180609
0.29078125		0.237711879392	0.871887751546
0.29109375		0.237316082165	0.87152451914
0.29140625		0.23691990192	0.871160479648
0.29171875		0.236523337533	0.8707956293
0.29203125		0.23612638779	0.870429964299
0.29234375		0.235729051351	0.870063480818
0.29265625		0.235331326861	0.869696175007
0.29296875		0.234933213002	0.869328042984
0.29328125		0.234534708473	0.86895908084
0.29359375		0.234135812009	0.86858928464
0.29390625		0.233736522411	0.868218650416
0.29421875		0.233336838528	0.867847174174
0.29453125		0.232936759155	0.867474851886
0.29484375		0.232536283071	0.867101679497
0.29515625		0.232135409074	0.866727652919
0.29546875		0.231734135861	0.866352768035
0.29578125		0.231332462013	0.865977020696
0.29609375		0.230930386103	0.865600406723
0.29640625		0.230527906698	0.865222921905
0.29671875		0.230125022408	0.864844562001
0.29703125		0.229721731938	0.864465322737
0.29734375		0.229318034074	0.864085199807
0.29765625		0.228913927546	0.86370418887
0.29796875		0.228509411016	0.863322285554
0.29828125		0.228104483161	0.86293948545
0.29859375		0.227699142643	0.862555784117
0.29890625		0.227293388043	0.862171177081
0.29921875		0.226887217884	0.86178565983
0.29953125		0.226480630689	0.861399227819
0.29984375		0.226073624944	0.861011876471
0.30015625		0.225666199144	0.860623601168
0.30046875		0.2252583519	0.860234397262
0.30078125		0.224850081918	0.859844260063
0.30109375		0.224441387832	0.859453184847
0.30140625		0.224032268224	0.859061166852
0.30171875		0.223622721666	0.858668201276
0.30203125		0.223212746656	0.858274283282
0.30234375		0.22280234163	0.857879407991
0.30265625		0.222391505025	0.857483570488
0.30296875		0.221980235301	0.857086765819
0.30328125		0.221568530898	0.85668898899
0.30359375		0.22115639022	0.856290234966
0.30390625		0.220743811749	0.855890498673
0.30421875		0.220330794047	0.855489774995
0.30453125		0.219917335637	0.855088058774
0.30484375		0.219503435016	0.854685344811
0.30515625		0.219089090655	0.854281627862
0.30546875		0.218674300911	0.853876902641
0.30578125		0.218259064079	0.85347116382
0.30609375		0.217843378474	0.853064406026
0.30640625		0.217427242456	0.852656623843
0.30671875		0.21701065439	0.85224781181
0.30703125		0.216593612618	0.851837964421
0.30734375		0.216176115505	0.851427076122
0.30765625		0.215758161438	0.851015141316
0.30796875		0.215339748792	0.850602154357
0.30828125		0.214920875945	0.85018810955
0.30859375		0.214501541247	0.849773001153
0.30890625		0.214081742949	0.849356823377
0.30921875		0.21366147923	0.848939570382
0.30953125		0.213240748274	0.848521236278
0.30984375		0.212819548298	0.848101815128
0.31015625		0.21239787753	0.847681300941
0.31046875		0.211975734222	0.847259687679
0.31078125		0.211553116636	0.846836969247
0.31109375		0.211130023024	0.8464131395
0.31140625		0.210706451605	0.845988192239
0.31171875		0.210282400589	0.845562121211
0.31203125		0.209857868158	0.845134920108
0.31234375		0.209432852435	0.844706582567
0.31265625		0.209007351503	0.84427710217
0.31296875		0.208581363431	0.843846472442
0.31328125		0.208154886288	0.843414686852
0.31359375		0.207727918136	0.84298173881
0.31390625		0.207300457069	0.84254762167
0.31421875		0.206872501216	0.842112328723
0.31453125		0.206444048699	0.841675853204
0.31484375		0.206015097608	0.841238188283
0.31515625		0.20558564599	0.840799327072
0.31546875		0.205155691827	0.840359262618
0.31578125		0.204725233061	0.839917987907
0.31609375		0.204294267639	0.839475495861
0.31640625		0.203862793506	0.839031779338
0.31671875		0.203430808601	0.83858683113
0.31703125		0.202998310841	0.838140643965
0.31734375		0.202565298134	0.837693210501
0.31765625		0.202131768411	0.837244523331
0.31796875		0.201697719623	0.836794574978
0.31828125		0.201263149708	0.836343357895
0.31859375		0.200828056568	0.835890864466
0.31890625		0.200392438007	0.835437087003
0.31921875		0.199956291772	0.834982017744
0.31953125		0.199519615612	0.834525648857
0.31984375		0.199082407306	0.834067972435
0.32015625		0.198644664639	0.833608980498
0.32046875		0.198206385371	0.833148664987
0.32078125		0.197767567238	0.832687017768
0.32109375		0.197328207984	0.832224030629
0.32140625		0.196888305341	0.83175969528
0.32171875		0.196447857028	0.831294003348
0.32203125		0.196006860746	0.830826946381
0.32234375		0.195565314142	0.830358515846
0.32265625		0.195123214796	0.829888703125
0.32296875		0.19468056026	0.829417499516
0.32328125		0.194237348087	0.828944896233
0.32359375		0.193793575841	0.828470884403
0.32390625		0.193349241087	0.827995455067
0.32421875		0.192904341384	0.827518599176
0.32453125		0.192458874287	0.82704030759
0.32484375		0.192012837315	0.826560571078
0.32515625		0.191566227945	0.826079380318
0.32546875		0.191119043618	0.825596725893
0.32578125		0.190671281755	0.825112598292
0.32609375		0.190222939754	0.824626987906
0.32640625		0.189774014978	0.824139885031
0.32671875		0.189324504762	0.823651279862
0.32703125		0.188874406422	0.823161162496
0.32734375		0.188423717269	0.822669522927
0.32765625		0.187972434619	0.822176351046
0.32796875		0.187520555795	0.821681636639
0.32828125		0.187068078099	0.821185369387
0.32859375		0.186614998783	0.820687538863
0.32890625		0.186161315027	0.82018813453
0.32921875		0.185707023969	0.819687145741
0.32953125		0.185252122737	0.819184561738
0.32984375		0.184796608457	0.818680371647
0.33015625		0.184340478239	0.818174564482
0.33046875		0.18388372916	0.817667129137
0.33078125		0.183426358261	0.817158054389
0.33109375		0.182968362572	0.816647328894
0.33140625		0.182509739119	0.816134941185
0.33171875		0.182050484919	0.815620879673
0.33203125		0.181590596962	0.81510513264
0.33234375		0.181130072175	0.814587688244
0.33265625		0.180668907414	0.814068534509
0.33296875		0.180207099501	0.813547659331
0.33328125		0.179744645247	0.813025050472
0.33359375		0.179281541467	0.812500695558
0.33390625		0.178817784954	0.811974582077
0.33421875		0.178353372473	0.81144669738
0.33453125		0.177888300762	0.810917028673
0.33484375		0.177422566521	0.81038556302
0.33515625		0.176956166415	0.809852287338
0.33546875		0.176489097086	0.809317188397
0.33578125		0.176021355151	0.808780252815
0.33609375		0.175552937179	0.808241467057
0.33640625		0.175083839678	0.807700817433
0.33671875		0.174614059113	0.807158290097
0.33703125		0.174143591932	0.806613871041
0.33734375		0.17367243457	0.806067546094
0.33765625		0.173200583448	0.805519300921
0.33796875		0.172728034965	0.80496912102
0.33828125		0.172254785479	0.804416991716
0.33859375		0.171780831292	0.803862898163
0.33890625		0.171306168651	0.803306825335
0.33921875		0.170830793771	0.802748758032
0.33953125		0.170354702839	0.80218868087
0.33984375		0.169877892005	0.801626578279
0.34015625		0.169400357373	0.801062434503
0.34046875		0.168922095	0.800496233595
0.34078125		0.168443100904	0.799927959414
0.34109375		0.167963371073	0.79935759562
0.34140625		0.167482901481	0.798785125677
0.34171875		0.167001688072	0.79821053284
0.34203125		0.166519726752	0.797633800159
0.34234375		0.166037013362	0.797054910473
0.34265625		0.165553543666	0.796473846408
0.34296875		0.165069313369	0.79589059037
0.34328125		0.164584318157	0.795305124544
0.34359375		0.164098553695	0.79471743089
0.34390625		0.163612015604	0.79412749114
0.34421875		0.163124699449	0.793535286789
0.34453125		0.162636600743	0.7929407991
0.34484375		0.162147714955	0.792344009089
0.34515625		0.161658037514	0.79174489753
0.34546875		0.161167563815	0.791143444946
0.34578125		0.160676289212	0.790539631605
0.34609375		0.160184208989	0.789933437516
0.34640625		0.159691318338	0.789324842425
0.34671875		0.159197612392	0.788713825808
0.34703125		0.158703086257	0.788100366871
0.34734375		0.158207735004	0.787484444539
0.34765625		0.157711553662	0.786866037456
0.34796875		0.157214537206	0.786245123976
0.34828125		0.156716680545	0.785621682161
0.34859375		0.156217978521	0.784995689772
0.34890625		0.155718425909	0.784367124267
0.34921875		0.155218017438	0.783735962792
0.34953125		0.154716747788	0.783102182179
0.34984375		0.154214611576	0.782465758937
0.35015625		0.153711603332	0.781826669246
0.35046875		0.153207717515	0.781184888953
0.35078125		0.152702948524	0.780540393564
0.35109375		0.152197290713	0.779893158237
0.35140625		0.151690738388	0.779243157777
0.35171875		0.151183285795	0.778590366629
0.35203125		0.150674927102	0.777934758867
0.35234375		0.150165656391	0.777276308192
0.35265625		0.149655467656	0.776614987922
0.35296875		0.149144354827	0.775950770987
0.35328125		0.148632311773	0.775283629915
0.35359375		0.148119332296	0.774613536833
0.35390625		0.147605410116	0.77394046345
0.35421875		0.14709053887	0.773264381056
0.35453125		0.14657471211	0.772585260508
0.35484375		0.146057923308	0.771903072225
0.35515625		0.145540165874	0.771217786176
0.35546875		0.145021433151	0.770529371874
0.35578125		0.144501718402	0.769837798361
0.35609375		0.143981014789	0.769143034206
0.35640625		0.143459315354	0.768445047487
0.35671875		0.142936613044	0.767743805788
0.35703125		0.142412900735	0.767039276182
0.35734375		0.141888171227	0.766331425225
0.35765625		0.141362417237	0.765620218944
0.35796875		0.140835631379	0.764905622822
0.35828125		0.140307806161	0.76418760179
0.35859375		0.139778933981	0.763466120215
0.35890625		0.139249007143	0.762741141884
0.35921875		0.138718017862	0.762012629996
0.35953125		0.138185958254	0.761280547144
0.35984375		0.137652820327	0.760544855307
0.36015625		0.137118595962	0.759805515831
0.36046875		0.13658327691	0.759062489417
0.36078125		0.136046854813	0.758315736108
0.36109375		0.135509321214	0.75756521527
0.36140625		0.134970667557	0.756810885582
0.36171875		0.134430885174	0.756052705014
0.36203125		0.133889965261	0.755290630813
0.36234375		0.133347898872	0.754524619488
0.36265625		0.132804676929	0.75375462679
0.36296875		0.132260290229	0.752980607696
0.36328125		0.131714729449	0.752202516389
0.36359375		0.131167985136	0.751420306238
0.36390625		0.130620047693	0.750633929783
0.36421875		0.130070907372	0.749843338708
0.36453125		0.129520554269	0.749048483827
0.36484375		0.128968978337	0.748249315058
0.36515625		0.128416169389	0.747445781401
0.36546875		0.127862117105	0.746637830918
0.36578125		0.127306811009	0.745825410708
0.36609375		0.126750240451	0.745008466879
0.36640625		0.126192394597	0.74418694453
0.36671875		0.125633262442	0.743360787718
0.36703125		0.125072832818	0.742529939437
0.36734375		0.124511094391	0.741694341588
0.36765625		0.12394803566	0.740853934948
0.36796875		0.123383644936	0.740008659143
0.36828125		0.122817910331	0.73915845262
0.36859375		0.122250819753	0.73830325261
0.36890625		0.121682360918	0.737442995098
0.36921875		0.121112521354	0.736577614792
0.36953125		0.120541288402	0.735707045083
0.36984375		0.119968649185	0.734831218013
0.37015625		0.119394590596	0.733950064234
0.37046875		0.118819099291	0.733063512973
0.37078125		0.118242161701	0.732171491991
0.37109375		0.11766376403	0.731273927541
0.37140625		0.117083892263	0.730370744324
0.37171875		0.116502532151	0.729461865446
0.37203125		0.115919669192	0.728547212372
0.37234375		0.115335288609	0.727626704879
0.37265625		0.114749375355	0.726700261001
0.37296875		0.114161914117	0.725767796987
0.37328125		0.11357288932	0.724829227239
0.37359375		0.112982285116	0.723884464263
0.37390625		0.112390085364	0.722933418605
0.37421875		0.111796273615	0.721975998799
0.37453125		0.111200833097	0.721012111298
0.37484375		0.110603746726	0.720041660414
0.37515625		0.1100049971	0.719064548249
0.37546875		0.109404566508	0.718080674629
0.37578125		0.108802436903	0.717089937024
0.37609375		0.10819858988	0.716092230482
0.37640625		0.107593006654	0.715087447542
0.37671875		0.106985668065	0.714075478159
0.37703125		0.106376554579	0.713056209616
0.37734375		0.105765646277	0.712029526436
0.37765625		0.105152922851	0.710995310289
0.37796875		0.104538363577	0.709953439897
0.37828125		0.103921947291	0.708903790933
0.37859375		0.103303652382	0.707846235916
0.37890625		0.102683456782	0.706780644104
0.37921875		0.102061337965	0.705706881376
0.37953125		0.101437272941	0.704624810117
0.37984375		0.10081123823	0.70353428909
0.38015625		0.100183209829	0.70243517331
0.38046875		0.0995531631962	0.701327313903
0.38078125		0.0989210732381	0.700210557967
0.38109375		0.0982869143052	0.699084748423
0.38140625		0.097650660181	0.697949723858
0.38171875		0.09701228406	0.69680531836
0.38203125		0.0963717585181	0.695651361353
0.38234375		0.095729055483	0.694487677408
0.38265625		0.0950841462131	0.693314086062
0.38296875		0.0944370012825	0.69213040162
0.38328125		0.0937875905674	0.690936432941
0.38359375		0.0931358832251	0.68973198323
0.38390625		0.092481847661	0.688516849798
0.38421875		0.0918254514927	0.68729082383
0.38453125		0.0911666615158	0.686053690127
0.38484375		0.0905054436781	0.684805226838
0.38515625		0.0898417630602	0.683545205183
0.38546875		0.0891755838532	0.682273389153
0.38578125		0.0885068693211	0.6809895352
0.38609375		0.0878355817544	0.679693391906
0.38640625		0.0871616824258	0.678384699635
0.38671875		0.0864851315506	0.677063190164
0.38703125		0.0858058882517	0.675728586299
0.38734375		0.0851239105267	0.674380601456
0.38765625		0.0844391552067	0.673018939236
0.38796875		0.0837515779016	0.671643292954
0.38828125		0.0830611329406	0.670253345156
0.38859375		0.0823677733154	0.6688487671
0.38890625		0.0816714506262	0.667429218206
0.38921875		0.0809721150313	0.66599434547
0.38953125		0.0802697151922	0.664543782846
0.38984375		0.0795641982066	0.663077150582
0.39015625		0.0788555095308	0.661594054518
0.39046875		0.0781435928979	0.660094085336
0.39078125		0.0774283902389	0.658576817761
0.39109375		0.0767098416043	0.657041809707
0.39140625		0.0759878850848	0.655488601364
0.39171875		0.0752624567229	0.653916714225
0.39203125		0.0745334904088	0.652325650041
0.39234375		0.0738009177665	0.650714889703
0.39265625		0.073064668037	0.649083892042
0.39296875		0.0723246679603	0.647432092542
0.39328125		0.0715808416554	0.645758901956
0.39359375		0.0708331104891	0.644063704816
0.39390625		0.07008139293	0.642345857832
0.39421875		0.0693256043881	0.64060468816
0.39453125		0.0685656570415	0.638839491533
0.39484375		0.0678014596546	0.637049530249
0.39515625		0.0670329173909	0.63523403098
0.39546875		0.0662599316134	0.633392182406
0.39578125		0.0654823996653	0.631523132648
0.39609375		0.0647002146288	0.629625986471
0.39640625		0.0639132650619	0.627699802247
0.39671875		0.0631214347159	0.625743588641
0.39703125		0.062324602234	0.623756300994
0.39734375		0.0615226408298	0.621736837366
0.39765625		0.0607154179382	0.619684034207
0.39796875		0.0599027948323	0.617596661595
0.39828125		0.0590846262014	0.61547341802
0.39859375		0.0582607596905	0.613312924619
0.39890625		0.0574310354001	0.611113718827
0.39921875		0.0565952853439	0.608874247355
0.39953125		0.0557533328559	0.606592858403
0.39984375		0.0549049919375	0.604267793018
0.40015625		0.0540500665364	0.601897175467
0.40046875		0.0531883497473	0.599479002501
0.40078125		0.0523196229293	0.597011131338
0.40109375		0.0514436547312	0.594491266183
0.40140625		0.0505602000125	0.591916943071
0.40171875		0.0496689986418	0.589285512757
0.40203125		0.0487697741534	0.586594121359
0.40234375		0.0478622322395	0.583839688376
0.40265625		0.0469460590556	0.581018881649
0.40296875		0.0460209193124	0.578128088725
0.40328125		0.04508645412	0.57516338399
0.40359375		0.0441422785443	0.572120490794
0.40390625		0.0431879788243	0.568994737609
0.40421875		0.0422231091869	0.565781007061
0.40453125		0.0412471881862	0.562473676367
0.40484375		0.0402596944786	0.559066547395
0.40515625		0.0392600619265	0.555552764052
0.40546875		0.0382476738933	0.551924714147
0.40578125		0.0372218565578	0.548173912064
0.40609375		0.0361818710312	0.544290857519
0.40640625		0.0351269039989	0.540264864261
0.40671875		0.0340560565277	0.536083850635
0.40703125		0.03296833058	0.531734081259
0.40734375		0.0318626126448	0.527199845425
0.40765625		0.0307376536726	0.522463052458
0.40796875		0.0295920442015	0.517502716603
0.40828125		0.0284241831802	0.512294292869
0.40859375		0.0272322384226	0.506808808598
0.40890625		0.0260140957748	0.501011709931
0.40921875		0.0247672927305	0.494861301916
0.40953125		0.0234889301185	0.488306595606
0.40984375		0.0221755523754	0.48128426792
0.41015625		0.0208229813271	0.473714251009
0.41046875		0.0194260780081	0.465493122377
0.41078125		0.0179783890667	0.456483813391
0.41109375		0.0164716005691	0.446498835671
0.41140625		0.014894655547	0.435271390215
0.41171875		0.0132322597292	0.422402130041
0.41203125		0.0114621105918	0.407251179687
0.41234375		0.00954889457406	0.388685307691
0.41265625		0.00742951063842	0.36436762535
0.41296875		0.00497476655858	0.328172632648
0.41328125		0.00233680357276	0.269333119242
0.41359375		0.000207098356852	0.135265650001
0.41390625		1.84520636841e-08	0.0130767854116
0.41421875		4.11359266412e-09	0.0100001485039
0.41453125		4.1131525372e-09	0.0100000000045
0.41484375		4.11315252376e-09	0.01
0.41515625		4.11315252376e-09	0.01
0.41546875		4.11315252376e-09	0.01
0.41578125		4.11315252376e-09	0.01
0.41609375		4.11315252376e-09	0.01
0.41640625		4.11315252376e-09	0.01
0.41671875		4.11315252376e-09	0.01
0.41703125		4.11315252376e-09	0.01
0.41734375		4.11315252376e-09	0.01
0.41765625		4.11315252376e-09	0.01
0.41796875		4.11315252376e-09	0.01
0.41828125		4.11315252376e-09	0.01
0.41859375		4.11315252376e-09	0.01
0.41890625		4.11315252376e-09	0.01
0.41921875		4.11315252376e-09	0.01
0.41953125		4.11315252376e-09	0.01
0.41984375		4.11315252376e-09	0.01
0.42015625		4.11315252376e-09	0.01
0.42046875		4.11315252376e-09	0.01
0.42078125		4.11315252376e-09	0.01
0.42109375		4.11315252376e-09	0.01
0.42140625		4.11315252376e-09	0.01
0.42171875		4.11315252376e-09	0.01
0.42203125		4.11315252376e-09	0.01
0.42234375		4.11315252376e-09	0.01
0.42265625		4.11315252376e-09	0.01
0.42296875		4.11315252376e-09	0.01
0.42328125		4.11315252376e-09	0.01
0.42359375		4.11315252376e-09	0.01
0.42390625		4.11315252376e-09	0.01
0.42421875		4.11315252376e-09	0.01
0.42453125		4.11315252376e-09	0.01
0.42484375		4.11315252376e-09	0.01
0.42515625		4.11315252376e-09	0.01
0.42546875		4.11315252376e-09	0.01
0.42578125		4.11315252376e-09	0.01
0.42609375		4.11315252376e-09	0.01
0.42640625		4.11315252376e-09	0.01
0.42671875		4.11315252376e-09	0.01
0.42703125		4.11315252376e-09	0.01
0.42734375		4.11315252376e-09	0.01
0.42765625		4.11315252376e-09	0.01
0.42796875		4.11315252376e-09	0.01
0.42828125		4.11315252376e-09	0.01
0.42859375		4.11315252376e-09	0.01
0.42890625		4.11315252376e-09	0.01
0.42921875		4.11315252376e-09	0.01
0.42953125		4.11315252376e-09	0.01
0.42984375		4.11315252376e-09	0.01
0.43015625		4.11315252376e-09	0.01
0.43046875		4.11315252376e-09	0.01
0.43078125		4.11315252376e-09	0.01
0.43109375		4.11315252376e-09	0.01
0.43140625		4.11315252376e-09	0.01
0.43171875		4.11315252376e-09	0.01
0.43203125		4.11315252376e-09	0.01
0.43234375		4.11315252376e-09	0.01
0.43265625		4.11315252376e-09	0.01
0.43296875		4.11315252376e-09	0.01
0.43328125		4.11315252376e-09	0.01
0.43359375		4.11315252376e-09	0.01
0.43390625		4.11315252376e-09	0.01
0.43421875		4.11315252376e-09	0.01
0.43453125		4.11315252376e-09	0.01
0.43484375		4.11315252376e-09	0.01
0.43515625		4.11315252376e-09	0.01
0.43546875		4.11315252376e-09	0.01
0.43578125		4.11315252376e-09	0.01
0.43609375		4.11315252376e-09	0.01
0.43640625		4.11315252376e-09	0.01
0.43671875		4.11315252376e-09	0.01
0.43703125		4.11315252376e-09	0.01
0.43734375		4.11315252376e-09	0.01
0.43765625		4.11315252376e-09	0.01
0.43796875		4.11315252376e-09	0.01
0.43828125		4.11315252376e-09	0.01
0.43859375		4.11315252376e-09	0.01
0.43890625		4.11315252376e-09	0.01
0.43921875		4.11315252376e-09	0.01
0.43953125		4.11315252376e-09	0.01
0.43984375		4.11315252376e-09	0.01
0.44015625		4.11315252376e-09	0.01
0.44046875		4.11315252376e-09	0.01
0.44078125		4.11315252376e-09	0.01
0.44109375		4.11315252376e-09	0.01
0.44140625		4.11315252376e-09	0.01
0.44171875		4.11315252376e-09	0.01
0.44203125		4.11315252376e-09	0.01
0.44234375		4.11315252376e-09	0.01
0.44265625		4.11315252376e-09	0.01
0.44296875		4.11315252376e-09	0.01
0.44328125		4.11315252376e-09	0.01
0.44359375		4.11315252376e-09	0.01
0.44390625		4.11315252376e-09	0.01
0.44421875		4.11315252376e-09	0.01
0.44453125		4.11315252376e-09	0.01
0.44484375		4.11315252376e-09	0.01
0.44515625		4.11315252376e-09	0.01
0.44546875		4.11315252376e-09	0.01
0.44578125		4.11315252376e-09	0.01
0.44609375		4.11315252376e-09	0.01
0.44640625		4.11315252376e-09	0.01
0.44671875		4.11315252376e-09	0.01
0.44703125		4.11315252376e-09	0.01
0.44734375		4.11315252376e-09	0.01
0.44765625		4.11315252376e-09	0.01
0.44796875		4.11315252376e-09	0.01
0.44828125		4.11315252376e-09	0.01
0.44859375		4.11315252376e-09	0.01
0.44890625		4.11315252376e-09	0.01
0.44921875		4.11315252376e-09	0.01
0.44953125		4.11315252376e-09	0.01
0.44984375		4.11315252376e-09	0.01
0.45015625		4.11315252376e-09	0.01
0.45046875		4.11315252376e-09	0.01
0.45078125		4.11315252376e-09	0.01
0.45109375		4.11315252376e-09	0.01
0.45140625		4.11315252376e-09	0.01
0.45171875		4.11315252376e-09	0.01
0.45203125		4.11315252376e-09	0.01
0.45234375		4.11315252376e-09	0.01
0.45265625		4.11315252376e-09	0.01
0.45296875		4.11315252376e-09	0.01
0.45328125		4.11315252376e-09	0.01
0.45359375		4.11315252376e-09	0.01
0.45390625		4.11315252376e-09	0.01
0.45421875		4.11315252376e-09	0.01
0.45453125		4.11315252376e-09	0.01
0.45484375		4.11315252376e-09	0.01
0.45515625		4.11315252376e-09	0.01
0.45546875		4.11315252376e-09	0.01
0.45578125		4.11315252376e-09	0.01
0.45609375		4.11315252376e-09	0.01
0.45640625		4.11315252376e-09	0.01
0.45671875		4.11315252376e-09	0.01
0.45703125		4.11315252376e-09	0.01
0.45734375		4.11315252376e-09	0.01
0.45765625		4.11315252376e-09	0.01
0.45796875		4.11315252376e-09	0.01
0.45828125		4.11315252376e-09	0.01
0.45859375		4.11315252376e-09	0.01
0.45890625		4.11315252376e-09	0.01
0.45921875		4.11315252376e-09	0.01
0.45953125		4.11315252376e-09	0.01
0.45984375		4.11315252376e-09	0.01
0.46015625		4.11315252376e-09	0.01
0.46046875		4.11315252376e-09	0.01
0.46078125		4.11315252376e-09	0.01
0.46109375		4.11315252376e-09	0.01
0.46140625		4.11315252376e-09	0.01
0.46171875		4.11315252376e-09	0.01
0.46203125		4.11315252376e-09	0.01
0.46234375		4.11315252376e-09	0.01
0.46265625		4.11315252376e-09	0.01
0.46296875		4.11315252376e-09	0.01
0.46328125		4.11315252376e-09	0.01
0.46359375		4.11315252376e-09	0.01
0.46390625		4.11315252376e-09	0.01
0.46421875		4.11315252376e-09	0.01
0.46453125		4.11315252376e-09	0.01
0.46484375		4.11315252376e-09	0.01
0.46515625		4.11315252376e-09	0.01
0.46546875		4.11315252376e-09	0.01
0.46578125		4.11315252376e-09	0.01
0.46609375		4.11315252376e-09	0.01
0.46640625		4.11315252376e-09	0.01
0.46671875		4.11315252376e-09	0.01
0.46703125		4.11315252376e-09	0.01
0.46734375		4.11315252376e-09	0.01
0.46765625		4.11315252376e-09	0.01
0.46796875		4.11315252376e-09	0.01
0.46828125		4.11315252376e-09	0.01
0.46859375		4.11315252376e-09	0.01
0.46890625		4.11315252376e-09	0.01
0.46921875		4.11315252376e-09	0.01
0.46953125		4.11315252376e-09	0.01
0.46984375		4.11315252376e-09	0.01
0.47015625		4.11315252376e-09	0.01
0.47046875		4.11315252376e-09	0.01
0.47078125		4.11315252376e-09	0.01
0.47109375		4.11315252376e-09	0.01
0.47140625		4.11315252376e-09	0.01
0.47171875		4.11315252376e-09	0.01
0.47203125		4.11315252376e-09	0.01
0.47234375		4.11315252376e-09	0.01
0.47265625		4.11315252376e-09	0.01
0.47296875		4.11315252376e-09	0.01
0.47328125		4.11315252376e-09	0.01
0.47359375		4.11315252376e-09	0.01
0.47390625		4.11315252376e-09	0.01
0.47421875		4.11315252376e-09	0.01
0.47453125		4.11315252376e-09	0.01
0.47484375		4.11315252376e-09	0.01
0.47515625		4.11315252376e-09	0.01
0.47546875		4.11315252376e-09	0.01
0.47578125		4.11315252376e-09	0.01
0.47609375		4.11315252376e-09	0.01
0.47640625		4.11315252376e-09	0.01
0.47671875		4.11315252376e-09	0.01
0.47703125		4.11315252376e-09	0.01
0.47734375		4.11315252376e-09	0.01
0.47765625		4.11315252376e-09	0.01
0.47796875		4.11315252376e-09	0.01
0.47828125		4.11315252376e-09	0.01
0.47859375		4.11315252376e-09	0.01
0.47890625		4.11315252376e-09	0.01
0.47921875		4.11315252376e-09	0.01
0.47953125		4.11315252376e-09	0.01
0.47984375		4.11315252376e-09	0.01
0.48015625		4.11315252376e-09	0.01
0.48046875		4.11315252376e-09	0.01
0.48078125		4.11315252376e-09	0.01
0.48109375		4.11315252376e-09	0.01
0.48140625		4.11315252376e-09	0.01
0.48171875		4.11315252376e-09	0.01
0.48203125		4.11315252376e-09	0.01
0.48234375		4.11315252376e-09	0.01
0.48265625		4.11315252376e-09	0.01
0.48296875		4.11315252376e-09	0.01
0.48328125		4.11315252376e-09	0.01
0.48359375		4.11315252376e-09	0.01
0.48390625		4.11315252376e-09	0.01
0.48421875		4.11315252376e-09	0.01
0.48453125		4.11315252376e-09	0.01
0.48484375		4.11315252376e-09	0.01
0.48515625		4.11315252376e-09	0.01
0.48546875		4.11315252376e-09	0.01
0.48578125		4.11315252376e-09	0.01
0.48609375		4.11315252376e-09	0.01
0.48640625		4.11315252376e-09	0.01
0.48671875		4.11315252376e-09	0.01
0.48703125		4.11315252376e-09	0.01
0.48734375		4.11315252376e-09	0.01
0.48765625		4.11315252376e-09	0.01
0.48796875		4.11315252376e-09	0.01
0.48828125		4.11315252376e-09	0.01
0.48859375		4.11315252376e-09	0.01
0.48890625		4.11315252376e-09	0.01
0.48921875		4.11315252376e-09	0.01
0.48953125		4.11315252376e-09	0.01
0.48984375		4.11315252376e-09	0.01
0.49015625		4.11315252376e-09	0.01
0.49046875		4.11315252376e-09	0.01
0.49078125		4.11315252376e-09	0.01
0.49109375		4.11315252376e-09	0.01
0.49140625		4.11315252376e-09	0.01
0.49171875		4.11315252376e-09	0.01
0.49203125		4.11315252376e-09	0.01
0.49234375		4.11315252376e-09	0.01
0.49265625		4.11315252376e-09	0.01
0.49296875		4.11315252376e-09	0.01
0.49328125		4.11315252376e-09	0.01
0.49359375		4.11315252376e-09	0.01
0.49390625		4.11315252376e-09	0.01
0.49421875		4.11315252376e-09	0.01
0.49453125		4.11315252376e-09	0.01
0.49484375		4.11315252376e-09	0.01
0.49515625		4.11315252376e-09	0.01
0.49546875		4.11315252376e-09	0.01
0.49578125		4.11315252376e-09	0.01
0.49609375		4.11315252376e-09	0.01
0.49640625		4.11315252376e-09	0.01
0.49671875		4.11315252376e-09	0.01
0.49703125		4.11315252376e-09	0.01
0.49734375		4.11315252376e-09	0.01
0.49765625		4.11315252376e-09	0.01
0.49796875		4.11315252376e-09	0.01
0.49828125		4.11315252376e-09	0.01
0.49859375		4.11315252376e-09	0.01
0.49890625		4.11315252376e-09	0.01
0.49921875		4.11315252376e-09	0.01
0.49953125		4.11315252376e-09	0.01
0.49984375		4.11315252376e-09	0.01
