0.00015625		0.402174268681	0.994393034476
0.00046875		0.401943116379	0.99424969114
0.00078125		0.40162154769	0.994050801854
0.00109375		0.401316549205	0.993862048174
0.00140625		0.401064425408	0.993705926361
0.00171875		0.400837116037	0.993565054783
0.00203125		0.400619245408	0.993429929476
0.00234375		0.400403643299	0.993296138769
0.00265625		0.400188924136	0.99316279483
0.00296875		0.399975136494	0.993030004471
0.00328125		0.399763335558	0.992898396794
0.00359375		0.399553859541	0.992768181592
0.00390625		0.399346785561	0.992639417261
0.00421875		0.399142074666	0.992512078547
0.00453125		0.398939588146	0.992386095645
0.00484375		0.398739231979	0.99226139928
0.00515625		0.3985408806	0.992137926833
0.00546875		0.398344452742	0.99201562082
0.00578125		0.398149856982	0.991894404885
0.00609375		0.397957045396	0.991774204549
0.00640625		0.397765927295	0.991654962236
0.00671875		0.397576358887	0.991536632794
0.00703125		0.397388202962	0.991419159247
0.00734375		0.397201341456	0.991302480426
0.00765625		0.397015674746	0.991186540873
0.00796875		0.396831146268	0.991071307029
0.00828125		0.396647748557	0.990956747132
0.00859375		0.396465451303	0.990842818766
0.00890625		0.396284190094	0.990729474955
0.00921875		0.396103904699	0.990616685387
0.00953125		0.39592451944	0.990504424921
0.00984375		0.395745982439	0.990392660204
0.01015625		0.395568315289	0.990281363551
0.01046875		0.395391437479	0.990170500953
0.01078125		0.395215241334	0.990060033303
0.01109375		0.395039639453	0.98994993286
0.01140625		0.394864580283	0.989840189736
0.01171875		0.394690040319	0.989730795744
0.01203125		0.394516079416	0.989621730713
0.01234375		0.394342750517	0.989512969789
0.01265625		0.394170004241	0.989404488939
0.01296875		0.393997794647	0.98929627261
0.01328125		0.393826080704	0.989188309166
0.01359375		0.393654808886	0.989080585044
0.01390625		0.393483911144	0.988973085821
0.01421875		0.393313302263	0.988865797516
0.01453125		0.393142931068	0.988758706902
0.01484375		0.392972895626	0.988651802472
0.01515625		0.392803274028	0.988545069512
0.01546875		0.392634054596	0.988438491363
0.01578125		0.392465188648	0.988332063808
0.01609375		0.392296631329	0.988225790298
0.01640625		0.392128344419	0.988119665232
0.01671875		0.391960268224	0.988013670398
0.01703125		0.391792378592	0.987907785179
0.01734375		0.39162466584	0.98780199991
0.01765625		0.391457222351	0.987696315278
0.01796875		0.391289994684	0.9875907276
0.01828125		0.39112292485	0.987485225294
0.01859375		0.390955981593	0.987379801436
0.01890625		0.390789190394	0.987274452079
0.01921875		0.390622635749	0.987169175057
0.01953125		0.390456329567	0.987063967769
0.01984375		0.390290237462	0.986958827921
0.02015625		0.390124322241	0.986853750547
0.02046875		0.389958525746	0.986748729155
0.02078125		0.389792760884	0.986643757898
0.02109375		0.389626976671	0.986538832865
0.02140625		0.389461181185	0.986433954381
0.02171875		0.389295596212	0.986329121824
0.02203125		0.389130246415	0.986224327833
0.02234375		0.388965121386	0.986119562105
0.02265625		0.388800179533	0.986014819978
0.02296875		0.388635414102	0.985910102641
0.02328125		0.388470696771	0.985805412709
0.02359375		0.388306012583	0.985700746738
0.02390625		0.388141207807	0.985596096296
0.02421875		0.387976215552	0.985491456061
0.02453125		0.387811290506	0.985386827261
0.02484375		0.387646580008	0.985282213237
0.02515625		0.387482073046	0.985177612611
0.02546875		0.387317748797	0.985073018475
0.02578125		0.387153583285	0.984968424898
0.02609375		0.386989604401	0.984863831098
0.02640625		0.386825611843	0.984759240209
0.02671875		0.38666160383	0.984654652853
0.02703125		0.386497442689	0.984550064117
0.02734375		0.386333053022	0.98444546849
0.02765625		0.386168628455	0.984340864949
0.02796875		0.386004410463	0.984236255895
0.02828125		0.385840335705	0.984131642132
0.02859375		0.385676387273	0.9840270201
0.02890625		0.385512679363	0.983922384926
0.02921875		0.385349136074	0.983817734988
0.02953125		0.385185705544	0.983713072045
0.02984375		0.385022154715	0.983608397729
0.03015625		0.384858497478	0.983503709911
0.03046875		0.384694582905	0.983399004234
0.03078125		0.384530390586	0.983294278392
0.03109375		0.384366300037	0.983189533552
0.03140625		0.384202355666	0.983084771383
0.03171875		0.38403858142	0.982979990752
0.03203125		0.383875092294	0.982875187752
0.03234375		0.38371178211	0.982770358976
0.03265625		0.383548807481	0.982665504305
0.03296875		0.383385644691	0.982560625288
0.03328125		0.383222261885	0.982455722236
0.03359375		0.383058657216	0.982350792665
0.03390625		0.38289463475	0.982245834362
0.03421875		0.382730379547	0.982140847987
0.03453125		0.382566363971	0.982035835226
0.03484375		0.382402629349	0.981930796065
0.03515625		0.382239177721	0.981825727666
0.03546875		0.382075993119	0.98172062714
0.03578125		0.381913236892	0.981615493774
0.03609375		0.38175044648	0.981510328594
0.03640625		0.381587202072	0.981405131932
0.03671875		0.381423717977	0.981299902215
0.03703125		0.38125979162	0.981194637366
0.03734375		0.381095408859	0.981089337469
0.03765625		0.380931215544	0.980984003923
0.03796875		0.380767376135	0.980878636599
0.03828125		0.380603814129	0.98077323388
0.03859375		0.380440653147	0.980667793661
0.03890625		0.380277874616	0.980562315633
0.03921875		0.380115369794	0.980456800076
0.03953125		0.379952263772	0.980351247249
0.03984375		0.379788781578	0.980245655793
0.04015625		0.379624854222	0.980140024102
0.04046875		0.379460368785	0.980034352598
0.04078125		0.379295963911	0.979928642833
0.04109375		0.379131943756	0.97982289512
0.04140625		0.378968198339	0.979717106969
0.04171875		0.378804944439	0.979611275947
0.04203125		0.378641948022	0.979505401113
0.04234375		0.378479569557	0.979399483663
0.04265625		0.378316609923	0.979293524218
0.04296875		0.378153050734	0.979187521839
0.04328125		0.37798903883	0.979081474304
0.04359375		0.377824434681	0.978975381561
0.04390625		0.377659838879	0.97886924593
0.04421875		0.377495599824	0.978763068539
0.04453125		0.377331714195	0.978656847556
0.04484375		0.377168150936	0.978550579599
0.04515625		0.377004887267	0.978444263304
0.04546875		0.376842271182	0.978337900073
0.04578125		0.376679452287	0.978231491042
0.04609375		0.376515842131	0.978125035632
0.04640625		0.376351720635	0.978018531456
0.04671875		0.37618699275	0.977911977836
0.04703125		0.376022145726	0.977805377189
0.04734375		0.375857741425	0.977698731251
0.04765625		0.375693624356	0.977592038878
0.04796875		0.375529725256	0.977485296534
0.04828125		0.375366218446	0.977378502271
0.04859375		0.375203096621	0.977271657415
0.04890625		0.375040224406	0.977164763646
0.04921875		0.374876580352	0.977057820654
0.04953125		0.37471238824	0.976950826081
0.04984375		0.374547519314	0.976843778664
0.05015625		0.374382423528	0.97673668061
0.05046875		0.374217807521	0.976629534256
0.05078125		0.374053413548	0.976522339074
0.05109375		0.373889210711	0.976415091534
0.05140625		0.373725417658	0.97630778947
0.05171875		0.373561757952	0.97620043336
0.05203125		0.37339860898	0.976093025598
0.05234375		0.37323487486	0.975985566212
0.05265625		0.373070591865	0.975878053055
0.05296875		0.372905619224	0.975770484272
0.05328125		0.372740276543	0.975662861164
0.05359375		0.372575379329	0.975555186944
0.05390625		0.372410678723	0.975447461541
0.05421875		0.372246241688	0.975339682384
0.05453125		0.372082007869	0.975231845898
0.05484375		0.371917953224	0.97512395263
0.05515625		0.371754324381	0.975016004959
0.05546875		0.371590432846	0.974908004023
0.05578125		0.371426008836	0.974799947528
0.05609375		0.371260952315	0.974691833089
0.05640625		0.371095411274	0.974583661469
0.05671875		0.370930146486	0.974475435902
0.05703125		0.370765169119	0.974367157538
0.05734375		0.370600392736	0.974258823834
0.05765625		0.370435731456	0.974150431256
0.05796875		0.37027132729	0.974041979222
0.05828125		0.370107149412	0.973933470606
0.05859375		0.369942985146	0.973824906973
0.05890625		0.369778392437	0.973716286613
0.05921875		0.369613263576	0.973607606248
0.05953125		0.369447521315	0.973498866203
0.05984375		0.369281881533	0.973390069655
0.06015625		0.369116585653	0.973281218782
0.06046875		0.368951418779	0.973172311311
0.06078125		0.368786390482	0.973063343574
0.06109375		0.368621583698	0.972954314298
0.06140625		0.368456871969	0.972845226085
0.06171875		0.368292334345	0.972736081509
0.06203125		0.368127537211	0.97262687902
0.06234375		0.367962289012	0.972517615264
0.06265625		0.367796390761	0.972408289189
0.06296875		0.367630378206	0.972298904389
0.06328125		0.367464696313	0.972189463469
0.06359375		0.367299149734	0.97207996538
0.06390625		0.367133761369	0.971970405824
0.06421875		0.366968481359	0.971860782831
0.06453125		0.366803354232	0.971751098538
0.06484375		0.366638356729	0.971641356414
0.06515625		0.366473266761	0.971531555813
0.06546875		0.366307851306	0.971421692902
0.06578125		0.36614182217	0.97131176558
0.06609375		0.365975431874	0.971201776744
0.06640625		0.365809347217	0.971091730348
0.06671875		0.365643438376	0.970981626181
0.06703125		0.365477628259	0.970871460027
0.06734375		0.365311935567	0.970761228625
0.06765625		0.365146384361	0.970650933647
0.06796875		0.364980938156	0.970540578922
0.06828125		0.364815487201	0.970430165438
0.06859375		0.364649825725	0.970319689108
0.06890625		0.364483609369	0.970209146618
0.06921875		0.364316911057	0.970098539881
0.06953125		0.364150405481	0.969987873795
0.06984375		0.363984103829	0.969877149536
0.07015625		0.363817898092	0.96976636296
0.07046875		0.36365179703	0.969655509737
0.07078125		0.363485801957	0.969544590515
0.07109375		0.36331994497	0.969433609993
0.07140625		0.363154112239	0.969322570037
0.07171875		0.36298813317	0.969211466992
0.07203125		0.362821657973	0.969100296502
0.07234375		0.362654667229	0.968989059543
0.07265625		0.362487748799	0.96887776129
0.07296875		0.362321044339	0.968766403903
0.07328125		0.362154448617	0.968654983995
0.07359375		0.361987938879	0.968543496687
0.07390625		0.361821515223	0.96843194167
0.07421875		0.361655247197	0.968320323425
0.07453125		0.361489017103	0.968208644412
0.07484375		0.361322685995	0.968096902012
0.07515625		0.361155902051	0.967985091747
0.07546875		0.360988596965	0.967873213853
0.07578125		0.36082127331	0.967761272776
0.07609375		0.360654177802	0.967649270887
0.07640625		0.360487192457	0.967537205664
0.07671875		0.360320272453	0.967425072563
0.07703125		0.360153440711	0.967312870854
0.07734375		0.359986730195	0.967200604109
0.07765625		0.359820077194	0.967088275087
0.07796875		0.359653362148	0.966975881697
0.07828125		0.359486265346	0.966863419885
0.07859375		0.359318647015	0.966750889011
0.07890625		0.359150920207	0.966638293183
0.07921875		0.358983434542	0.966525635391
0.07953125		0.358816048056	0.966412913695
0.07984375		0.358648712259	0.966300123578
0.08015625		0.358481468511	0.966187263327
0.08046875		0.358314307839	0.966074336392
0.08078125		0.358147210646	0.9659613461
0.08109375		0.357980082422	0.965848291125
0.08140625		0.357812663068	0.965735166995
0.08171875		0.357644743154	0.965621972208
0.08203125		0.35747661373	0.965508710502
0.08234375		0.357308728342	0.965395385718
0.08265625		0.357140933228	0.965281996653
0.08296875		0.356973184982	0.965168538636
0.08328125		0.35680551372	0.965055009312
0.08359375		0.35663790055	0.964941411498
0.08390625		0.35647035902	0.96482774922
0.08421875		0.35630280387	0.964714021835
0.08453125		0.356135023657	0.964600225003
0.08484375		0.355966799414	0.964486356329
0.08515625		0.355798300836	0.964372418866
0.08546875		0.355629995435	0.964258417002
0.08578125		0.355461784359	0.964144350399
0.08609375		0.355293621634	0.964030214686
0.08640625		0.355125519315	0.963916006686
0.08671875		0.354957457254	0.963801728506
0.08703125		0.354789466453	0.963687384462
0.08734375		0.354621471875	0.963572974954
0.08765625		0.35445331174	0.963458495826
0.08796875		0.354284759354	0.963343943913
0.08828125		0.354115901589	0.963229321443
0.08859375		0.35394717353	0.963114633062
0.08890625		0.353778546613	0.962999879498
0.08921875		0.353609969225	0.962885056637
0.08953125		0.353441437126	0.962770160732
0.08984375		0.353272932105	0.962655193045
0.09015625		0.353104493556	0.962540158053
0.09046875		0.352936052929	0.962425057063
0.09078125		0.352767488518	0.962309886344
0.09109375		0.352598587659	0.962194642106
0.09140625		0.352429367179	0.962079325686
0.09171875		0.352260219008	0.961963941833
0.09203125		0.352091179928	0.961848492146
0.09234375		0.351922187273	0.961732973033
0.09265625		0.351753224489	0.961617380236
0.09296875		0.35158428228	0.961501714255
0.09328125		0.351415397899	0.961385979474
0.09359375		0.351246508732	0.961270178019
0.09390625		0.351077524412	0.961154306659
0.09421875		0.350908250089	0.961038361235
0.09453125		0.350738663578	0.960922342262
0.09484375		0.350569100473	0.960806254301
0.09515625		0.35039964557	0.960690099707
0.09546875		0.350230234391	0.960573875441
0.09578125		0.350060842763	0.960457577041
0.09609375		0.349891468085	0.960341204225
0.09640625		0.349722139332	0.960224761157
0.09671875		0.349552806666	0.960108250526
0.09703125		0.349383395976	0.9599916698
0.09734375		0.349213730175	0.95987501457
0.09765625		0.349043767557	0.959758284593
0.09796875		0.348873790781	0.959641484133
0.09828125		0.348703917757	0.959524616078
0.09859375		0.348534086327	0.959407678079
0.09890625		0.348364267243	0.959290665537
0.09921875		0.348194461304	0.959173577547
0.09953125		0.348024687976	0.959056417862
0.09984375		0.347854912964	0.958939189652
0.10015625		0.34768507093	0.958821890993
0.10046875		0.347515005035	0.958704517523
0.10078125		0.347344658992	0.958587068304
0.10109375		0.34717426761	0.958469547115
0.10140625		0.347003974231	0.958351957253
0.10171875		0.346833720218	0.958234297054
0.10203125		0.346663472769	0.95811656206
0.10234375		0.346493234641	0.957998750717
0.10265625		0.346323018667	0.957880866259
0.10296875		0.346152801954	0.957762912139
0.10328125		0.345982527541	0.957644887242
0.10359375		0.345812058615	0.957526787284
0.10390625		0.345641323058	0.957408610682
0.10421875		0.345470514142	0.957290360633
0.10453125		0.345299799	0.957172040718
0.10484375		0.345129118701	0.957053650094
0.10515625		0.344958440556	0.956935184489
0.10546875		0.344787769261	0.956816641775
0.10578125		0.344617110177	0.956698024456
0.10609375		0.344446452281	0.956579336226
0.10640625		0.34427574599	0.95646057681
0.10671875		0.344104872603	0.956341742291
0.10703125		0.343933746228	0.956222830408
0.10734375		0.343762517057	0.956103843502
0.10765625		0.343591374953	0.955984785333
0.10796875		0.343420264587	0.955865656013
0.10828125		0.343249154845	0.955746451776
0.10859375		0.343078050739	0.955627169821
0.10890625		0.342906946695	0.955507811757
0.10921875		0.342735846846	0.95538838125
0.10953125		0.342564708096	0.955268879123
0.10984375		0.342393425726	0.95514930197
0.11015625		0.342221915306	0.955029646935
0.11046875		0.342050267365	0.95490991534
0.11078125		0.341878689718	0.954790110825
0.11109375		0.341707146677	0.954670234632
0.11140625		0.341535607689	0.954550283655
0.11171875		0.341364068578	0.954430254623
0.11203125		0.341192518273	0.954310148007
0.11234375		0.341020974832	0.954189967247
0.11265625		0.340849401443	0.954069714165
0.11296875		0.340677710957	0.953949386316
0.11328125		0.340505809854	0.953828980315
0.11359375		0.340333751378	0.953708496285
0.11390625		0.340161734579	0.953587937555
0.11421875		0.33998975709	0.953467306289
0.11453125		0.33981778636	0.953346600532
0.11484375		0.339645813716	0.953225816542
0.11515625		0.339473822662	0.95310495369
0.11546875		0.339301834571	0.952984014859
0.11578125		0.339129821536	0.952863002726
0.11609375		0.338957714096	0.952741916059
0.11640625		0.338785421209	0.952620751179
0.11671875		0.338612955934	0.952499507023
0.11703125		0.338440499836	0.952378186231
0.11734375		0.338268087557	0.952256791842
0.11765625		0.338095685526	0.952135323151
0.11796875		0.337923280115	0.95201377629
0.11828125		0.337750851552	0.951892149414
0.11859375		0.337578419631	0.951770444716
0.11890625		0.337405966398	0.951648665538
0.11921875		0.337233436701	0.951526811909
0.11953125		0.337060741107	0.951404880086
0.11984375		0.33688787091	0.951282867971
0.12015625		0.33671498011	0.951160777506
0.12046875		0.336542133654	0.951038612119
0.12078125		0.336369299661	0.950916372352
0.12109375		0.33619646126	0.950794054415
0.12140625		0.33602359829	0.950671655674
0.12171875		0.335850724946	0.950549177495
0.12203125		0.33567783045	0.950426623429
0.12234375		0.335504873574	0.950303994659
0.12265625		0.335331770622	0.950181287728
0.12296875		0.335158495616	0.95005849981
0.12328125		0.334985172475	0.949935631961
0.12359375		0.334811891338	0.949812687763
0.12390625		0.334638624003	0.949689668735
0.12421875		0.334465352455	0.94956657162
0.12453125		0.334292056603	0.949443393075
0.12484375		0.334118743847	0.94932013367
0.12515625		0.333945408765	0.949196796963
0.12546875		0.333772021727	0.949073384939
0.12578125		0.33359850696	0.948949894787
0.12609375		0.333424828485	0.948826323055
0.12640625		0.333251077364	0.948702670105
0.12671875		0.333077359691	0.948578939362
0.12703125		0.332903658175	0.948455133036
0.12734375		0.332729953219	0.948331248583
0.12765625		0.33255622544	0.948207282233
0.12796875		0.332382473938	0.948083233858
0.12828125		0.33220870021	0.947959106742
0.12859375		0.332034882222	0.947834903442
0.12890625		0.331860951795	0.947710621924
0.12921875		0.331686870086	0.947586258418
0.12953125		0.331512693574	0.947461812545
0.12984375		0.331338539091	0.947337287449
0.13015625		0.331164402847	0.947212685806
0.13046875		0.330990264631	0.947088005921
0.13078125		0.330816104992	0.946963243812
0.13109375		0.330641917057	0.94683839859
0.13140625		0.330467705397	0.946713473206
0.13171875		0.330293454632	0.94658847061
0.13203125		0.330119106236	0.946463389631
0.13234375		0.329944617801	0.946338226382
0.13265625		0.329770022733	0.946212979709
0.13296875		0.329595432233	0.946087652325
0.13328125		0.329420860603	0.945962247323
0.13359375		0.329246287793	0.945836763888
0.13390625		0.329071696416	0.945711198038
0.13421875		0.328897074218	0.945585548128
0.13453125		0.328722426441	0.945459816533
0.13484375		0.328547742895	0.945334006578
0.13515625		0.328372975018	0.945208117995
0.13546875		0.328198077835	0.945082146974
0.13578125		0.328023065573	0.944956091644
0.13609375		0.327848040537	0.944829954091
0.13640625		0.327673034659	0.944703737698
0.13671875		0.327498027996	0.944577442554
0.13703125		0.327323004146	0.944451064873
0.13734375		0.327147949091	0.94432460236
0.13765625		0.326972866716	0.944198056701
0.13796875		0.326797750478	0.944071431395
0.13828125		0.326622561713	0.943944727043
0.13859375		0.326447254818	0.943817940142
0.13890625		0.326271828059	0.9436910682
0.13921875		0.326096371135	0.943564112616
0.13953125		0.325920930777	0.943437076843
0.13984375		0.325745489792	0.943309961824
0.14015625		0.325570033103	0.943182764186
0.14046875		0.325394545775	0.943055481075
0.14078125		0.325219030529	0.942928113465
0.14109375		0.325043483018	0.942800664802
0.14140625		0.324867872786	0.942673136506
0.14171875		0.324692154043	0.942545525571
0.14203125		0.324516316162	0.942417829002
0.14234375		0.324340430182	0.94229004748
0.14265625		0.324164554769	0.942162184322
0.14296875		0.323988680904	0.942034241237
0.14328125		0.323812792086	0.941906215452
0.14359375		0.323636873383	0.941778103698
0.14390625		0.323460926322	0.941649906222
0.14421875		0.323284947688	0.941521626222
0.14453125		0.323108914918	0.941393265797
0.14484375		0.322932783745	0.941264822609
0.14515625		0.322756536203	0.941136293333
0.14546875		0.322580224468	0.941007677926
0.14578125		0.322403915465	0.940878979396
0.14609375		0.322227609876	0.940750200065
0.14640625		0.32205128979	0.940621337908
0.14671875		0.32187494037	0.9404923894
0.14703125		0.321698563034	0.940363354073
0.14734375		0.321522154555	0.940234234708
0.14765625		0.32134569821	0.940105033972
0.14796875		0.321169152548	0.939975750304
0.14828125		0.320992496325	0.939846380191
0.14859375		0.320815761847	0.939716922903
0.14890625		0.32063902129	0.93958738096
0.14921875		0.320462285566	0.939457757199
0.14953125		0.320285535573	0.939328050411
0.14984375		0.320108756705	0.939198257002
0.15015625		0.319931950747	0.939068375831
0.15046875		0.319755114763	0.938938409086
0.15078125		0.319578235306	0.938808359842
0.15109375		0.319401273879	0.938678227414
0.15140625		0.319224206848	0.938548008323
0.15171875		0.319047053479	0.938417701152
0.15203125		0.318869883593	0.938287307786
0.15234375		0.318692719132	0.938156831394
0.15265625		0.318515540918	0.938026271699
0.15296875		0.31833833447	0.937895625245
0.15328125		0.31816110072	0.937764890178
0.15359375		0.317983838523	0.937634068021
0.15390625		0.317806536599	0.937503162082
0.15421875		0.317629160384	0.937372172628
0.15453125		0.317451684355	0.937241096397
0.15484375		0.317274115136	0.937109931268
0.15515625		0.317096518105	0.936978678448
0.15546875		0.316918924782	0.936847341265
0.15578125		0.316741318784	0.936715920396
0.15609375		0.316563686269	0.936584412714
0.15640625		0.316386025625	0.936452815694
0.15671875		0.316208339093	0.936321130115
0.15703125		0.316030615659	0.936189359336
0.15734375		0.315852826878	0.936057504582
0.15765625		0.315674944081	0.935925563039
0.15796875		0.315496963937	0.93579353191
0.15828125		0.315318940853	0.935661411636
0.15859375		0.315140917782	0.935529205516
0.15890625		0.3149628856	0.93539691521
0.15921875		0.31478482843	0.935264538154
0.15953125		0.314606741893	0.93513207116
0.15984375		0.314428632059	0.934999514177
0.16015625		0.314250488995	0.934866870419
0.16046875		0.314072289029	0.934734142103
0.16078125		0.313894001954	0.934601327117
0.16109375		0.313715616361	0.934468422031
0.16140625		0.313537169645	0.934335426342
0.16171875		0.313358717089	0.934202343129
0.16203125		0.313180260018	0.934069175104
0.16234375		0.313001779328	0.933935920571
0.16265625		0.31282326914	0.933802575726
0.16296875		0.312644737648	0.933669139427
0.16328125		0.312466176395	0.933535614539
0.16359375		0.312287567134	0.93340200439
0.16390625		0.312108877502	0.933268307909
0.16421875		0.311930090909	0.933134521068
0.16453125		0.311751225167	0.933000642125
0.16484375		0.31157234356	0.932866673719
0.16515625		0.311393461641	0.932732619737
0.16546875		0.311214559124	0.93259847968
0.16578125		0.311035629301	0.932464249253
0.16609375		0.310856678383	0.932329925915
0.16640625		0.310677701908	0.932195511916
0.16671875		0.310498684236	0.932061011736
0.16703125		0.31031959348	0.931926425671
0.16734375		0.310140409034	0.931791749372
0.16765625		0.309961132767	0.931656979628
0.16796875		0.309781823208	0.931522118272
0.16828125		0.309602515247	0.931387170178
0.16859375		0.309423192629	0.931252136406
0.16890625		0.309243846799	0.931117012613
0.16921875		0.309064479765	0.930981794816
0.16953125		0.308885091899	0.930846484244
0.16984375		0.308705667075	0.930711086054
0.17015625		0.308526178007	0.930575602203
0.17046875		0.308346597789	0.930440028629
0.17078125		0.308166918686	0.930304360755
0.17109375		0.307987185925	0.930168599093
0.17140625		0.307807452444	0.930032748998
0.17171875		0.30762771198	0.929896813448
0.17203125		0.307447951637	0.929760788704
0.17234375		0.307268170457	0.929624669392
0.17265625		0.307088374153	0.929488454906
0.17296875		0.306908545477	0.929352150624
0.17328125		0.306728660691	0.929215760871
0.17359375		0.306548688579	0.929079282628
0.17390625		0.306368614188	0.928942709761
0.17421875		0.306188465443	0.928806040721
0.17453125		0.306008309164	0.92866928069
0.17484375		0.30582815224	0.928532435048
0.17515625		0.305647978115	0.928395501766
0.17546875		0.305467785396	0.928258473902
0.17578125		0.305287584307	0.928121348887
0.17609375		0.305107354658	0.927984131403
0.17640625		0.304927077247	0.927846827602
0.17671875		0.30474671613	0.927709436708
0.17703125		0.304566250811	0.927571951646
0.17734375		0.304385699535	0.927434368983
0.17765625		0.304205125712	0.927296692625
0.17796875		0.304024556646	0.927158929124
0.17828125		0.303843970874	0.927021079087
0.17859375		0.303663368571	0.926883135535
0.17890625		0.303482759062	0.926745093894
0.17921875		0.303302132172	0.92660695709
0.17953125		0.303121464059	0.926468731971
0.17984375		0.302940721648	0.926330420463
0.18015625		0.302759874425	0.926192016131
0.18046875		0.302578931027	0.926053513572
0.18078125		0.302397949596	0.925914914842
0.18109375		0.302216965648	0.925776226842
0.18140625		0.302035977592	0.925637452493
0.18171875		0.301854972582	0.925498586058
0.18203125		0.301673952742	0.925359621305
0.18234375		0.301492925883	0.925220559322
0.18265625		0.301311867082	0.925081406749
0.18296875		0.301130748625	0.924942167407
0.18328125		0.300949531535	0.924802836654
0.18359375		0.300768210538	0.924663407742
0.18390625		0.300586832586	0.924523880937
0.18421875		0.300405436554	0.92438426243
0.18453125		0.300224045466	0.924244556737
0.18484375		0.300042647138	0.924104760448
0.18515625		0.299861229473	0.923964866285
0.18546875		0.299679796248	0.923824873418
0.18578125		0.299498342097	0.923684787408
0.18609375		0.299316845365	0.923544613398
0.18640625		0.299135269136	0.923404349315
0.18671875		0.298953586544	0.923263987983
0.18703125		0.29877183361	0.923123527352
0.18734375		0.298590036276	0.922982972415
0.18765625		0.298408232752	0.922842328719
0.18796875		0.298226441023	0.922701595405
0.18828125		0.29804463989	0.922560765587
0.18859375		0.297862809986	0.922419835984
0.18890625		0.297680958098	0.922278810822
0.18921875		0.297499074891	0.922137695763
0.18953125		0.297317136416	0.921996490821
0.18984375		0.297135105796	0.921855189891
0.19015625		0.296952996504	0.92171378916
0.19046875		0.296770826741	0.921572292115
0.19078125		0.296588612168	0.921430704308
0.19109375		0.296406413087	0.921289025935
0.19140625		0.296224223931	0.921147251683
0.19171875		0.296042016037	0.921005377778
0.19203125		0.295859776254	0.920863407303
0.19234375		0.295677502363	0.920721344732
0.19265625		0.295495187237	0.920579189932
0.19296875		0.295312801917	0.920436938301
0.19328125		0.295130344147	0.920294587715
0.19359375		0.294947823862	0.920152141276
0.19390625		0.294765229396	0.920009601403
0.19421875		0.294582607618	0.919866966515
0.19453125		0.294400015148	0.919724233326
0.19484375		0.294217421972	0.919581402769
0.19515625		0.294034804977	0.919438477372
0.19546875		0.293852146984	0.919295456567
0.19578125		0.293669439479	0.919152337087
0.19609375		0.293486675226	0.919009119448
0.19640625		0.293303861795	0.918865807922
0.19671875		0.293120996509	0.918722403022
0.19703125		0.292938061845	0.918578898075
0.19734375		0.292755017316	0.918435279036
0.19765625		0.292571930813	0.918291524711
0.19796875		0.292388777531	0.918147599346
0.19828125		0.292205390126	0.918003419086
0.19859375		0.292021537475	0.917858796757
0.19890625		0.291836709775	0.917713323951
0.19921875		0.291649580034	0.917565979444
0.19953125		0.29145624262	0.917413722563
0.19984375		0.29124146952	0.91724473142
0.20015625		0.290910370745	0.9170322624
0.20046875		0.290425570657	0.916649443327
0.20078125		0.289882290047	0.916220484988
0.20109375		0.289323764101	0.915778793393
0.20140625		0.288764515139	0.915335796223
0.20171875		0.288209205369	0.914895251945
0.20203125		0.287654854825	0.914454823834
0.20234375		0.287100417809	0.914013654942
0.20265625		0.286545453663	0.913571428584
0.20296875		0.285989854738	0.913128075718
0.20328125		0.285433616656	0.912683571424
0.20359375		0.284876704801	0.912237886658
0.20390625		0.284319066964	0.911791000322
0.20421875		0.283760693112	0.911342903503
0.20453125		0.283201664678	0.910893591126
0.20484375		0.282642019105	0.910443057278
0.20515625		0.282081725336	0.909991295334
0.20546875		0.281520741571	0.909538298738
0.20578125		0.280959056012	0.909084061005
0.20609375		0.280396656192	0.908628575463
0.20640625		0.279833531744	0.908171835288
0.20671875		0.279269670848	0.907713833954
0.20703125		0.2787050577	0.907254565326
0.20734375		0.278139705488	0.906794023327
0.20765625		0.277573723017	0.906332201131
0.20796875		0.277007103614	0.905869091444
0.20828125		0.276439774561	0.905404687008
0.20859375		0.275871716181	0.904938980827
0.20890625		0.275302940591	0.904471965779
0.20921875		0.274733447873	0.904003634707
0.20953125		0.274163219816	0.903533980314
0.20984375		0.273592238318	0.903062995294
0.21015625		0.27302050708	0.902590672204
0.21046875		0.272448022322	0.902117003643
0.21078125		0.271874830713	0.901641982101
0.21109375		0.271300948375	0.901165599791
0.21140625		0.270726345309	0.900687848813
0.21171875		0.270151013925	0.90020872124
0.21203125		0.26957495538	0.89972820909
0.21234375		0.268998159064	0.89924630427
0.21265625		0.268420604798	0.898762998646
0.21296875		0.267842274101	0.89827828407
0.21328125		0.267263159211	0.897792152335
0.21359375		0.266683263445	0.897304595128
0.21390625		0.266102600987	0.896815604002
0.21421875		0.26552121414	0.896325170334
0.21453125		0.264939110095	0.89583328528
0.21484375		0.264356269066	0.895339939888
0.21515625		0.263772668037	0.894845125167
0.21546875		0.26318829211	0.894348832057
0.21578125		0.262603124033	0.893851051457
0.21609375		0.262017153109	0.893351774296
0.21640625		0.261430371208	0.892850991505
0.21671875		0.260842778789	0.892348693903
0.21703125		0.260254374837	0.891844872166
0.21734375		0.259665210016	0.891339516778
0.21765625		0.259075313741	0.890832617873
0.21796875		0.258484662019	0.890324165417
0.21828125		0.257893215561	0.889814149405
0.21859375		0.257300950958	0.889302559858
0.21890625		0.256707851753	0.888789386791
0.21921875		0.256113917703	0.888274620142
0.21953125		0.255519151507	0.887758249732
0.21984375		0.254923552907	0.887240265237
0.22015625		0.254327111946	0.886720656219
0.22046875		0.253729856403	0.886199412117
0.22078125		0.253131828716	0.885676522078
0.22109375		0.252533020713	0.885151974986
0.22140625		0.251933386174	0.884625759708
0.22171875		0.251332898518	0.884097865172
0.22203125		0.25073153418	0.883568280272
0.22234375		0.250129291137	0.883036993869
0.22265625		0.249526184997	0.882503994651
0.22296875		0.248922223742	0.88196927111
0.22328125		0.24831740273	0.881432811572
0.22359375		0.247711715939	0.88089460424
0.22390625		0.247105189894	0.880354637161
0.22421875		0.246497842508	0.879812898102
0.22453125		0.245889639821	0.879269374698
0.22484375		0.245280556082	0.878724054581
0.22515625		0.244670562599	0.87817692535
0.22546875		0.244059645795	0.87762797458
0.22578125		0.24344781945	0.8770771897
0.22609375		0.242835101516	0.876524557903
0.22640625		0.242221494738	0.875970066143
0.22671875		0.241606990317	0.875413701223
0.22703125		0.240991584735	0.874855449821
0.22734375		0.240375295098	0.87429529842
0.22765625		0.239758111176	0.873733233284
0.22796875		0.239140013489	0.873169240582
0.22828125		0.238520980763	0.872603306381
0.22859375		0.237900987546	0.87203541669
0.22890625		0.237280033484	0.871465557439
0.22921875		0.236658135359	0.870893714313
0.22953125		0.236035303572	0.870319872725
0.22984375		0.235411534592	0.869744017924
0.23015625		0.234786821948	0.869166135032
0.23046875		0.234161165561	0.868586208959
0.23078125		0.233534561618	0.868004224391
0.23109375		0.232906997931	0.867420165854
0.23140625		0.232278461758	0.866834017732
0.23171875		0.231648933689	0.866245764274
0.23203125		0.231018399938	0.865655389606
0.23234375		0.230386865048	0.865062877679
0.23265625		0.229754338652	0.864468212193
0.23296875		0.229120824611	0.863871376586
0.23328125		0.228486318776	0.863272354071
0.23359375		0.227850819101	0.86267112765
0.23390625		0.227214320091	0.862067680106
0.23421875		0.226576807994	0.861461994027
0.23453125		0.225938269534	0.860854051833
0.23484375		0.225298691427	0.860243835761
0.23515625		0.224658063692	0.859631327876
0.23546875		0.22401638504	0.859016510021
0.23578125		0.223373657939	0.858399363786
0.23609375		0.222729882493	0.857779870488
0.23640625		0.222085056116	0.857158011189
0.23671875		0.22143917648	0.856533766697
0.23703125		0.220792241531	0.855907117562
0.23734375		0.220144240929	0.855278044075
0.23765625		0.219495159578	0.854646526313
0.23796875		0.218844981606	0.854012544139
0.23828125		0.218193695436	0.85337607721
0.23859375		0.217541300741	0.852737104923
0.23890625		0.216887799946	0.852095606374
0.23921875		0.216233191239	0.851451560344
0.23953125		0.215577468308	0.850804945321
0.23984375		0.214920625373	0.85015573951
0.24015625		0.214262659564	0.849503920818
0.24046875		0.213603564937	0.848849466847
0.24078125		0.212943329437	0.848192354905
0.24109375		0.21228193994	0.847532562026
0.24140625		0.211619381159	0.846870064973
0.24171875		0.210955645927	0.84620484022
0.24203125		0.210290734904	0.845536863912
0.24234375		0.209624648039	0.844866111822
0.24265625		0.208957380109	0.844192559367
0.24296875		0.208288923481	0.843516181617
0.24328125		0.207619272311	0.842836953298
0.24359375		0.206948419116	0.842154848773
0.24390625		0.20627635303	0.841469842058
0.24421875		0.205603063202	0.840781906819
0.24453125		0.204928537762	0.84009101637
0.24484375		0.204252766119	0.839397143666
0.24515625		0.203575742876	0.838700261284
0.24546875		0.202897464614	0.838000341383
0.24578125		0.202217927328	0.837297355698
0.24609375		0.201537124223	0.836591275544
0.24640625		0.200855048797	0.835882071802
0.24671875		0.200171692945	0.835169714923
0.24703125		0.199487044964	0.834454174927
0.24734375		0.198801092225	0.833735421407
0.24765625		0.198113822938	0.83301342353
0.24796875		0.197425227813	0.832288150008
0.24828125		0.196735300002	0.831559569085
0.24859375		0.196044032622	0.830827648508
0.24890625		0.195351418591	0.830092355524
0.24921875		0.194657450001	0.829353656869
0.24953125		0.193962119119	0.828611518762
0.24984375		0.193265418456	0.827865906886
0.25015625		0.192567337579	0.827116786392
0.25046875		0.191867863417	0.826364121891
0.25078125		0.191166982014	0.825607877461
0.25109375		0.190464681401	0.824848016632
0.25140625		0.189760953456	0.824084502356
0.25171875		0.189055790739	0.823317296983
0.25203125		0.188349185018	0.82254636224
0.25234375		0.187641126198	0.821771659228
0.25265625		0.186931604162	0.82099314841
0.25296875		0.186220609481	0.8202107896
0.25328125		0.185508131645	0.819424541943
0.25359375		0.184794158299	0.818634363914
0.25390625		0.184078676343	0.817840213303
0.25421875		0.183361671748	0.817042047204
0.25453125		0.182643131949	0.816239822003
0.25484375		0.181923046554	0.815433493345
0.25515625		0.181201406422	0.814623016106
0.25546875		0.180478201389	0.813808344377
0.25578125		0.179753419871	0.812989431453
0.25609375		0.17902705025	0.812166229817
0.25640625		0.178299079894	0.811338691119
0.25671875		0.177569495098	0.81050676616
0.25703125		0.176838282061	0.809670404874
0.25734375		0.176105427223	0.808829556312
0.25765625		0.175370916163	0.807984168613
0.25796875		0.174634734266	0.80713418899
0.25828125		0.173896868627	0.806279563701
0.25859375		0.173157307829	0.805420238015
0.25890625		0.172416039406	0.80455615618
0.25921875		0.17167305015	0.803687261406
0.25953125		0.170928326086	0.80281349584
0.25984375		0.170181851513	0.801934800543
0.26015625		0.169433609987	0.801051115473
0.26046875		0.168683585527	0.800162379454
0.26078125		0.167931762691	0.799268530141
0.26109375		0.167178125727	0.798369503994
0.26140625		0.166422658498	0.797465236239
0.26171875		0.165665345557	0.796555660839
0.26203125		0.164906171657	0.795640710451
0.26234375		0.164145121187	0.794720316394
0.26265625		0.16338217837	0.793794408611
0.26296875		0.162617326528	0.792862915634
0.26328125		0.161850547274	0.791925764546
0.26359375		0.161081821437	0.79098288095
0.26390625		0.16031113006	0.790034188932
0.26421875		0.15953845468	0.789079611011
0.26453125		0.158763776805	0.788119068094
0.26484375		0.157987077891	0.787152479428
0.26515625		0.157208339286	0.78617976255
0.26546875		0.156427542116	0.785200833234
0.26578125		0.155644666976	0.784215605445
0.26609375		0.15485969411	0.783223991282
0.26640625		0.154072602958	0.782225900926
0.26671875		0.153283372009	0.781221242587
0.26703125		0.152491979038	0.780209922449
0.26734375		0.151698401455	0.779191844606
0.26765625		0.150902616687	0.778166911003
0.26796875		0.15010460208	0.777135021362
0.26828125		0.149304334961	0.776096073114
0.26859375		0.148501792736	0.775049961321
0.26890625		0.147696952476	0.773996578606
0.26921875		0.146889790339	0.77293581507
0.26953125		0.146080281299	0.771867558217
0.26984375		0.145268399555	0.770791692874
0.27015625		0.144454118965	0.769708101107
0.27046875		0.143637412924	0.768616662126
0.27078125		0.142818254309	0.767517252196
0.27109375		0.141996615508	0.76640974453
0.27140625		0.141172468344	0.765294009193
0.27171875		0.140345784403	0.764169912991
0.27203125		0.139516535196	0.763037319357
0.27234375		0.138684691896	0.761896088231
0.27265625		0.137850224869	0.760746075941
0.27296875		0.137013103085	0.759587135075
0.27328125		0.136173294265	0.758419114356
0.27359375		0.135330765329	0.757241858503
0.27390625		0.134485482888	0.75605520809
0.27421875		0.133637413292	0.754858999389
0.27453125		0.132786522168	0.753653064207
0.27484375		0.131932774247	0.752437229721
0.27515625		0.13107613351	0.751211318303
0.27546875		0.130216563214	0.749975147342
0.27578125		0.129354025858	0.748728529044
0.27609375		0.128488483261	0.74747127024
0.27640625		0.127619896311	0.746203172166
0.27671875		0.126748224318	0.744924030248
0.27703125		0.12587342499	0.743633633874
0.27734375		0.124995455146	0.74233176615
0.27765625		0.124114271088	0.741018203646
0.27796875		0.123229828333	0.739692716117
0.27828125		0.122342081465	0.738355066222
0.27859375		0.12145098393	0.73700500922
0.27890625		0.120556487786	0.735642292657
0.27921875		0.119658543618	0.734266656039
0.27953125		0.11875710065	0.732877830473
0.27984375		0.117852106905	0.731475538304
0.28015625		0.116943509065	0.730059492719
0.28046875		0.116031252075	0.728629397334
0.28078125		0.115115279112	0.727184945757
0.28109375		0.114195531792	0.725725821134
0.28140625		0.113271950307	0.72425169565
0.28171875		0.112344473458	0.722762230014
0.28203125		0.111413038524	0.721257072903
0.28234375		0.110477580935	0.719735860375
0.28265625		0.109538033905	0.718198215247
0.28296875		0.108594328332	0.716643746441
0.28328125		0.107646392935	0.715072048282
0.28359375		0.106694154309	0.713482699751
0.28390625		0.105737536857	0.711875263689
0.28421875		0.104776462646	0.710249285946
0.28453125		0.103810851219	0.708604294474
0.28484375		0.102840619404	0.706939798363
0.28515625		0.101865681202	0.705255286803
0.28546875		0.100885947856	0.703550227976
0.28578125		0.0999013278633	0.701824067868
0.28609375		0.0989117266427	0.700076228995
0.28640625		0.0979170460774	0.698306109038
0.28671875		0.0969171842675	0.696513079375
0.28703125		0.0959120354728	0.694696483507
0.28734375		0.0949014900821	0.692855635361
0.28765625		0.0938854345341	0.690989817452
0.28796875		0.0928637511255	0.689098278904
0.28828125		0.0918363176772	0.687180233313
0.28859375		0.0908030071463	0.68523485643
0.28890625		0.0897636873116	0.683261283654
0.28921875		0.088718220527	0.681258607314
0.28953125		0.0876664634852	0.679225873712
0.28984375		0.086608266915	0.677162079907
0.29015625		0.0855434751692	0.675066170207
0.29046875		0.0844719257259	0.672937032345
0.29078125		0.0833934486673	0.670773493298
0.29109375		0.0823078662124	0.668574314704
0.29140625		0.0812149923762	0.666338187844
0.29171875		0.0801146325771	0.664063728115
0.29203125		0.0790065829833	0.661749468952
0.29234375		0.077890629696	0.659393855117
0.29265625		0.0767665479339	0.656995235289
0.29296875		0.0756341012279	0.654551853847
0.29328125		0.0744930405855	0.652061841752
0.29359375		0.0733431036121	0.649523206403
0.29390625		0.0721840135051	0.646933820312
0.29421875		0.0710154778539	0.644291408445
0.29453125		0.0698371872732	0.641593534019
0.29484375		0.0686488139162	0.638837582543
0.29515625		0.067450009885	0.636020743811
0.29546875		0.0662404055025	0.633139991534
0.29578125		0.0650196073713	0.630192060222
0.29609375		0.0637871961355	0.627173418857
0.29640625		0.0625427238803	0.624080240798
0.29671875		0.061285711156	0.620908369259
0.29703125		0.0600156436699	0.617653277546
0.29734375		0.0587319686328	0.614310023063
0.29765625		0.0574340906167	0.610873193863
0.29796875		0.0561213667174	0.607336846197
0.29828125		0.0547931008819	0.603694431208
0.29859375		0.0534485373188	0.599938708419
0.29890625		0.0520868528555	0.596061643048
0.29921875		0.0507071480201	0.592054283307
0.29953125		0.0493084365522	0.587906612752
0.29984375		0.0478896329439	0.583607371291
0.30015625		0.0464495374721	0.579143836443
0.30046875		0.0449868180725	0.574501553641
0.30078125		0.0434999882979	0.569664000546
0.30109375		0.0419873804079	0.564612165193
0.30140625		0.0404471121227	0.559324009695
0.30171875		0.0388770447067	0.55377377869
0.30203125		0.037274729495	0.547931094644
0.30234375		0.0356373393805	0.541759757792
0.30265625		0.0339615796449	0.535216126491
0.30296875		0.032243568739	0.528246882143
0.30328125		0.0304786747848	0.520785867471
0.30359375		0.0286612857278	0.512749488854
0.30390625		0.0267844795744	0.504029823978
0.30421875		0.0248395356117	0.494483892315
0.30453125		0.0228151682302	0.483916107855
0.30484375		0.0206963050312	0.472048117834
0.30515625		0.0184620269589	0.458463191034
0.30546875		0.016081611098	0.442492106809
0.30578125		0.0135053852934	0.422939632107
0.30609375		0.0106425407592	0.397314263669
0.30640625		0.00730826573988	0.359069142104
0.30671875		0.0035240449752	0.295032527248
0.30703125		0.000259838408366	0.135797745529
0.30734375		1.73722803367e-08	0.0124772224389
0.30765625		4.11349556877e-09	0.010000092345
0.30796875		4.11315253257e-09	0.0100000000024
0.30828125		4.11315252376e-09	0.01
0.30859375		4.11315252376e-09	0.01
0.30890625		4.11315252376e-09	0.01
0.30921875		4.11315252376e-09	0.01
0.30953125		4.11315252376e-09	0.01
0.30984375		4.11315252376e-09	0.01
0.31015625		4.11315252376e-09	0.01
0.31046875		4.11315252376e-09	0.01
0.31078125		4.11315252376e-09	0.01
0.31109375		4.11315252376e-09	0.01
0.31140625		4.11315252376e-09	0.01
0.31171875		4.11315252376e-09	0.01
0.31203125		4.11315252376e-09	0.01
0.31234375		4.11315252376e-09	0.01
0.31265625		4.11315252376e-09	0.01
0.31296875		4.11315252376e-09	0.01
0.31328125		4.11315252376e-09	0.01
0.31359375		4.11315252376e-09	0.01
0.31390625		4.11315252376e-09	0.01
0.31421875		4.11315252376e-09	0.01
0.31453125		4.11315252376e-09	0.01
0.31484375		4.11315252376e-09	0.01
0.31515625		4.11315252376e-09	0.01
0.31546875		4.11315252376e-09	0.01
0.31578125		4.11315252376e-09	0.01
0.31609375		4.11315252376e-09	0.01
0.31640625		4.11315252376e-09	0.01
0.31671875		4.11315252376e-09	0.01
0.31703125		4.11315252376e-09	0.01
0.31734375		4.11315252376e-09	0.01
0.31765625		4.11315252376e-09	0.01
0.31796875		4.11315252376e-09	0.01
0.31828125		4.11315252376e-09	0.01
0.31859375		4.11315252376e-09	0.01
0.31890625		4.11315252376e-09	0.01
0.31921875		4.11315252376e-09	0.01
0.31953125		4.11315252376e-09	0.01
0.31984375		4.11315252376e-09	0.01
0.32015625		4.11315252376e-09	0.01
0.32046875		4.11315252376e-09	0.01
0.32078125		4.11315252376e-09	0.01
0.32109375		4.11315252376e-09	0.01
0.32140625		4.11315252376e-09	0.01
0.32171875		4.11315252376e-09	0.01
0.32203125		4.11315252376e-09	0.01
0.32234375		4.11315252376e-09	0.01
0.32265625		4.11315252376e-09	0.01
0.32296875		4.11315252376e-09	0.01
0.32328125		4.11315252376e-09	0.01
0.32359375		4.11315252376e-09	0.01
0.32390625		4.11315252376e-09	0.01
0.32421875		4.11315252376e-09	0.01
0.32453125		4.11315252376e-09	0.01
0.32484375		4.11315252376e-09	0.01
0.32515625		4.11315252376e-09	0.01
0.32546875		4.11315252376e-09	0.01
0.32578125		4.11315252376e-09	0.01
0.32609375		4.11315252376e-09	0.01
0.32640625		4.11315252376e-09	0.01
0.32671875		4.11315252376e-09	0.01
0.32703125		4.11315252376e-09	0.01
0.32734375		4.11315252376e-09	0.01
0.32765625		4.11315252376e-09	0.01
0.32796875		4.11315252376e-09	0.01
0.32828125		4.11315252376e-09	0.01
0.32859375		4.11315252376e-09	0.01
0.32890625		4.11315252376e-09	0.01
0.32921875		4.11315252376e-09	0.01
0.32953125		4.11315252376e-09	0.01
0.32984375		4.11315252376e-09	0.01
0.33015625		4.11315252376e-09	0.01
0.33046875		4.11315252376e-09	0.01
0.33078125		4.11315252376e-09	0.01
0.33109375		4.11315252376e-09	0.01
0.33140625		4.11315252376e-09	0.01
0.33171875		4.11315252376e-09	0.01
0.33203125		4.11315252376e-09	0.01
0.33234375		4.11315252376e-09	0.01
0.33265625		4.11315252376e-09	0.01
0.33296875		4.11315252376e-09	0.01
0.33328125		4.11315252376e-09	0.01
0.33359375		4.11315252376e-09	0.01
0.33390625		4.11315252376e-09	0.01
0.33421875		4.11315252376e-09	0.01
0.33453125		4.11315252376e-09	0.01
0.33484375		4.11315252376e-09	0.01
0.33515625		4.11315252376e-09	0.01
0.33546875		4.11315252376e-09	0.01
0.33578125		4.11315252376e-09	0.01
0.33609375		4.11315252376e-09	0.01
0.33640625		4.11315252376e-09	0.01
0.33671875		4.11315252376e-09	0.01
0.33703125		4.11315252376e-09	0.01
0.33734375		4.11315252376e-09	0.01
0.33765625		4.11315252376e-09	0.01
0.33796875		4.11315252376e-09	0.01
0.33828125		4.11315252376e-09	0.01
0.33859375		4.11315252376e-09	0.01
0.33890625		4.11315252376e-09	0.01
0.33921875		4.11315252376e-09	0.01
0.33953125		4.11315252376e-09	0.01
0.33984375		4.11315252376e-09	0.01
0.34015625		4.11315252376e-09	0.01
0.34046875		4.11315252376e-09	0.01
0.34078125		4.11315252376e-09	0.01
0.34109375		4.11315252376e-09	0.01
0.34140625		4.11315252376e-09	0.01
0.34171875		4.11315252376e-09	0.01
0.34203125		4.11315252376e-09	0.01
0.34234375		4.11315252376e-09	0.01
0.34265625		4.11315252376e-09	0.01
0.34296875		4.11315252376e-09	0.01
0.34328125		4.11315252376e-09	0.01
0.34359375		4.11315252376e-09	0.01
0.34390625		4.11315252376e-09	0.01
0.34421875		4.11315252376e-09	0.01
0.34453125		4.11315252376e-09	0.01
0.34484375		4.11315252376e-09	0.01
0.34515625		4.11315252376e-09	0.01
0.34546875		4.11315252376e-09	0.01
0.34578125		4.11315252376e-09	0.01
0.34609375		4.11315252376e-09	0.01
0.34640625		4.11315252376e-09	0.01
0.34671875		4.11315252376e-09	0.01
0.34703125		4.11315252376e-09	0.01
0.34734375		4.11315252376e-09	0.01
0.34765625		4.11315252376e-09	0.01
0.34796875		4.11315252376e-09	0.01
0.34828125		4.11315252376e-09	0.01
0.34859375		4.11315252376e-09	0.01
0.34890625		4.11315252376e-09	0.01
0.34921875		4.11315252376e-09	0.01
0.34953125		4.11315252376e-09	0.01
0.34984375		4.11315252376e-09	0.01
0.35015625		4.11315252376e-09	0.01
0.35046875		4.11315252376e-09	0.01
0.35078125		4.11315252376e-09	0.01
0.35109375		4.11315252376e-09	0.01
0.35140625		4.11315252376e-09	0.01
0.35171875		4.11315252376e-09	0.01
0.35203125		4.11315252376e-09	0.01
0.35234375		4.11315252376e-09	0.01
0.35265625		4.11315252376e-09	0.01
0.35296875		4.11315252376e-09	0.01
0.35328125		4.11315252376e-09	0.01
0.35359375		4.11315252376e-09	0.01
0.35390625		4.11315252376e-09	0.01
0.35421875		4.11315252376e-09	0.01
0.35453125		4.11315252376e-09	0.01
0.35484375		4.11315252376e-09	0.01
0.35515625		4.11315252376e-09	0.01
0.35546875		4.11315252376e-09	0.01
0.35578125		4.11315252376e-09	0.01
0.35609375		4.11315252376e-09	0.01
0.35640625		4.11315252376e-09	0.01
0.35671875		4.11315252376e-09	0.01
0.35703125		4.11315252376e-09	0.01
0.35734375		4.11315252376e-09	0.01
0.35765625		4.11315252376e-09	0.01
0.35796875		4.11315252376e-09	0.01
0.35828125		4.11315252376e-09	0.01
0.35859375		4.11315252376e-09	0.01
0.35890625		4.11315252376e-09	0.01
0.35921875		4.11315252376e-09	0.01
0.35953125		4.11315252376e-09	0.01
0.35984375		4.11315252376e-09	0.01
0.36015625		4.11315252376e-09	0.01
0.36046875		4.11315252376e-09	0.01
0.36078125		4.11315252376e-09	0.01
0.36109375		4.11315252376e-09	0.01
0.36140625		4.11315252376e-09	0.01
0.36171875		4.11315252376e-09	0.01
0.36203125		4.11315252376e-09	0.01
0.36234375		4.11315252376e-09	0.01
0.36265625		4.11315252376e-09	0.01
0.36296875		4.11315252376e-09	0.01
0.36328125		4.11315252376e-09	0.01
0.36359375		4.11315252376e-09	0.01
0.36390625		4.11315252376e-09	0.01
0.36421875		4.11315252376e-09	0.01
0.36453125		4.11315252376e-09	0.01
0.36484375		4.11315252376e-09	0.01
0.36515625		4.11315252376e-09	0.01
0.36546875		4.11315252376e-09	0.01
0.36578125		4.11315252376e-09	0.01
0.36609375		4.11315252376e-09	0.01
0.36640625		4.11315252376e-09	0.01
0.36671875		4.11315252376e-09	0.01
0.36703125		4.11315252376e-09	0.01
0.36734375		4.11315252376e-09	0.01
0.36765625		4.11315252376e-09	0.01
0.36796875		4.11315252376e-09	0.01
0.36828125		4.11315252376e-09	0.01
0.36859375		4.11315252376e-09	0.01
0.36890625		4.11315252376e-09	0.01
0.36921875		4.11315252376e-09	0.01
0.36953125		4.11315252376e-09	0.01
0.36984375		4.11315252376e-09	0.01
0.37015625		4.11315252376e-09	0.01
0.37046875		4.11315252376e-09	0.01
0.37078125		4.11315252376e-09	0.01
0.37109375		4.11315252376e-09	0.01
0.37140625		4.11315252376e-09	0.01
0.37171875		4.11315252376e-09	0.01
0.37203125		4.11315252376e-09	0.01
0.37234375		4.11315252376e-09	0.01
0.37265625		4.11315252376e-09	0.01
0.37296875		4.11315252376e-09	0.01
0.37328125		4.11315252376e-09	0.01
0.37359375		4.11315252376e-09	0.01
0.37390625		4.11315252376e-09	0.01
0.37421875		4.11315252376e-09	0.01
0.37453125		4.11315252376e-09	0.01
0.37484375		4.11315252376e-09	0.01
0.37515625		4.11315252376e-09	0.01
0.37546875		4.11315252376e-09	0.01
0.37578125		4.11315252376e-09	0.01
0.37609375		4.11315252376e-09	0.01
0.37640625		4.11315252376e-09	0.01
0.37671875		4.11315252376e-09	0.01
0.37703125		4.11315252376e-09	0.01
0.37734375		4.11315252376e-09	0.01
0.37765625		4.11315252376e-09	0.01
0.37796875		4.11315252376e-09	0.01
0.37828125		4.11315252376e-09	0.01
0.37859375		4.11315252376e-09	0.01
0.37890625		4.11315252376e-09	0.01
0.37921875		4.11315252376e-09	0.01
0.37953125		4.11315252376e-09	0.01
0.37984375		4.11315252376e-09	0.01
0.38015625		4.11315252376e-09	0.01
0.38046875		4.11315252376e-09	0.01
0.38078125		4.11315252376e-09	0.01
0.38109375		4.11315252376e-09	0.01
0.38140625		4.11315252376e-09	0.01
0.38171875		4.11315252376e-09	0.01
0.38203125		4.11315252376e-09	0.01
0.38234375		4.11315252376e-09	0.01
0.38265625		4.11315252376e-09	0.01
0.38296875		4.11315252376e-09	0.01
0.38328125		4.11315252376e-09	0.01
0.38359375		4.11315252376e-09	0.01
0.38390625		4.11315252376e-09	0.01
0.38421875		4.11315252376e-09	0.01
0.38453125		4.11315252376e-09	0.01
0.38484375		4.11315252376e-09	0.01
0.38515625		4.11315252376e-09	0.01
0.38546875		4.11315252376e-09	0.01
0.38578125		4.11315252376e-09	0.01
0.38609375		4.11315252376e-09	0.01
0.38640625		4.11315252376e-09	0.01
0.38671875		4.11315252376e-09	0.01
0.38703125		4.11315252376e-09	0.01
0.38734375		4.11315252376e-09	0.01
0.38765625		4.11315252376e-09	0.01
0.38796875		4.11315252376e-09	0.01
0.38828125		4.11315252376e-09	0.01
0.38859375		4.11315252376e-09	0.01
0.38890625		4.11315252376e-09	0.01
0.38921875		4.11315252376e-09	0.01
0.38953125		4.11315252376e-09	0.01
0.38984375		4.11315252376e-09	0.01
0.39015625		4.11315252376e-09	0.01
0.39046875		4.11315252376e-09	0.01
0.39078125		4.11315252376e-09	0.01
0.39109375		4.11315252376e-09	0.01
0.39140625		4.11315252376e-09	0.01
0.39171875		4.11315252376e-09	0.01
0.39203125		4.11315252376e-09	0.01
0.39234375		4.11315252376e-09	0.01
0.39265625		4.11315252376e-09	0.01
0.39296875		4.11315252376e-09	0.01
0.39328125		4.11315252376e-09	0.01
0.39359375		4.11315252376e-09	0.01
0.39390625		4.11315252376e-09	0.01
0.39421875		4.11315252376e-09	0.01
0.39453125		4.11315252376e-09	0.01
0.39484375		4.11315252376e-09	0.01
0.39515625		4.11315252376e-09	0.01
0.39546875		4.11315252376e-09	0.01
0.39578125		4.11315252376e-09	0.01
0.39609375		4.11315252376e-09	0.01
0.39640625		4.11315252376e-09	0.01
0.39671875		4.11315252376e-09	0.01
0.39703125		4.11315252376e-09	0.01
0.39734375		4.11315252376e-09	0.01
0.39765625		4.11315252376e-09	0.01
0.39796875		4.11315252376e-09	0.01
0.39828125		4.11315252376e-09	0.01
0.39859375		4.11315252376e-09	0.01
0.39890625		4.11315252376e-09	0.01
0.39921875		4.11315252376e-09	0.01
0.39953125		4.11315252376e-09	0.01
0.39984375		4.11315252376e-09	0.01
0.40015625		4.11315252376e-09	0.01
0.40046875		4.11315252376e-09	0.01
0.40078125		4.11315252376e-09	0.01
0.40109375		4.11315252376e-09	0.01
0.40140625		4.11315252376e-09	0.01
0.40171875		4.11315252376e-09	0.01
0.40203125		4.11315252376e-09	0.01
0.40234375		4.11315252376e-09	0.01
0.40265625		4.11315252376e-09	0.01
0.40296875		4.11315252376e-09	0.01
0.40328125		4.11315252376e-09	0.01
0.40359375		4.11315252376e-09	0.01
0.40390625		4.11315252376e-09	0.01
0.40421875		4.11315252376e-09	0.01
0.40453125		4.11315252376e-09	0.01
0.40484375		4.11315252376e-09	0.01
0.40515625		4.11315252376e-09	0.01
0.40546875		4.11315252376e-09	0.01
0.40578125		4.11315252376e-09	0.01
0.40609375		4.11315252376e-09	0.01
0.40640625		4.11315252376e-09	0.01
0.40671875		4.11315252376e-09	0.01
0.40703125		4.11315252376e-09	0.01
0.40734375		4.11315252376e-09	0.01
0.40765625		4.11315252376e-09	0.01
0.40796875		4.11315252376e-09	0.01
0.40828125		4.11315252376e-09	0.01
0.40859375		4.11315252376e-09	0.01
0.40890625		4.11315252376e-09	0.01
0.40921875		4.11315252376e-09	0.01
0.40953125		4.11315252376e-09	0.01
0.40984375		4.11315252376e-09	0.01
0.41015625		4.11315252376e-09	0.01
0.41046875		4.11315252376e-09	0.01
0.41078125		4.11315252376e-09	0.01
0.41109375		4.11315252376e-09	0.01
0.41140625		4.11315252376e-09	0.01
0.41171875		4.11315252376e-09	0.01
0.41203125		4.11315252376e-09	0.01
0.41234375		4.11315252376e-09	0.01
0.41265625		4.11315252376e-09	0.01
0.41296875		4.11315252376e-09	0.01
0.41328125		4.11315252376e-09	0.01
0.41359375		4.11315252376e-09	0.01
0.41390625		4.11315252376e-09	0.01
0.41421875		4.11315252376e-09	0.01
0.41453125		4.11315252376e-09	0.01
0.41484375		4.11315252376e-09	0.01
0.41515625		4.11315252376e-09	0.01
0.41546875		4.11315252376e-09	0.01
0.41578125		4.11315252376e-09	0.01
0.41609375		4.11315252376e-09	0.01
0.41640625		4.11315252376e-09	0.01
0.41671875		4.11315252376e-09	0.01
0.41703125		4.11315252376e-09	0.01
0.41734375		4.11315252376e-09	0.01
0.41765625		4.11315252376e-09	0.01
0.41796875		4.11315252376e-09	0.01
0.41828125		4.11315252376e-09	0.01
0.41859375		4.11315252376e-09	0.01
0.41890625		4.11315252376e-09	0.01
0.41921875		4.11315252376e-09	0.01
0.41953125		4.11315252376e-09	0.01
0.41984375		4.11315252376e-09	0.01
0.42015625		4.11315252376e-09	0.01
0.42046875		4.11315252376e-09	0.01
0.42078125		4.11315252376e-09	0.01
0.42109375		4.11315252376e-09	0.01
0.42140625		4.11315252376e-09	0.01
0.42171875		4.11315252376e-09	0.01
0.42203125		4.11315252376e-09	0.01
0.42234375		4.11315252376e-09	0.01
0.42265625		4.11315252376e-09	0.01
0.42296875		4.11315252376e-09	0.01
0.42328125		4.11315252376e-09	0.01
0.42359375		4.11315252376e-09	0.01
0.42390625		4.11315252376e-09	0.01
0.42421875		4.11315252376e-09	0.01
0.42453125		4.11315252376e-09	0.01
0.42484375		4.11315252376e-09	0.01
0.42515625		4.11315252376e-09	0.01
0.42546875		4.11315252376e-09	0.01
0.42578125		4.11315252376e-09	0.01
0.42609375		4.11315252376e-09	0.01
0.42640625		4.11315252376e-09	0.01
0.42671875		4.11315252376e-09	0.01
0.42703125		4.11315252376e-09	0.01
0.42734375		4.11315252376e-09	0.01
0.42765625		4.11315252376e-09	0.01
0.42796875		4.11315252376e-09	0.01
0.42828125		4.11315252376e-09	0.01
0.42859375		4.11315252376e-09	0.01
0.42890625		4.11315252376e-09	0.01
0.42921875		4.11315252376e-09	0.01
0.42953125		4.11315252376e-09	0.01
0.42984375		4.11315252376e-09	0.01
0.43015625		4.11315252376e-09	0.01
0.43046875		4.11315252376e-09	0.01
0.43078125		4.11315252376e-09	0.01
0.43109375		4.11315252376e-09	0.01
0.43140625		4.11315252376e-09	0.01
0.43171875		4.11315252376e-09	0.01
0.43203125		4.11315252376e-09	0.01
0.43234375		4.11315252376e-09	0.01
0.43265625		4.11315252376e-09	0.01
0.43296875		4.11315252376e-09	0.01
0.43328125		4.11315252376e-09	0.01
0.43359375		4.11315252376e-09	0.01
0.43390625		4.11315252376e-09	0.01
0.43421875		4.11315252376e-09	0.01
0.43453125		4.11315252376e-09	0.01
0.43484375		4.11315252376e-09	0.01
0.43515625		4.11315252376e-09	0.01
0.43546875		4.11315252376e-09	0.01
0.43578125		4.11315252376e-09	0.01
0.43609375		4.11315252376e-09	0.01
0.43640625		4.11315252376e-09	0.01
0.43671875		4.11315252376e-09	0.01
0.43703125		4.11315252376e-09	0.01
0.43734375		4.11315252376e-09	0.01
0.43765625		4.11315252376e-09	0.01
0.43796875		4.11315252376e-09	0.01
0.43828125		4.11315252376e-09	0.01
0.43859375		4.11315252376e-09	0.01
0.43890625		4.11315252376e-09	0.01
0.43921875		4.11315252376e-09	0.01
0.43953125		4.11315252376e-09	0.01
0.43984375		4.11315252376e-09	0.01
0.44015625		4.11315252376e-09	0.01
0.44046875		4.11315252376e-09	0.01
0.44078125		4.11315252376e-09	0.01
0.44109375		4.11315252376e-09	0.01
0.44140625		4.11315252376e-09	0.01
0.44171875		4.11315252376e-09	0.01
0.44203125		4.11315252376e-09	0.01
0.44234375		4.11315252376e-09	0.01
0.44265625		4.11315252376e-09	0.01
0.44296875		4.11315252376e-09	0.01
0.44328125		4.11315252376e-09	0.01
0.44359375		4.11315252376e-09	0.01
0.44390625		4.11315252376e-09	0.01
0.44421875		4.11315252376e-09	0.01
0.44453125		4.11315252376e-09	0.01
0.44484375		4.11315252376e-09	0.01
0.44515625		4.11315252376e-09	0.01
0.44546875		4.11315252376e-09	0.01
0.44578125		4.11315252376e-09	0.01
0.44609375		4.11315252376e-09	0.01
0.44640625		4.11315252376e-09	0.01
0.44671875		4.11315252376e-09	0.01
0.44703125		4.11315252376e-09	0.01
0.44734375		4.11315252376e-09	0.01
0.44765625		4.11315252376e-09	0.01
0.44796875		4.11315252376e-09	0.01
0.44828125		4.11315252376e-09	0.01
0.44859375		4.11315252376e-09	0.01
0.44890625		4.11315252376e-09	0.01
0.44921875		4.11315252376e-09	0.01
0.44953125		4.11315252376e-09	0.01
0.44984375		4.11315252376e-09	0.01
0.45015625		4.11315252376e-09	0.01
0.45046875		4.11315252376e-09	0.01
0.45078125		4.11315252376e-09	0.01
0.45109375		4.11315252376e-09	0.01
0.45140625		4.11315252376e-09	0.01
0.45171875		4.11315252376e-09	0.01
0.45203125		4.11315252376e-09	0.01
0.45234375		4.11315252376e-09	0.01
0.45265625		4.11315252376e-09	0.01
0.45296875		4.11315252376e-09	0.01
0.45328125		4.11315252376e-09	0.01
0.45359375		4.11315252376e-09	0.01
0.45390625		4.11315252376e-09	0.01
0.45421875		4.11315252376e-09	0.01
0.45453125		4.11315252376e-09	0.01
0.45484375		4.11315252376e-09	0.01
0.45515625		4.11315252376e-09	0.01
0.45546875		4.11315252376e-09	0.01
0.45578125		4.11315252376e-09	0.01
0.45609375		4.11315252376e-09	0.01
0.45640625		4.11315252376e-09	0.01
0.45671875		4.11315252376e-09	0.01
0.45703125		4.11315252376e-09	0.01
0.45734375		4.11315252376e-09	0.01
0.45765625		4.11315252376e-09	0.01
0.45796875		4.11315252376e-09	0.01
0.45828125		4.11315252376e-09	0.01
0.45859375		4.11315252376e-09	0.01
0.45890625		4.11315252376e-09	0.01
0.45921875		4.11315252376e-09	0.01
0.45953125		4.11315252376e-09	0.01
0.45984375		4.11315252376e-09	0.01
0.46015625		4.11315252376e-09	0.01
0.46046875		4.11315252376e-09	0.01
0.46078125		4.11315252376e-09	0.01
0.46109375		4.11315252376e-09	0.01
0.46140625		4.11315252376e-09	0.01
0.46171875		4.11315252376e-09	0.01
0.46203125		4.11315252376e-09	0.01
0.46234375		4.11315252376e-09	0.01
0.46265625		4.11315252376e-09	0.01
0.46296875		4.11315252376e-09	0.01
0.46328125		4.11315252376e-09	0.01
0.46359375		4.11315252376e-09	0.01
0.46390625		4.11315252376e-09	0.01
0.46421875		4.11315252376e-09	0.01
0.46453125		4.11315252376e-09	0.01
0.46484375		4.11315252376e-09	0.01
0.46515625		4.11315252376e-09	0.01
0.46546875		4.11315252376e-09	0.01
0.46578125		4.11315252376e-09	0.01
0.46609375		4.11315252376e-09	0.01
0.46640625		4.11315252376e-09	0.01
0.46671875		4.11315252376e-09	0.01
0.46703125		4.11315252376e-09	0.01
0.46734375		4.11315252376e-09	0.01
0.46765625		4.11315252376e-09	0.01
0.46796875		4.11315252376e-09	0.01
0.46828125		4.11315252376e-09	0.01
0.46859375		4.11315252376e-09	0.01
0.46890625		4.11315252376e-09	0.01
0.46921875		4.11315252376e-09	0.01
0.46953125		4.11315252376e-09	0.01
0.46984375		4.11315252376e-09	0.01
0.47015625		4.11315252376e-09	0.01
0.47046875		4.11315252376e-09	0.01
0.47078125		4.11315252376e-09	0.01
0.47109375		4.11315252376e-09	0.01
0.47140625		4.11315252376e-09	0.01
0.47171875		4.11315252376e-09	0.01
0.47203125		4.11315252376e-09	0.01
0.47234375		4.11315252376e-09	0.01
0.47265625		4.11315252376e-09	0.01
0.47296875		4.11315252376e-09	0.01
0.47328125		4.11315252376e-09	0.01
0.47359375		4.11315252376e-09	0.01
0.47390625		4.11315252376e-09	0.01
0.47421875		4.11315252376e-09	0.01
0.47453125		4.11315252376e-09	0.01
0.47484375		4.11315252376e-09	0.01
0.47515625		4.11315252376e-09	0.01
0.47546875		4.11315252376e-09	0.01
0.47578125		4.11315252376e-09	0.01
0.47609375		4.11315252376e-09	0.01
0.47640625		4.11315252376e-09	0.01
0.47671875		4.11315252376e-09	0.01
0.47703125		4.11315252376e-09	0.01
0.47734375		4.11315252376e-09	0.01
0.47765625		4.11315252376e-09	0.01
0.47796875		4.11315252376e-09	0.01
0.47828125		4.11315252376e-09	0.01
0.47859375		4.11315252376e-09	0.01
0.47890625		4.11315252376e-09	0.01
0.47921875		4.11315252376e-09	0.01
0.47953125		4.11315252376e-09	0.01
0.47984375		4.11315252376e-09	0.01
0.48015625		4.11315252376e-09	0.01
0.48046875		4.11315252376e-09	0.01
0.48078125		4.11315252376e-09	0.01
0.48109375		4.11315252376e-09	0.01
0.48140625		4.11315252376e-09	0.01
0.48171875		4.11315252376e-09	0.01
0.48203125		4.11315252376e-09	0.01
0.48234375		4.11315252376e-09	0.01
0.48265625		4.11315252376e-09	0.01
0.48296875		4.11315252376e-09	0.01
0.48328125		4.11315252376e-09	0.01
0.48359375		4.11315252376e-09	0.01
0.48390625		4.11315252376e-09	0.01
0.48421875		4.11315252376e-09	0.01
0.48453125		4.11315252376e-09	0.01
0.48484375		4.11315252376e-09	0.01
0.48515625		4.11315252376e-09	0.01
0.48546875		4.11315252376e-09	0.01
0.48578125		4.11315252376e-09	0.01
0.48609375		4.11315252376e-09	0.01
0.48640625		4.11315252376e-09	0.01
0.48671875		4.11315252376e-09	0.01
0.48703125		4.11315252376e-09	0.01
0.48734375		4.11315252376e-09	0.01
0.48765625		4.11315252376e-09	0.01
0.48796875		4.11315252376e-09	0.01
0.48828125		4.11315252376e-09	0.01
0.48859375		4.11315252376e-09	0.01
0.48890625		4.11315252376e-09	0.01
0.48921875		4.11315252376e-09	0.01
0.48953125		4.11315252376e-09	0.01
0.48984375		4.11315252376e-09	0.01
0.49015625		4.11315252376e-09	0.01
0.49046875		4.11315252376e-09	0.01
0.49078125		4.11315252376e-09	0.01
0.49109375		4.11315252376e-09	0.01
0.49140625		4.11315252376e-09	0.01
0.49171875		4.11315252376e-09	0.01
0.49203125		4.11315252376e-09	0.01
0.49234375		4.11315252376e-09	0.01
0.49265625		4.11315252376e-09	0.01
0.49296875		4.11315252376e-09	0.01
0.49328125		4.11315252376e-09	0.01
0.49359375		4.11315252376e-09	0.01
0.49390625		4.11315252376e-09	0.01
0.49421875		4.11315252376e-09	0.01
0.49453125		4.11315252376e-09	0.01
0.49484375		4.11315252376e-09	0.01
0.49515625		4.11315252376e-09	0.01
0.49546875		4.11315252376e-09	0.01
0.49578125		4.11315252376e-09	0.01
0.49609375		4.11315252376e-09	0.01
0.49640625		4.11315252376e-09	0.01
0.49671875		4.11315252376e-09	0.01
0.49703125		4.11315252376e-09	0.01
0.49734375		4.11315252376e-09	0.01
0.49765625		4.11315252376e-09	0.01
0.49796875		4.11315252376e-09	0.01
0.49828125		4.11315252376e-09	0.01
0.49859375		4.11315252376e-09	0.01
0.49890625		4.11315252376e-09	0.01
0.49921875		4.11315252376e-09	0.01
0.49953125		4.11315252376e-09	0.01
0.49984375		4.11315252376e-09	0.01
