 TITLE=RHEs, VARIABLES="X","Tem_e1","Tem_e2"
  0.00000E+00  1.00000E+00  1.00000E+00
  8.33910E-04  1.00000E+00  1.00000E+00
  1.66782E-03  1.00000E+00  1.00000E+00
  2.50173E-03  1.00000E+00  1.00000E+00
  3.33564E-03  1.00000E+00  1.00000E+00
  4.16955E-03  1.00000E+00  1.00000E+00
  5.00346E-03  1.00000E+00  1.00000E+00
  5.83737E-03  1.00000E+00  1.00000E+00
  6.67128E-03  1.00000E+00  1.00000E+00
  7.50519E-03  1.00000E+00  1.00000E+00
  8.33910E-03  9.99993E-01  9.99954E-01
  9.17301E-03  9.99064E-01  9.97531E-01
  1.00069E-02  9.97025E-01  9.95734E-01
  1.08408E-02  9.95376E-01  9.94165E-01
  1.16747E-02  9.93582E-01  9.91991E-01
  1.25087E-02  9.90608E-01  9.87793E-01
  1.33426E-02  9.86783E-01  9.83981E-01
  1.41765E-02  9.83302E-01  9.80733E-01
  1.50104E-02  9.80025E-01  9.77502E-01
  1.58443E-02  9.76778E-01  9.74219E-01
  1.66782E-02  9.73496E-01  9.70873E-01
  1.75121E-02  9.70162E-01  9.67469E-01
  1.83460E-02  9.66776E-01  9.64013E-01
  1.91799E-02  9.63342E-01  9.60513E-01
  2.00138E-02  9.59868E-01  9.56977E-01
  2.08478E-02  9.56360E-01  9.53412E-01
  2.16817E-02  9.52825E-01  9.49823E-01
  2.25156E-02  9.49268E-01  9.46215E-01
  2.33495E-02  9.45695E-01  9.42595E-01
  2.41834E-02  9.42110E-01  9.38967E-01
  2.50173E-02  9.38519E-01  9.35334E-01
  2.58512E-02  9.34923E-01  9.31700E-01
  2.66851E-02  9.31328E-01  9.28068E-01
  2.75190E-02  9.27735E-01  9.24441E-01
  2.83529E-02  9.24149E-01  9.20822E-01
  2.91869E-02  9.20570E-01  9.17213E-01
  3.00208E-02  9.17001E-01  9.13613E-01
  3.08547E-02  9.13442E-01  9.10024E-01
  3.16886E-02  9.09893E-01  9.06444E-01
  3.25225E-02  9.06354E-01  9.02875E-01
  3.33564E-02  9.02828E-01  8.99322E-01
  3.41903E-02  8.99317E-01  8.95788E-01
  3.50242E-02  8.95827E-01  8.92278E-01
  3.58581E-02  8.92359E-01  8.88792E-01
  3.66920E-02  8.88913E-01  8.85329E-01
  3.75260E-02  8.85492E-01  8.81890E-01
  3.83599E-02  8.82093E-01  8.78474E-01
  3.91938E-02  8.78718E-01  8.75081E-01
  4.00277E-02  8.75364E-01  8.71710E-01
  4.08616E-02  8.72033E-01  8.68361E-01
  4.16955E-02  8.68724E-01  8.65034E-01
  4.25294E-02  8.65437E-01  8.61729E-01
  4.33633E-02  8.62171E-01  8.58445E-01
  4.41972E-02  8.58927E-01  8.55183E-01
  4.50311E-02  8.55704E-01  8.51943E-01
  4.58651E-02  8.52503E-01  8.48724E-01
  4.66990E-02  8.49322E-01  8.45526E-01
  4.75329E-02  8.46163E-01  8.42350E-01
  4.83668E-02  8.43025E-01  8.39195E-01
  4.92007E-02  8.39909E-01  8.36061E-01
  5.00346E-02  8.36813E-01  8.32948E-01
  5.08685E-02  8.33737E-01  8.29856E-01
  5.17024E-02  8.30683E-01  8.26784E-01
  5.25363E-02  8.27649E-01  8.23734E-01
  5.33702E-02  8.24635E-01  8.20703E-01
  5.42042E-02  8.21642E-01  8.17694E-01
  5.50381E-02  8.18669E-01  8.14704E-01
  5.58720E-02  8.15716E-01  8.11735E-01
  5.67059E-02  8.12783E-01  8.08785E-01
  5.75398E-02  8.09870E-01  8.05856E-01
  5.83737E-02  8.06976E-01  8.02947E-01
  5.92076E-02  8.04102E-01  8.00057E-01
  6.00415E-02  8.01248E-01  7.97187E-01
  6.08754E-02  7.98413E-01  7.94336E-01
  6.17093E-02  7.95597E-01  7.91504E-01
  6.25433E-02  7.92801E-01  7.88692E-01
  6.33772E-02  7.90023E-01  7.85899E-01
  6.42111E-02  7.87264E-01  7.83125E-01
  6.50450E-02  7.84524E-01  7.80370E-01
  6.58789E-02  7.81803E-01  7.77633E-01
  6.67128E-02  7.79100E-01  7.74915E-01
  6.75467E-02  7.76416E-01  7.72216E-01
  6.83806E-02  7.73749E-01  7.69534E-01
  6.92145E-02  7.71101E-01  7.66872E-01
  7.00485E-02  7.68471E-01  7.64227E-01
  7.08824E-02  7.65859E-01  7.61600E-01
  7.17163E-02  7.63265E-01  7.58991E-01
  7.25502E-02  7.60688E-01  7.56400E-01
  7.33841E-02  7.58129E-01  7.53826E-01
  7.42180E-02  7.55587E-01  7.51270E-01
  7.50519E-02  7.53063E-01  7.48732E-01
  7.58858E-02  7.50555E-01  7.46210E-01
  7.67197E-02  7.48065E-01  7.43706E-01
  7.75536E-02  7.45592E-01  7.41219E-01
  7.83876E-02  7.43135E-01  7.38748E-01
  7.92215E-02  7.40695E-01  7.36295E-01
  8.00554E-02  7.38272E-01  7.33858E-01
  8.08893E-02  7.35865E-01  7.31438E-01
  8.17232E-02  7.33475E-01  7.29034E-01
  8.25571E-02  7.31101E-01  7.26647E-01
  8.33910E-02  7.28743E-01  7.24276E-01
  8.42249E-02  7.26400E-01  7.21921E-01
  8.50588E-02  7.24074E-01  7.19582E-01
  8.58927E-02  7.21764E-01  7.17259E-01
  8.67267E-02  7.19469E-01  7.14951E-01
  8.75606E-02  7.17190E-01  7.12659E-01
  8.83945E-02  7.14926E-01  7.10383E-01
  8.92284E-02  7.12678E-01  7.08122E-01
  9.00623E-02  7.10445E-01  7.05877E-01
  9.08962E-02  7.08227E-01  7.03647E-01
  9.17301E-02  7.06023E-01  7.01432E-01
  9.25640E-02  7.03835E-01  6.99232E-01
  9.33979E-02  7.01662E-01  6.97046E-01
  9.42318E-02  6.99503E-01  6.94876E-01
  9.50658E-02  6.97359E-01  6.92720E-01
  9.58997E-02  6.95229E-01  6.90579E-01
  9.67336E-02  6.93114E-01  6.88452E-01
  9.75675E-02  6.91013E-01  6.86340E-01
  9.84014E-02  6.88926E-01  6.84242E-01
  9.92353E-02  6.86853E-01  6.82158E-01
  1.00069E-01  6.84794E-01  6.80088E-01
  1.00903E-01  6.82748E-01  6.78032E-01
  1.01737E-01  6.80717E-01  6.75989E-01
  1.02571E-01  6.78699E-01  6.73961E-01
  1.03405E-01  6.76694E-01  6.71946E-01
  1.04239E-01  6.74703E-01  6.69945E-01
  1.05073E-01  6.72726E-01  6.67957E-01
  1.05907E-01  6.70761E-01  6.65982E-01
  1.06740E-01  6.68810E-01  6.64021E-01
  1.07574E-01  6.66872E-01  6.62072E-01
  1.08408E-01  6.64946E-01  6.60137E-01
  1.09242E-01  6.63034E-01  6.58215E-01
  1.10076E-01  6.61134E-01  6.56305E-01
  1.10910E-01  6.59246E-01  6.54408E-01
  1.11744E-01  6.57372E-01  6.52524E-01
  1.12578E-01  6.55509E-01  6.50652E-01
  1.13412E-01  6.53659E-01  6.48793E-01
  1.14246E-01  6.51821E-01  6.46946E-01
  1.15080E-01  6.49996E-01  6.45112E-01
  1.15914E-01  6.48182E-01  6.43289E-01
  1.16747E-01  6.46381E-01  6.41479E-01
  1.17581E-01  6.44591E-01  6.39680E-01
  1.18415E-01  6.42813E-01  6.37894E-01
  1.19249E-01  6.41046E-01  6.36119E-01
  1.20083E-01  6.39292E-01  6.34356E-01
  1.20917E-01  6.37548E-01  6.32604E-01
  1.21751E-01  6.35817E-01  6.30864E-01
  1.22585E-01  6.34096E-01  6.29136E-01
  1.23419E-01  6.32387E-01  6.27419E-01
  1.24253E-01  6.30689E-01  6.25713E-01
  1.25087E-01  6.29002E-01  6.24018E-01
  1.25920E-01  6.27326E-01  6.22334E-01
  1.26754E-01  6.25660E-01  6.20661E-01
  1.27588E-01  6.24006E-01  6.18999E-01
  1.28422E-01  6.22362E-01  6.17348E-01
  1.29256E-01  6.20729E-01  6.15708E-01
  1.30090E-01  6.19107E-01  6.14078E-01
  1.30924E-01  6.17494E-01  6.12459E-01
  1.31758E-01  6.15893E-01  6.10850E-01
  1.32592E-01  6.14301E-01  6.09252E-01
  1.33426E-01  6.12720E-01  6.07664E-01
  1.34260E-01  6.11149E-01  6.06086E-01
  1.35093E-01  6.09588E-01  6.04519E-01
  1.35927E-01  6.08037E-01  6.02961E-01
  1.36761E-01  6.06496E-01  6.01414E-01
  1.37595E-01  6.04965E-01  5.99876E-01
  1.38429E-01  6.03443E-01  5.98349E-01
  1.39263E-01  6.01932E-01  5.96831E-01
  1.40097E-01  6.00429E-01  5.95322E-01
  1.40931E-01  5.98937E-01  5.93824E-01
  1.41765E-01  5.97453E-01  5.92334E-01
  1.42599E-01  5.95979E-01  5.90855E-01
  1.43433E-01  5.94515E-01  5.89384E-01
  1.44266E-01  5.93059E-01  5.87923E-01
  1.45100E-01  5.91613E-01  5.86471E-01
  1.45934E-01  5.90176E-01  5.85029E-01
  1.46768E-01  5.88747E-01  5.83595E-01
  1.47602E-01  5.87328E-01  5.82171E-01
  1.48436E-01  5.85918E-01  5.80755E-01
  1.49270E-01  5.84516E-01  5.79348E-01
  1.50104E-01  5.83123E-01  5.77950E-01
  1.50938E-01  5.81739E-01  5.76561E-01
  1.51772E-01  5.80363E-01  5.75181E-01
  1.52606E-01  5.78996E-01  5.73809E-01
  1.53439E-01  5.77637E-01  5.72445E-01
  1.54273E-01  5.76287E-01  5.71090E-01
  1.55107E-01  5.74945E-01  5.69744E-01
  1.55941E-01  5.73611E-01  5.68405E-01
  1.56775E-01  5.72285E-01  5.67075E-01
  1.57609E-01  5.70968E-01  5.65754E-01
  1.58443E-01  5.69658E-01  5.64440E-01
  1.59277E-01  5.68357E-01  5.63134E-01
  1.60111E-01  5.67063E-01  5.61837E-01
  1.60945E-01  5.65778E-01  5.60547E-01
  1.61779E-01  5.64500E-01  5.59265E-01
  1.62612E-01  5.63230E-01  5.57991E-01
  1.63446E-01  5.61967E-01  5.56725E-01
  1.64280E-01  5.60712E-01  5.55466E-01
  1.65114E-01  5.59465E-01  5.54215E-01
  1.65948E-01  5.58225E-01  5.52972E-01
  1.66782E-01  5.56993E-01  5.51736E-01
  1.67616E-01  5.55768E-01  5.50508E-01
  1.68450E-01  5.54550E-01  5.49286E-01
  1.69284E-01  5.53339E-01  5.48073E-01
  1.70118E-01  5.52136E-01  5.46866E-01
  1.70952E-01  5.50940E-01  5.45667E-01
  1.71785E-01  5.49751E-01  5.44475E-01
  1.72619E-01  5.48569E-01  5.43290E-01
  1.73453E-01  5.47394E-01  5.42112E-01
  1.74287E-01  5.46226E-01  5.40941E-01
  1.75121E-01  5.45065E-01  5.39777E-01
  1.75955E-01  5.43910E-01  5.38620E-01
  1.76789E-01  5.42762E-01  5.37469E-01
  1.77623E-01  5.41621E-01  5.36326E-01
  1.78457E-01  5.40487E-01  5.35189E-01
  1.79291E-01  5.39359E-01  5.34059E-01
  1.80125E-01  5.38238E-01  5.32935E-01
  1.80958E-01  5.37124E-01  5.31818E-01
  1.81792E-01  5.36015E-01  5.30707E-01
  1.82626E-01  5.34914E-01  5.29603E-01
  1.83460E-01  5.33818E-01  5.28506E-01
  1.84294E-01  5.32729E-01  5.27414E-01
  1.85128E-01  5.31646E-01  5.26329E-01
  1.85962E-01  5.30569E-01  5.25250E-01
  1.86796E-01  5.29499E-01  5.24178E-01
  1.87630E-01  5.28434E-01  5.23111E-01
  1.88464E-01  5.27376E-01  5.22051E-01
  1.89298E-01  5.26323E-01  5.20997E-01
  1.90132E-01  5.25277E-01  5.19948E-01
  1.90965E-01  5.24236E-01  5.18906E-01
  1.91799E-01  5.23202E-01  5.17870E-01
  1.92633E-01  5.22173E-01  5.16839E-01
  1.93467E-01  5.21150E-01  5.15815E-01
  1.94301E-01  5.20132E-01  5.14796E-01
  1.95135E-01  5.19121E-01  5.13783E-01
  1.95969E-01  5.18115E-01  5.12775E-01
  1.96803E-01  5.17114E-01  5.11773E-01
  1.97637E-01  5.16119E-01  5.10777E-01
  1.98471E-01  5.15130E-01  5.09787E-01
  1.99305E-01  5.14146E-01  5.08802E-01
  2.00138E-01  5.13168E-01  5.07822E-01
  2.00972E-01  5.12194E-01  5.06848E-01
  2.01806E-01  5.11227E-01  5.05879E-01
  2.02640E-01  5.10264E-01  5.04915E-01
  2.03474E-01  5.09307E-01  5.03957E-01
  2.04308E-01  5.08355E-01  5.03004E-01
  2.05142E-01  5.07409E-01  5.02057E-01
  2.05976E-01  5.06467E-01  5.01114E-01
  2.06810E-01  5.05530E-01  5.00177E-01
  2.07644E-01  5.04599E-01  4.99245E-01
  2.08478E-01  5.03673E-01  4.98318E-01
  2.09311E-01  5.02751E-01  4.97395E-01
  2.10145E-01  5.01835E-01  4.96478E-01
  2.10979E-01  5.00923E-01  4.95566E-01
  2.11813E-01  5.00016E-01  4.94659E-01
  2.12647E-01  4.99115E-01  4.93757E-01
  2.13481E-01  4.98218E-01  4.92859E-01
  2.14315E-01  4.97325E-01  4.91966E-01
  2.15149E-01  4.96438E-01  4.91078E-01
  2.15983E-01  4.95555E-01  4.90195E-01
  2.16817E-01  4.94677E-01  4.89317E-01
  2.17651E-01  4.93803E-01  4.88443E-01
  2.18484E-01  4.92934E-01  4.87574E-01
  2.19318E-01  4.92070E-01  4.86709E-01
  2.20152E-01  4.91210E-01  4.85849E-01
  2.20986E-01  4.90355E-01  4.84993E-01
  2.21820E-01  4.89504E-01  4.84142E-01
  2.22654E-01  4.88657E-01  4.83296E-01
  2.23488E-01  4.87815E-01  4.82454E-01
  2.24322E-01  4.86977E-01  4.81616E-01
  2.25156E-01  4.86144E-01  4.80782E-01
  2.25990E-01  4.85315E-01  4.79953E-01
  2.26824E-01  4.84490E-01  4.79128E-01
  2.27657E-01  4.83669E-01  4.78308E-01
  2.28491E-01  4.82853E-01  4.77491E-01
  2.29325E-01  4.82040E-01  4.76679E-01
  2.30159E-01  4.81232E-01  4.75871E-01
  2.30993E-01  4.80428E-01  4.75068E-01
  2.31827E-01  4.79628E-01  4.74268E-01
  2.32661E-01  4.78832E-01  4.73472E-01
  2.33495E-01  4.78040E-01  4.72681E-01
  2.34329E-01  4.77252E-01  4.71893E-01
  2.35163E-01  4.76468E-01  4.71109E-01
  2.35997E-01  4.75688E-01  4.70330E-01
  2.36830E-01  4.74912E-01  4.69554E-01
  2.37664E-01  4.74140E-01  4.68782E-01
  2.38498E-01  4.73372E-01  4.68014E-01
  2.39332E-01  4.72607E-01  4.67250E-01
  2.40166E-01  4.71846E-01  4.66490E-01
  2.41000E-01  4.71089E-01  4.65733E-01
  2.41834E-01  4.70336E-01  4.64981E-01
  2.42668E-01  4.69586E-01  4.64232E-01
  2.43502E-01  4.68840E-01  4.63486E-01
  2.44336E-01  4.68098E-01  4.62745E-01
  2.45170E-01  4.67359E-01  4.62007E-01
  2.46003E-01  4.66624E-01  4.61272E-01
  2.46837E-01  4.65893E-01  4.60542E-01
  2.47671E-01  4.65165E-01  4.59814E-01
  2.48505E-01  4.64440E-01  4.59091E-01
  2.49339E-01  4.63719E-01  4.58371E-01
  2.50173E-01  4.63002E-01  4.57654E-01
  2.51007E-01  4.62288E-01  4.56941E-01
  2.51841E-01  4.61577E-01  4.56231E-01
  2.52675E-01  4.60870E-01  4.55525E-01
  2.53509E-01  4.60166E-01  4.54822E-01
  2.54343E-01  4.59466E-01  4.54122E-01
  2.55176E-01  4.58769E-01  4.53426E-01
  2.56010E-01  4.58075E-01  4.52734E-01
  2.56844E-01  4.57384E-01  4.52044E-01
  2.57678E-01  4.56697E-01  4.51358E-01
  2.58512E-01  4.56013E-01  4.50675E-01
  2.59346E-01  4.55332E-01  4.49995E-01
  2.60180E-01  4.54655E-01  4.49318E-01
  2.61014E-01  4.53980E-01  4.48645E-01
  2.61848E-01  4.53309E-01  4.47975E-01
  2.62682E-01  4.52641E-01  4.47308E-01
  2.63516E-01  4.51976E-01  4.46644E-01
  2.64350E-01  4.51314E-01  4.45983E-01
  2.65183E-01  4.50655E-01  4.45325E-01
  2.66017E-01  4.49999E-01  4.44671E-01
  2.66851E-01  4.49346E-01  4.44019E-01
  2.67685E-01  4.48696E-01  4.43371E-01
  2.68519E-01  4.48049E-01  4.42725E-01
  2.69353E-01  4.47405E-01  4.42082E-01
  2.70187E-01  4.46764E-01  4.41443E-01
  2.71021E-01  4.46126E-01  4.40806E-01
  2.71855E-01  4.45491E-01  4.40172E-01
  2.72689E-01  4.44859E-01  4.39541E-01
  2.73523E-01  4.44229E-01  4.38913E-01
  2.74356E-01  4.43603E-01  4.38288E-01
  2.75190E-01  4.42979E-01  4.37665E-01
  2.76024E-01  4.42358E-01  4.37046E-01
  2.76858E-01  4.41740E-01  4.36429E-01
  2.77692E-01  4.41124E-01  4.35815E-01
  2.78526E-01  4.40511E-01  4.35204E-01
  2.79360E-01  4.39902E-01  4.34595E-01
  2.80194E-01  4.39294E-01  4.33990E-01
  2.81028E-01  4.38690E-01  4.33386E-01
  2.81862E-01  4.38088E-01  4.32786E-01
  2.82696E-01  4.37489E-01  4.32188E-01
  2.83529E-01  4.36892E-01  4.31593E-01
  2.84363E-01  4.36298E-01  4.31001E-01
  2.85197E-01  4.35707E-01  4.30411E-01
  2.86031E-01  4.35118E-01  4.29824E-01
  2.86865E-01  4.34532E-01  4.29239E-01
  2.87699E-01  4.33948E-01  4.28657E-01
  2.88533E-01  4.33367E-01  4.28078E-01
  2.89367E-01  4.32788E-01  4.27501E-01
  2.90201E-01  4.32212E-01  4.26926E-01
  2.91035E-01  4.31638E-01  4.26354E-01
  2.91869E-01  4.31067E-01  4.25785E-01
  2.92702E-01  4.30498E-01  4.25217E-01
  2.93536E-01  4.29932E-01  4.24653E-01
  2.94370E-01  4.29368E-01  4.24091E-01
  2.95204E-01  4.28807E-01  4.23531E-01
  2.96038E-01  4.28248E-01  4.22974E-01
  2.96872E-01  4.27691E-01  4.22419E-01
  2.97706E-01  4.27137E-01  4.21866E-01
  2.98540E-01  4.26585E-01  4.21316E-01
  2.99374E-01  4.26035E-01  4.20768E-01
  3.00208E-01  4.25487E-01  4.20222E-01
  3.01042E-01  4.24942E-01  4.19679E-01
  3.01875E-01  4.24400E-01  4.19138E-01
  3.02709E-01  4.23859E-01  4.18599E-01
  3.03543E-01  4.23321E-01  4.18063E-01
  3.04377E-01  4.22785E-01  4.17528E-01
  3.05211E-01  4.22251E-01  4.16996E-01
  3.06045E-01  4.21719E-01  4.16467E-01
  3.06879E-01  4.21190E-01  4.15939E-01
  3.07713E-01  4.20663E-01  4.15414E-01
  3.08547E-01  4.20138E-01  4.14891E-01
  3.09381E-01  4.19615E-01  4.14370E-01
  3.10215E-01  4.19094E-01  4.13851E-01
  3.11048E-01  4.18575E-01  4.13334E-01
  3.11882E-01  4.18059E-01  4.12819E-01
  3.12716E-01  4.17545E-01  4.12307E-01
  3.13550E-01  4.17032E-01  4.11796E-01
  3.14384E-01  4.16522E-01  4.11288E-01
  3.15218E-01  4.16014E-01  4.10782E-01
  3.16052E-01  4.15508E-01  4.10278E-01
  3.16886E-01  4.15004E-01  4.09775E-01
  3.17720E-01  4.14502E-01  4.09275E-01
  3.18554E-01  4.14001E-01  4.08777E-01
  3.19388E-01  4.13503E-01  4.08281E-01
  3.20221E-01  4.13007E-01  4.07787E-01
  3.21055E-01  4.12513E-01  4.07295E-01
  3.21889E-01  4.12021E-01  4.06805E-01
  3.22723E-01  4.11531E-01  4.06317E-01
  3.23557E-01  4.11043E-01  4.05830E-01
  3.24391E-01  4.10556E-01  4.05346E-01
  3.25225E-01  4.10072E-01  4.04864E-01
  3.26059E-01  4.09589E-01  4.04383E-01
  3.26893E-01  4.09109E-01  4.03905E-01
  3.27727E-01  4.08630E-01  4.03428E-01
  3.28561E-01  4.08153E-01  4.02953E-01
  3.29394E-01  4.07678E-01  4.02480E-01
  3.30228E-01  4.07205E-01  4.02009E-01
  3.31062E-01  4.06734E-01  4.01540E-01
  3.31896E-01  4.06264E-01  4.01072E-01
  3.32730E-01  4.05797E-01  4.00607E-01
  3.33564E-01  4.05331E-01  4.00143E-01
  3.34398E-01  4.04867E-01  3.99681E-01
  3.35232E-01  4.04404E-01  3.99221E-01
  3.36066E-01  4.03944E-01  3.98762E-01
  3.36900E-01  4.03485E-01  3.98305E-01
  3.37734E-01  4.03028E-01  3.97850E-01
  3.38568E-01  4.02573E-01  3.97397E-01
  3.39401E-01  4.02119E-01  3.96946E-01
  3.40235E-01  4.01667E-01  3.96496E-01
  3.41069E-01  4.01217E-01  3.96048E-01
  3.41903E-01  4.00769E-01  3.95602E-01
  3.42737E-01  4.00322E-01  3.95157E-01
  3.43571E-01  3.99877E-01  3.94714E-01
  3.44405E-01  3.99434E-01  3.94273E-01
  3.45239E-01  3.98992E-01  3.93833E-01
  3.46073E-01  3.98552E-01  3.93395E-01
  3.46907E-01  3.98113E-01  3.92959E-01
  3.47741E-01  3.97676E-01  3.92524E-01
  3.48574E-01  3.97241E-01  3.92091E-01
  3.49408E-01  3.96808E-01  3.91660E-01
  3.50242E-01  3.96376E-01  3.91230E-01
  3.51076E-01  3.95945E-01  3.90802E-01
  3.51910E-01  3.95516E-01  3.90375E-01
  3.52744E-01  3.95089E-01  3.89950E-01
  3.53578E-01  3.94664E-01  3.89526E-01
  3.54412E-01  3.94239E-01  3.89104E-01
  3.55246E-01  3.93817E-01  3.88684E-01
  3.56080E-01  3.93396E-01  3.88265E-01
  3.56914E-01  3.92976E-01  3.87848E-01
  3.57747E-01  3.92558E-01  3.87432E-01
  3.58581E-01  3.92142E-01  3.87018E-01
  3.59415E-01  3.91727E-01  3.86605E-01
  3.60249E-01  3.91313E-01  3.86194E-01
  3.61083E-01  3.90901E-01  3.85784E-01
  3.61917E-01  3.90491E-01  3.85375E-01
  3.62751E-01  3.90082E-01  3.84969E-01
  3.63585E-01  3.89674E-01  3.84563E-01
  3.64419E-01  3.89268E-01  3.84159E-01
  3.65253E-01  3.88864E-01  3.83757E-01
  3.66087E-01  3.88460E-01  3.83356E-01
  3.66920E-01  3.88059E-01  3.82956E-01
  3.67754E-01  3.87658E-01  3.82558E-01
  3.68588E-01  3.87259E-01  3.82161E-01
  3.69422E-01  3.86862E-01  3.81766E-01
  3.70256E-01  3.86465E-01  3.81372E-01
  3.71090E-01  3.86071E-01  3.80979E-01
  3.71924E-01  3.85677E-01  3.80588E-01
  3.72758E-01  3.85285E-01  3.80198E-01
  3.73592E-01  3.84895E-01  3.79810E-01
  3.74426E-01  3.84505E-01  3.79423E-01
  3.75260E-01  3.84117E-01  3.79037E-01
  3.76093E-01  3.83731E-01  3.78653E-01
  3.76927E-01  3.83345E-01  3.78269E-01
  3.77761E-01  3.82962E-01  3.77888E-01
  3.78595E-01  3.82579E-01  3.77507E-01
  3.79429E-01  3.82198E-01  3.77128E-01
  3.80263E-01  3.81818E-01  3.76751E-01
  3.81097E-01  3.81439E-01  3.76374E-01
  3.81931E-01  3.81062E-01  3.75999E-01
  3.82765E-01  3.80685E-01  3.75625E-01
  3.83599E-01  3.80311E-01  3.75252E-01
  3.84433E-01  3.79937E-01  3.74881E-01
  3.85266E-01  3.79565E-01  3.74511E-01
  3.86100E-01  3.79194E-01  3.74142E-01
  3.86934E-01  3.78824E-01  3.73775E-01
  3.87768E-01  3.78455E-01  3.73408E-01
  3.88602E-01  3.78088E-01  3.73043E-01
  3.89436E-01  3.77722E-01  3.72679E-01
  3.90270E-01  3.77357E-01  3.72317E-01
  3.91104E-01  3.76994E-01  3.71955E-01
  3.91938E-01  3.76631E-01  3.71595E-01
  3.92772E-01  3.76270E-01  3.71236E-01
  3.93606E-01  3.75910E-01  3.70879E-01
  3.94439E-01  3.75551E-01  3.70522E-01
  3.95273E-01  3.75194E-01  3.70167E-01
  3.96107E-01  3.74837E-01  3.69812E-01
  3.96941E-01  3.74482E-01  3.69459E-01
  3.97775E-01  3.74128E-01  3.69108E-01
  3.98609E-01  3.73775E-01  3.68757E-01
  3.99443E-01  3.73423E-01  3.68407E-01
  4.00277E-01  3.73073E-01  3.68059E-01
  4.01111E-01  3.72723E-01  3.67712E-01
  4.01945E-01  3.72375E-01  3.67366E-01
  4.02779E-01  3.72028E-01  3.67021E-01
  4.03612E-01  3.71682E-01  3.66677E-01
  4.04446E-01  3.71337E-01  3.66334E-01
  4.05280E-01  3.70993E-01  3.65993E-01
  4.06114E-01  3.70650E-01  3.65652E-01
  4.06948E-01  3.70308E-01  3.65313E-01
  4.07782E-01  3.69968E-01  3.64974E-01
  4.08616E-01  3.69628E-01  3.64637E-01
  4.09450E-01  3.69290E-01  3.64301E-01
  4.10284E-01  3.68953E-01  3.63966E-01
  4.11118E-01  3.68617E-01  3.63632E-01
  4.11952E-01  3.68282E-01  3.63299E-01
  4.12786E-01  3.67948E-01  3.62968E-01
  4.13619E-01  3.67615E-01  3.62637E-01
  4.14453E-01  3.67283E-01  3.62307E-01
  4.15287E-01  3.66952E-01  3.61978E-01
  4.16121E-01  3.66622E-01  3.61651E-01
  4.16955E-01  3.66293E-01  3.61324E-01
  4.17789E-01  3.65965E-01  3.60999E-01
  4.18623E-01  3.65639E-01  3.60674E-01
  4.19457E-01  3.65313E-01  3.60351E-01
  4.20291E-01  3.64988E-01  3.60028E-01
  4.21125E-01  3.64664E-01  3.59707E-01
  4.21959E-01  3.64342E-01  3.59386E-01
  4.22792E-01  3.64020E-01  3.59067E-01
  4.23626E-01  3.63699E-01  3.58748E-01
  4.24460E-01  3.63380E-01  3.58431E-01
  4.25294E-01  3.63061E-01  3.58115E-01
  4.26128E-01  3.62743E-01  3.57799E-01
  4.26962E-01  3.62427E-01  3.57485E-01
  4.27796E-01  3.62111E-01  3.57171E-01
  4.28630E-01  3.61796E-01  3.56858E-01
  4.29464E-01  3.61482E-01  3.56547E-01
  4.30298E-01  3.61169E-01  3.56236E-01
  4.31132E-01  3.60857E-01  3.55927E-01
  4.31965E-01  3.60546E-01  3.55618E-01
  4.32799E-01  3.60236E-01  3.55310E-01
  4.33633E-01  3.59927E-01  3.55003E-01
  4.34467E-01  3.59619E-01  3.54697E-01
  4.35301E-01  3.59312E-01  3.54392E-01
  4.36135E-01  3.59006E-01  3.54088E-01
  4.36969E-01  3.58700E-01  3.53785E-01
  4.37803E-01  3.58396E-01  3.53483E-01
  4.38637E-01  3.58092E-01  3.53181E-01
  4.39471E-01  3.57790E-01  3.52881E-01
  4.40305E-01  3.57488E-01  3.52581E-01
  4.41138E-01  3.57187E-01  3.52283E-01
  4.41972E-01  3.56887E-01  3.51985E-01
  4.42806E-01  3.56588E-01  3.51688E-01
  4.43640E-01  3.56290E-01  3.51392E-01
  4.44474E-01  3.55993E-01  3.51097E-01
  4.45308E-01  3.55696E-01  3.50803E-01
  4.46142E-01  3.55401E-01  3.50510E-01
  4.46976E-01  3.55106E-01  3.50217E-01
  4.47810E-01  3.54812E-01  3.49926E-01
  4.48644E-01  3.54520E-01  3.49635E-01
  4.49478E-01  3.54228E-01  3.49345E-01
  4.50311E-01  3.53936E-01  3.49056E-01
  4.51145E-01  3.53646E-01  3.48768E-01
  4.51979E-01  3.53356E-01  3.48481E-01
  4.52813E-01  3.53068E-01  3.48194E-01
  4.53647E-01  3.52780E-01  3.47909E-01
  4.54481E-01  3.52493E-01  3.47624E-01
  4.55315E-01  3.52207E-01  3.47340E-01
  4.56149E-01  3.51921E-01  3.47057E-01
  4.56983E-01  3.51637E-01  3.46774E-01
  4.57817E-01  3.51353E-01  3.46493E-01
  4.58651E-01  3.51070E-01  3.46212E-01
  4.59484E-01  3.50788E-01  3.45932E-01
  4.60318E-01  3.50507E-01  3.45653E-01
  4.61152E-01  3.50227E-01  3.45375E-01
  4.61986E-01  3.49947E-01  3.45098E-01
  4.62820E-01  3.49668E-01  3.44821E-01
  4.63654E-01  3.49390E-01  3.44545E-01
  4.64488E-01  3.49113E-01  3.44270E-01
  4.65322E-01  3.48836E-01  3.43996E-01
  4.66156E-01  3.48560E-01  3.43722E-01
  4.66990E-01  3.48286E-01  3.43449E-01
  4.67824E-01  3.48011E-01  3.43177E-01
  4.68657E-01  3.47738E-01  3.42906E-01
  4.69491E-01  3.47465E-01  3.42636E-01
  4.70325E-01  3.47194E-01  3.42366E-01
  4.71159E-01  3.46922E-01  3.42097E-01
  4.71993E-01  3.46652E-01  3.41829E-01
  4.72827E-01  3.46383E-01  3.41561E-01
  4.73661E-01  3.46114E-01  3.41295E-01
  4.74495E-01  3.45846E-01  3.41029E-01
  4.75329E-01  3.45578E-01  3.40764E-01
  4.76163E-01  3.45312E-01  3.40499E-01
  4.76997E-01  3.45046E-01  3.40235E-01
  4.77830E-01  3.44781E-01  3.39972E-01
  4.78664E-01  3.44516E-01  3.39710E-01
  4.79498E-01  3.44253E-01  3.39449E-01
  4.80332E-01  3.43990E-01  3.39188E-01
  4.81166E-01  3.43727E-01  3.38928E-01
  4.82000E-01  3.43466E-01  3.38668E-01
  4.82834E-01  3.43205E-01  3.38410E-01
  4.83668E-01  3.42945E-01  3.38152E-01
  4.84502E-01  3.42686E-01  3.37894E-01
  4.85336E-01  3.42427E-01  3.37638E-01
  4.86170E-01  3.42169E-01  3.37382E-01
  4.87004E-01  3.41912E-01  3.37127E-01
  4.87837E-01  3.41655E-01  3.36872E-01
  4.88671E-01  3.41399E-01  3.36619E-01
  4.89505E-01  3.41144E-01  3.36366E-01
  4.90339E-01  3.40889E-01  3.36113E-01
  4.91173E-01  3.40636E-01  3.35862E-01
  4.92007E-01  3.40382E-01  3.35611E-01
  4.92841E-01  3.40130E-01  3.35360E-01
  4.93675E-01  3.39878E-01  3.35110E-01
  4.94509E-01  3.39627E-01  3.34861E-01
  4.95343E-01  3.39377E-01  3.34613E-01
  4.96177E-01  3.39127E-01  3.34365E-01
  4.97010E-01  3.38878E-01  3.34118E-01
  4.97844E-01  3.38629E-01  3.33872E-01
  4.98678E-01  3.38381E-01  3.33626E-01
  4.99512E-01  3.38134E-01  3.33381E-01
  5.00346E-01  3.37888E-01  3.33137E-01
  5.01180E-01  3.37642E-01  3.32893E-01
  5.02014E-01  3.37397E-01  3.32650E-01
  5.02848E-01  3.37152E-01  3.32408E-01
  5.03682E-01  3.36908E-01  3.32166E-01
  5.04516E-01  3.36665E-01  3.31925E-01
  5.05350E-01  3.36422E-01  3.31684E-01
  5.06183E-01  3.36180E-01  3.31444E-01
  5.07017E-01  3.35939E-01  3.31205E-01
  5.07851E-01  3.35698E-01  3.30966E-01
  5.08685E-01  3.35458E-01  3.30728E-01
  5.09519E-01  3.35218E-01  3.30491E-01
  5.10353E-01  3.34979E-01  3.30254E-01
  5.11187E-01  3.34741E-01  3.30018E-01
  5.12021E-01  3.34503E-01  3.29782E-01
  5.12855E-01  3.34266E-01  3.29547E-01
  5.13689E-01  3.34030E-01  3.29313E-01
  5.14523E-01  3.33794E-01  3.29079E-01
  5.15356E-01  3.33559E-01  3.28846E-01
  5.16190E-01  3.33324E-01  3.28613E-01
  5.17024E-01  3.33090E-01  3.28381E-01
  5.17858E-01  3.32857E-01  3.28150E-01
  5.18692E-01  3.32624E-01  3.27919E-01
  5.19526E-01  3.32391E-01  3.27689E-01
  5.20360E-01  3.32160E-01  3.27459E-01
  5.21194E-01  3.31929E-01  3.27230E-01
  5.22028E-01  3.31698E-01  3.27002E-01
  5.22862E-01  3.31468E-01  3.26774E-01
  5.23696E-01  3.31239E-01  3.26546E-01
  5.24529E-01  3.31010E-01  3.26320E-01
  5.25363E-01  3.30782E-01  3.26093E-01
  5.26197E-01  3.30554E-01  3.25868E-01
  5.27031E-01  3.30327E-01  3.25643E-01
  5.27865E-01  3.30101E-01  3.25418E-01
  5.28699E-01  3.29875E-01  3.25195E-01
  5.29533E-01  3.29650E-01  3.24971E-01
  5.30367E-01  3.29425E-01  3.24748E-01
  5.31201E-01  3.29200E-01  3.24526E-01
  5.32035E-01  3.28977E-01  3.24305E-01
  5.32869E-01  3.28754E-01  3.24084E-01
  5.33702E-01  3.28531E-01  3.23863E-01
  5.34536E-01  3.28309E-01  3.23643E-01
  5.35370E-01  3.28088E-01  3.23423E-01
  5.36204E-01  3.27867E-01  3.23205E-01
  5.37038E-01  3.27646E-01  3.22986E-01
  5.37872E-01  3.27426E-01  3.22768E-01
  5.38706E-01  3.27207E-01  3.22551E-01
  5.39540E-01  3.26988E-01  3.22334E-01
  5.40374E-01  3.26770E-01  3.22118E-01
  5.41208E-01  3.26552E-01  3.21902E-01
  5.42042E-01  3.26335E-01  3.21687E-01
  5.42875E-01  3.26118E-01  3.21472E-01
  5.43709E-01  3.25902E-01  3.21258E-01
  5.44543E-01  3.25687E-01  3.21045E-01
  5.45377E-01  3.25472E-01  3.20832E-01
  5.46211E-01  3.25257E-01  3.20619E-01
  5.47045E-01  3.25043E-01  3.20407E-01
  5.47879E-01  3.24829E-01  3.20195E-01
  5.48713E-01  3.24616E-01  3.19984E-01
  5.49547E-01  3.24404E-01  3.19774E-01
  5.50381E-01  3.24192E-01  3.19564E-01
  5.51215E-01  3.23980E-01  3.19354E-01
  5.52049E-01  3.23769E-01  3.19145E-01
  5.52882E-01  3.23559E-01  3.18937E-01
  5.53716E-01  3.23349E-01  3.18729E-01
  5.54550E-01  3.23139E-01  3.18521E-01
  5.55384E-01  3.22930E-01  3.18314E-01
  5.56218E-01  3.22722E-01  3.18108E-01
  5.57052E-01  3.22514E-01  3.17902E-01
  5.57886E-01  3.22306E-01  3.17696E-01
  5.58720E-01  3.22099E-01  3.17491E-01
  5.59554E-01  3.21893E-01  3.17286E-01
  5.60388E-01  3.21687E-01  3.17082E-01
  5.61222E-01  3.21481E-01  3.16879E-01
  5.62055E-01  3.21276E-01  3.16676E-01
  5.62889E-01  3.21071E-01  3.16473E-01
  5.63723E-01  3.20867E-01  3.16271E-01
  5.64557E-01  3.20664E-01  3.16069E-01
  5.65391E-01  3.20460E-01  3.15868E-01
  5.66225E-01  3.20258E-01  3.15667E-01
  5.67059E-01  3.20055E-01  3.15467E-01
  5.67893E-01  3.19854E-01  3.15267E-01
  5.68727E-01  3.19652E-01  3.15068E-01
  5.69561E-01  3.19452E-01  3.14869E-01
  5.70395E-01  3.19251E-01  3.14670E-01
  5.71228E-01  3.19051E-01  3.14472E-01
  5.72062E-01  3.18852E-01  3.14275E-01
  5.72896E-01  3.18653E-01  3.14078E-01
  5.73730E-01  3.18454E-01  3.13881E-01
  5.74564E-01  3.18256E-01  3.13685E-01
  5.75398E-01  3.18059E-01  3.13489E-01
  5.76232E-01  3.17861E-01  3.13294E-01
  5.77066E-01  3.17665E-01  3.13099E-01
  5.77900E-01  3.17468E-01  3.12905E-01
  5.78734E-01  3.17272E-01  3.12711E-01
  5.79568E-01  3.17077E-01  3.12517E-01
  5.80401E-01  3.16882E-01  3.12324E-01
  5.81235E-01  3.16688E-01  3.12132E-01
  5.82069E-01  3.16494E-01  3.11940E-01
  5.82903E-01  3.16300E-01  3.11748E-01
  5.83737E-01  3.16107E-01  3.11557E-01
  5.84571E-01  3.15914E-01  3.11366E-01
  5.85405E-01  3.15722E-01  3.11175E-01
  5.86239E-01  3.15530E-01  3.10985E-01
  5.87073E-01  3.15338E-01  3.10796E-01
  5.87907E-01  3.15147E-01  3.10607E-01
  5.88741E-01  3.14957E-01  3.10418E-01
  5.89574E-01  3.14767E-01  3.10230E-01
  5.90408E-01  3.14577E-01  3.10042E-01
  5.91242E-01  3.14387E-01  3.09854E-01
  5.92076E-01  3.14199E-01  3.09667E-01
  5.92910E-01  3.14010E-01  3.09481E-01
  5.93744E-01  3.13822E-01  3.09294E-01
  5.94578E-01  3.13634E-01  3.09109E-01
  5.95412E-01  3.13447E-01  3.08923E-01
  5.96246E-01  3.13260E-01  3.08738E-01
  5.97080E-01  3.13074E-01  3.08554E-01
  5.97914E-01  3.12888E-01  3.08370E-01
  5.98747E-01  3.12702E-01  3.08186E-01
  5.99581E-01  3.12517E-01  3.08003E-01
  6.00415E-01  3.12332E-01  3.07820E-01
  6.01249E-01  3.12148E-01  3.07637E-01
  6.02083E-01  3.11964E-01  3.07455E-01
  6.02917E-01  3.11780E-01  3.07273E-01
  6.03751E-01  3.11597E-01  3.07092E-01
  6.04585E-01  3.11414E-01  3.06911E-01
  6.05419E-01  3.11232E-01  3.06731E-01
  6.06253E-01  3.11050E-01  3.06550E-01
  6.07087E-01  3.10868E-01  3.06371E-01
  6.07920E-01  3.10687E-01  3.06191E-01
  6.08754E-01  3.10506E-01  3.06012E-01
  6.09588E-01  3.10326E-01  3.05834E-01
  6.10422E-01  3.10146E-01  3.05656E-01
  6.11256E-01  3.09966E-01  3.05478E-01
  6.12090E-01  3.09787E-01  3.05300E-01
  6.12924E-01  3.09608E-01  3.05123E-01
  6.13758E-01  3.09430E-01  3.04947E-01
  6.14592E-01  3.09251E-01  3.04770E-01
  6.15426E-01  3.09074E-01  3.04594E-01
  6.16260E-01  3.08896E-01  3.04419E-01
  6.17093E-01  3.08719E-01  3.04244E-01
  6.17927E-01  3.08543E-01  3.04069E-01
  6.18761E-01  3.08367E-01  3.03895E-01
  6.19595E-01  3.08191E-01  3.03721E-01
  6.20429E-01  3.08015E-01  3.03547E-01
  6.21263E-01  3.07840E-01  3.03374E-01
  6.22097E-01  3.07665E-01  3.03201E-01
  6.22931E-01  3.07491E-01  3.03028E-01
  6.23765E-01  3.07317E-01  3.02856E-01
  6.24599E-01  3.07143E-01  3.02684E-01
  6.25433E-01  3.06970E-01  3.02513E-01
  6.26267E-01  3.06797E-01  3.02342E-01
  6.27100E-01  3.06625E-01  3.02171E-01
  6.27934E-01  3.06453E-01  3.02000E-01
  6.28768E-01  3.06281E-01  3.01830E-01
  6.29602E-01  3.06109E-01  3.01661E-01
  6.30436E-01  3.05938E-01  3.01491E-01
  6.31270E-01  3.05767E-01  3.01322E-01
  6.32104E-01  3.05597E-01  3.01154E-01
  6.32938E-01  3.05427E-01  3.00986E-01
  6.33772E-01  3.05257E-01  3.00818E-01
  6.34606E-01  3.05088E-01  3.00650E-01
  6.35440E-01  3.04919E-01  3.00483E-01
  6.36273E-01  3.04750E-01  3.00316E-01
  6.37107E-01  3.04582E-01  3.00149E-01
  6.37941E-01  3.04414E-01  2.99983E-01
  6.38775E-01  3.04246E-01  2.99817E-01
  6.39609E-01  3.04079E-01  2.99652E-01
  6.40443E-01  3.03912E-01  2.99487E-01
  6.41277E-01  3.03746E-01  2.99322E-01
  6.42111E-01  3.03579E-01  2.99158E-01
  6.42945E-01  3.03414E-01  2.98993E-01
  6.43779E-01  3.03248E-01  2.98830E-01
  6.44613E-01  3.03083E-01  2.98666E-01
  6.45446E-01  3.02918E-01  2.98503E-01
  6.46280E-01  3.02753E-01  2.98340E-01
  6.47114E-01  3.02589E-01  2.98178E-01
  6.47948E-01  3.02425E-01  2.98016E-01
  6.48782E-01  3.02262E-01  2.97854E-01
  6.49616E-01  3.02098E-01  2.97692E-01
  6.50450E-01  3.01936E-01  2.97531E-01
  6.51284E-01  3.01773E-01  2.97370E-01
  6.52118E-01  3.01611E-01  2.97210E-01
  6.52952E-01  3.01449E-01  2.97050E-01
  6.53786E-01  3.01287E-01  2.96890E-01
  6.54619E-01  3.01126E-01  2.96730E-01
  6.55453E-01  3.00965E-01  2.96571E-01
  6.56287E-01  3.00804E-01  2.96412E-01
  6.57121E-01  3.00644E-01  2.96254E-01
  6.57955E-01  3.00484E-01  2.96095E-01
  6.58789E-01  3.00325E-01  2.95937E-01
  6.59623E-01  3.00165E-01  2.95780E-01
  6.60457E-01  3.00006E-01  2.95623E-01
  6.61291E-01  2.99847E-01  2.95466E-01
  6.62125E-01  2.99689E-01  2.95309E-01
  6.62959E-01  2.99531E-01  2.95153E-01
  6.63792E-01  2.99373E-01  2.94996E-01
  6.64626E-01  2.99216E-01  2.94841E-01
  6.65460E-01  2.99059E-01  2.94685E-01
  6.66294E-01  2.98902E-01  2.94530E-01
  6.67128E-01  2.98745E-01  2.94375E-01
  6.67962E-01  2.98589E-01  2.94221E-01
  6.68796E-01  2.98433E-01  2.94067E-01
  6.69630E-01  2.98277E-01  2.93913E-01
  6.70464E-01  2.98122E-01  2.93759E-01
  6.71298E-01  2.97967E-01  2.93606E-01
  6.72132E-01  2.97812E-01  2.93453E-01
  6.72965E-01  2.97658E-01  2.93300E-01
  6.73799E-01  2.97504E-01  2.93148E-01
  6.74633E-01  2.97350E-01  2.92995E-01
  6.75467E-01  2.97197E-01  2.92844E-01
  6.76301E-01  2.97043E-01  2.92692E-01
  6.77135E-01  2.96890E-01  2.92541E-01
  6.77969E-01  2.96738E-01  2.92390E-01
  6.78803E-01  2.96585E-01  2.92239E-01
  6.79637E-01  2.96433E-01  2.92089E-01
  6.80471E-01  2.96282E-01  2.91939E-01
  6.81305E-01  2.96130E-01  2.91789E-01
  6.82138E-01  2.95979E-01  2.91640E-01
  6.82972E-01  2.95828E-01  2.91490E-01
  6.83806E-01  2.95678E-01  2.91341E-01
  6.84640E-01  2.95527E-01  2.91193E-01
  6.85474E-01  2.95377E-01  2.91045E-01
  6.86308E-01  2.95228E-01  2.90896E-01
  6.87142E-01  2.95078E-01  2.90749E-01
  6.87976E-01  2.94929E-01  2.90601E-01
  6.88810E-01  2.94780E-01  2.90454E-01
  6.89644E-01  2.94632E-01  2.90307E-01
  6.90478E-01  2.94483E-01  2.90160E-01
  6.91311E-01  2.94335E-01  2.90014E-01
  6.92145E-01  2.94188E-01  2.89868E-01
  6.92979E-01  2.94040E-01  2.89722E-01
  6.93813E-01  2.93893E-01  2.89577E-01
  6.94647E-01  2.93746E-01  2.89431E-01
  6.95481E-01  2.93599E-01  2.89286E-01
  6.96315E-01  2.93453E-01  2.89142E-01
  6.97149E-01  2.93307E-01  2.88997E-01
  6.97983E-01  2.93161E-01  2.88853E-01
  6.98817E-01  2.93016E-01  2.88709E-01
  6.99651E-01  2.92870E-01  2.88565E-01
  7.00485E-01  2.92725E-01  2.88422E-01
  7.01318E-01  2.92581E-01  2.88279E-01
  7.02152E-01  2.92436E-01  2.88136E-01
  7.02986E-01  2.92292E-01  2.87994E-01
  7.03820E-01  2.92148E-01  2.87851E-01
  7.04654E-01  2.92004E-01  2.87709E-01
  7.05488E-01  2.91861E-01  2.87568E-01
  7.06322E-01  2.91718E-01  2.87426E-01
  7.07156E-01  2.91575E-01  2.87285E-01
  7.07990E-01  2.91432E-01  2.87144E-01
  7.08824E-01  2.91290E-01  2.87003E-01
  7.09658E-01  2.91148E-01  2.86863E-01
  7.10491E-01  2.91006E-01  2.86723E-01
  7.11325E-01  2.90865E-01  2.86583E-01
  7.12159E-01  2.90723E-01  2.86443E-01
  7.12993E-01  2.90582E-01  2.86303E-01
  7.13827E-01  2.90442E-01  2.86164E-01
  7.14661E-01  2.90301E-01  2.86025E-01
  7.15495E-01  2.90161E-01  2.85887E-01
  7.16329E-01  2.90021E-01  2.85748E-01
  7.17163E-01  2.89881E-01  2.85610E-01
  7.17997E-01  2.89742E-01  2.85472E-01
  7.18831E-01  2.89602E-01  2.85335E-01
  7.19664E-01  2.89463E-01  2.85197E-01
  7.20498E-01  2.89325E-01  2.85060E-01
  7.21332E-01  2.89186E-01  2.84923E-01
  7.22166E-01  2.89048E-01  2.84787E-01
  7.23000E-01  2.88910E-01  2.84650E-01
  7.23834E-01  2.88772E-01  2.84514E-01
  7.24668E-01  2.88635E-01  2.84378E-01
  7.25502E-01  2.88498E-01  2.84243E-01
  7.26336E-01  2.88361E-01  2.84107E-01
  7.27170E-01  2.88224E-01  2.83972E-01
  7.28004E-01  2.88087E-01  2.83837E-01
  7.28837E-01  2.87951E-01  2.83702E-01
  7.29671E-01  2.87815E-01  2.83568E-01
  7.30505E-01  2.87679E-01  2.83434E-01
  7.31339E-01  2.87544E-01  2.83300E-01
  7.32173E-01  2.87409E-01  2.83166E-01
  7.33007E-01  2.87274E-01  2.83033E-01
  7.33841E-01  2.87139E-01  2.82899E-01
  7.34675E-01  2.87004E-01  2.82766E-01
  7.35509E-01  2.86870E-01  2.82634E-01
  7.36343E-01  2.86736E-01  2.82501E-01
  7.37177E-01  2.86602E-01  2.82369E-01
  7.38010E-01  2.86468E-01  2.82237E-01
  7.38844E-01  2.86335E-01  2.82105E-01
  7.39678E-01  2.86202E-01  2.81973E-01
  7.40512E-01  2.86069E-01  2.81842E-01
  7.41346E-01  2.85936E-01  2.81711E-01
  7.42180E-01  2.85804E-01  2.81580E-01
  7.43014E-01  2.85672E-01  2.81449E-01
  7.43848E-01  2.85540E-01  2.81319E-01
  7.44682E-01  2.85408E-01  2.81189E-01
  7.45516E-01  2.85276E-01  2.81059E-01
  7.46350E-01  2.85145E-01  2.80929E-01
  7.47183E-01  2.85014E-01  2.80799E-01
  7.48017E-01  2.84883E-01  2.80670E-01
  7.48851E-01  2.84753E-01  2.80541E-01
  7.49685E-01  2.84622E-01  2.80412E-01
  7.50519E-01  2.84492E-01  2.80284E-01
  7.51353E-01  2.84362E-01  2.80155E-01
  7.52187E-01  2.84232E-01  2.80027E-01
  7.53021E-01  2.84103E-01  2.79899E-01
  7.53855E-01  2.83974E-01  2.79771E-01
  7.54689E-01  2.83845E-01  2.79644E-01
  7.55523E-01  2.83716E-01  2.79517E-01
  7.56356E-01  2.83587E-01  2.79389E-01
  7.57190E-01  2.83459E-01  2.79263E-01
  7.58024E-01  2.83331E-01  2.79136E-01
  7.58858E-01  2.83203E-01  2.79010E-01
  7.59692E-01  2.83075E-01  2.78883E-01
  7.60526E-01  2.82948E-01  2.78757E-01
  7.61360E-01  2.82820E-01  2.78632E-01
  7.62194E-01  2.82693E-01  2.78506E-01
  7.63028E-01  2.82567E-01  2.78381E-01
  7.63862E-01  2.82440E-01  2.78256E-01
  7.64696E-01  2.82314E-01  2.78131E-01
  7.65529E-01  2.82187E-01  2.78006E-01
  7.66363E-01  2.82061E-01  2.77882E-01
  7.67197E-01  2.81936E-01  2.77757E-01
  7.68031E-01  2.81810E-01  2.77633E-01
  7.68865E-01  2.81685E-01  2.77510E-01
  7.69699E-01  2.81560E-01  2.77386E-01
  7.70533E-01  2.81435E-01  2.77262E-01
  7.71367E-01  2.81310E-01  2.77139E-01
  7.72201E-01  2.81186E-01  2.77016E-01
  7.73035E-01  2.81061E-01  2.76893E-01
  7.73869E-01  2.80937E-01  2.76771E-01
  7.74703E-01  2.80813E-01  2.76649E-01
  7.75536E-01  2.80690E-01  2.76526E-01
  7.76370E-01  2.80566E-01  2.76404E-01
  7.77204E-01  2.80443E-01  2.76283E-01
  7.78038E-01  2.80320E-01  2.76161E-01
  7.78872E-01  2.80197E-01  2.76040E-01
  7.79706E-01  2.80075E-01  2.75919E-01
  7.80540E-01  2.79952E-01  2.75798E-01
  7.81374E-01  2.79830E-01  2.75677E-01
  7.82208E-01  2.79708E-01  2.75556E-01
  7.83042E-01  2.79586E-01  2.75436E-01
  7.83876E-01  2.79465E-01  2.75316E-01
  7.84709E-01  2.79343E-01  2.75196E-01
  7.85543E-01  2.79222E-01  2.75076E-01
  7.86377E-01  2.79101E-01  2.74957E-01
  7.87211E-01  2.78980E-01  2.74837E-01
  7.88045E-01  2.78860E-01  2.74718E-01
  7.88879E-01  2.78739E-01  2.74599E-01
  7.89713E-01  2.78619E-01  2.74481E-01
  7.90547E-01  2.78499E-01  2.74362E-01
  7.91381E-01  2.78379E-01  2.74244E-01
  7.92215E-01  2.78260E-01  2.74125E-01
  7.93049E-01  2.78140E-01  2.74007E-01
  7.93882E-01  2.78021E-01  2.73890E-01
  7.94716E-01  2.77902E-01  2.73772E-01
  7.95550E-01  2.77783E-01  2.73655E-01
  7.96384E-01  2.77665E-01  2.73538E-01
  7.97218E-01  2.77546E-01  2.73421E-01
  7.98052E-01  2.77428E-01  2.73304E-01
  7.98886E-01  2.77310E-01  2.73187E-01
  7.99720E-01  2.77192E-01  2.73071E-01
  8.00554E-01  2.77074E-01  2.72954E-01
  8.01388E-01  2.76957E-01  2.72838E-01
  8.02222E-01  2.76840E-01  2.72723E-01
  8.03055E-01  2.76722E-01  2.72607E-01
  8.03889E-01  2.76605E-01  2.72491E-01
  8.04723E-01  2.76489E-01  2.72376E-01
  8.05557E-01  2.76372E-01  2.72261E-01
  8.06391E-01  2.76256E-01  2.72146E-01
  8.07225E-01  2.76140E-01  2.72031E-01
  8.08059E-01  2.76024E-01  2.71917E-01
  8.08893E-01  2.75908E-01  2.71802E-01
  8.09727E-01  2.75792E-01  2.71688E-01
  8.10561E-01  2.75677E-01  2.71574E-01
  8.11395E-01  2.75562E-01  2.71460E-01
  8.12228E-01  2.75447E-01  2.71347E-01
  8.13062E-01  2.75332E-01  2.71233E-01
  8.13896E-01  2.75217E-01  2.71120E-01
  8.14730E-01  2.75103E-01  2.71007E-01
  8.15564E-01  2.74988E-01  2.70894E-01
  8.16398E-01  2.74874E-01  2.70781E-01
  8.17232E-01  2.74760E-01  2.70669E-01
  8.18066E-01  2.74646E-01  2.70556E-01
  8.18900E-01  2.74533E-01  2.70444E-01
  8.19734E-01  2.74419E-01  2.70332E-01
  8.20568E-01  2.74306E-01  2.70220E-01
  8.21401E-01  2.74193E-01  2.70109E-01
  8.22235E-01  2.74080E-01  2.69997E-01
  8.23069E-01  2.73968E-01  2.69886E-01
  8.23903E-01  2.73855E-01  2.69775E-01
  8.24737E-01  2.73743E-01  2.69664E-01
  8.25571E-01  2.73631E-01  2.69553E-01
  8.26405E-01  2.73519E-01  2.69442E-01
  8.27239E-01  2.73407E-01  2.69332E-01
  8.28073E-01  2.73295E-01  2.69222E-01
  8.28907E-01  2.73184E-01  2.69112E-01
  8.29741E-01  2.73072E-01  2.69002E-01
  8.30574E-01  2.72961E-01  2.68892E-01
  8.31408E-01  2.72850E-01  2.68782E-01
  8.32242E-01  2.72739E-01  2.68673E-01
  8.33076E-01  2.72629E-01  2.68564E-01
  8.33910E-01  2.72518E-01  2.68455E-01
  8.34744E-01  2.72408E-01  2.68346E-01
  8.35578E-01  2.72298E-01  2.68237E-01
  8.36412E-01  2.72188E-01  2.68128E-01
  8.37246E-01  2.72078E-01  2.68020E-01
  8.38080E-01  2.71969E-01  2.67912E-01
  8.38914E-01  2.71859E-01  2.67804E-01
  8.39747E-01  2.71750E-01  2.67696E-01
  8.40581E-01  2.71641E-01  2.67588E-01
  8.41415E-01  2.71532E-01  2.67481E-01
  8.42249E-01  2.71423E-01  2.67373E-01
  8.43083E-01  2.71315E-01  2.67266E-01
  8.43917E-01  2.71207E-01  2.67159E-01
  8.44751E-01  2.71098E-01  2.67052E-01
  8.45585E-01  2.70990E-01  2.66946E-01
  8.46419E-01  2.70882E-01  2.66839E-01
  8.47253E-01  2.70775E-01  2.66733E-01
  8.48087E-01  2.70667E-01  2.66626E-01
  8.48921E-01  2.70560E-01  2.66520E-01
  8.49754E-01  2.70452E-01  2.66414E-01
  8.50588E-01  2.70345E-01  2.66309E-01
  8.51422E-01  2.70238E-01  2.66203E-01
  8.52256E-01  2.70132E-01  2.66098E-01
  8.53090E-01  2.70025E-01  2.65992E-01
  8.53924E-01  2.69919E-01  2.65887E-01
  8.54758E-01  2.69812E-01  2.65782E-01
  8.55592E-01  2.69706E-01  2.65678E-01
  8.56426E-01  2.69600E-01  2.65573E-01
  8.57260E-01  2.69494E-01  2.65469E-01
  8.58094E-01  2.69389E-01  2.65364E-01
  8.58927E-01  2.69283E-01  2.65260E-01
  8.59761E-01  2.69178E-01  2.65156E-01
  8.60595E-01  2.69073E-01  2.65052E-01
  8.61429E-01  2.68968E-01  2.64949E-01
  8.62263E-01  2.68863E-01  2.64845E-01
  8.63097E-01  2.68758E-01  2.64742E-01
  8.63931E-01  2.68654E-01  2.64639E-01
  8.64765E-01  2.68549E-01  2.64535E-01
  8.65599E-01  2.68445E-01  2.64433E-01
  8.66433E-01  2.68341E-01  2.64330E-01
  8.67267E-01  2.68237E-01  2.64227E-01
  8.68100E-01  2.68134E-01  2.64125E-01
  8.68934E-01  2.68030E-01  2.64023E-01
  8.69768E-01  2.67926E-01  2.63920E-01
  8.70602E-01  2.67823E-01  2.63818E-01
  8.71436E-01  2.67720E-01  2.63717E-01
  8.72270E-01  2.67617E-01  2.63615E-01
  8.73104E-01  2.67514E-01  2.63513E-01
  8.73938E-01  2.67412E-01  2.63412E-01
  8.74772E-01  2.67309E-01  2.63311E-01
  8.75606E-01  2.67207E-01  2.63210E-01
  8.76440E-01  2.67104E-01  2.63109E-01
  8.77273E-01  2.67002E-01  2.63008E-01
  8.78107E-01  2.66900E-01  2.62907E-01
  8.78941E-01  2.66799E-01  2.62807E-01
  8.79775E-01  2.66697E-01  2.62707E-01
  8.80609E-01  2.66596E-01  2.62607E-01
  8.81443E-01  2.66494E-01  2.62507E-01
  8.82277E-01  2.66393E-01  2.62407E-01
  8.83111E-01  2.66292E-01  2.62307E-01
  8.83945E-01  2.66191E-01  2.62207E-01
  8.84779E-01  2.66090E-01  2.62108E-01
  8.85613E-01  2.65990E-01  2.62009E-01
  8.86446E-01  2.65889E-01  2.61909E-01
  8.87280E-01  2.65789E-01  2.61810E-01
  8.88114E-01  2.65689E-01  2.61712E-01
  8.88948E-01  2.65589E-01  2.61613E-01
  8.89782E-01  2.65489E-01  2.61514E-01
  8.90616E-01  2.65389E-01  2.61416E-01
  8.91450E-01  2.65290E-01  2.61318E-01
  8.92284E-01  2.65190E-01  2.61219E-01
  8.93118E-01  2.65091E-01  2.61121E-01
  8.93952E-01  2.64992E-01  2.61024E-01
  8.94786E-01  2.64893E-01  2.60926E-01
  8.95619E-01  2.64794E-01  2.60828E-01
  8.96453E-01  2.64696E-01  2.60731E-01
  8.97287E-01  2.64597E-01  2.60634E-01
  8.98121E-01  2.64499E-01  2.60536E-01
  8.98955E-01  2.64400E-01  2.60439E-01
  8.99789E-01  2.64302E-01  2.60342E-01
  9.00623E-01  2.64204E-01  2.60246E-01
  9.01457E-01  2.64106E-01  2.60149E-01
  9.02291E-01  2.64009E-01  2.60053E-01
  9.03125E-01  2.63911E-01  2.59956E-01
  9.03959E-01  2.63814E-01  2.59860E-01
  9.04792E-01  2.63716E-01  2.59764E-01
  9.05626E-01  2.63619E-01  2.59668E-01
  9.06460E-01  2.63522E-01  2.59572E-01
  9.07294E-01  2.63425E-01  2.59477E-01
  9.08128E-01  2.63328E-01  2.59381E-01
  9.08962E-01  2.63232E-01  2.59286E-01
  9.09796E-01  2.63135E-01  2.59191E-01
  9.10630E-01  2.63039E-01  2.59096E-01
  9.11464E-01  2.62943E-01  2.59001E-01
  9.12298E-01  2.62847E-01  2.58906E-01
  9.13132E-01  2.62751E-01  2.58811E-01
  9.13965E-01  2.62655E-01  2.58717E-01
  9.14799E-01  2.62559E-01  2.58622E-01
  9.15633E-01  2.62464E-01  2.58528E-01
  9.16467E-01  2.62368E-01  2.58434E-01
  9.17301E-01  2.62273E-01  2.58340E-01
  9.18135E-01  2.62178E-01  2.58246E-01
  9.18969E-01  2.62083E-01  2.58152E-01
  9.19803E-01  2.61988E-01  2.58059E-01
  9.20637E-01  2.61893E-01  2.57965E-01
  9.21471E-01  2.61799E-01  2.57872E-01
  9.22305E-01  2.61704E-01  2.57779E-01
  9.23139E-01  2.61610E-01  2.57685E-01
  9.23972E-01  2.61516E-01  2.57592E-01
  9.24806E-01  2.61422E-01  2.57500E-01
  9.25640E-01  2.61328E-01  2.57407E-01
  9.26474E-01  2.61234E-01  2.57314E-01
  9.27308E-01  2.61140E-01  2.57222E-01
  9.28142E-01  2.61047E-01  2.57130E-01
  9.28976E-01  2.60953E-01  2.57037E-01
  9.29810E-01  2.60860E-01  2.56945E-01
  9.30644E-01  2.60767E-01  2.56853E-01
  9.31478E-01  2.60674E-01  2.56762E-01
  9.32312E-01  2.60581E-01  2.56670E-01
  9.33145E-01  2.60488E-01  2.56578E-01
  9.33979E-01  2.60396E-01  2.56487E-01
  9.34813E-01  2.60303E-01  2.56396E-01
  9.35647E-01  2.60211E-01  2.56305E-01
  9.36481E-01  2.60119E-01  2.56213E-01
  9.37315E-01  2.60026E-01  2.56123E-01
  9.38149E-01  2.59934E-01  2.56032E-01
  9.38983E-01  2.59843E-01  2.55941E-01
  9.39817E-01  2.59751E-01  2.55851E-01
  9.40651E-01  2.59659E-01  2.55760E-01
  9.41485E-01  2.59568E-01  2.55670E-01
  9.42318E-01  2.59476E-01  2.55580E-01
  9.43152E-01  2.59385E-01  2.55490E-01
  9.43986E-01  2.59294E-01  2.55400E-01
  9.44820E-01  2.59203E-01  2.55310E-01
  9.45654E-01  2.59112E-01  2.55220E-01
  9.46488E-01  2.59021E-01  2.55131E-01
  9.47322E-01  2.58931E-01  2.55041E-01
  9.48156E-01  2.58840E-01  2.54952E-01
  9.48990E-01  2.58750E-01  2.54863E-01
  9.49824E-01  2.58659E-01  2.54774E-01
  9.50658E-01  2.58569E-01  2.54685E-01
  9.51491E-01  2.58479E-01  2.54596E-01
  9.52325E-01  2.58389E-01  2.54507E-01
  9.53159E-01  2.58300E-01  2.54419E-01
  9.53993E-01  2.58210E-01  2.54330E-01
  9.54827E-01  2.58120E-01  2.54242E-01
  9.55661E-01  2.58031E-01  2.54154E-01
  9.56495E-01  2.57942E-01  2.54065E-01
  9.57329E-01  2.57853E-01  2.53977E-01
  9.58163E-01  2.57764E-01  2.53890E-01
  9.58997E-01  2.57675E-01  2.53802E-01
  9.59831E-01  2.57586E-01  2.53714E-01
  9.60664E-01  2.57497E-01  2.53627E-01
  9.61498E-01  2.57408E-01  2.53539E-01
  9.62332E-01  2.57320E-01  2.53452E-01
  9.63166E-01  2.57232E-01  2.53365E-01
  9.64000E-01  2.57143E-01  2.53278E-01
  9.64834E-01  2.57055E-01  2.53191E-01
  9.65668E-01  2.56967E-01  2.53104E-01
  9.66502E-01  2.56879E-01  2.53017E-01
  9.67336E-01  2.56792E-01  2.52931E-01
  9.68170E-01  2.56704E-01  2.52844E-01
  9.69004E-01  2.56617E-01  2.52758E-01
  9.69837E-01  2.56529E-01  2.52672E-01
  9.70671E-01  2.56442E-01  2.52586E-01
  9.71505E-01  2.56355E-01  2.52500E-01
  9.72339E-01  2.56268E-01  2.52414E-01
  9.73173E-01  2.56181E-01  2.52328E-01
  9.74007E-01  2.56094E-01  2.52242E-01
  9.74841E-01  2.56007E-01  2.52157E-01
  9.75675E-01  2.55921E-01  2.52071E-01
  9.76509E-01  2.55834E-01  2.51986E-01
  9.77343E-01  2.55748E-01  2.51901E-01
  9.78177E-01  2.55661E-01  2.51816E-01
  9.79010E-01  2.55575E-01  2.51731E-01
  9.79844E-01  2.55489E-01  2.51646E-01
  9.80678E-01  2.55403E-01  2.51561E-01
  9.81512E-01  2.55318E-01  2.51476E-01
  9.82346E-01  2.55232E-01  2.51392E-01
  9.83180E-01  2.55146E-01  2.51307E-01
  9.84014E-01  2.55061E-01  2.51223E-01
  9.84848E-01  2.54975E-01  2.51139E-01
  9.85682E-01  2.54890E-01  2.51055E-01
  9.86516E-01  2.54805E-01  2.50971E-01
  9.87350E-01  2.54720E-01  2.50887E-01
  9.88183E-01  2.54635E-01  2.50803E-01
  9.89017E-01  2.54550E-01  2.50719E-01
  9.89851E-01  2.54466E-01  2.50636E-01
  9.90685E-01  2.54381E-01  2.50552E-01
  9.91519E-01  2.54297E-01  2.50469E-01
  9.92353E-01  2.54212E-01  2.50386E-01
  9.93187E-01  2.54128E-01  2.50303E-01
  9.94021E-01  2.54044E-01  2.50220E-01
  9.94855E-01  2.53960E-01  2.50137E-01
  9.95689E-01  2.53876E-01  2.50054E-01
  9.96523E-01  2.53792E-01  2.49971E-01
  9.97357E-01  2.53708E-01  2.49889E-01
  9.98190E-01  2.53625E-01  2.49806E-01
  9.99024E-01  2.53541E-01  2.49724E-01
  9.99858E-01  2.53458E-01  2.49642E-01
  1.00000E+00  2.53444E-01  2.49628E-01
