 TITLE=RHEsVARIABLES=="X","DENSITY"
 ZONE I=         400
  0.12500E-02  0.99026E+00
  0.37500E-02  0.98711E+00
  0.62500E-02  0.98411E+00
  0.87500E-02  0.98117E+00
  0.11250E-01  0.97825E+00
  0.13750E-01  0.97533E+00
  0.16250E-01  0.97241E+00
  0.18750E-01  0.96947E+00
  0.21250E-01  0.96652E+00
  0.23750E-01  0.96354E+00
  0.26250E-01  0.96054E+00
  0.28750E-01  0.95750E+00
  0.31250E-01  0.95444E+00
  0.33750E-01  0.95133E+00
  0.36250E-01  0.94819E+00
  0.38750E-01  0.94500E+00
  0.41250E-01  0.94177E+00
  0.43750E-01  0.93848E+00
  0.46250E-01  0.93515E+00
  0.48750E-01  0.93176E+00
  0.51250E-01  0.92832E+00
  0.53750E-01  0.92481E+00
  0.56250E-01  0.92125E+00
  0.58750E-01  0.91762E+00
  0.61250E-01  0.91392E+00
  0.63750E-01  0.91015E+00
  0.66250E-01  0.90632E+00
  0.68750E-01  0.90241E+00
  0.71250E-01  0.89842E+00
  0.73750E-01  0.89436E+00
  0.76250E-01  0.89022E+00
  0.78750E-01  0.88599E+00
  0.81250E-01  0.88169E+00
  0.83750E-01  0.87730E+00
  0.86250E-01  0.87282E+00
  0.88750E-01  0.86826E+00
  0.91250E-01  0.86360E+00
  0.93750E-01  0.85886E+00
  0.96250E-01  0.85402E+00
  0.98750E-01  0.84909E+00
  0.10125E+00  0.84407E+00
  0.10375E+00  0.83896E+00
  0.10625E+00  0.83375E+00
  0.10875E+00  0.82844E+00
  0.11125E+00  0.82303E+00
  0.11375E+00  0.81753E+00
  0.11625E+00  0.81193E+00
  0.11875E+00  0.80624E+00
  0.12125E+00  0.80044E+00
  0.12375E+00  0.79455E+00
  0.12625E+00  0.78856E+00
  0.12875E+00  0.78247E+00
  0.13125E+00  0.77628E+00
  0.13375E+00  0.76999E+00
  0.13625E+00  0.76361E+00
  0.13875E+00  0.75713E+00
  0.14125E+00  0.75056E+00
  0.14375E+00  0.74389E+00
  0.14625E+00  0.73713E+00
  0.14875E+00  0.73027E+00
  0.15125E+00  0.72333E+00
  0.15375E+00  0.71629E+00
  0.15625E+00  0.70916E+00
  0.15875E+00  0.70195E+00
  0.16125E+00  0.69465E+00
  0.16375E+00  0.68726E+00
  0.16625E+00  0.67979E+00
  0.16875E+00  0.67225E+00
  0.17125E+00  0.66462E+00
  0.17375E+00  0.65692E+00
  0.17625E+00  0.64914E+00
  0.17875E+00  0.64129E+00
  0.18125E+00  0.63337E+00
  0.18375E+00  0.62539E+00
  0.18625E+00  0.61734E+00
  0.18875E+00  0.60923E+00
  0.19125E+00  0.60106E+00
  0.19375E+00  0.59284E+00
  0.19625E+00  0.58456E+00
  0.19875E+00  0.57623E+00
  0.20125E+00  0.56786E+00
  0.20375E+00  0.55944E+00
  0.20625E+00  0.55099E+00
  0.20875E+00  0.54249E+00
  0.21125E+00  0.53397E+00
  0.21375E+00  0.52541E+00
  0.21625E+00  0.51683E+00
  0.21875E+00  0.50823E+00
  0.22125E+00  0.49961E+00
  0.22375E+00  0.49097E+00
  0.22625E+00  0.48232E+00
  0.22875E+00  0.47367E+00
  0.23125E+00  0.46501E+00
  0.23375E+00  0.45635E+00
  0.23625E+00  0.44770E+00
  0.23875E+00  0.43905E+00
  0.24125E+00  0.43042E+00
  0.24375E+00  0.42180E+00
  0.24625E+00  0.41320E+00
  0.24875E+00  0.40463E+00
  0.25125E+00  0.39609E+00
  0.25375E+00  0.38758E+00
  0.25625E+00  0.37910E+00
  0.25875E+00  0.37066E+00
  0.26125E+00  0.36227E+00
  0.26375E+00  0.35393E+00
  0.26625E+00  0.34563E+00
  0.26875E+00  0.33740E+00
  0.27125E+00  0.32922E+00
  0.27375E+00  0.32110E+00
  0.27625E+00  0.31305E+00
  0.27875E+00  0.30507E+00
  0.28125E+00  0.29716E+00
  0.28375E+00  0.28933E+00
  0.28625E+00  0.28158E+00
  0.28875E+00  0.27392E+00
  0.29125E+00  0.26634E+00
  0.29375E+00  0.25884E+00
  0.29625E+00  0.25145E+00
  0.29875E+00  0.24414E+00
  0.30125E+00  0.23694E+00
  0.30375E+00  0.22983E+00
  0.30625E+00  0.22283E+00
  0.30875E+00  0.21594E+00
  0.31125E+00  0.20915E+00
  0.31375E+00  0.20247E+00
  0.31625E+00  0.19590E+00
  0.31875E+00  0.18945E+00
  0.32125E+00  0.18312E+00
  0.32375E+00  0.17690E+00
  0.32625E+00  0.17080E+00
  0.32875E+00  0.16482E+00
  0.33125E+00  0.15896E+00
  0.33375E+00  0.15323E+00
  0.33625E+00  0.14761E+00
  0.33875E+00  0.14213E+00
  0.34125E+00  0.13676E+00
  0.34375E+00  0.13153E+00
  0.34625E+00  0.12641E+00
  0.34875E+00  0.12143E+00
  0.35125E+00  0.11657E+00
  0.35375E+00  0.11184E+00
  0.35625E+00  0.10723E+00
  0.35875E+00  0.10275E+00
  0.36125E+00  0.98392E-01
  0.36375E+00  0.94160E-01
  0.36625E+00  0.90052E-01
  0.36875E+00  0.86068E-01
  0.37125E+00  0.82205E-01
  0.37375E+00  0.78464E-01
  0.37625E+00  0.74842E-01
  0.37875E+00  0.71339E-01
  0.38125E+00  0.67954E-01
  0.38375E+00  0.64684E-01
  0.38625E+00  0.61528E-01
  0.38875E+00  0.58484E-01
  0.39125E+00  0.55552E-01
  0.39375E+00  0.52728E-01
  0.39625E+00  0.50011E-01
  0.39875E+00  0.47399E-01
  0.40125E+00  0.44890E-01
  0.40375E+00  0.42482E-01
  0.40625E+00  0.40172E-01
  0.40875E+00  0.37959E-01
  0.41125E+00  0.35839E-01
  0.41375E+00  0.33812E-01
  0.41625E+00  0.31874E-01
  0.41875E+00  0.30023E-01
  0.42125E+00  0.28256E-01
  0.42375E+00  0.26572E-01
  0.42625E+00  0.24967E-01
  0.42875E+00  0.23440E-01
  0.43125E+00  0.21987E-01
  0.43375E+00  0.20608E-01
  0.43625E+00  0.19298E-01
  0.43875E+00  0.18055E-01
  0.44125E+00  0.16878E-01
  0.44375E+00  0.15764E-01
  0.44625E+00  0.14710E-01
  0.44875E+00  0.13714E-01
  0.45125E+00  0.12774E-01
  0.45375E+00  0.11888E-01
  0.45625E+00  0.11052E-01
  0.45875E+00  0.10266E-01
  0.46125E+00  0.95270E-02
  0.46375E+00  0.88325E-02
  0.46625E+00  0.81808E-02
  0.46875E+00  0.75698E-02
  0.47125E+00  0.69975E-02
  0.47375E+00  0.64622E-02
  0.47625E+00  0.59618E-02
  0.47875E+00  0.54946E-02
  0.48125E+00  0.50589E-02
  0.48375E+00  0.46529E-02
  0.48625E+00  0.42751E-02
  0.48875E+00  0.39239E-02
  0.49125E+00  0.35977E-02
  0.49375E+00  0.32952E-02
  0.49625E+00  0.30148E-02
  0.49875E+00  0.27553E-02
  0.50125E+00  0.25154E-02
  0.50375E+00  0.22938E-02
  0.50625E+00  0.20895E-02
  0.50875E+00  0.19012E-02
  0.51125E+00  0.17279E-02
  0.51375E+00  0.15686E-02
  0.51625E+00  0.14224E-02
  0.51875E+00  0.12883E-02
  0.52125E+00  0.11654E-02
  0.52375E+00  0.10531E-02
  0.52625E+00  0.95043E-03
  0.52875E+00  0.85674E-03
  0.53125E+00  0.77136E-03
  0.53375E+00  0.69364E-03
  0.53625E+00  0.62298E-03
  0.53875E+00  0.55882E-03
  0.54125E+00  0.50064E-03
  0.54375E+00  0.44795E-03
  0.54625E+00  0.40030E-03
  0.54875E+00  0.35726E-03
  0.55125E+00  0.31843E-03
  0.55375E+00  0.28345E-03
  0.55625E+00  0.25198E-03
  0.55875E+00  0.22371E-03
  0.56125E+00  0.19835E-03
  0.56375E+00  0.17562E-03
  0.56625E+00  0.15529E-03
  0.56875E+00  0.13712E-03
  0.57125E+00  0.12091E-03
  0.57375E+00  0.10647E-03
  0.57625E+00  0.93624E-04
  0.57875E+00  0.82210E-04
  0.58125E+00  0.72085E-04
  0.58375E+00  0.63116E-04
  0.58625E+00  0.55183E-04
  0.58875E+00  0.48177E-04
  0.59125E+00  0.41999E-04
  0.59375E+00  0.36558E-04
  0.59625E+00  0.31775E-04
  0.59875E+00  0.27577E-04
  0.60125E+00  0.23897E-04
  0.60375E+00  0.20676E-04
  0.60625E+00  0.17862E-04
  0.60875E+00  0.15407E-04
  0.61125E+00  0.13269E-04
  0.61375E+00  0.11409E-04
  0.61625E+00  0.97948E-05
  0.61875E+00  0.83955E-05
  0.62125E+00  0.71845E-05
  0.62375E+00  0.61382E-05
  0.62625E+00  0.52357E-05
  0.62875E+00  0.44586E-05
  0.63125E+00  0.37906E-05
  0.63375E+00  0.32173E-05
  0.63625E+00  0.27261E-05
  0.63875E+00  0.23060E-05
  0.64125E+00  0.19473E-05
  0.64375E+00  0.16416E-05
  0.64625E+00  0.13815E-05
  0.64875E+00  0.11606E-05
  0.65125E+00  0.97329E-06
  0.65375E+00  0.81479E-06
  0.65625E+00  0.68088E-06
  0.65875E+00  0.56797E-06
  0.66125E+00  0.47293E-06
  0.66375E+00  0.39308E-06
  0.66625E+00  0.32611E-06
  0.66875E+00  0.27006E-06
  0.67125E+00  0.22323E-06
  0.67375E+00  0.18417E-06
  0.67625E+00  0.15167E-06
  0.67875E+00  0.12466E-06
  0.68125E+00  0.10227E-06
  0.68375E+00  0.83742E-07
  0.68625E+00  0.68438E-07
  0.68875E+00  0.55822E-07
  0.69125E+00  0.45443E-07
  0.69375E+00  0.36921E-07
  0.69625E+00  0.29938E-07
  0.69875E+00  0.24227E-07
  0.70125E+00  0.19567E-07
  0.70375E+00  0.15771E-07
  0.70625E+00  0.12686E-07
  0.70875E+00  0.10183E-07
  0.71125E+00  0.81577E-08
  0.71375E+00  0.65215E-08
  0.71625E+00  0.52026E-08
  0.71875E+00  0.41418E-08
  0.72125E+00  0.32903E-08
  0.72375E+00  0.26084E-08
  0.72625E+00  0.20633E-08
  0.72875E+00  0.16287E-08
  0.73125E+00  0.12828E-08
  0.73375E+00  0.10082E-08
  0.73625E+00  0.79067E-09
  0.73875E+00  0.61869E-09
  0.74125E+00  0.48305E-09
  0.74375E+00  0.37631E-09
  0.74625E+00  0.29250E-09
  0.74875E+00  0.22684E-09
  0.75125E+00  0.17552E-09
  0.75375E+00  0.13551E-09
  0.75625E+00  0.10437E-09
  0.75875E+00  0.80206E-10
  0.76125E+00  0.61493E-10
  0.76375E+00  0.47035E-10
  0.76625E+00  0.35892E-10
  0.76875E+00  0.27325E-10
  0.77125E+00  0.20753E-10
  0.77375E+00  0.15724E-10
  0.77625E+00  0.11885E-10
  0.77875E+00  0.89615E-11
  0.78125E+00  0.67408E-11
  0.78375E+00  0.50580E-11
  0.78625E+00  0.37859E-11
  0.78875E+00  0.28268E-11
  0.79125E+00  0.21054E-11
  0.79375E+00  0.15642E-11
  0.79625E+00  0.11592E-11
  0.79875E+00  0.85690E-12
  0.80125E+00  0.63181E-12
  0.80375E+00  0.46466E-12
  0.80625E+00  0.34086E-12
  0.80875E+00  0.24939E-12
  0.81125E+00  0.18200E-12
  0.81375E+00  0.13247E-12
  0.81625E+00  0.96163E-13
  0.81875E+00  0.69625E-13
  0.82125E+00  0.50277E-13
  0.82375E+00  0.36208E-13
  0.82625E+00  0.26007E-13
  0.82875E+00  0.18629E-13
  0.83125E+00  0.13308E-13
  0.83375E+00  0.94811E-14
  0.83625E+00  0.67361E-14
  0.83875E+00  0.47727E-14
  0.84125E+00  0.33722E-14
  0.84375E+00  0.23761E-14
  0.84625E+00  0.16695E-14
  0.84875E+00  0.11697E-14
  0.85125E+00  0.81727E-15
  0.85375E+00  0.56939E-15
  0.85625E+00  0.39556E-15
  0.85875E+00  0.27401E-15
  0.86125E+00  0.18927E-15
  0.86375E+00  0.13035E-15
  0.86625E+00  0.89516E-16
  0.86875E+00  0.61293E-16
  0.87125E+00  0.41845E-16
  0.87375E+00  0.28484E-16
  0.87625E+00  0.19331E-16
  0.87875E+00  0.13080E-16
  0.88125E+00  0.88242E-17
  0.88375E+00  0.59351E-17
  0.88625E+00  0.39799E-17
  0.88875E+00  0.26606E-17
  0.89125E+00  0.17733E-17
  0.89375E+00  0.11782E-17
  0.89625E+00  0.78046E-18
  0.89875E+00  0.51537E-18
  0.90125E+00  0.33927E-18
  0.90375E+00  0.22264E-18
  0.90625E+00  0.14565E-18
  0.90875E+00  0.94979E-19
  0.91125E+00  0.61742E-19
  0.91375E+00  0.40008E-19
  0.91625E+00  0.25842E-19
  0.91875E+00  0.16638E-19
  0.92125E+00  0.10678E-19
  0.92375E+00  0.68307E-20
  0.92625E+00  0.43554E-20
  0.92875E+00  0.27680E-20
  0.93125E+00  0.17534E-20
  0.93375E+00  0.11070E-20
  0.93625E+00  0.69663E-21
  0.93875E+00  0.43692E-21
  0.94125E+00  0.27312E-21
  0.94375E+00  0.17015E-21
  0.94625E+00  0.10565E-21
  0.94875E+00  0.65377E-22
  0.95125E+00  0.40319E-22
  0.95375E+00  0.24781E-22
  0.95625E+00  0.15178E-22
  0.95875E+00  0.92651E-23
  0.96125E+00  0.56360E-23
  0.96375E+00  0.34165E-23
  0.96625E+00  0.20639E-23
  0.96875E+00  0.12424E-23
  0.97125E+00  0.74531E-24
  0.97375E+00  0.44552E-24
  0.97625E+00  0.26537E-24
  0.97875E+00  0.15751E-24
  0.98125E+00  0.93146E-25
  0.98375E+00  0.54877E-25
  0.98625E+00  0.32197E-25
  0.98875E+00  0.18789E-25
  0.99125E+00  0.10868E-25
  0.99375E+00  0.61626E-26
  0.99625E+00  0.33026E-26
  0.99875E+00  0.14416E-26
