 TITLE=RHEsVARIABLES=="X","DENSITY"
 ZONE I=         400
  0.12500E-02  0.99419E+00
  0.37500E-02  0.99231E+00
  0.62500E-02  0.99051E+00
  0.87500E-02  0.98875E+00
  0.11250E-01  0.98701E+00
  0.13750E-01  0.98527E+00
  0.16250E-01  0.98352E+00
  0.18750E-01  0.98176E+00
  0.21250E-01  0.98000E+00
  0.23750E-01  0.97822E+00
  0.26250E-01  0.97642E+00
  0.28750E-01  0.97460E+00
  0.31250E-01  0.97276E+00
  0.33750E-01  0.97090E+00
  0.36250E-01  0.96902E+00
  0.38750E-01  0.96710E+00
  0.41250E-01  0.96516E+00
  0.43750E-01  0.96319E+00
  0.46250E-01  0.96118E+00
  0.48750E-01  0.95914E+00
  0.51250E-01  0.95707E+00
  0.53750E-01  0.95496E+00
  0.56250E-01  0.95281E+00
  0.58750E-01  0.95061E+00
  0.61250E-01  0.94838E+00
  0.63750E-01  0.94610E+00
  0.66250E-01  0.94378E+00
  0.68750E-01  0.94141E+00
  0.71250E-01  0.93899E+00
  0.73750E-01  0.93652E+00
  0.76250E-01  0.93400E+00
  0.78750E-01  0.93143E+00
  0.81250E-01  0.92880E+00
  0.83750E-01  0.92612E+00
  0.86250E-01  0.92338E+00
  0.88750E-01  0.92058E+00
  0.91250E-01  0.91773E+00
  0.93750E-01  0.91481E+00
  0.96250E-01  0.91184E+00
  0.98750E-01  0.90880E+00
  0.10125E+00  0.90570E+00
  0.10375E+00  0.90253E+00
  0.10625E+00  0.89930E+00
  0.10875E+00  0.89601E+00
  0.11125E+00  0.89264E+00
  0.11375E+00  0.88921E+00
  0.11625E+00  0.88571E+00
  0.11875E+00  0.88214E+00
  0.12125E+00  0.87851E+00
  0.12375E+00  0.87480E+00
  0.12625E+00  0.87102E+00
  0.12875E+00  0.86717E+00
  0.13125E+00  0.86324E+00
  0.13375E+00  0.85925E+00
  0.13625E+00  0.85518E+00
  0.13875E+00  0.85104E+00
  0.14125E+00  0.84682E+00
  0.14375E+00  0.84254E+00
  0.14625E+00  0.83817E+00
  0.14875E+00  0.83374E+00
  0.15125E+00  0.82923E+00
  0.15375E+00  0.82464E+00
  0.15625E+00  0.81998E+00
  0.15875E+00  0.81525E+00
  0.16125E+00  0.81044E+00
  0.16375E+00  0.80556E+00
  0.16625E+00  0.80060E+00
  0.16875E+00  0.79558E+00
  0.17125E+00  0.79047E+00
  0.17375E+00  0.78530E+00
  0.17625E+00  0.78005E+00
  0.17875E+00  0.77474E+00
  0.18125E+00  0.76934E+00
  0.18375E+00  0.76388E+00
  0.18625E+00  0.75835E+00
  0.18875E+00  0.75275E+00
  0.19125E+00  0.74708E+00
  0.19375E+00  0.74134E+00
  0.19625E+00  0.73554E+00
  0.19875E+00  0.72967E+00
  0.20125E+00  0.72373E+00
  0.20375E+00  0.71773E+00
  0.20625E+00  0.71166E+00
  0.20875E+00  0.70553E+00
  0.21125E+00  0.69934E+00
  0.21375E+00  0.69309E+00
  0.21625E+00  0.68678E+00
  0.21875E+00  0.68042E+00
  0.22125E+00  0.67399E+00
  0.22375E+00  0.66751E+00
  0.22625E+00  0.66098E+00
  0.22875E+00  0.65439E+00
  0.23125E+00  0.64776E+00
  0.23375E+00  0.64107E+00
  0.23625E+00  0.63434E+00
  0.23875E+00  0.62755E+00
  0.24125E+00  0.62073E+00
  0.24375E+00  0.61386E+00
  0.24625E+00  0.60695E+00
  0.24875E+00  0.60000E+00
  0.25125E+00  0.59301E+00
  0.25375E+00  0.58599E+00
  0.25625E+00  0.57893E+00
  0.25875E+00  0.57184E+00
  0.26125E+00  0.56473E+00
  0.26375E+00  0.55758E+00
  0.26625E+00  0.55040E+00
  0.26875E+00  0.54321E+00
  0.27125E+00  0.53599E+00
  0.27375E+00  0.52875E+00
  0.27625E+00  0.52149E+00
  0.27875E+00  0.51421E+00
  0.28125E+00  0.50693E+00
  0.28375E+00  0.49963E+00
  0.28625E+00  0.49232E+00
  0.28875E+00  0.48500E+00
  0.29125E+00  0.47769E+00
  0.29375E+00  0.47036E+00
  0.29625E+00  0.46304E+00
  0.29875E+00  0.45572E+00
  0.30125E+00  0.44841E+00
  0.30375E+00  0.44110E+00
  0.30625E+00  0.43380E+00
  0.30875E+00  0.42651E+00
  0.31125E+00  0.41924E+00
  0.31375E+00  0.41198E+00
  0.31625E+00  0.40474E+00
  0.31875E+00  0.39752E+00
  0.32125E+00  0.39033E+00
  0.32375E+00  0.38315E+00
  0.32625E+00  0.37601E+00
  0.32875E+00  0.36890E+00
  0.33125E+00  0.36182E+00
  0.33375E+00  0.35477E+00
  0.33625E+00  0.34777E+00
  0.33875E+00  0.34080E+00
  0.34125E+00  0.33387E+00
  0.34375E+00  0.32698E+00
  0.34625E+00  0.32014E+00
  0.34875E+00  0.31335E+00
  0.35125E+00  0.30661E+00
  0.35375E+00  0.29992E+00
  0.35625E+00  0.29328E+00
  0.35875E+00  0.28670E+00
  0.36125E+00  0.28018E+00
  0.36375E+00  0.27371E+00
  0.36625E+00  0.26731E+00
  0.36875E+00  0.26097E+00
  0.37125E+00  0.25470E+00
  0.37375E+00  0.24849E+00
  0.37625E+00  0.24235E+00
  0.37875E+00  0.23628E+00
  0.38125E+00  0.23029E+00
  0.38375E+00  0.22437E+00
  0.38625E+00  0.21852E+00
  0.38875E+00  0.21274E+00
  0.39125E+00  0.20705E+00
  0.39375E+00  0.20143E+00
  0.39625E+00  0.19590E+00
  0.39875E+00  0.19044E+00
  0.40125E+00  0.18507E+00
  0.40375E+00  0.17977E+00
  0.40625E+00  0.17457E+00
  0.40875E+00  0.16945E+00
  0.41125E+00  0.16441E+00
  0.41375E+00  0.15946E+00
  0.41625E+00  0.15460E+00
  0.41875E+00  0.14982E+00
  0.42125E+00  0.14514E+00
  0.42375E+00  0.14054E+00
  0.42625E+00  0.13603E+00
  0.42875E+00  0.13161E+00
  0.43125E+00  0.12728E+00
  0.43375E+00  0.12304E+00
  0.43625E+00  0.11888E+00
  0.43875E+00  0.11482E+00
  0.44125E+00  0.11085E+00
  0.44375E+00  0.10697E+00
  0.44625E+00  0.10318E+00
  0.44875E+00  0.99476E-01
  0.45125E+00  0.95862E-01
  0.45375E+00  0.92336E-01
  0.45625E+00  0.88899E-01
  0.45875E+00  0.85550E-01
  0.46125E+00  0.82287E-01
  0.46375E+00  0.79111E-01
  0.46625E+00  0.76021E-01
  0.46875E+00  0.73015E-01
  0.47125E+00  0.70094E-01
  0.47375E+00  0.67256E-01
  0.47625E+00  0.64501E-01
  0.47875E+00  0.61827E-01
  0.48125E+00  0.59234E-01
  0.48375E+00  0.56720E-01
  0.48625E+00  0.54285E-01
  0.48875E+00  0.51927E-01
  0.49125E+00  0.49645E-01
  0.49375E+00  0.47438E-01
  0.49625E+00  0.45305E-01
  0.49875E+00  0.43244E-01
  0.50125E+00  0.41254E-01
  0.50375E+00  0.39334E-01
  0.50625E+00  0.37482E-01
  0.50875E+00  0.35697E-01
  0.51125E+00  0.33978E-01
  0.51375E+00  0.32323E-01
  0.51625E+00  0.30731E-01
  0.51875E+00  0.29201E-01
  0.52125E+00  0.27730E-01
  0.52375E+00  0.26318E-01
  0.52625E+00  0.24963E-01
  0.52875E+00  0.23663E-01
  0.53125E+00  0.22417E-01
  0.53375E+00  0.21224E-01
  0.53625E+00  0.20082E-01
  0.53875E+00  0.18990E-01
  0.54125E+00  0.17945E-01
  0.54375E+00  0.16948E-01
  0.54625E+00  0.15995E-01
  0.54875E+00  0.15087E-01
  0.55125E+00  0.14220E-01
  0.55375E+00  0.13395E-01
  0.55625E+00  0.12609E-01
  0.55875E+00  0.11862E-01
  0.56125E+00  0.11151E-01
  0.56375E+00  0.10476E-01
  0.56625E+00  0.98349E-02
  0.56875E+00  0.92268E-02
  0.57125E+00  0.86502E-02
  0.57375E+00  0.81040E-02
  0.57625E+00  0.75870E-02
  0.57875E+00  0.70979E-02
  0.58125E+00  0.66356E-02
  0.58375E+00  0.61989E-02
  0.58625E+00  0.57868E-02
  0.58875E+00  0.53981E-02
  0.59125E+00  0.50318E-02
  0.59375E+00  0.46869E-02
  0.59625E+00  0.43623E-02
  0.59875E+00  0.40572E-02
  0.60125E+00  0.37705E-02
  0.60375E+00  0.35014E-02
  0.60625E+00  0.32490E-02
  0.60875E+00  0.30125E-02
  0.61125E+00  0.27910E-02
  0.61375E+00  0.25837E-02
  0.61625E+00  0.23899E-02
  0.61875E+00  0.22089E-02
  0.62125E+00  0.20400E-02
  0.62375E+00  0.18824E-02
  0.62625E+00  0.17356E-02
  0.62875E+00  0.15989E-02
  0.63125E+00  0.14718E-02
  0.63375E+00  0.13536E-02
  0.63625E+00  0.12439E-02
  0.63875E+00  0.11421E-02
  0.64125E+00  0.10477E-02
  0.64375E+00  0.96031E-03
  0.64625E+00  0.87944E-03
  0.64875E+00  0.80467E-03
  0.65125E+00  0.73561E-03
  0.65375E+00  0.67189E-03
  0.65625E+00  0.61313E-03
  0.65875E+00  0.55901E-03
  0.66125E+00  0.50921E-03
  0.66375E+00  0.46342E-03
  0.66625E+00  0.42136E-03
  0.66875E+00  0.38277E-03
  0.67125E+00  0.34738E-03
  0.67375E+00  0.31498E-03
  0.67625E+00  0.28532E-03
  0.67875E+00  0.25821E-03
  0.68125E+00  0.23346E-03
  0.68375E+00  0.21087E-03
  0.68625E+00  0.19029E-03
  0.68875E+00  0.17154E-03
  0.69125E+00  0.15449E-03
  0.69375E+00  0.13900E-03
  0.69625E+00  0.12494E-03
  0.69875E+00  0.11219E-03
  0.70125E+00  0.10063E-03
  0.70375E+00  0.90178E-04
  0.70625E+00  0.80726E-04
  0.70875E+00  0.72191E-04
  0.71125E+00  0.64492E-04
  0.71375E+00  0.57553E-04
  0.71625E+00  0.51307E-04
  0.71875E+00  0.45691E-04
  0.72125E+00  0.40646E-04
  0.72375E+00  0.36120E-04
  0.72625E+00  0.32063E-04
  0.72875E+00  0.28431E-04
  0.73125E+00  0.25182E-04
  0.73375E+00  0.22281E-04
  0.73625E+00  0.19692E-04
  0.73875E+00  0.17384E-04
  0.74125E+00  0.15330E-04
  0.74375E+00  0.13503E-04
  0.74625E+00  0.11881E-04
  0.74875E+00  0.10441E-04
  0.75125E+00  0.91656E-05
  0.75375E+00  0.80366E-05
  0.75625E+00  0.70384E-05
  0.75875E+00  0.61570E-05
  0.76125E+00  0.53797E-05
  0.76375E+00  0.46949E-05
  0.76625E+00  0.40925E-05
  0.76875E+00  0.35630E-05
  0.77125E+00  0.30983E-05
  0.77375E+00  0.26910E-05
  0.77625E+00  0.23344E-05
  0.77875E+00  0.20225E-05
  0.78125E+00  0.17502E-05
  0.78375E+00  0.15126E-05
  0.78625E+00  0.13057E-05
  0.78875E+00  0.11256E-05
  0.79125E+00  0.96916E-06
  0.79375E+00  0.83340E-06
  0.79625E+00  0.71574E-06
  0.79875E+00  0.61390E-06
  0.80125E+00  0.52587E-06
  0.80375E+00  0.44988E-06
  0.80625E+00  0.38436E-06
  0.80875E+00  0.32796E-06
  0.81125E+00  0.27946E-06
  0.81375E+00  0.23782E-06
  0.81625E+00  0.20211E-06
  0.81875E+00  0.17153E-06
  0.82125E+00  0.14538E-06
  0.82375E+00  0.12305E-06
  0.82625E+00  0.10401E-06
  0.82875E+00  0.87789E-07
  0.83125E+00  0.73998E-07
  0.83375E+00  0.62286E-07
  0.83625E+00  0.52355E-07
  0.83875E+00  0.43945E-07
  0.84125E+00  0.36834E-07
  0.84375E+00  0.30830E-07
  0.84625E+00  0.25767E-07
  0.84875E+00  0.21505E-07
  0.85125E+00  0.17922E-07
  0.85375E+00  0.14914E-07
  0.85625E+00  0.12393E-07
  0.85875E+00  0.10283E-07
  0.86125E+00  0.85191E-08
  0.86375E+00  0.70476E-08
  0.86625E+00  0.58215E-08
  0.86875E+00  0.48015E-08
  0.87125E+00  0.39543E-08
  0.87375E+00  0.32516E-08
  0.87625E+00  0.26697E-08
  0.87875E+00  0.21885E-08
  0.88125E+00  0.17913E-08
  0.88375E+00  0.14639E-08
  0.88625E+00  0.11945E-08
  0.88875E+00  0.97316E-09
  0.89125E+00  0.79157E-09
  0.89375E+00  0.64285E-09
  0.89625E+00  0.52123E-09
  0.89875E+00  0.42195E-09
  0.90125E+00  0.34103E-09
  0.90375E+00  0.27518E-09
  0.90625E+00  0.22169E-09
  0.90875E+00  0.17830E-09
  0.91125E+00  0.14317E-09
  0.91375E+00  0.11477E-09
  0.91625E+00  0.91851E-10
  0.91875E+00  0.73386E-10
  0.92125E+00  0.58536E-10
  0.92375E+00  0.46612E-10
  0.92625E+00  0.37054E-10
  0.92875E+00  0.29406E-10
  0.93125E+00  0.23296E-10
  0.93375E+00  0.18425E-10
  0.93625E+00  0.14546E-10
  0.93875E+00  0.11465E-10
  0.94125E+00  0.90201E-11
  0.94375E+00  0.70843E-11
  0.94625E+00  0.55542E-11
  0.94875E+00  0.43468E-11
  0.95125E+00  0.33959E-11
  0.95375E+00  0.26482E-11
  0.95625E+00  0.20614E-11
  0.95875E+00  0.16018E-11
  0.96125E+00  0.12423E-11
  0.96375E+00  0.96173E-12
  0.96625E+00  0.74311E-12
  0.96875E+00  0.57307E-12
  0.97125E+00  0.44102E-12
  0.97375E+00  0.33865E-12
  0.97625E+00  0.25940E-12
  0.97875E+00  0.19809E-12
  0.98125E+00  0.15070E-12
  0.98375E+00  0.11402E-12
  0.98625E+00  0.85558E-13
  0.98875E+00  0.63343E-13
  0.99125E+00  0.45803E-13
  0.99375E+00  0.31676E-13
  0.99625E+00  0.19925E-13
  0.99875E+00  0.96683E-14
