 TITLE=RHEsVARIABLES=="X","DENSITY"
 ZONE I=         400
  0.12500E-02  0.99708E+00
  0.37500E-02  0.99613E+00
  0.62500E-02  0.99523E+00
  0.87500E-02  0.99435E+00
  0.11250E-01  0.99347E+00
  0.13750E-01  0.99260E+00
  0.16250E-01  0.99172E+00
  0.18750E-01  0.99083E+00
  0.21250E-01  0.98995E+00
  0.23750E-01  0.98905E+00
  0.26250E-01  0.98815E+00
  0.28750E-01  0.98723E+00
  0.31250E-01  0.98631E+00
  0.33750E-01  0.98537E+00
  0.36250E-01  0.98442E+00
  0.38750E-01  0.98345E+00
  0.41250E-01  0.98247E+00
  0.43750E-01  0.98148E+00
  0.46250E-01  0.98047E+00
  0.48750E-01  0.97944E+00
  0.51250E-01  0.97839E+00
  0.53750E-01  0.97732E+00
  0.56250E-01  0.97623E+00
  0.58750E-01  0.97513E+00
  0.61250E-01  0.97399E+00
  0.63750E-01  0.97284E+00
  0.66250E-01  0.97166E+00
  0.68750E-01  0.97046E+00
  0.71250E-01  0.96923E+00
  0.73750E-01  0.96798E+00
  0.76250E-01  0.96670E+00
  0.78750E-01  0.96539E+00
  0.81250E-01  0.96405E+00
  0.83750E-01  0.96269E+00
  0.86250E-01  0.96129E+00
  0.88750E-01  0.95986E+00
  0.91250E-01  0.95841E+00
  0.93750E-01  0.95692E+00
  0.96250E-01  0.95539E+00
  0.98750E-01  0.95384E+00
  0.10125E+00  0.95225E+00
  0.10375E+00  0.95062E+00
  0.10625E+00  0.94896E+00
  0.10875E+00  0.94726E+00
  0.11125E+00  0.94553E+00
  0.11375E+00  0.94376E+00
  0.11625E+00  0.94195E+00
  0.11875E+00  0.94011E+00
  0.12125E+00  0.93822E+00
  0.12375E+00  0.93630E+00
  0.12625E+00  0.93434E+00
  0.12875E+00  0.93233E+00
  0.13125E+00  0.93029E+00
  0.13375E+00  0.92820E+00
  0.13625E+00  0.92608E+00
  0.13875E+00  0.92391E+00
  0.14125E+00  0.92169E+00
  0.14375E+00  0.91944E+00
  0.14625E+00  0.91714E+00
  0.14875E+00  0.91480E+00
  0.15125E+00  0.91242E+00
  0.15375E+00  0.90999E+00
  0.15625E+00  0.90752E+00
  0.15875E+00  0.90500E+00
  0.16125E+00  0.90243E+00
  0.16375E+00  0.89983E+00
  0.16625E+00  0.89717E+00
  0.16875E+00  0.89447E+00
  0.17125E+00  0.89172E+00
  0.17375E+00  0.88893E+00
  0.17625E+00  0.88609E+00
  0.17875E+00  0.88321E+00
  0.18125E+00  0.88027E+00
  0.18375E+00  0.87729E+00
  0.18625E+00  0.87427E+00
  0.18875E+00  0.87119E+00
  0.19125E+00  0.86807E+00
  0.19375E+00  0.86491E+00
  0.19625E+00  0.86169E+00
  0.19875E+00  0.85843E+00
  0.20125E+00  0.85511E+00
  0.20375E+00  0.85176E+00
  0.20625E+00  0.84835E+00
  0.20875E+00  0.84490E+00
  0.21125E+00  0.84139E+00
  0.21375E+00  0.83785E+00
  0.21625E+00  0.83425E+00
  0.21875E+00  0.83060E+00
  0.22125E+00  0.82691E+00
  0.22375E+00  0.82317E+00
  0.22625E+00  0.81939E+00
  0.22875E+00  0.81556E+00
  0.23125E+00  0.81168E+00
  0.23375E+00  0.80775E+00
  0.23625E+00  0.80378E+00
  0.23875E+00  0.79976E+00
  0.24125E+00  0.79569E+00
  0.24375E+00  0.79158E+00
  0.24625E+00  0.78743E+00
  0.24875E+00  0.78322E+00
  0.25125E+00  0.77898E+00
  0.25375E+00  0.77468E+00
  0.25625E+00  0.77035E+00
  0.25875E+00  0.76597E+00
  0.26125E+00  0.76154E+00
  0.26375E+00  0.75707E+00
  0.26625E+00  0.75256E+00
  0.26875E+00  0.74801E+00
  0.27125E+00  0.74341E+00
  0.27375E+00  0.73877E+00
  0.27625E+00  0.73409E+00
  0.27875E+00  0.72937E+00
  0.28125E+00  0.72461E+00
  0.28375E+00  0.71980E+00
  0.28625E+00  0.71496E+00
  0.28875E+00  0.71008E+00
  0.29125E+00  0.70516E+00
  0.29375E+00  0.70020E+00
  0.29625E+00  0.69521E+00
  0.29875E+00  0.69018E+00
  0.30125E+00  0.68511E+00
  0.30375E+00  0.68000E+00
  0.30625E+00  0.67487E+00
  0.30875E+00  0.66969E+00
  0.31125E+00  0.66448E+00
  0.31375E+00  0.65924E+00
  0.31625E+00  0.65397E+00
  0.31875E+00  0.64867E+00
  0.32125E+00  0.64333E+00
  0.32375E+00  0.63797E+00
  0.32625E+00  0.63257E+00
  0.32875E+00  0.62715E+00
  0.33125E+00  0.62170E+00
  0.33375E+00  0.61622E+00
  0.33625E+00  0.61072E+00
  0.33875E+00  0.60519E+00
  0.34125E+00  0.59963E+00
  0.34375E+00  0.59406E+00
  0.34625E+00  0.58846E+00
  0.34875E+00  0.58283E+00
  0.35125E+00  0.57719E+00
  0.35375E+00  0.57153E+00
  0.35625E+00  0.56585E+00
  0.35875E+00  0.56015E+00
  0.36125E+00  0.55443E+00
  0.36375E+00  0.54870E+00
  0.36625E+00  0.54295E+00
  0.36875E+00  0.53719E+00
  0.37125E+00  0.53141E+00
  0.37375E+00  0.52563E+00
  0.37625E+00  0.51983E+00
  0.37875E+00  0.51402E+00
  0.38125E+00  0.50821E+00
  0.38375E+00  0.50238E+00
  0.38625E+00  0.49655E+00
  0.38875E+00  0.49071E+00
  0.39125E+00  0.48487E+00
  0.39375E+00  0.47903E+00
  0.39625E+00  0.47318E+00
  0.39875E+00  0.46734E+00
  0.40125E+00  0.46149E+00
  0.40375E+00  0.45564E+00
  0.40625E+00  0.44980E+00
  0.40875E+00  0.44396E+00
  0.41125E+00  0.43813E+00
  0.41375E+00  0.43230E+00
  0.41625E+00  0.42648E+00
  0.41875E+00  0.42066E+00
  0.42125E+00  0.41486E+00
  0.42375E+00  0.40906E+00
  0.42625E+00  0.40328E+00
  0.42875E+00  0.39751E+00
  0.43125E+00  0.39176E+00
  0.43375E+00  0.38602E+00
  0.43625E+00  0.38030E+00
  0.43875E+00  0.37459E+00
  0.44125E+00  0.36890E+00
  0.44375E+00  0.36324E+00
  0.44625E+00  0.35759E+00
  0.44875E+00  0.35197E+00
  0.45125E+00  0.34637E+00
  0.45375E+00  0.34079E+00
  0.45625E+00  0.33524E+00
  0.45875E+00  0.32972E+00
  0.46125E+00  0.32423E+00
  0.46375E+00  0.31876E+00
  0.46625E+00  0.31332E+00
  0.46875E+00  0.30792E+00
  0.47125E+00  0.30255E+00
  0.47375E+00  0.29721E+00
  0.47625E+00  0.29190E+00
  0.47875E+00  0.28664E+00
  0.48125E+00  0.28140E+00
  0.48375E+00  0.27621E+00
  0.48625E+00  0.27105E+00
  0.48875E+00  0.26594E+00
  0.49125E+00  0.26086E+00
  0.49375E+00  0.25582E+00
  0.49625E+00  0.25083E+00
  0.49875E+00  0.24588E+00
  0.50125E+00  0.24097E+00
  0.50375E+00  0.23611E+00
  0.50625E+00  0.23130E+00
  0.50875E+00  0.22653E+00
  0.51125E+00  0.22180E+00
  0.51375E+00  0.21713E+00
  0.51625E+00  0.21250E+00
  0.51875E+00  0.20793E+00
  0.52125E+00  0.20340E+00
  0.52375E+00  0.19892E+00
  0.52625E+00  0.19450E+00
  0.52875E+00  0.19013E+00
  0.53125E+00  0.18581E+00
  0.53375E+00  0.18154E+00
  0.53625E+00  0.17733E+00
  0.53875E+00  0.17317E+00
  0.54125E+00  0.16906E+00
  0.54375E+00  0.16501E+00
  0.54625E+00  0.16102E+00
  0.54875E+00  0.15708E+00
  0.55125E+00  0.15320E+00
  0.55375E+00  0.14937E+00
  0.55625E+00  0.14560E+00
  0.55875E+00  0.14189E+00
  0.56125E+00  0.13824E+00
  0.56375E+00  0.13464E+00
  0.56625E+00  0.13110E+00
  0.56875E+00  0.12762E+00
  0.57125E+00  0.12419E+00
  0.57375E+00  0.12082E+00
  0.57625E+00  0.11751E+00
  0.57875E+00  0.11426E+00
  0.58125E+00  0.11107E+00
  0.58375E+00  0.10793E+00
  0.58625E+00  0.10486E+00
  0.58875E+00  0.10184E+00
  0.59125E+00  0.98875E-01
  0.59375E+00  0.95970E-01
  0.59625E+00  0.93123E-01
  0.59875E+00  0.90332E-01
  0.60125E+00  0.87598E-01
  0.60375E+00  0.84921E-01
  0.60625E+00  0.82300E-01
  0.60875E+00  0.79735E-01
  0.61125E+00  0.77226E-01
  0.61375E+00  0.74771E-01
  0.61625E+00  0.72372E-01
  0.61875E+00  0.70027E-01
  0.62125E+00  0.67736E-01
  0.62375E+00  0.65498E-01
  0.62625E+00  0.63314E-01
  0.62875E+00  0.61182E-01
  0.63125E+00  0.59102E-01
  0.63375E+00  0.57073E-01
  0.63625E+00  0.55096E-01
  0.63875E+00  0.53169E-01
  0.64125E+00  0.51291E-01
  0.64375E+00  0.49463E-01
  0.64625E+00  0.47683E-01
  0.64875E+00  0.45951E-01
  0.65125E+00  0.44267E-01
  0.65375E+00  0.42629E-01
  0.65625E+00  0.41037E-01
  0.65875E+00  0.39490E-01
  0.66125E+00  0.37987E-01
  0.66375E+00  0.36529E-01
  0.66625E+00  0.35113E-01
  0.66875E+00  0.33740E-01
  0.67125E+00  0.32408E-01
  0.67375E+00  0.31117E-01
  0.67625E+00  0.29866E-01
  0.67875E+00  0.28655E-01
  0.68125E+00  0.27482E-01
  0.68375E+00  0.26347E-01
  0.68625E+00  0.25249E-01
  0.68875E+00  0.24187E-01
  0.69125E+00  0.23161E-01
  0.69375E+00  0.22170E-01
  0.69625E+00  0.21212E-01
  0.69875E+00  0.20288E-01
  0.70125E+00  0.19396E-01
  0.70375E+00  0.18535E-01
  0.70625E+00  0.17706E-01
  0.70875E+00  0.16907E-01
  0.71125E+00  0.16137E-01
  0.71375E+00  0.15396E-01
  0.71625E+00  0.14682E-01
  0.71875E+00  0.13996E-01
  0.72125E+00  0.13336E-01
  0.72375E+00  0.12702E-01
  0.72625E+00  0.12092E-01
  0.72875E+00  0.11507E-01
  0.73125E+00  0.10946E-01
  0.73375E+00  0.10407E-01
  0.73625E+00  0.98901E-02
  0.73875E+00  0.93949E-02
  0.74125E+00  0.89205E-02
  0.74375E+00  0.84662E-02
  0.74625E+00  0.80314E-02
  0.74875E+00  0.76155E-02
  0.75125E+00  0.72177E-02
  0.75375E+00  0.68376E-02
  0.75625E+00  0.64744E-02
  0.75875E+00  0.61277E-02
  0.76125E+00  0.57968E-02
  0.76375E+00  0.54811E-02
  0.76625E+00  0.51802E-02
  0.76875E+00  0.48935E-02
  0.77125E+00  0.46203E-02
  0.77375E+00  0.43603E-02
  0.77625E+00  0.41129E-02
  0.77875E+00  0.38777E-02
  0.78125E+00  0.36541E-02
  0.78375E+00  0.34416E-02
  0.78625E+00  0.32399E-02
  0.78875E+00  0.30485E-02
  0.79125E+00  0.28669E-02
  0.79375E+00  0.26947E-02
  0.79625E+00  0.25316E-02
  0.79875E+00  0.23772E-02
  0.80125E+00  0.22310E-02
  0.80375E+00  0.20927E-02
  0.80625E+00  0.19619E-02
  0.80875E+00  0.18384E-02
  0.81125E+00  0.17217E-02
  0.81375E+00  0.16115E-02
  0.81625E+00  0.15076E-02
  0.81875E+00  0.14096E-02
  0.82125E+00  0.13173E-02
  0.82375E+00  0.12303E-02
  0.82625E+00  0.11485E-02
  0.82875E+00  0.10715E-02
  0.83125E+00  0.99907E-03
  0.83375E+00  0.93105E-03
  0.83625E+00  0.86717E-03
  0.83875E+00  0.80721E-03
  0.84125E+00  0.75097E-03
  0.84375E+00  0.69825E-03
  0.84625E+00  0.64886E-03
  0.84875E+00  0.60261E-03
  0.85125E+00  0.55933E-03
  0.85375E+00  0.51885E-03
  0.85625E+00  0.48102E-03
  0.85875E+00  0.44568E-03
  0.86125E+00  0.41270E-03
  0.86375E+00  0.38192E-03
  0.86625E+00  0.35323E-03
  0.86875E+00  0.32650E-03
  0.87125E+00  0.30160E-03
  0.87375E+00  0.27843E-03
  0.87625E+00  0.25689E-03
  0.87875E+00  0.23686E-03
  0.88125E+00  0.21826E-03
  0.88375E+00  0.20099E-03
  0.88625E+00  0.18497E-03
  0.88875E+00  0.17013E-03
  0.89125E+00  0.15637E-03
  0.89375E+00  0.14363E-03
  0.89625E+00  0.13185E-03
  0.89875E+00  0.12095E-03
  0.90125E+00  0.11088E-03
  0.90375E+00  0.10159E-03
  0.90625E+00  0.93006E-04
  0.90875E+00  0.85094E-04
  0.91125E+00  0.77803E-04
  0.91375E+00  0.71088E-04
  0.91625E+00  0.64908E-04
  0.91875E+00  0.59224E-04
  0.92125E+00  0.53999E-04
  0.92375E+00  0.49200E-04
  0.92625E+00  0.44795E-04
  0.92875E+00  0.40754E-04
  0.93125E+00  0.37050E-04
  0.93375E+00  0.33656E-04
  0.93625E+00  0.30548E-04
  0.93875E+00  0.27704E-04
  0.94125E+00  0.25103E-04
  0.94375E+00  0.22725E-04
  0.94625E+00  0.20553E-04
  0.94875E+00  0.18568E-04
  0.95125E+00  0.16756E-04
  0.95375E+00  0.15102E-04
  0.95625E+00  0.13592E-04
  0.95875E+00  0.12214E-04
  0.96125E+00  0.10956E-04
  0.96375E+00  0.98070E-05
  0.96625E+00  0.87565E-05
  0.96875E+00  0.77954E-05
  0.97125E+00  0.69146E-05
  0.97375E+00  0.61059E-05
  0.97625E+00  0.53615E-05
  0.97875E+00  0.46742E-05
  0.98125E+00  0.40368E-05
  0.98375E+00  0.34430E-05
  0.98625E+00  0.28865E-05
  0.98875E+00  0.23612E-05
  0.99125E+00  0.18614E-05
  0.99375E+00  0.13815E-05
  0.99625E+00  0.91585E-06
  0.99875E+00  0.45908E-06
