 TITLE=RHEsVARIABLES=="X","Tem_e","Tem_r"
 ZONE I=         500
  0.25000E-03  0.27715E+00  0.27303E+00
  0.75000E-03  0.27715E+00  0.27303E+00
  0.12500E-02  0.27715E+00  0.27303E+00
  0.17500E-02  0.27715E+00  0.27303E+00
  0.22500E-02  0.27715E+00  0.27303E+00
  0.27500E-02  0.27715E+00  0.27303E+00
  0.32500E-02  0.27714E+00  0.27302E+00
  0.37500E-02  0.27714E+00  0.27302E+00
  0.42500E-02  0.27714E+00  0.27302E+00
  0.47500E-02  0.27714E+00  0.27301E+00
  0.52500E-02  0.27713E+00  0.27301E+00
  0.57500E-02  0.27713E+00  0.27301E+00
  0.62500E-02  0.27712E+00  0.27300E+00
  0.67500E-02  0.27712E+00  0.27300E+00
  0.72500E-02  0.27712E+00  0.27299E+00
  0.77500E-02  0.27711E+00  0.27299E+00
  0.82500E-02  0.27710E+00  0.27298E+00
  0.87500E-02  0.27710E+00  0.27298E+00
  0.92500E-02  0.27709E+00  0.27297E+00
  0.97500E-02  0.27709E+00  0.27296E+00
  0.10250E-01  0.27708E+00  0.27296E+00
  0.10750E-01  0.27707E+00  0.27295E+00
  0.11250E-01  0.27706E+00  0.27294E+00
  0.11750E-01  0.27706E+00  0.27293E+00
  0.12250E-01  0.27705E+00  0.27292E+00
  0.12750E-01  0.27704E+00  0.27291E+00
  0.13250E-01  0.27703E+00  0.27290E+00
  0.13750E-01  0.27702E+00  0.27290E+00
  0.14250E-01  0.27701E+00  0.27289E+00
  0.14750E-01  0.27700E+00  0.27287E+00
  0.15250E-01  0.27699E+00  0.27286E+00
  0.15750E-01  0.27698E+00  0.27285E+00
  0.16250E-01  0.27697E+00  0.27284E+00
  0.16750E-01  0.27696E+00  0.27283E+00
  0.17250E-01  0.27694E+00  0.27282E+00
  0.17750E-01  0.27693E+00  0.27280E+00
  0.18250E-01  0.27692E+00  0.27279E+00
  0.18750E-01  0.27691E+00  0.27278E+00
  0.19250E-01  0.27689E+00  0.27276E+00
  0.19750E-01  0.27688E+00  0.27275E+00
  0.20250E-01  0.27687E+00  0.27274E+00
  0.20750E-01  0.27685E+00  0.27272E+00
  0.21250E-01  0.27684E+00  0.27271E+00
  0.21750E-01  0.27682E+00  0.27269E+00
  0.22250E-01  0.27681E+00  0.27267E+00
  0.22750E-01  0.27679E+00  0.27266E+00
  0.23250E-01  0.27677E+00  0.27264E+00
  0.23750E-01  0.27676E+00  0.27262E+00
  0.24250E-01  0.27674E+00  0.27261E+00
  0.24750E-01  0.27672E+00  0.27259E+00
  0.25250E-01  0.27671E+00  0.27257E+00
  0.25750E-01  0.27669E+00  0.27255E+00
  0.26250E-01  0.27667E+00  0.27253E+00
  0.26750E-01  0.27665E+00  0.27252E+00
  0.27250E-01  0.27663E+00  0.27250E+00
  0.27750E-01  0.27661E+00  0.27248E+00
  0.28250E-01  0.27659E+00  0.27246E+00
  0.28750E-01  0.27657E+00  0.27244E+00
  0.29250E-01  0.27655E+00  0.27241E+00
  0.29750E-01  0.27653E+00  0.27239E+00
  0.30250E-01  0.27651E+00  0.27237E+00
  0.30750E-01  0.27649E+00  0.27235E+00
  0.31250E-01  0.27647E+00  0.27233E+00
  0.31750E-01  0.27645E+00  0.27230E+00
  0.32250E-01  0.27642E+00  0.27228E+00
  0.32750E-01  0.27640E+00  0.27226E+00
  0.33250E-01  0.27638E+00  0.27223E+00
  0.33750E-01  0.27635E+00  0.27221E+00
  0.34250E-01  0.27633E+00  0.27218E+00
  0.34750E-01  0.27631E+00  0.27216E+00
  0.35250E-01  0.27628E+00  0.27213E+00
  0.35750E-01  0.27626E+00  0.27211E+00
  0.36250E-01  0.27623E+00  0.27208E+00
  0.36750E-01  0.27620E+00  0.27206E+00
  0.37250E-01  0.27618E+00  0.27203E+00
  0.37750E-01  0.27615E+00  0.27200E+00
  0.38250E-01  0.27612E+00  0.27197E+00
  0.38750E-01  0.27610E+00  0.27195E+00
  0.39250E-01  0.27607E+00  0.27192E+00
  0.39750E-01  0.27604E+00  0.27189E+00
  0.40250E-01  0.27601E+00  0.27186E+00
  0.40750E-01  0.27599E+00  0.27183E+00
  0.41250E-01  0.27596E+00  0.27180E+00
  0.41750E-01  0.27593E+00  0.27177E+00
  0.42250E-01  0.27590E+00  0.27174E+00
  0.42750E-01  0.27587E+00  0.27171E+00
  0.43250E-01  0.27584E+00  0.27168E+00
  0.43750E-01  0.27581E+00  0.27165E+00
  0.44250E-01  0.27577E+00  0.27161E+00
  0.44750E-01  0.27574E+00  0.27158E+00
  0.45250E-01  0.27571E+00  0.27155E+00
  0.45750E-01  0.27568E+00  0.27152E+00
  0.46250E-01  0.27565E+00  0.27148E+00
  0.46750E-01  0.27561E+00  0.27145E+00
  0.47250E-01  0.27558E+00  0.27141E+00
  0.47750E-01  0.27555E+00  0.27138E+00
  0.48250E-01  0.27551E+00  0.27134E+00
  0.48750E-01  0.27548E+00  0.27131E+00
  0.49250E-01  0.27544E+00  0.27127E+00
  0.49750E-01  0.27541E+00  0.27124E+00
  0.50250E-01  0.27537E+00  0.27120E+00
  0.50750E-01  0.27534E+00  0.27116E+00
  0.51250E-01  0.27530E+00  0.27112E+00
  0.51750E-01  0.27526E+00  0.27109E+00
  0.52250E-01  0.27523E+00  0.27105E+00
  0.52750E-01  0.27519E+00  0.27101E+00
  0.53250E-01  0.27515E+00  0.27097E+00
  0.53750E-01  0.27511E+00  0.27093E+00
  0.54250E-01  0.27507E+00  0.27089E+00
  0.54750E-01  0.27504E+00  0.27085E+00
  0.55250E-01  0.27500E+00  0.27081E+00
  0.55750E-01  0.27496E+00  0.27077E+00
  0.56250E-01  0.27492E+00  0.27073E+00
  0.56750E-01  0.27488E+00  0.27069E+00
  0.57250E-01  0.27484E+00  0.27065E+00
  0.57750E-01  0.27479E+00  0.27060E+00
  0.58250E-01  0.27475E+00  0.27056E+00
  0.58750E-01  0.27471E+00  0.27052E+00
  0.59250E-01  0.27467E+00  0.27047E+00
  0.59750E-01  0.27463E+00  0.27043E+00
  0.60250E-01  0.27458E+00  0.27039E+00
  0.60750E-01  0.27454E+00  0.27034E+00
  0.61250E-01  0.27450E+00  0.27030E+00
  0.61750E-01  0.27445E+00  0.27025E+00
  0.62250E-01  0.27441E+00  0.27020E+00
  0.62750E-01  0.27436E+00  0.27016E+00
  0.63250E-01  0.27432E+00  0.27011E+00
  0.63750E-01  0.27427E+00  0.27006E+00
  0.64250E-01  0.27422E+00  0.27002E+00
  0.64750E-01  0.27418E+00  0.26997E+00
  0.65250E-01  0.27413E+00  0.26992E+00
  0.65750E-01  0.27408E+00  0.26987E+00
  0.66250E-01  0.27404E+00  0.26982E+00
  0.66750E-01  0.27399E+00  0.26977E+00
  0.67250E-01  0.27394E+00  0.26972E+00
  0.67750E-01  0.27389E+00  0.26967E+00
  0.68250E-01  0.27384E+00  0.26962E+00
  0.68750E-01  0.27379E+00  0.26957E+00
  0.69250E-01  0.27374E+00  0.26952E+00
  0.69750E-01  0.27369E+00  0.26947E+00
  0.70250E-01  0.27364E+00  0.26942E+00
  0.70750E-01  0.27359E+00  0.26936E+00
  0.71250E-01  0.27354E+00  0.26931E+00
  0.71750E-01  0.27349E+00  0.26926E+00
  0.72250E-01  0.27343E+00  0.26920E+00
  0.72750E-01  0.27338E+00  0.26915E+00
  0.73250E-01  0.27333E+00  0.26909E+00
  0.73750E-01  0.27327E+00  0.26904E+00
  0.74250E-01  0.27322E+00  0.26898E+00
  0.74750E-01  0.27317E+00  0.26893E+00
  0.75250E-01  0.27311E+00  0.26887E+00
  0.75750E-01  0.27306E+00  0.26881E+00
  0.76250E-01  0.27300E+00  0.26876E+00
  0.76750E-01  0.27295E+00  0.26870E+00
  0.77250E-01  0.27289E+00  0.26864E+00
  0.77750E-01  0.27283E+00  0.26858E+00
  0.78250E-01  0.27278E+00  0.26852E+00
  0.78750E-01  0.27272E+00  0.26846E+00
  0.79250E-01  0.27266E+00  0.26841E+00
  0.79750E-01  0.27260E+00  0.26835E+00
  0.80250E-01  0.27254E+00  0.26828E+00
  0.80750E-01  0.27248E+00  0.26822E+00
  0.81250E-01  0.27242E+00  0.26816E+00
  0.81750E-01  0.27236E+00  0.26810E+00
  0.82250E-01  0.27230E+00  0.26804E+00
  0.82750E-01  0.27224E+00  0.26798E+00
  0.83250E-01  0.27218E+00  0.26791E+00
  0.83750E-01  0.27212E+00  0.26785E+00
  0.84250E-01  0.27206E+00  0.26779E+00
  0.84750E-01  0.27200E+00  0.26772E+00
  0.85250E-01  0.27193E+00  0.26766E+00
  0.85750E-01  0.27187E+00  0.26759E+00
  0.86250E-01  0.27181E+00  0.26753E+00
  0.86750E-01  0.27174E+00  0.26746E+00
  0.87250E-01  0.27168E+00  0.26739E+00
  0.87750E-01  0.27161E+00  0.26733E+00
  0.88250E-01  0.27155E+00  0.26726E+00
  0.88750E-01  0.27148E+00  0.26719E+00
  0.89250E-01  0.27142E+00  0.26712E+00
  0.89750E-01  0.27135E+00  0.26705E+00
  0.90250E-01  0.27128E+00  0.26699E+00
  0.90750E-01  0.27122E+00  0.26692E+00
  0.91250E-01  0.27115E+00  0.26685E+00
  0.91750E-01  0.27108E+00  0.26678E+00
  0.92250E-01  0.27101E+00  0.26670E+00
  0.92750E-01  0.27094E+00  0.26663E+00
  0.93250E-01  0.27087E+00  0.26656E+00
  0.93750E-01  0.27080E+00  0.26649E+00
  0.94250E-01  0.27073E+00  0.26642E+00
  0.94750E-01  0.27066E+00  0.26634E+00
  0.95250E-01  0.27059E+00  0.26627E+00
  0.95750E-01  0.27052E+00  0.26620E+00
  0.96250E-01  0.27045E+00  0.26612E+00
  0.96750E-01  0.27037E+00  0.26605E+00
  0.97250E-01  0.27030E+00  0.26597E+00
  0.97750E-01  0.27023E+00  0.26590E+00
  0.98250E-01  0.27015E+00  0.26582E+00
  0.98750E-01  0.27008E+00  0.26574E+00
  0.99250E-01  0.27000E+00  0.26567E+00
  0.99750E-01  0.26993E+00  0.26559E+00
  0.10025E+00  0.26985E+00  0.26551E+00
  0.10075E+00  0.26978E+00  0.26543E+00
  0.10125E+00  0.26970E+00  0.26535E+00
  0.10175E+00  0.26962E+00  0.26527E+00
  0.10225E+00  0.26955E+00  0.26519E+00
  0.10275E+00  0.26947E+00  0.26511E+00
  0.10325E+00  0.26939E+00  0.26503E+00
  0.10375E+00  0.26931E+00  0.26495E+00
  0.10425E+00  0.26923E+00  0.26487E+00
  0.10475E+00  0.26915E+00  0.26479E+00
  0.10525E+00  0.26907E+00  0.26470E+00
  0.10575E+00  0.26899E+00  0.26462E+00
  0.10625E+00  0.26891E+00  0.26454E+00
  0.10675E+00  0.26883E+00  0.26445E+00
  0.10725E+00  0.26875E+00  0.26437E+00
  0.10775E+00  0.26866E+00  0.26428E+00
  0.10825E+00  0.26858E+00  0.26420E+00
  0.10875E+00  0.26850E+00  0.26411E+00
  0.10925E+00  0.26841E+00  0.26403E+00
  0.10975E+00  0.26833E+00  0.26394E+00
  0.11025E+00  0.26824E+00  0.26385E+00
  0.11075E+00  0.26816E+00  0.26376E+00
  0.11125E+00  0.26807E+00  0.26367E+00
  0.11175E+00  0.26799E+00  0.26359E+00
  0.11225E+00  0.26790E+00  0.26350E+00
  0.11275E+00  0.26781E+00  0.26341E+00
  0.11325E+00  0.26773E+00  0.26332E+00
  0.11375E+00  0.26764E+00  0.26322E+00
  0.11425E+00  0.26755E+00  0.26313E+00
  0.11475E+00  0.26746E+00  0.26304E+00
  0.11525E+00  0.26737E+00  0.26295E+00
  0.11575E+00  0.26728E+00  0.26286E+00
  0.11625E+00  0.26719E+00  0.26276E+00
  0.11675E+00  0.26710E+00  0.26267E+00
  0.11725E+00  0.26701E+00  0.26257E+00
  0.11775E+00  0.26691E+00  0.26248E+00
  0.11825E+00  0.26682E+00  0.26238E+00
  0.11875E+00  0.26673E+00  0.26229E+00
  0.11925E+00  0.26664E+00  0.26219E+00
  0.11975E+00  0.26654E+00  0.26209E+00
  0.12025E+00  0.26645E+00  0.26200E+00
  0.12075E+00  0.26635E+00  0.26190E+00
  0.12125E+00  0.26626E+00  0.26180E+00
  0.12175E+00  0.26616E+00  0.26170E+00
  0.12225E+00  0.26606E+00  0.26160E+00
  0.12275E+00  0.26597E+00  0.26150E+00
  0.12325E+00  0.26587E+00  0.26140E+00
  0.12375E+00  0.26577E+00  0.26130E+00
  0.12425E+00  0.26567E+00  0.26120E+00
  0.12475E+00  0.26557E+00  0.26109E+00
  0.12525E+00  0.26547E+00  0.26099E+00
  0.12575E+00  0.26537E+00  0.26089E+00
  0.12625E+00  0.26527E+00  0.26078E+00
  0.12675E+00  0.26517E+00  0.26068E+00
  0.12725E+00  0.26507E+00  0.26057E+00
  0.12775E+00  0.26497E+00  0.26047E+00
  0.12825E+00  0.26486E+00  0.26036E+00
  0.12875E+00  0.26476E+00  0.26025E+00
  0.12925E+00  0.26466E+00  0.26015E+00
  0.12975E+00  0.26455E+00  0.26004E+00
  0.13025E+00  0.26445E+00  0.25993E+00
  0.13075E+00  0.26434E+00  0.25982E+00
  0.13125E+00  0.26424E+00  0.25971E+00
  0.13175E+00  0.26413E+00  0.25960E+00
  0.13225E+00  0.26402E+00  0.25949E+00
  0.13275E+00  0.26391E+00  0.25938E+00
  0.13325E+00  0.26381E+00  0.25927E+00
  0.13375E+00  0.26370E+00  0.25915E+00
  0.13425E+00  0.26359E+00  0.25904E+00
  0.13475E+00  0.26348E+00  0.25893E+00
  0.13525E+00  0.26337E+00  0.25881E+00
  0.13575E+00  0.26326E+00  0.25870E+00
  0.13625E+00  0.26314E+00  0.25858E+00
  0.13675E+00  0.26303E+00  0.25847E+00
  0.13725E+00  0.26292E+00  0.25835E+00
  0.13775E+00  0.26281E+00  0.25823E+00
  0.13825E+00  0.26269E+00  0.25812E+00
  0.13875E+00  0.26258E+00  0.25800E+00
  0.13925E+00  0.26246E+00  0.25788E+00
  0.13975E+00  0.26235E+00  0.25776E+00
  0.14025E+00  0.26223E+00  0.25764E+00
  0.14075E+00  0.26211E+00  0.25752E+00
  0.14125E+00  0.26200E+00  0.25740E+00
  0.14175E+00  0.26188E+00  0.25727E+00
  0.14225E+00  0.26176E+00  0.25715E+00
  0.14275E+00  0.26164E+00  0.25703E+00
  0.14325E+00  0.26152E+00  0.25690E+00
  0.14375E+00  0.26140E+00  0.25678E+00
  0.14425E+00  0.26128E+00  0.25665E+00
  0.14475E+00  0.26116E+00  0.25653E+00
  0.14525E+00  0.26103E+00  0.25640E+00
  0.14575E+00  0.26091E+00  0.25627E+00
  0.14625E+00  0.26079E+00  0.25615E+00
  0.14675E+00  0.26066E+00  0.25602E+00
  0.14725E+00  0.26054E+00  0.25589E+00
  0.14775E+00  0.26041E+00  0.25576E+00
  0.14825E+00  0.26029E+00  0.25563E+00
  0.14875E+00  0.26016E+00  0.25550E+00
  0.14925E+00  0.26003E+00  0.25536E+00
  0.14975E+00  0.25991E+00  0.25523E+00
  0.15025E+00  0.25978E+00  0.25510E+00
  0.15075E+00  0.25965E+00  0.25496E+00
  0.15125E+00  0.25952E+00  0.25483E+00
  0.15175E+00  0.25939E+00  0.25469E+00
  0.15225E+00  0.25925E+00  0.25456E+00
  0.15275E+00  0.25912E+00  0.25442E+00
  0.15325E+00  0.25899E+00  0.25428E+00
  0.15375E+00  0.25886E+00  0.25415E+00
  0.15425E+00  0.25872E+00  0.25401E+00
  0.15475E+00  0.25859E+00  0.25387E+00
  0.15525E+00  0.25845E+00  0.25373E+00
  0.15575E+00  0.25832E+00  0.25359E+00
  0.15625E+00  0.25818E+00  0.25344E+00
  0.15675E+00  0.25804E+00  0.25330E+00
  0.15725E+00  0.25790E+00  0.25316E+00
  0.15775E+00  0.25777E+00  0.25302E+00
  0.15825E+00  0.25763E+00  0.25287E+00
  0.15875E+00  0.25749E+00  0.25273E+00
  0.15925E+00  0.25734E+00  0.25258E+00
  0.15975E+00  0.25720E+00  0.25243E+00
  0.16025E+00  0.25706E+00  0.25228E+00
  0.16075E+00  0.25692E+00  0.25214E+00
  0.16125E+00  0.25677E+00  0.25199E+00
  0.16175E+00  0.25663E+00  0.25184E+00
  0.16225E+00  0.25648E+00  0.25169E+00
  0.16275E+00  0.25634E+00  0.25153E+00
  0.16325E+00  0.25619E+00  0.25138E+00
  0.16375E+00  0.25604E+00  0.25123E+00
  0.16425E+00  0.25589E+00  0.25107E+00
  0.16475E+00  0.25574E+00  0.25092E+00
  0.16525E+00  0.25559E+00  0.25076E+00
  0.16575E+00  0.25544E+00  0.25061E+00
  0.16625E+00  0.25529E+00  0.25045E+00
  0.16675E+00  0.25514E+00  0.25029E+00
  0.16725E+00  0.25499E+00  0.25013E+00
  0.16775E+00  0.25483E+00  0.24997E+00
  0.16825E+00  0.25468E+00  0.24981E+00
  0.16875E+00  0.25452E+00  0.24965E+00
  0.16925E+00  0.25436E+00  0.24949E+00
  0.16975E+00  0.25421E+00  0.24933E+00
  0.17025E+00  0.25405E+00  0.24916E+00
  0.17075E+00  0.25389E+00  0.24900E+00
  0.17125E+00  0.25373E+00  0.24883E+00
  0.17175E+00  0.25357E+00  0.24866E+00
  0.17225E+00  0.25341E+00  0.24850E+00
  0.17275E+00  0.25325E+00  0.24833E+00
  0.17325E+00  0.25308E+00  0.24816E+00
  0.17375E+00  0.25292E+00  0.24799E+00
  0.17425E+00  0.25275E+00  0.24782E+00
  0.17475E+00  0.25259E+00  0.24765E+00
  0.17525E+00  0.25242E+00  0.24747E+00
  0.17575E+00  0.25225E+00  0.24730E+00
  0.17625E+00  0.25209E+00  0.24712E+00
  0.17675E+00  0.25192E+00  0.24695E+00
  0.17725E+00  0.25175E+00  0.24677E+00
  0.17775E+00  0.25157E+00  0.24659E+00
  0.17825E+00  0.25140E+00  0.24641E+00
  0.17875E+00  0.25123E+00  0.24623E+00
  0.17925E+00  0.25106E+00  0.24605E+00
  0.17975E+00  0.25088E+00  0.24587E+00
  0.18025E+00  0.25070E+00  0.24569E+00
  0.18075E+00  0.25053E+00  0.24550E+00
  0.18125E+00  0.25035E+00  0.24532E+00
  0.18175E+00  0.25017E+00  0.24513E+00
  0.18225E+00  0.24999E+00  0.24495E+00
  0.18275E+00  0.24981E+00  0.24476E+00
  0.18325E+00  0.24963E+00  0.24457E+00
  0.18375E+00  0.24944E+00  0.24438E+00
  0.18425E+00  0.24926E+00  0.24419E+00
  0.18475E+00  0.24908E+00  0.24400E+00
  0.18525E+00  0.24889E+00  0.24380E+00
  0.18575E+00  0.24870E+00  0.24361E+00
  0.18625E+00  0.24851E+00  0.24341E+00
  0.18675E+00  0.24833E+00  0.24321E+00
  0.18725E+00  0.24814E+00  0.24302E+00
  0.18775E+00  0.24794E+00  0.24282E+00
  0.18825E+00  0.24775E+00  0.24262E+00
  0.18875E+00  0.24756E+00  0.24242E+00
  0.18925E+00  0.24736E+00  0.24221E+00
  0.18975E+00  0.24717E+00  0.24201E+00
  0.19025E+00  0.24697E+00  0.24180E+00
  0.19075E+00  0.24677E+00  0.24160E+00
  0.19125E+00  0.24657E+00  0.24139E+00
  0.19175E+00  0.24637E+00  0.24118E+00
  0.19225E+00  0.24617E+00  0.24097E+00
  0.19275E+00  0.24597E+00  0.24076E+00
  0.19325E+00  0.24576E+00  0.24055E+00
  0.19375E+00  0.24556E+00  0.24033E+00
  0.19425E+00  0.24535E+00  0.24012E+00
  0.19475E+00  0.24514E+00  0.23990E+00
  0.19525E+00  0.24494E+00  0.23969E+00
  0.19575E+00  0.24473E+00  0.23947E+00
  0.19625E+00  0.24451E+00  0.23925E+00
  0.19675E+00  0.24430E+00  0.23902E+00
  0.19725E+00  0.24409E+00  0.23880E+00
  0.19775E+00  0.24387E+00  0.23858E+00
  0.19825E+00  0.24366E+00  0.23835E+00
  0.19875E+00  0.24344E+00  0.23812E+00
  0.19925E+00  0.24322E+00  0.23789E+00
  0.19975E+00  0.24300E+00  0.23766E+00
  0.20025E+00  0.24278E+00  0.23743E+00
  0.20075E+00  0.24255E+00  0.23720E+00
  0.20125E+00  0.24233E+00  0.23696E+00
  0.20175E+00  0.24210E+00  0.23673E+00
  0.20225E+00  0.24187E+00  0.23649E+00
  0.20275E+00  0.24164E+00  0.23625E+00
  0.20325E+00  0.24141E+00  0.23601E+00
  0.20375E+00  0.24118E+00  0.23577E+00
  0.20425E+00  0.24095E+00  0.23552E+00
  0.20475E+00  0.24071E+00  0.23528E+00
  0.20525E+00  0.24048E+00  0.23503E+00
  0.20575E+00  0.24024E+00  0.23478E+00
  0.20625E+00  0.24000E+00  0.23453E+00
  0.20675E+00  0.23976E+00  0.23428E+00
  0.20725E+00  0.23951E+00  0.23403E+00
  0.20775E+00  0.23927E+00  0.23377E+00
  0.20825E+00  0.23902E+00  0.23351E+00
  0.20875E+00  0.23877E+00  0.23325E+00
  0.20925E+00  0.23852E+00  0.23299E+00
  0.20975E+00  0.23827E+00  0.23273E+00
  0.21025E+00  0.23802E+00  0.23246E+00
  0.21075E+00  0.23776E+00  0.23220E+00
  0.21125E+00  0.23751E+00  0.23193E+00
  0.21175E+00  0.23725E+00  0.23166E+00
  0.21225E+00  0.23699E+00  0.23139E+00
  0.21275E+00  0.23673E+00  0.23111E+00
  0.21325E+00  0.23646E+00  0.23084E+00
  0.21375E+00  0.23620E+00  0.23056E+00
  0.21425E+00  0.23593E+00  0.23028E+00
  0.21475E+00  0.23566E+00  0.23000E+00
  0.21525E+00  0.23539E+00  0.22971E+00
  0.21575E+00  0.23511E+00  0.22943E+00
  0.21625E+00  0.23484E+00  0.22914E+00
  0.21675E+00  0.23456E+00  0.22885E+00
  0.21725E+00  0.23428E+00  0.22855E+00
  0.21775E+00  0.23400E+00  0.22826E+00
  0.21825E+00  0.23372E+00  0.22796E+00
  0.21875E+00  0.23343E+00  0.22766E+00
  0.21925E+00  0.23314E+00  0.22736E+00
  0.21975E+00  0.23285E+00  0.22705E+00
  0.22025E+00  0.23256E+00  0.22675E+00
  0.22075E+00  0.23226E+00  0.22644E+00
  0.22125E+00  0.23197E+00  0.22613E+00
  0.22175E+00  0.23167E+00  0.22581E+00
  0.22225E+00  0.23137E+00  0.22549E+00
  0.22275E+00  0.23106E+00  0.22517E+00
  0.22325E+00  0.23076E+00  0.22485E+00
  0.22375E+00  0.23045E+00  0.22453E+00
  0.22425E+00  0.23013E+00  0.22420E+00
  0.22475E+00  0.22982E+00  0.22387E+00
  0.22525E+00  0.22950E+00  0.22354E+00
  0.22575E+00  0.22918E+00  0.22320E+00
  0.22625E+00  0.22886E+00  0.22286E+00
  0.22675E+00  0.22854E+00  0.22252E+00
  0.22725E+00  0.22821E+00  0.22218E+00
  0.22775E+00  0.22788E+00  0.22183E+00
  0.22825E+00  0.22755E+00  0.22148E+00
  0.22875E+00  0.22721E+00  0.22113E+00
  0.22925E+00  0.22687E+00  0.22077E+00
  0.22975E+00  0.22653E+00  0.22041E+00
  0.23025E+00  0.22618E+00  0.22005E+00
  0.23075E+00  0.22584E+00  0.21968E+00
  0.23125E+00  0.22549E+00  0.21931E+00
  0.23175E+00  0.22513E+00  0.21894E+00
  0.23225E+00  0.22477E+00  0.21856E+00
  0.23275E+00  0.22441E+00  0.21818E+00
  0.23325E+00  0.22405E+00  0.21780E+00
  0.23375E+00  0.22368E+00  0.21741E+00
  0.23425E+00  0.22331E+00  0.21702E+00
  0.23475E+00  0.22294E+00  0.21662E+00
  0.23525E+00  0.22256E+00  0.21622E+00
  0.23575E+00  0.22218E+00  0.21582E+00
  0.23625E+00  0.22179E+00  0.21541E+00
  0.23675E+00  0.22140E+00  0.21500E+00
  0.23725E+00  0.22101E+00  0.21459E+00
  0.23775E+00  0.22061E+00  0.21417E+00
  0.23825E+00  0.22021E+00  0.21374E+00
  0.23875E+00  0.21981E+00  0.21332E+00
  0.23925E+00  0.21940E+00  0.21288E+00
  0.23975E+00  0.21899E+00  0.21245E+00
  0.24025E+00  0.21857E+00  0.21200E+00
  0.24075E+00  0.21815E+00  0.21156E+00
  0.24125E+00  0.21772E+00  0.21110E+00
  0.24175E+00  0.21729E+00  0.21065E+00
  0.24225E+00  0.21685E+00  0.21019E+00
  0.24275E+00  0.21641E+00  0.20972E+00
  0.24325E+00  0.21597E+00  0.20925E+00
  0.24375E+00  0.21552E+00  0.20877E+00
  0.24425E+00  0.21506E+00  0.20829E+00
  0.24475E+00  0.21460E+00  0.20780E+00
  0.24525E+00  0.21414E+00  0.20730E+00
  0.24575E+00  0.21367E+00  0.20680E+00
  0.24625E+00  0.21319E+00  0.20630E+00
  0.24675E+00  0.21271E+00  0.20578E+00
  0.24725E+00  0.21222E+00  0.20526E+00
  0.24775E+00  0.21172E+00  0.20474E+00
  0.24825E+00  0.21122E+00  0.20421E+00
  0.24875E+00  0.21072E+00  0.20367E+00
  0.24925E+00  0.21021E+00  0.20312E+00
  0.24975E+00  0.20969E+00  0.20257E+00
