 TITLE=RHEs, VARIABLES="X","Tem_e1","Tem_e2"
  0.00000E+00  7.51571E-01  7.51571E-01
  1.00000E-02  7.51599E-01  7.51633E-01
  2.00000E-02  7.51691E-01  7.51765E-01
  3.00000E-02  7.51849E-01  7.51960E-01
  4.00000E-02  7.52066E-01  7.52210E-01
  5.00000E-02  7.52337E-01  7.52510E-01
  6.00000E-02  7.52654E-01  7.52853E-01
  7.00000E-02  7.53014E-01  7.53236E-01
  8.00000E-02  7.53412E-01  7.53654E-01
  9.00000E-02  7.53842E-01  7.54101E-01
  1.00000E-01  7.54300E-01  7.54575E-01
  1.10000E-01  7.54784E-01  7.55071E-01
  1.20000E-01  7.55289E-01  7.55587E-01
  1.30000E-01  7.55812E-01  7.56120E-01
  1.40000E-01  7.56351E-01  7.56666E-01
  1.50000E-01  7.56903E-01  7.57224E-01
  1.60000E-01  7.57465E-01  7.57791E-01
  1.70000E-01  7.58036E-01  7.58365E-01
  1.80000E-01  7.58613E-01  7.58945E-01
  1.90000E-01  7.59196E-01  7.59529E-01
  2.00000E-01  7.59782E-01  7.60116E-01
  2.10000E-01  7.60370E-01  7.60704E-01
  2.20000E-01  7.60958E-01  7.61292E-01
  2.30000E-01  7.61547E-01  7.61880E-01
  2.40000E-01  7.62135E-01  7.62466E-01
  2.50000E-01  7.62720E-01  7.63049E-01
  2.60000E-01  7.63303E-01  7.63630E-01
  2.70000E-01  7.63882E-01  7.64206E-01
  2.80000E-01  7.64458E-01  7.64779E-01
  2.90000E-01  7.65029E-01  7.65347E-01
  3.00000E-01  7.65595E-01  7.65909E-01
  3.10000E-01  7.66156E-01  7.66467E-01
  3.20000E-01  7.66712E-01  7.67018E-01
  3.30000E-01  7.67262E-01  7.67564E-01
  3.40000E-01  7.67805E-01  7.68104E-01
  3.50000E-01  7.68343E-01  7.68637E-01
  3.60000E-01  7.68874E-01  7.69164E-01
  3.70000E-01  7.69398E-01  7.69684E-01
  3.80000E-01  7.69916E-01  7.70198E-01
  3.90000E-01  7.70428E-01  7.70705E-01
  4.00000E-01  7.70932E-01  7.71206E-01
  4.10000E-01  7.71430E-01  7.71699E-01
  4.20000E-01  7.71921E-01  7.72186E-01
  4.30000E-01  7.72406E-01  7.72666E-01
  4.40000E-01  7.72883E-01  7.73140E-01
  4.50000E-01  7.73354E-01  7.73607E-01
  4.60000E-01  7.73818E-01  7.74067E-01
  4.70000E-01  7.74276E-01  7.74521E-01
  4.80000E-01  7.74727E-01  7.74968E-01
  4.90000E-01  7.75172E-01  7.75409E-01
  5.00000E-01  7.75610E-01  7.75843E-01
  5.00100E-01  7.75614E-01  7.75847E-01
