 TITLE=RHEsVARIABLES=="X","Tem_e","Tem_r"
 ZONE I=         500
  0.20000E-02  0.75430E+00  0.75457E+00
  0.60000E-02  0.75740E+00  0.75767E+00
  0.10000E-01  0.76050E+00  0.76075E+00
  0.14000E-01  0.76359E+00  0.76384E+00
  0.18000E-01  0.76668E+00  0.76692E+00
  0.22000E-01  0.76977E+00  0.77001E+00
  0.26000E-01  0.77285E+00  0.77308E+00
  0.30000E-01  0.77594E+00  0.77616E+00
  0.34000E-01  0.77901E+00  0.77923E+00
  0.38000E-01  0.78208E+00  0.78229E+00
  0.42000E-01  0.78515E+00  0.78535E+00
  0.46000E-01  0.78821E+00  0.78840E+00
  0.50000E-01  0.79126E+00  0.79145E+00
  0.54000E-01  0.79431E+00  0.79449E+00
  0.58000E-01  0.79735E+00  0.79752E+00
  0.62000E-01  0.80038E+00  0.80054E+00
  0.66000E-01  0.80340E+00  0.80356E+00
  0.70000E-01  0.80642E+00  0.80657E+00
  0.74000E-01  0.80942E+00  0.80957E+00
  0.78000E-01  0.81242E+00  0.81255E+00
  0.82000E-01  0.81540E+00  0.81553E+00
  0.86000E-01  0.81837E+00  0.81850E+00
  0.90000E-01  0.82134E+00  0.82146E+00
  0.94000E-01  0.82429E+00  0.82440E+00
  0.98000E-01  0.82723E+00  0.82734E+00
  0.10200E+00  0.83016E+00  0.83026E+00
  0.10600E+00  0.83307E+00  0.83317E+00
  0.11000E+00  0.83597E+00  0.83606E+00
  0.11400E+00  0.83886E+00  0.83895E+00
  0.11800E+00  0.84173E+00  0.84181E+00
  0.12200E+00  0.84459E+00  0.84467E+00
  0.12600E+00  0.84743E+00  0.84751E+00
  0.13000E+00  0.85026E+00  0.85033E+00
  0.13400E+00  0.85307E+00  0.85314E+00
  0.13800E+00  0.85587E+00  0.85593E+00
  0.14200E+00  0.85865E+00  0.85870E+00
  0.14600E+00  0.86141E+00  0.86146E+00
  0.15000E+00  0.86415E+00  0.86420E+00
  0.15400E+00  0.86688E+00  0.86692E+00
  0.15800E+00  0.86959E+00  0.86962E+00
  0.16200E+00  0.87228E+00  0.87230E+00
  0.16600E+00  0.87495E+00  0.87497E+00
  0.17000E+00  0.87760E+00  0.87762E+00
  0.17400E+00  0.88023E+00  0.88024E+00
  0.17800E+00  0.88283E+00  0.88285E+00
  0.18200E+00  0.88542E+00  0.88543E+00
  0.18600E+00  0.88799E+00  0.88799E+00
  0.19000E+00  0.89053E+00  0.89053E+00
  0.19400E+00  0.89306E+00  0.89305E+00
  0.19800E+00  0.89556E+00  0.89555E+00
  0.20200E+00  0.89804E+00  0.89802E+00
  0.20600E+00  0.90049E+00  0.90047E+00
  0.21000E+00  0.90292E+00  0.90290E+00
  0.21400E+00  0.90533E+00  0.90531E+00
  0.21800E+00  0.90771E+00  0.90769E+00
  0.22200E+00  0.91007E+00  0.91004E+00
  0.22600E+00  0.91240E+00  0.91237E+00
  0.23000E+00  0.91471E+00  0.91467E+00
  0.23400E+00  0.91699E+00  0.91695E+00
  0.23800E+00  0.91925E+00  0.91921E+00
  0.24200E+00  0.92148E+00  0.92143E+00
  0.24600E+00  0.92368E+00  0.92363E+00
  0.25000E+00  0.92585E+00  0.92580E+00
  0.25400E+00  0.92800E+00  0.92795E+00
  0.25800E+00  0.93012E+00  0.93007E+00
  0.26200E+00  0.93221E+00  0.93216E+00
  0.26600E+00  0.93428E+00  0.93422E+00
  0.27000E+00  0.93631E+00  0.93625E+00
  0.27400E+00  0.93832E+00  0.93825E+00
  0.27800E+00  0.94030E+00  0.94023E+00
  0.28200E+00  0.94224E+00  0.94217E+00
  0.28600E+00  0.94416E+00  0.94409E+00
  0.29000E+00  0.94605E+00  0.94597E+00
  0.29400E+00  0.94790E+00  0.94783E+00
  0.29800E+00  0.94973E+00  0.94965E+00
  0.30200E+00  0.95152E+00  0.95144E+00
  0.30600E+00  0.95329E+00  0.95320E+00
  0.31000E+00  0.95502E+00  0.95493E+00
  0.31400E+00  0.95672E+00  0.95663E+00
  0.31800E+00  0.95838E+00  0.95829E+00
  0.32200E+00  0.96002E+00  0.95993E+00
  0.32600E+00  0.96162E+00  0.96153E+00
  0.33000E+00  0.96319E+00  0.96310E+00
  0.33400E+00  0.96473E+00  0.96463E+00
  0.33800E+00  0.96623E+00  0.96613E+00
  0.34200E+00  0.96770E+00  0.96760E+00
  0.34600E+00  0.96914E+00  0.96903E+00
  0.35000E+00  0.97054E+00  0.97043E+00
  0.35400E+00  0.97190E+00  0.97180E+00
  0.35800E+00  0.97324E+00  0.97313E+00
  0.36200E+00  0.97454E+00  0.97443E+00
  0.36600E+00  0.97580E+00  0.97569E+00
  0.37000E+00  0.97703E+00  0.97692E+00
  0.37400E+00  0.97822E+00  0.97811E+00
  0.37800E+00  0.97938E+00  0.97927E+00
  0.38200E+00  0.98050E+00  0.98039E+00
  0.38600E+00  0.98159E+00  0.98147E+00
  0.39000E+00  0.98264E+00  0.98252E+00
  0.39400E+00  0.98365E+00  0.98354E+00
  0.39800E+00  0.98463E+00  0.98451E+00
  0.40200E+00  0.98557E+00  0.98545E+00
  0.40600E+00  0.98648E+00  0.98636E+00
  0.41000E+00  0.98734E+00  0.98722E+00
  0.41400E+00  0.98818E+00  0.98806E+00
  0.41800E+00  0.98897E+00  0.98885E+00
  0.42200E+00  0.98973E+00  0.98961E+00
  0.42600E+00  0.99045E+00  0.99033E+00
  0.43000E+00  0.99113E+00  0.99101E+00
  0.43400E+00  0.99178E+00  0.99165E+00
  0.43800E+00  0.99239E+00  0.99226E+00
  0.44200E+00  0.99296E+00  0.99283E+00
  0.44600E+00  0.99349E+00  0.99337E+00
  0.45000E+00  0.99399E+00  0.99386E+00
  0.45400E+00  0.99444E+00  0.99432E+00
  0.45800E+00  0.99486E+00  0.99474E+00
  0.46200E+00  0.99525E+00  0.99512E+00
  0.46600E+00  0.99559E+00  0.99546E+00
  0.47000E+00  0.99589E+00  0.99577E+00
  0.47400E+00  0.99616E+00  0.99603E+00
  0.47800E+00  0.99639E+00  0.99626E+00
  0.48200E+00  0.99658E+00  0.99645E+00
  0.48600E+00  0.99674E+00  0.99661E+00
  0.49000E+00  0.99685E+00  0.99672E+00
  0.49400E+00  0.99693E+00  0.99680E+00
  0.49800E+00  0.99697E+00  0.99684E+00
  0.50200E+00  0.99697E+00  0.99684E+00
  0.50600E+00  0.99693E+00  0.99680E+00
  0.51000E+00  0.99685E+00  0.99672E+00
  0.51400E+00  0.99674E+00  0.99661E+00
  0.51800E+00  0.99658E+00  0.99645E+00
  0.52200E+00  0.99639E+00  0.99626E+00
  0.52600E+00  0.99616E+00  0.99603E+00
  0.53000E+00  0.99589E+00  0.99577E+00
  0.53400E+00  0.99559E+00  0.99546E+00
  0.53800E+00  0.99525E+00  0.99512E+00
  0.54200E+00  0.99486E+00  0.99474E+00
  0.54600E+00  0.99444E+00  0.99432E+00
  0.55000E+00  0.99399E+00  0.99386E+00
  0.55400E+00  0.99349E+00  0.99337E+00
  0.55800E+00  0.99296E+00  0.99283E+00
  0.56200E+00  0.99239E+00  0.99226E+00
  0.56600E+00  0.99178E+00  0.99165E+00
  0.57000E+00  0.99113E+00  0.99101E+00
  0.57400E+00  0.99045E+00  0.99033E+00
  0.57800E+00  0.98973E+00  0.98961E+00
  0.58200E+00  0.98897E+00  0.98885E+00
  0.58600E+00  0.98818E+00  0.98806E+00
  0.59000E+00  0.98734E+00  0.98722E+00
  0.59400E+00  0.98648E+00  0.98636E+00
  0.59800E+00  0.98557E+00  0.98545E+00
  0.60200E+00  0.98463E+00  0.98451E+00
  0.60600E+00  0.98365E+00  0.98354E+00
  0.61000E+00  0.98264E+00  0.98252E+00
  0.61400E+00  0.98159E+00  0.98147E+00
  0.61800E+00  0.98050E+00  0.98039E+00
  0.62200E+00  0.97938E+00  0.97927E+00
  0.62600E+00  0.97822E+00  0.97811E+00
  0.63000E+00  0.97703E+00  0.97692E+00
  0.63400E+00  0.97580E+00  0.97569E+00
  0.63800E+00  0.97454E+00  0.97443E+00
  0.64200E+00  0.97324E+00  0.97313E+00
  0.64600E+00  0.97190E+00  0.97180E+00
  0.65000E+00  0.97054E+00  0.97043E+00
  0.65400E+00  0.96914E+00  0.96903E+00
  0.65800E+00  0.96770E+00  0.96760E+00
  0.66200E+00  0.96623E+00  0.96613E+00
  0.66600E+00  0.96473E+00  0.96463E+00
  0.67000E+00  0.96319E+00  0.96310E+00
  0.67400E+00  0.96162E+00  0.96153E+00
  0.67800E+00  0.96002E+00  0.95993E+00
  0.68200E+00  0.95838E+00  0.95829E+00
  0.68600E+00  0.95672E+00  0.95663E+00
  0.69000E+00  0.95502E+00  0.95493E+00
  0.69400E+00  0.95329E+00  0.95320E+00
  0.69800E+00  0.95152E+00  0.95144E+00
  0.70200E+00  0.94973E+00  0.94965E+00
  0.70600E+00  0.94790E+00  0.94783E+00
  0.71000E+00  0.94605E+00  0.94597E+00
  0.71400E+00  0.94416E+00  0.94409E+00
  0.71800E+00  0.94224E+00  0.94217E+00
  0.72200E+00  0.94030E+00  0.94023E+00
  0.72600E+00  0.93832E+00  0.93825E+00
  0.73000E+00  0.93631E+00  0.93625E+00
  0.73400E+00  0.93428E+00  0.93422E+00
  0.73800E+00  0.93221E+00  0.93216E+00
  0.74200E+00  0.93012E+00  0.93007E+00
  0.74600E+00  0.92800E+00  0.92795E+00
  0.75000E+00  0.92585E+00  0.92580E+00
  0.75400E+00  0.92368E+00  0.92363E+00
  0.75800E+00  0.92148E+00  0.92143E+00
  0.76200E+00  0.91925E+00  0.91921E+00
  0.76600E+00  0.91699E+00  0.91695E+00
  0.77000E+00  0.91471E+00  0.91467E+00
  0.77400E+00  0.91240E+00  0.91237E+00
  0.77800E+00  0.91007E+00  0.91004E+00
  0.78200E+00  0.90771E+00  0.90769E+00
  0.78600E+00  0.90533E+00  0.90531E+00
  0.79000E+00  0.90292E+00  0.90290E+00
  0.79400E+00  0.90049E+00  0.90047E+00
  0.79800E+00  0.89804E+00  0.89802E+00
  0.80200E+00  0.89556E+00  0.89555E+00
  0.80600E+00  0.89306E+00  0.89305E+00
  0.81000E+00  0.89053E+00  0.89053E+00
  0.81400E+00  0.88799E+00  0.88799E+00
  0.81800E+00  0.88542E+00  0.88543E+00
  0.82200E+00  0.88283E+00  0.88285E+00
  0.82600E+00  0.88023E+00  0.88024E+00
  0.83000E+00  0.87760E+00  0.87762E+00
  0.83400E+00  0.87495E+00  0.87497E+00
  0.83800E+00  0.87228E+00  0.87230E+00
  0.84200E+00  0.86959E+00  0.86962E+00
  0.84600E+00  0.86688E+00  0.86692E+00
  0.85000E+00  0.86415E+00  0.86420E+00
  0.85400E+00  0.86141E+00  0.86146E+00
  0.85800E+00  0.85865E+00  0.85870E+00
  0.86200E+00  0.85587E+00  0.85593E+00
  0.86600E+00  0.85307E+00  0.85314E+00
  0.87000E+00  0.85026E+00  0.85033E+00
  0.87400E+00  0.84743E+00  0.84751E+00
  0.87800E+00  0.84459E+00  0.84467E+00
  0.88200E+00  0.84173E+00  0.84181E+00
  0.88600E+00  0.83886E+00  0.83895E+00
  0.89000E+00  0.83597E+00  0.83606E+00
  0.89400E+00  0.83307E+00  0.83317E+00
  0.89800E+00  0.83016E+00  0.83026E+00
  0.90200E+00  0.82723E+00  0.82734E+00
  0.90600E+00  0.82429E+00  0.82440E+00
  0.91000E+00  0.82134E+00  0.82146E+00
  0.91400E+00  0.81837E+00  0.81850E+00
  0.91800E+00  0.81540E+00  0.81553E+00
  0.92200E+00  0.81242E+00  0.81255E+00
  0.92600E+00  0.80942E+00  0.80957E+00
  0.93000E+00  0.80642E+00  0.80657E+00
  0.93400E+00  0.80340E+00  0.80356E+00
  0.93800E+00  0.80038E+00  0.80054E+00
  0.94200E+00  0.79735E+00  0.79752E+00
  0.94600E+00  0.79431E+00  0.79449E+00
  0.95000E+00  0.79126E+00  0.79145E+00
  0.95400E+00  0.78821E+00  0.78840E+00
  0.95800E+00  0.78515E+00  0.78535E+00
  0.96200E+00  0.78208E+00  0.78229E+00
  0.96600E+00  0.77901E+00  0.77923E+00
  0.97000E+00  0.77594E+00  0.77616E+00
  0.97400E+00  0.77285E+00  0.77308E+00
  0.97800E+00  0.76977E+00  0.77001E+00
  0.98200E+00  0.76668E+00  0.76692E+00
  0.98600E+00  0.76359E+00  0.76384E+00
  0.99000E+00  0.76050E+00  0.76075E+00
  0.99400E+00  0.75740E+00  0.75767E+00
  0.99800E+00  0.75430E+00  0.75457E+00
  0.10020E+01  0.75120E+00  0.75148E+00
  0.10060E+01  0.74810E+00  0.74839E+00
  0.10100E+01  0.74500E+00  0.74530E+00
  0.10140E+01  0.74190E+00  0.74221E+00
  0.10180E+01  0.73880E+00  0.73912E+00
  0.10220E+01  0.73570E+00  0.73603E+00
  0.10260E+01  0.73260E+00  0.73294E+00
  0.10300E+01  0.72951E+00  0.72985E+00
  0.10340E+01  0.72642E+00  0.72677E+00
  0.10380E+01  0.72333E+00  0.72369E+00
  0.10420E+01  0.72024E+00  0.72061E+00
  0.10460E+01  0.71716E+00  0.71754E+00
  0.10500E+01  0.71409E+00  0.71447E+00
  0.10540E+01  0.71101E+00  0.71141E+00
  0.10580E+01  0.70795E+00  0.70835E+00
  0.10620E+01  0.70489E+00  0.70530E+00
  0.10660E+01  0.70183E+00  0.70225E+00
  0.10700E+01  0.69879E+00  0.69921E+00
  0.10740E+01  0.69575E+00  0.69618E+00
  0.10780E+01  0.69271E+00  0.69316E+00
  0.10820E+01  0.68969E+00  0.69015E+00
  0.10860E+01  0.68668E+00  0.68714E+00
  0.10900E+01  0.68367E+00  0.68415E+00
  0.10940E+01  0.68068E+00  0.68116E+00
  0.10980E+01  0.67769E+00  0.67818E+00
  0.11020E+01  0.67472E+00  0.67522E+00
  0.11060E+01  0.67175E+00  0.67227E+00
  0.11100E+01  0.66880E+00  0.66932E+00
  0.11140E+01  0.66586E+00  0.66639E+00
  0.11180E+01  0.66294E+00  0.66348E+00
  0.11220E+01  0.66002E+00  0.66057E+00
  0.11260E+01  0.65713E+00  0.65768E+00
  0.11300E+01  0.65424E+00  0.65480E+00
  0.11340E+01  0.65137E+00  0.65194E+00
  0.11380E+01  0.64851E+00  0.64909E+00
  0.11420E+01  0.64567E+00  0.64626E+00
  0.11460E+01  0.64285E+00  0.64345E+00
  0.11500E+01  0.64004E+00  0.64065E+00
  0.11540E+01  0.63725E+00  0.63786E+00
  0.11580E+01  0.63447E+00  0.63510E+00
  0.11620E+01  0.63172E+00  0.63235E+00
  0.11660E+01  0.62898E+00  0.62962E+00
  0.11700E+01  0.62626E+00  0.62691E+00
  0.11740E+01  0.62356E+00  0.62422E+00
  0.11780E+01  0.62088E+00  0.62154E+00
  0.11820E+01  0.61821E+00  0.61889E+00
  0.11860E+01  0.61557E+00  0.61626E+00
  0.11900E+01  0.61295E+00  0.61364E+00
  0.11940E+01  0.61036E+00  0.61105E+00
  0.11980E+01  0.60778E+00  0.60848E+00
  0.12020E+01  0.60522E+00  0.60594E+00
  0.12060E+01  0.60269E+00  0.60341E+00
  0.12100E+01  0.60018E+00  0.60091E+00
  0.12140E+01  0.59770E+00  0.59843E+00
  0.12180E+01  0.59523E+00  0.59597E+00
  0.12220E+01  0.59280E+00  0.59354E+00
  0.12260E+01  0.59038E+00  0.59114E+00
  0.12300E+01  0.58799E+00  0.58875E+00
  0.12340E+01  0.58563E+00  0.58640E+00
  0.12380E+01  0.58330E+00  0.58407E+00
  0.12420E+01  0.58098E+00  0.58176E+00
  0.12460E+01  0.57870E+00  0.57948E+00
  0.12500E+01  0.57644E+00  0.57723E+00
  0.12540E+01  0.57421E+00  0.57501E+00
  0.12580E+01  0.57201E+00  0.57281E+00
  0.12620E+01  0.56984E+00  0.57064E+00
  0.12660E+01  0.56769E+00  0.56850E+00
  0.12700E+01  0.56558E+00  0.56639E+00
  0.12740E+01  0.56349E+00  0.56430E+00
  0.12780E+01  0.56143E+00  0.56225E+00
  0.12820E+01  0.55941E+00  0.56023E+00
  0.12860E+01  0.55741E+00  0.55823E+00
  0.12900E+01  0.55544E+00  0.55627E+00
  0.12940E+01  0.55351E+00  0.55434E+00
  0.12980E+01  0.55160E+00  0.55243E+00
  0.13020E+01  0.54973E+00  0.55056E+00
  0.13060E+01  0.54789E+00  0.54873E+00
  0.13100E+01  0.54608E+00  0.54692E+00
  0.13140E+01  0.54431E+00  0.54515E+00
  0.13180E+01  0.54257E+00  0.54341E+00
  0.13220E+01  0.54086E+00  0.54170E+00
  0.13260E+01  0.53918E+00  0.54002E+00
  0.13300E+01  0.53754E+00  0.53838E+00
  0.13340E+01  0.53593E+00  0.53678E+00
  0.13380E+01  0.53436E+00  0.53520E+00
  0.13420E+01  0.53282E+00  0.53367E+00
  0.13460E+01  0.53132E+00  0.53216E+00
  0.13500E+01  0.52985E+00  0.53069E+00
  0.13540E+01  0.52842E+00  0.52926E+00
  0.13580E+01  0.52702E+00  0.52786E+00
  0.13620E+01  0.52566E+00  0.52650E+00
  0.13660E+01  0.52433E+00  0.52518E+00
  0.13700E+01  0.52304E+00  0.52389E+00
  0.13740E+01  0.52179E+00  0.52263E+00
  0.13780E+01  0.52058E+00  0.52142E+00
  0.13820E+01  0.51940E+00  0.52024E+00
  0.13860E+01  0.51826E+00  0.51910E+00
  0.13900E+01  0.51716E+00  0.51799E+00
  0.13940E+01  0.51609E+00  0.51693E+00
  0.13980E+01  0.51506E+00  0.51590E+00
  0.14020E+01  0.51407E+00  0.51491E+00
  0.14060E+01  0.51312E+00  0.51395E+00
  0.14100E+01  0.51221E+00  0.51304E+00
  0.14140E+01  0.51133E+00  0.51216E+00
  0.14180E+01  0.51050E+00  0.51133E+00
  0.14220E+01  0.50970E+00  0.51053E+00
  0.14260E+01  0.50894E+00  0.50977E+00
  0.14300E+01  0.50822E+00  0.50905E+00
  0.14340E+01  0.50754E+00  0.50837E+00
  0.14380E+01  0.50690E+00  0.50773E+00
  0.14420E+01  0.50630E+00  0.50712E+00
  0.14460E+01  0.50574E+00  0.50656E+00
  0.14500E+01  0.50522E+00  0.50604E+00
  0.14540E+01  0.50474E+00  0.50556E+00
  0.14580E+01  0.50430E+00  0.50511E+00
  0.14620E+01  0.50390E+00  0.50471E+00
  0.14660E+01  0.50353E+00  0.50435E+00
  0.14700E+01  0.50321E+00  0.50403E+00
  0.14740E+01  0.50293E+00  0.50374E+00
  0.14780E+01  0.50269E+00  0.50350E+00
  0.14820E+01  0.50249E+00  0.50330E+00
  0.14860E+01  0.50233E+00  0.50314E+00
  0.14900E+01  0.50220E+00  0.50302E+00
  0.14940E+01  0.50212E+00  0.50294E+00
  0.14980E+01  0.50208E+00  0.50289E+00
  0.15020E+01  0.50208E+00  0.50289E+00
  0.15060E+01  0.50212E+00  0.50294E+00
  0.15100E+01  0.50220E+00  0.50302E+00
  0.15140E+01  0.50233E+00  0.50314E+00
  0.15180E+01  0.50249E+00  0.50330E+00
  0.15220E+01  0.50269E+00  0.50350E+00
  0.15260E+01  0.50293E+00  0.50374E+00
  0.15300E+01  0.50321E+00  0.50403E+00
  0.15340E+01  0.50353E+00  0.50435E+00
  0.15380E+01  0.50390E+00  0.50471E+00
  0.15420E+01  0.50430E+00  0.50511E+00
  0.15460E+01  0.50474E+00  0.50556E+00
  0.15500E+01  0.50522E+00  0.50604E+00
  0.15540E+01  0.50574E+00  0.50656E+00
  0.15580E+01  0.50630E+00  0.50712E+00
  0.15620E+01  0.50690E+00  0.50773E+00
  0.15660E+01  0.50754E+00  0.50837E+00
  0.15700E+01  0.50822E+00  0.50905E+00
  0.15740E+01  0.50894E+00  0.50977E+00
  0.15780E+01  0.50970E+00  0.51053E+00
  0.15820E+01  0.51050E+00  0.51133E+00
  0.15860E+01  0.51133E+00  0.51216E+00
  0.15900E+01  0.51221E+00  0.51304E+00
  0.15940E+01  0.51312E+00  0.51395E+00
  0.15980E+01  0.51407E+00  0.51491E+00
  0.16020E+01  0.51506E+00  0.51590E+00
  0.16060E+01  0.51609E+00  0.51693E+00
  0.16100E+01  0.51716E+00  0.51799E+00
  0.16140E+01  0.51826E+00  0.51910E+00
  0.16180E+01  0.51940E+00  0.52024E+00
  0.16220E+01  0.52058E+00  0.52142E+00
  0.16260E+01  0.52179E+00  0.52263E+00
  0.16300E+01  0.52304E+00  0.52389E+00
  0.16340E+01  0.52433E+00  0.52518E+00
  0.16380E+01  0.52566E+00  0.52650E+00
  0.16420E+01  0.52702E+00  0.52786E+00
  0.16460E+01  0.52842E+00  0.52926E+00
  0.16500E+01  0.52985E+00  0.53069E+00
  0.16540E+01  0.53132E+00  0.53216E+00
  0.16580E+01  0.53282E+00  0.53367E+00
  0.16620E+01  0.53436E+00  0.53520E+00
  0.16660E+01  0.53593E+00  0.53678E+00
  0.16700E+01  0.53754E+00  0.53838E+00
  0.16740E+01  0.53918E+00  0.54002E+00
  0.16780E+01  0.54086E+00  0.54170E+00
  0.16820E+01  0.54257E+00  0.54341E+00
  0.16860E+01  0.54431E+00  0.54515E+00
  0.16900E+01  0.54608E+00  0.54692E+00
  0.16940E+01  0.54789E+00  0.54873E+00
  0.16980E+01  0.54973E+00  0.55056E+00
  0.17020E+01  0.55160E+00  0.55243E+00
  0.17060E+01  0.55351E+00  0.55434E+00
  0.17100E+01  0.55544E+00  0.55627E+00
  0.17140E+01  0.55741E+00  0.55823E+00
  0.17180E+01  0.55941E+00  0.56023E+00
  0.17220E+01  0.56143E+00  0.56225E+00
  0.17260E+01  0.56349E+00  0.56430E+00
  0.17300E+01  0.56558E+00  0.56639E+00
  0.17340E+01  0.56769E+00  0.56850E+00
  0.17380E+01  0.56984E+00  0.57064E+00
  0.17420E+01  0.57201E+00  0.57281E+00
  0.17460E+01  0.57421E+00  0.57501E+00
  0.17500E+01  0.57644E+00  0.57723E+00
  0.17540E+01  0.57870E+00  0.57948E+00
  0.17580E+01  0.58098E+00  0.58176E+00
  0.17620E+01  0.58330E+00  0.58407E+00
  0.17660E+01  0.58563E+00  0.58640E+00
  0.17700E+01  0.58799E+00  0.58875E+00
  0.17740E+01  0.59038E+00  0.59114E+00
  0.17780E+01  0.59280E+00  0.59354E+00
  0.17820E+01  0.59523E+00  0.59597E+00
  0.17860E+01  0.59770E+00  0.59843E+00
  0.17900E+01  0.60018E+00  0.60091E+00
  0.17940E+01  0.60269E+00  0.60341E+00
  0.17980E+01  0.60522E+00  0.60594E+00
  0.18020E+01  0.60778E+00  0.60848E+00
  0.18060E+01  0.61036E+00  0.61105E+00
  0.18100E+01  0.61295E+00  0.61364E+00
  0.18140E+01  0.61557E+00  0.61626E+00
  0.18180E+01  0.61821E+00  0.61889E+00
  0.18220E+01  0.62088E+00  0.62154E+00
  0.18260E+01  0.62356E+00  0.62422E+00
  0.18300E+01  0.62626E+00  0.62691E+00
  0.18340E+01  0.62898E+00  0.62962E+00
  0.18380E+01  0.63172E+00  0.63235E+00
  0.18420E+01  0.63447E+00  0.63510E+00
  0.18460E+01  0.63725E+00  0.63786E+00
  0.18500E+01  0.64004E+00  0.64065E+00
  0.18540E+01  0.64285E+00  0.64345E+00
  0.18580E+01  0.64567E+00  0.64626E+00
  0.18620E+01  0.64851E+00  0.64909E+00
  0.18660E+01  0.65137E+00  0.65194E+00
  0.18700E+01  0.65424E+00  0.65480E+00
  0.18740E+01  0.65713E+00  0.65768E+00
  0.18780E+01  0.66002E+00  0.66057E+00
  0.18820E+01  0.66294E+00  0.66348E+00
  0.18860E+01  0.66586E+00  0.66639E+00
  0.18900E+01  0.66880E+00  0.66932E+00
  0.18940E+01  0.67175E+00  0.67227E+00
  0.18980E+01  0.67472E+00  0.67522E+00
  0.19020E+01  0.67769E+00  0.67818E+00
  0.19060E+01  0.68068E+00  0.68116E+00
  0.19100E+01  0.68367E+00  0.68415E+00
  0.19140E+01  0.68668E+00  0.68714E+00
  0.19180E+01  0.68969E+00  0.69015E+00
  0.19220E+01  0.69271E+00  0.69316E+00
  0.19260E+01  0.69575E+00  0.69618E+00
  0.19300E+01  0.69879E+00  0.69921E+00
  0.19340E+01  0.70183E+00  0.70225E+00
  0.19380E+01  0.70489E+00  0.70530E+00
  0.19420E+01  0.70795E+00  0.70835E+00
  0.19460E+01  0.71101E+00  0.71141E+00
  0.19500E+01  0.71409E+00  0.71447E+00
  0.19540E+01  0.71716E+00  0.71754E+00
  0.19580E+01  0.72024E+00  0.72061E+00
  0.19620E+01  0.72333E+00  0.72369E+00
  0.19660E+01  0.72642E+00  0.72677E+00
  0.19700E+01  0.72951E+00  0.72985E+00
  0.19740E+01  0.73260E+00  0.73294E+00
  0.19780E+01  0.73570E+00  0.73603E+00
  0.19820E+01  0.73880E+00  0.73912E+00
  0.19860E+01  0.74190E+00  0.74221E+00
  0.19900E+01  0.74500E+00  0.74530E+00
  0.19940E+01  0.74810E+00  0.74839E+00
  0.19980E+01  0.75120E+00  0.75148E+00
