 TITLE=RHEs, VARIABLES="X","Tem_e1","Tem_e2"
  0.00000E+00  7.51571E-01  7.51571E-01
  3.60000E-04  7.51198E-01  7.51198E-01
  7.20000E-04  7.50789E-01  7.50789E-01
  1.08000E-03  7.50453E-01  7.50453E-01
  1.44000E-03  7.50168E-01  7.50168E-01
  1.80000E-03  7.49919E-01  7.49919E-01
  2.16000E-03  7.49695E-01  7.49695E-01
  2.52000E-03  7.49491E-01  7.49491E-01
  2.88000E-03  7.49304E-01  7.49304E-01
  3.24000E-03  7.49131E-01  7.49130E-01
  3.60000E-03  7.48968E-01  7.48968E-01
  3.96000E-03  7.48816E-01  7.48816E-01
  4.32000E-03  7.48673E-01  7.48673E-01
  4.68000E-03  7.48537E-01  7.48537E-01
  5.04000E-03  7.48407E-01  7.48407E-01
  5.40000E-03  7.48284E-01  7.48284E-01
  5.76000E-03  7.48166E-01  7.48166E-01
  6.12000E-03  7.48053E-01  7.48053E-01
  6.48000E-03  7.47946E-01  7.47946E-01
  6.84000E-03  7.47845E-01  7.47845E-01
  7.20000E-03  7.47748E-01  7.47748E-01
  7.56000E-03  7.47653E-01  7.47653E-01
  7.92000E-03  7.47562E-01  7.47562E-01
  8.28000E-03  7.47474E-01  7.47474E-01
  8.64000E-03  7.47389E-01  7.47389E-01
  9.00000E-03  7.47306E-01  7.47306E-01
  9.36000E-03  7.47226E-01  7.47226E-01
  9.72000E-03  7.47148E-01  7.47148E-01
  1.00800E-02  7.47072E-01  7.47072E-01
  1.04400E-02  7.46998E-01  7.46998E-01
  1.08000E-02  7.46926E-01  7.46926E-01
  1.11600E-02  7.46856E-01  7.46856E-01
  1.15200E-02  7.46787E-01  7.46787E-01
  1.18800E-02  7.46721E-01  7.46721E-01
  1.22400E-02  7.46656E-01  7.46656E-01
  1.26000E-02  7.46592E-01  7.46592E-01
  1.29600E-02  7.46530E-01  7.46530E-01
  1.33200E-02  7.46470E-01  7.46470E-01
  1.36800E-02  7.46411E-01  7.46411E-01
  1.40400E-02  7.46353E-01  7.46353E-01
  1.44000E-02  7.46296E-01  7.46296E-01
  1.47600E-02  7.46241E-01  7.46241E-01
  1.51200E-02  7.46187E-01  7.46187E-01
  1.54800E-02  7.46134E-01  7.46134E-01
  1.58400E-02  7.46082E-01  7.46082E-01
  1.62000E-02  7.46031E-01  7.46031E-01
  1.65600E-02  7.45981E-01  7.45981E-01
  1.69200E-02  7.45932E-01  7.45932E-01
  1.72800E-02  7.45884E-01  7.45884E-01
  1.76400E-02  7.45837E-01  7.45837E-01
  1.80000E-02  7.45791E-01  7.45791E-01
  1.83600E-02  7.45746E-01  7.45746E-01
  1.87200E-02  7.45702E-01  7.45702E-01
  1.90800E-02  7.45658E-01  7.45658E-01
  1.94400E-02  7.45616E-01  7.45616E-01
  1.98000E-02  7.45574E-01  7.45574E-01
  2.01600E-02  7.45532E-01  7.45532E-01
  2.05200E-02  7.45492E-01  7.45492E-01
  2.08800E-02  7.45452E-01  7.45452E-01
  2.12400E-02  7.45413E-01  7.45413E-01
  2.16000E-02  7.45375E-01  7.45375E-01
  2.19600E-02  7.45337E-01  7.45337E-01
  2.23200E-02  7.45300E-01  7.45300E-01
  2.26800E-02  7.45264E-01  7.45264E-01
  2.30400E-02  7.45228E-01  7.45228E-01
  2.34000E-02  7.45193E-01  7.45193E-01
  2.37600E-02  7.45159E-01  7.45159E-01
  2.41200E-02  7.45125E-01  7.45125E-01
  2.44800E-02  7.45091E-01  7.45091E-01
  2.48400E-02  7.45058E-01  7.45058E-01
  2.52000E-02  7.45026E-01  7.45026E-01
  2.55600E-02  7.44994E-01  7.44994E-01
  2.59200E-02  7.44963E-01  7.44963E-01
  2.62800E-02  7.44932E-01  7.44932E-01
  2.66400E-02  7.44902E-01  7.44902E-01
  2.70000E-02  7.44872E-01  7.44872E-01
  2.73600E-02  7.44843E-01  7.44843E-01
  2.77200E-02  7.44814E-01  7.44814E-01
  2.80800E-02  7.44785E-01  7.44785E-01
  2.84400E-02  7.44757E-01  7.44757E-01
  2.88000E-02  7.44730E-01  7.44730E-01
  2.91600E-02  7.44703E-01  7.44703E-01
  2.95200E-02  7.44676E-01  7.44676E-01
  2.98800E-02  7.44650E-01  7.44650E-01
  3.02400E-02  7.44624E-01  7.44624E-01
  3.06000E-02  7.44599E-01  7.44599E-01
  3.09600E-02  7.44574E-01  7.44574E-01
  3.13200E-02  7.44549E-01  7.44549E-01
  3.16800E-02  7.44525E-01  7.44525E-01
  3.20400E-02  7.44501E-01  7.44501E-01
  3.24000E-02  7.44477E-01  7.44477E-01
  3.27600E-02  7.44454E-01  7.44454E-01
  3.31200E-02  7.44431E-01  7.44431E-01
  3.34800E-02  7.44409E-01  7.44409E-01
  3.38400E-02  7.44386E-01  7.44386E-01
  3.42000E-02  7.44365E-01  7.44365E-01
  3.45600E-02  7.44343E-01  7.44343E-01
  3.49200E-02  7.44322E-01  7.44322E-01
  3.52800E-02  7.44301E-01  7.44301E-01
  3.56400E-02  7.44281E-01  7.44281E-01
  3.60000E-02  7.44261E-01  7.44261E-01
  3.63600E-02  7.44241E-01  7.44241E-01
  3.67200E-02  7.44221E-01  7.44221E-01
  3.70800E-02  7.44202E-01  7.44202E-01
  3.74400E-02  7.44183E-01  7.44183E-01
  3.78000E-02  7.44164E-01  7.44164E-01
  3.81600E-02  7.44145E-01  7.44145E-01
  3.85200E-02  7.44127E-01  7.44127E-01
  3.88800E-02  7.44109E-01  7.44109E-01
  3.92400E-02  7.44092E-01  7.44092E-01
  3.96000E-02  7.44074E-01  7.44074E-01
  3.99600E-02  7.44057E-01  7.44057E-01
  4.03200E-02  7.44040E-01  7.44040E-01
  4.06800E-02  7.44024E-01  7.44024E-01
  4.10400E-02  7.44007E-01  7.44007E-01
  4.14000E-02  7.43991E-01  7.43991E-01
  4.17600E-02  7.43975E-01  7.43975E-01
  4.21200E-02  7.43960E-01  7.43960E-01
  4.24800E-02  7.43944E-01  7.43944E-01
  4.28400E-02  7.43929E-01  7.43929E-01
  4.32000E-02  7.43914E-01  7.43914E-01
  4.35600E-02  7.43899E-01  7.43899E-01
  4.39200E-02  7.43885E-01  7.43885E-01
  4.42800E-02  7.43870E-01  7.43870E-01
  4.46400E-02  7.43856E-01  7.43856E-01
  4.50000E-02  7.43842E-01  7.43842E-01
  4.53600E-02  7.43829E-01  7.43829E-01
  4.57200E-02  7.43815E-01  7.43815E-01
  4.60800E-02  7.43802E-01  7.43802E-01
  4.64400E-02  7.43789E-01  7.43789E-01
  4.68000E-02  7.43776E-01  7.43776E-01
  4.71600E-02  7.43763E-01  7.43763E-01
  4.75200E-02  7.43751E-01  7.43751E-01
  4.78800E-02  7.43738E-01  7.43738E-01
  4.82400E-02  7.43726E-01  7.43726E-01
  4.86000E-02  7.43714E-01  7.43714E-01
  4.89600E-02  7.43703E-01  7.43703E-01
  4.93200E-02  7.43691E-01  7.43691E-01
  4.96800E-02  7.43680E-01  7.43680E-01
  5.00400E-02  7.43669E-01  7.43669E-01
  5.04000E-02  7.43657E-01  7.43657E-01
  5.07600E-02  7.43647E-01  7.43647E-01
  5.11200E-02  7.43636E-01  7.43636E-01
  5.14800E-02  7.43625E-01  7.43625E-01
  5.18400E-02  7.43615E-01  7.43615E-01
  5.22000E-02  7.43605E-01  7.43605E-01
  5.25600E-02  7.43595E-01  7.43595E-01
  5.29200E-02  7.43585E-01  7.43585E-01
  5.32800E-02  7.43575E-01  7.43575E-01
  5.36400E-02  7.43566E-01  7.43566E-01
  5.40000E-02  7.43556E-01  7.43556E-01
  5.43600E-02  7.43547E-01  7.43547E-01
  5.47200E-02  7.43538E-01  7.43538E-01
  5.50800E-02  7.43529E-01  7.43529E-01
  5.54400E-02  7.43520E-01  7.43520E-01
  5.58000E-02  7.43511E-01  7.43511E-01
  5.61600E-02  7.43503E-01  7.43503E-01
  5.65200E-02  7.43494E-01  7.43494E-01
  5.68800E-02  7.43486E-01  7.43486E-01
  5.72400E-02  7.43478E-01  7.43478E-01
  5.76000E-02  7.43470E-01  7.43470E-01
  5.79600E-02  7.43462E-01  7.43462E-01
  5.83200E-02  7.43455E-01  7.43455E-01
  5.86800E-02  7.43447E-01  7.43447E-01
  5.90400E-02  7.43440E-01  7.43440E-01
  5.94000E-02  7.43432E-01  7.43432E-01
  5.97600E-02  7.43425E-01  7.43425E-01
  6.01200E-02  7.43418E-01  7.43418E-01
  6.04800E-02  7.43411E-01  7.43411E-01
  6.08400E-02  7.43404E-01  7.43404E-01
  6.12000E-02  7.43398E-01  7.43398E-01
  6.15600E-02  7.43391E-01  7.43391E-01
  6.19200E-02  7.43385E-01  7.43385E-01
  6.22800E-02  7.43378E-01  7.43378E-01
  6.26400E-02  7.43372E-01  7.43372E-01
  6.30000E-02  7.43366E-01  7.43366E-01
  6.33600E-02  7.43360E-01  7.43360E-01
  6.37200E-02  7.43354E-01  7.43354E-01
  6.40800E-02  7.43348E-01  7.43348E-01
  6.44400E-02  7.43343E-01  7.43343E-01
  6.48000E-02  7.43337E-01  7.43337E-01
  6.51600E-02  7.43332E-01  7.43332E-01
  6.55200E-02  7.43327E-01  7.43327E-01
  6.58800E-02  7.43321E-01  7.43321E-01
  6.62400E-02  7.43316E-01  7.43316E-01
  6.66000E-02  7.43311E-01  7.43311E-01
  6.69600E-02  7.43306E-01  7.43306E-01
  6.73200E-02  7.43302E-01  7.43302E-01
  6.76800E-02  7.43297E-01  7.43297E-01
  6.80400E-02  7.43293E-01  7.43293E-01
  6.84000E-02  7.43288E-01  7.43288E-01
  6.87600E-02  7.43284E-01  7.43284E-01
  6.91200E-02  7.43279E-01  7.43279E-01
  6.94800E-02  7.43275E-01  7.43275E-01
  6.98400E-02  7.43271E-01  7.43271E-01
  7.02000E-02  7.43267E-01  7.43267E-01
  7.05600E-02  7.43263E-01  7.43263E-01
  7.09200E-02  7.43259E-01  7.43259E-01
  7.12800E-02  7.43256E-01  7.43256E-01
  7.16400E-02  7.43252E-01  7.43252E-01
  7.20000E-02  7.43249E-01  7.43249E-01
  7.23600E-02  7.43245E-01  7.43245E-01
  7.27200E-02  7.43242E-01  7.43242E-01
  7.30800E-02  7.43238E-01  7.43238E-01
  7.34400E-02  7.43235E-01  7.43235E-01
  7.38000E-02  7.43232E-01  7.43232E-01
  7.41600E-02  7.43229E-01  7.43229E-01
  7.45200E-02  7.43226E-01  7.43226E-01
  7.48800E-02  7.43223E-01  7.43223E-01
  7.52400E-02  7.43221E-01  7.43221E-01
  7.56000E-02  7.43218E-01  7.43218E-01
  7.59600E-02  7.43215E-01  7.43215E-01
  7.63200E-02  7.43213E-01  7.43213E-01
  7.66800E-02  7.43211E-01  7.43211E-01
  7.70400E-02  7.43208E-01  7.43208E-01
  7.74000E-02  7.43206E-01  7.43206E-01
  7.77600E-02  7.43204E-01  7.43204E-01
  7.81200E-02  7.43202E-01  7.43202E-01
  7.84800E-02  7.43200E-01  7.43200E-01
  7.88400E-02  7.43198E-01  7.43198E-01
  7.92000E-02  7.43196E-01  7.43196E-01
  7.95600E-02  7.43194E-01  7.43194E-01
  7.99200E-02  7.43192E-01  7.43192E-01
  8.02800E-02  7.43191E-01  7.43191E-01
  8.06400E-02  7.43189E-01  7.43189E-01
  8.10000E-02  7.43188E-01  7.43188E-01
  8.13600E-02  7.43186E-01  7.43186E-01
  8.17200E-02  7.43185E-01  7.43185E-01
  8.20800E-02  7.43183E-01  7.43183E-01
  8.24400E-02  7.43182E-01  7.43182E-01
  8.28000E-02  7.43181E-01  7.43181E-01
  8.31600E-02  7.43180E-01  7.43180E-01
  8.35200E-02  7.43179E-01  7.43179E-01
  8.38800E-02  7.43178E-01  7.43178E-01
  8.42400E-02  7.43177E-01  7.43177E-01
  8.46000E-02  7.43176E-01  7.43176E-01
  8.49600E-02  7.43175E-01  7.43175E-01
  8.53200E-02  7.43175E-01  7.43175E-01
  8.56800E-02  7.43174E-01  7.43174E-01
  8.60400E-02  7.43174E-01  7.43174E-01
  8.64000E-02  7.43173E-01  7.43173E-01
  8.67600E-02  7.43173E-01  7.43173E-01
  8.71200E-02  7.43172E-01  7.43172E-01
  8.74800E-02  7.43172E-01  7.43172E-01
  8.78400E-02  7.43172E-01  7.43172E-01
  8.82000E-02  7.43172E-01  7.43172E-01
  8.85600E-02  7.43171E-01  7.43171E-01
  8.89200E-02  7.43171E-01  7.43171E-01
  8.92800E-02  7.43171E-01  7.43171E-01
  8.96400E-02  7.43171E-01  7.43171E-01
  9.00000E-02  7.43171E-01  7.43171E-01
  9.03600E-02  7.43172E-01  7.43172E-01
  9.07200E-02  7.43172E-01  7.43172E-01
  9.10800E-02  7.43172E-01  7.43172E-01
  9.14400E-02  7.43172E-01  7.43172E-01
  9.18000E-02  7.43173E-01  7.43173E-01
  9.21600E-02  7.43173E-01  7.43173E-01
  9.25200E-02  7.43174E-01  7.43174E-01
  9.28800E-02  7.43174E-01  7.43174E-01
  9.32400E-02  7.43175E-01  7.43175E-01
  9.36000E-02  7.43176E-01  7.43176E-01
  9.39600E-02  7.43176E-01  7.43176E-01
  9.43200E-02  7.43177E-01  7.43177E-01
  9.46800E-02  7.43178E-01  7.43178E-01
  9.50400E-02  7.43179E-01  7.43179E-01
  9.54000E-02  7.43180E-01  7.43180E-01
  9.57600E-02  7.43181E-01  7.43181E-01
  9.61200E-02  7.43182E-01  7.43182E-01
  9.64800E-02  7.43183E-01  7.43183E-01
  9.68400E-02  7.43184E-01  7.43184E-01
  9.72000E-02  7.43185E-01  7.43185E-01
  9.75600E-02  7.43186E-01  7.43186E-01
  9.79200E-02  7.43187E-01  7.43187E-01
  9.82800E-02  7.43189E-01  7.43189E-01
  9.86400E-02  7.43190E-01  7.43190E-01
  9.90000E-02  7.43192E-01  7.43192E-01
  9.93600E-02  7.43193E-01  7.43193E-01
  9.97200E-02  7.43194E-01  7.43194E-01
  1.00080E-01  7.43196E-01  7.43196E-01
  1.00440E-01  7.43198E-01  7.43198E-01
  1.00800E-01  7.43199E-01  7.43199E-01
  1.01160E-01  7.43201E-01  7.43201E-01
  1.01520E-01  7.43203E-01  7.43203E-01
  1.01880E-01  7.43204E-01  7.43204E-01
  1.02240E-01  7.43206E-01  7.43206E-01
  1.02600E-01  7.43208E-01  7.43208E-01
  1.02960E-01  7.43210E-01  7.43210E-01
  1.03320E-01  7.43212E-01  7.43212E-01
  1.03680E-01  7.43214E-01  7.43214E-01
  1.04040E-01  7.43216E-01  7.43216E-01
  1.04400E-01  7.43218E-01  7.43218E-01
  1.04760E-01  7.43220E-01  7.43220E-01
  1.05120E-01  7.43222E-01  7.43222E-01
  1.05480E-01  7.43225E-01  7.43225E-01
  1.05840E-01  7.43227E-01  7.43227E-01
  1.06200E-01  7.43229E-01  7.43229E-01
  1.06560E-01  7.43232E-01  7.43232E-01
  1.06920E-01  7.43234E-01  7.43234E-01
  1.07280E-01  7.43236E-01  7.43236E-01
  1.07640E-01  7.43239E-01  7.43239E-01
  1.08000E-01  7.43241E-01  7.43241E-01
  1.08360E-01  7.43244E-01  7.43244E-01
  1.08720E-01  7.43246E-01  7.43246E-01
  1.09080E-01  7.43249E-01  7.43249E-01
  1.09440E-01  7.43252E-01  7.43252E-01
  1.09800E-01  7.43254E-01  7.43254E-01
  1.10160E-01  7.43257E-01  7.43257E-01
  1.10520E-01  7.43260E-01  7.43260E-01
  1.10880E-01  7.43262E-01  7.43262E-01
  1.11240E-01  7.43265E-01  7.43265E-01
  1.11600E-01  7.43268E-01  7.43268E-01
  1.11960E-01  7.43271E-01  7.43271E-01
  1.12320E-01  7.43274E-01  7.43274E-01
  1.12680E-01  7.43277E-01  7.43277E-01
  1.13040E-01  7.43280E-01  7.43280E-01
  1.13400E-01  7.43283E-01  7.43283E-01
  1.13760E-01  7.43286E-01  7.43286E-01
  1.14120E-01  7.43289E-01  7.43289E-01
  1.14480E-01  7.43292E-01  7.43292E-01
  1.14840E-01  7.43295E-01  7.43295E-01
  1.15200E-01  7.43299E-01  7.43299E-01
  1.15560E-01  7.43302E-01  7.43302E-01
  1.15920E-01  7.43305E-01  7.43305E-01
  1.16280E-01  7.43308E-01  7.43308E-01
  1.16640E-01  7.43312E-01  7.43312E-01
  1.17000E-01  7.43315E-01  7.43315E-01
  1.17360E-01  7.43318E-01  7.43318E-01
  1.17720E-01  7.43322E-01  7.43322E-01
  1.18080E-01  7.43325E-01  7.43325E-01
  1.18440E-01  7.43329E-01  7.43329E-01
  1.18800E-01  7.43332E-01  7.43332E-01
  1.19160E-01  7.43336E-01  7.43336E-01
  1.19520E-01  7.43339E-01  7.43339E-01
  1.19880E-01  7.43343E-01  7.43343E-01
  1.20240E-01  7.43347E-01  7.43347E-01
  1.20600E-01  7.43350E-01  7.43350E-01
  1.20960E-01  7.43354E-01  7.43354E-01
  1.21320E-01  7.43358E-01  7.43358E-01
  1.21680E-01  7.43362E-01  7.43362E-01
  1.22040E-01  7.43366E-01  7.43366E-01
  1.22400E-01  7.43369E-01  7.43369E-01
  1.22760E-01  7.43373E-01  7.43373E-01
  1.23120E-01  7.43377E-01  7.43377E-01
  1.23480E-01  7.43381E-01  7.43381E-01
  1.23840E-01  7.43385E-01  7.43385E-01
  1.24200E-01  7.43389E-01  7.43389E-01
  1.24560E-01  7.43393E-01  7.43393E-01
  1.24920E-01  7.43397E-01  7.43397E-01
  1.25280E-01  7.43401E-01  7.43401E-01
  1.25640E-01  7.43405E-01  7.43405E-01
  1.26000E-01  7.43409E-01  7.43409E-01
  1.26360E-01  7.43413E-01  7.43413E-01
  1.26720E-01  7.43417E-01  7.43417E-01
  1.27080E-01  7.43422E-01  7.43422E-01
  1.27440E-01  7.43426E-01  7.43426E-01
  1.27800E-01  7.43430E-01  7.43430E-01
  1.28160E-01  7.43434E-01  7.43434E-01
  1.28520E-01  7.43439E-01  7.43439E-01
  1.28880E-01  7.43443E-01  7.43443E-01
  1.29240E-01  7.43447E-01  7.43447E-01
  1.29600E-01  7.43452E-01  7.43452E-01
  1.29960E-01  7.43456E-01  7.43456E-01
  1.30320E-01  7.43460E-01  7.43460E-01
  1.30680E-01  7.43465E-01  7.43465E-01
  1.31040E-01  7.43469E-01  7.43469E-01
  1.31400E-01  7.43474E-01  7.43474E-01
  1.31760E-01  7.43478E-01  7.43478E-01
  1.32120E-01  7.43483E-01  7.43483E-01
  1.32480E-01  7.43487E-01  7.43487E-01
  1.32840E-01  7.43492E-01  7.43492E-01
  1.33200E-01  7.43496E-01  7.43496E-01
  1.33560E-01  7.43501E-01  7.43501E-01
  1.33920E-01  7.43506E-01  7.43506E-01
  1.34280E-01  7.43510E-01  7.43510E-01
  1.34640E-01  7.43515E-01  7.43515E-01
  1.35000E-01  7.43520E-01  7.43520E-01
  1.35360E-01  7.43524E-01  7.43524E-01
  1.35720E-01  7.43529E-01  7.43529E-01
  1.36080E-01  7.43534E-01  7.43534E-01
  1.36440E-01  7.43539E-01  7.43539E-01
  1.36800E-01  7.43544E-01  7.43544E-01
  1.37160E-01  7.43548E-01  7.43548E-01
  1.37520E-01  7.43553E-01  7.43553E-01
  1.37880E-01  7.43558E-01  7.43558E-01
  1.38240E-01  7.43563E-01  7.43563E-01
  1.38600E-01  7.43568E-01  7.43568E-01
  1.38960E-01  7.43573E-01  7.43573E-01
  1.39320E-01  7.43578E-01  7.43578E-01
  1.39680E-01  7.43583E-01  7.43583E-01
  1.40040E-01  7.43588E-01  7.43588E-01
  1.40400E-01  7.43593E-01  7.43593E-01
  1.40760E-01  7.43598E-01  7.43598E-01
  1.41120E-01  7.43603E-01  7.43603E-01
  1.41480E-01  7.43608E-01  7.43608E-01
  1.41840E-01  7.43613E-01  7.43613E-01
  1.42200E-01  7.43618E-01  7.43618E-01
  1.42560E-01  7.43623E-01  7.43623E-01
  1.42920E-01  7.43629E-01  7.43629E-01
  1.43280E-01  7.43634E-01  7.43634E-01
  1.43640E-01  7.43639E-01  7.43639E-01
  1.44000E-01  7.43644E-01  7.43644E-01
  1.44360E-01  7.43649E-01  7.43649E-01
  1.44720E-01  7.43655E-01  7.43655E-01
  1.45080E-01  7.43660E-01  7.43660E-01
  1.45440E-01  7.43665E-01  7.43665E-01
  1.45800E-01  7.43671E-01  7.43671E-01
  1.46160E-01  7.43676E-01  7.43676E-01
  1.46520E-01  7.43681E-01  7.43681E-01
  1.46880E-01  7.43687E-01  7.43687E-01
  1.47240E-01  7.43692E-01  7.43692E-01
  1.47600E-01  7.43697E-01  7.43697E-01
  1.47960E-01  7.43703E-01  7.43703E-01
  1.48320E-01  7.43708E-01  7.43708E-01
  1.48680E-01  7.43714E-01  7.43714E-01
  1.49040E-01  7.43719E-01  7.43719E-01
  1.49400E-01  7.43725E-01  7.43725E-01
  1.49760E-01  7.43730E-01  7.43730E-01
  1.50120E-01  7.43736E-01  7.43736E-01
  1.50480E-01  7.43741E-01  7.43741E-01
  1.50840E-01  7.43747E-01  7.43747E-01
  1.51200E-01  7.43752E-01  7.43752E-01
  1.51560E-01  7.43758E-01  7.43758E-01
  1.51920E-01  7.43763E-01  7.43763E-01
  1.52280E-01  7.43769E-01  7.43769E-01
  1.52640E-01  7.43775E-01  7.43775E-01
  1.53000E-01  7.43780E-01  7.43780E-01
  1.53360E-01  7.43786E-01  7.43786E-01
  1.53720E-01  7.43792E-01  7.43792E-01
  1.54080E-01  7.43797E-01  7.43797E-01
  1.54440E-01  7.43803E-01  7.43803E-01
  1.54800E-01  7.43809E-01  7.43809E-01
  1.55160E-01  7.43814E-01  7.43814E-01
  1.55520E-01  7.43820E-01  7.43820E-01
  1.55880E-01  7.43826E-01  7.43826E-01
  1.56240E-01  7.43832E-01  7.43832E-01
  1.56600E-01  7.43837E-01  7.43837E-01
  1.56960E-01  7.43843E-01  7.43843E-01
  1.57320E-01  7.43849E-01  7.43849E-01
  1.57680E-01  7.43855E-01  7.43855E-01
  1.58040E-01  7.43861E-01  7.43861E-01
  1.58400E-01  7.43867E-01  7.43867E-01
  1.58760E-01  7.43872E-01  7.43872E-01
  1.59120E-01  7.43878E-01  7.43878E-01
  1.59480E-01  7.43884E-01  7.43884E-01
  1.59840E-01  7.43890E-01  7.43890E-01
  1.60200E-01  7.43896E-01  7.43896E-01
  1.60560E-01  7.43902E-01  7.43902E-01
  1.60920E-01  7.43908E-01  7.43908E-01
  1.61280E-01  7.43914E-01  7.43914E-01
  1.61640E-01  7.43920E-01  7.43920E-01
  1.62000E-01  7.43926E-01  7.43926E-01
  1.62360E-01  7.43932E-01  7.43932E-01
  1.62720E-01  7.43938E-01  7.43938E-01
  1.63080E-01  7.43944E-01  7.43944E-01
  1.63440E-01  7.43950E-01  7.43950E-01
  1.63800E-01  7.43956E-01  7.43956E-01
  1.64160E-01  7.43962E-01  7.43962E-01
  1.64520E-01  7.43968E-01  7.43968E-01
  1.64880E-01  7.43974E-01  7.43974E-01
  1.65240E-01  7.43980E-01  7.43980E-01
  1.65600E-01  7.43986E-01  7.43986E-01
  1.65960E-01  7.43992E-01  7.43992E-01
  1.66320E-01  7.43999E-01  7.43999E-01
  1.66680E-01  7.44005E-01  7.44005E-01
  1.67040E-01  7.44011E-01  7.44011E-01
  1.67400E-01  7.44017E-01  7.44017E-01
  1.67760E-01  7.44023E-01  7.44023E-01
  1.68120E-01  7.44029E-01  7.44029E-01
  1.68480E-01  7.44036E-01  7.44036E-01
  1.68840E-01  7.44042E-01  7.44042E-01
  1.69200E-01  7.44048E-01  7.44048E-01
  1.69560E-01  7.44054E-01  7.44054E-01
  1.69920E-01  7.44061E-01  7.44061E-01
  1.70280E-01  7.44067E-01  7.44067E-01
  1.70640E-01  7.44073E-01  7.44073E-01
  1.71000E-01  7.44079E-01  7.44079E-01
  1.71360E-01  7.44086E-01  7.44086E-01
  1.71720E-01  7.44092E-01  7.44092E-01
  1.72080E-01  7.44098E-01  7.44098E-01
  1.72440E-01  7.44104E-01  7.44104E-01
  1.72800E-01  7.44111E-01  7.44111E-01
  1.73160E-01  7.44117E-01  7.44117E-01
  1.73520E-01  7.44124E-01  7.44124E-01
  1.73880E-01  7.44130E-01  7.44130E-01
  1.74240E-01  7.44136E-01  7.44136E-01
  1.74600E-01  7.44143E-01  7.44143E-01
  1.74960E-01  7.44149E-01  7.44149E-01
  1.75320E-01  7.44155E-01  7.44155E-01
  1.75680E-01  7.44162E-01  7.44162E-01
  1.76040E-01  7.44168E-01  7.44168E-01
  1.76400E-01  7.44175E-01  7.44175E-01
  1.76760E-01  7.44181E-01  7.44181E-01
  1.77120E-01  7.44188E-01  7.44188E-01
  1.77480E-01  7.44194E-01  7.44194E-01
  1.77840E-01  7.44200E-01  7.44200E-01
  1.78200E-01  7.44207E-01  7.44207E-01
  1.78560E-01  7.44213E-01  7.44213E-01
  1.78920E-01  7.44220E-01  7.44220E-01
  1.79280E-01  7.44226E-01  7.44226E-01
  1.79640E-01  7.44233E-01  7.44233E-01
  1.80000E-01  7.44239E-01  7.44239E-01
  1.80360E-01  7.44246E-01  7.44246E-01
  1.80720E-01  7.44253E-01  7.44253E-01
  1.81080E-01  7.44259E-01  7.44259E-01
  1.81440E-01  7.44266E-01  7.44266E-01
  1.81800E-01  7.44272E-01  7.44272E-01
  1.82160E-01  7.44279E-01  7.44279E-01
  1.82520E-01  7.44285E-01  7.44285E-01
  1.82880E-01  7.44292E-01  7.44292E-01
  1.83240E-01  7.44298E-01  7.44298E-01
  1.83600E-01  7.44305E-01  7.44305E-01
  1.83960E-01  7.44312E-01  7.44312E-01
  1.84320E-01  7.44318E-01  7.44318E-01
  1.84680E-01  7.44325E-01  7.44325E-01
  1.85040E-01  7.44331E-01  7.44331E-01
  1.85400E-01  7.44338E-01  7.44338E-01
  1.85760E-01  7.44345E-01  7.44345E-01
  1.86120E-01  7.44351E-01  7.44351E-01
  1.86480E-01  7.44358E-01  7.44358E-01
  1.86840E-01  7.44365E-01  7.44365E-01
  1.87200E-01  7.44371E-01  7.44371E-01
  1.87560E-01  7.44378E-01  7.44378E-01
  1.87920E-01  7.44385E-01  7.44385E-01
  1.88280E-01  7.44391E-01  7.44391E-01
  1.88640E-01  7.44398E-01  7.44398E-01
  1.89000E-01  7.44405E-01  7.44405E-01
  1.89360E-01  7.44411E-01  7.44411E-01
  1.89720E-01  7.44418E-01  7.44418E-01
  1.90080E-01  7.44425E-01  7.44425E-01
  1.90440E-01  7.44432E-01  7.44432E-01
  1.90800E-01  7.44438E-01  7.44438E-01
  1.91160E-01  7.44445E-01  7.44445E-01
  1.91520E-01  7.44452E-01  7.44452E-01
  1.91880E-01  7.44459E-01  7.44459E-01
  1.92240E-01  7.44465E-01  7.44465E-01
  1.92600E-01  7.44472E-01  7.44472E-01
  1.92960E-01  7.44479E-01  7.44479E-01
  1.93320E-01  7.44486E-01  7.44486E-01
  1.93680E-01  7.44492E-01  7.44492E-01
  1.94040E-01  7.44499E-01  7.44499E-01
  1.94400E-01  7.44506E-01  7.44506E-01
  1.94760E-01  7.44513E-01  7.44513E-01
  1.95120E-01  7.44520E-01  7.44520E-01
  1.95480E-01  7.44526E-01  7.44526E-01
  1.95840E-01  7.44533E-01  7.44533E-01
  1.96200E-01  7.44540E-01  7.44540E-01
  1.96560E-01  7.44547E-01  7.44547E-01
  1.96920E-01  7.44554E-01  7.44554E-01
  1.97280E-01  7.44561E-01  7.44561E-01
  1.97640E-01  7.44567E-01  7.44567E-01
  1.98000E-01  7.44574E-01  7.44574E-01
  1.98360E-01  7.44581E-01  7.44581E-01
  1.98720E-01  7.44588E-01  7.44588E-01
  1.99080E-01  7.44595E-01  7.44595E-01
  1.99440E-01  7.44602E-01  7.44602E-01
  1.99800E-01  7.44609E-01  7.44609E-01
  2.00160E-01  7.44616E-01  7.44616E-01
  2.00520E-01  7.44622E-01  7.44622E-01
  2.00880E-01  7.44629E-01  7.44629E-01
  2.01240E-01  7.44636E-01  7.44636E-01
  2.01600E-01  7.44643E-01  7.44643E-01
  2.01960E-01  7.44650E-01  7.44650E-01
  2.02320E-01  7.44657E-01  7.44657E-01
  2.02680E-01  7.44664E-01  7.44664E-01
  2.03040E-01  7.44671E-01  7.44671E-01
  2.03400E-01  7.44678E-01  7.44678E-01
  2.03760E-01  7.44685E-01  7.44685E-01
  2.04120E-01  7.44692E-01  7.44692E-01
  2.04480E-01  7.44699E-01  7.44699E-01
  2.04840E-01  7.44705E-01  7.44705E-01
  2.05200E-01  7.44712E-01  7.44712E-01
  2.05560E-01  7.44719E-01  7.44719E-01
  2.05920E-01  7.44726E-01  7.44726E-01
  2.06280E-01  7.44733E-01  7.44733E-01
  2.06640E-01  7.44740E-01  7.44740E-01
  2.07000E-01  7.44747E-01  7.44747E-01
  2.07360E-01  7.44754E-01  7.44754E-01
  2.07720E-01  7.44761E-01  7.44761E-01
  2.08080E-01  7.44768E-01  7.44768E-01
  2.08440E-01  7.44775E-01  7.44775E-01
  2.08800E-01  7.44782E-01  7.44782E-01
  2.09160E-01  7.44789E-01  7.44789E-01
  2.09520E-01  7.44796E-01  7.44796E-01
  2.09880E-01  7.44803E-01  7.44803E-01
  2.10240E-01  7.44810E-01  7.44810E-01
  2.10600E-01  7.44817E-01  7.44817E-01
  2.10960E-01  7.44824E-01  7.44824E-01
  2.11320E-01  7.44831E-01  7.44831E-01
  2.11680E-01  7.44838E-01  7.44838E-01
  2.12040E-01  7.44845E-01  7.44845E-01
  2.12400E-01  7.44852E-01  7.44852E-01
  2.12760E-01  7.44859E-01  7.44859E-01
  2.13120E-01  7.44866E-01  7.44866E-01
  2.13480E-01  7.44873E-01  7.44873E-01
  2.13840E-01  7.44881E-01  7.44881E-01
  2.14200E-01  7.44888E-01  7.44888E-01
  2.14560E-01  7.44895E-01  7.44895E-01
  2.14920E-01  7.44902E-01  7.44902E-01
  2.15280E-01  7.44909E-01  7.44909E-01
  2.15640E-01  7.44916E-01  7.44916E-01
  2.16000E-01  7.44923E-01  7.44923E-01
  2.16360E-01  7.44930E-01  7.44930E-01
  2.16720E-01  7.44937E-01  7.44937E-01
  2.17080E-01  7.44944E-01  7.44944E-01
  2.17440E-01  7.44951E-01  7.44951E-01
  2.17800E-01  7.44958E-01  7.44958E-01
  2.18160E-01  7.44965E-01  7.44965E-01
  2.18520E-01  7.44972E-01  7.44972E-01
  2.18880E-01  7.44980E-01  7.44980E-01
  2.19240E-01  7.44987E-01  7.44987E-01
  2.19600E-01  7.44994E-01  7.44994E-01
  2.19960E-01  7.45001E-01  7.45001E-01
  2.20320E-01  7.45008E-01  7.45008E-01
  2.20680E-01  7.45015E-01  7.45015E-01
  2.21040E-01  7.45022E-01  7.45022E-01
  2.21400E-01  7.45029E-01  7.45029E-01
  2.21760E-01  7.45036E-01  7.45036E-01
  2.22120E-01  7.45044E-01  7.45044E-01
  2.22480E-01  7.45051E-01  7.45051E-01
  2.22840E-01  7.45058E-01  7.45058E-01
  2.23200E-01  7.45065E-01  7.45065E-01
  2.23560E-01  7.45072E-01  7.45072E-01
  2.23920E-01  7.45079E-01  7.45079E-01
  2.24280E-01  7.45086E-01  7.45086E-01
  2.24640E-01  7.45093E-01  7.45093E-01
  2.25000E-01  7.45101E-01  7.45101E-01
  2.25360E-01  7.45108E-01  7.45108E-01
  2.25720E-01  7.45115E-01  7.45115E-01
  2.26080E-01  7.45122E-01  7.45122E-01
  2.26440E-01  7.45129E-01  7.45129E-01
  2.26800E-01  7.45136E-01  7.45136E-01
  2.27160E-01  7.45143E-01  7.45143E-01
  2.27520E-01  7.45150E-01  7.45150E-01
  2.27880E-01  7.45158E-01  7.45158E-01
  2.28240E-01  7.45165E-01  7.45165E-01
  2.28600E-01  7.45172E-01  7.45172E-01
  2.28960E-01  7.45179E-01  7.45179E-01
  2.29320E-01  7.45186E-01  7.45186E-01
  2.29680E-01  7.45193E-01  7.45193E-01
  2.30040E-01  7.45201E-01  7.45201E-01
  2.30400E-01  7.45208E-01  7.45208E-01
  2.30760E-01  7.45215E-01  7.45215E-01
  2.31120E-01  7.45222E-01  7.45222E-01
  2.31480E-01  7.45229E-01  7.45229E-01
  2.31840E-01  7.45236E-01  7.45236E-01
  2.32200E-01  7.45243E-01  7.45243E-01
  2.32560E-01  7.45251E-01  7.45251E-01
  2.32920E-01  7.45258E-01  7.45258E-01
  2.33280E-01  7.45265E-01  7.45265E-01
  2.33640E-01  7.45272E-01  7.45272E-01
  2.34000E-01  7.45279E-01  7.45279E-01
  2.34360E-01  7.45286E-01  7.45286E-01
  2.34720E-01  7.45294E-01  7.45294E-01
  2.35080E-01  7.45301E-01  7.45301E-01
  2.35440E-01  7.45308E-01  7.45308E-01
  2.35800E-01  7.45315E-01  7.45315E-01
  2.36160E-01  7.45322E-01  7.45322E-01
  2.36520E-01  7.45330E-01  7.45330E-01
  2.36880E-01  7.45337E-01  7.45337E-01
  2.37240E-01  7.45344E-01  7.45344E-01
  2.37600E-01  7.45351E-01  7.45351E-01
  2.37960E-01  7.45358E-01  7.45358E-01
  2.38320E-01  7.45365E-01  7.45365E-01
  2.38680E-01  7.45373E-01  7.45373E-01
  2.39040E-01  7.45380E-01  7.45380E-01
  2.39400E-01  7.45387E-01  7.45387E-01
  2.39760E-01  7.45394E-01  7.45394E-01
  2.40120E-01  7.45401E-01  7.45401E-01
  2.40480E-01  7.45409E-01  7.45409E-01
  2.40840E-01  7.45416E-01  7.45416E-01
  2.41200E-01  7.45423E-01  7.45423E-01
  2.41560E-01  7.45430E-01  7.45430E-01
  2.41920E-01  7.45437E-01  7.45437E-01
  2.42280E-01  7.45445E-01  7.45445E-01
  2.42640E-01  7.45452E-01  7.45452E-01
  2.43000E-01  7.45459E-01  7.45459E-01
  2.43360E-01  7.45466E-01  7.45466E-01
  2.43720E-01  7.45473E-01  7.45473E-01
  2.44080E-01  7.45481E-01  7.45481E-01
  2.44440E-01  7.45488E-01  7.45488E-01
  2.44800E-01  7.45495E-01  7.45495E-01
  2.45160E-01  7.45502E-01  7.45502E-01
  2.45520E-01  7.45509E-01  7.45509E-01
  2.45880E-01  7.45517E-01  7.45517E-01
  2.46240E-01  7.45524E-01  7.45524E-01
  2.46600E-01  7.45531E-01  7.45531E-01
  2.46960E-01  7.45538E-01  7.45538E-01
  2.47320E-01  7.45545E-01  7.45545E-01
  2.47680E-01  7.45553E-01  7.45553E-01
  2.48040E-01  7.45560E-01  7.45560E-01
  2.48400E-01  7.45567E-01  7.45567E-01
  2.48760E-01  7.45574E-01  7.45574E-01
  2.49120E-01  7.45581E-01  7.45581E-01
  2.49480E-01  7.45589E-01  7.45589E-01
  2.49840E-01  7.45596E-01  7.45596E-01
  2.50200E-01  7.45603E-01  7.45603E-01
  2.50560E-01  7.45610E-01  7.45610E-01
  2.50920E-01  7.45617E-01  7.45617E-01
  2.51280E-01  7.45625E-01  7.45625E-01
  2.51640E-01  7.45632E-01  7.45632E-01
  2.52000E-01  7.45639E-01  7.45639E-01
  2.52360E-01  7.45646E-01  7.45646E-01
  2.52720E-01  7.45653E-01  7.45653E-01
  2.53080E-01  7.45661E-01  7.45661E-01
  2.53440E-01  7.45668E-01  7.45668E-01
  2.53800E-01  7.45675E-01  7.45675E-01
  2.54160E-01  7.45682E-01  7.45682E-01
  2.54520E-01  7.45689E-01  7.45689E-01
  2.54880E-01  7.45697E-01  7.45697E-01
  2.55240E-01  7.45704E-01  7.45704E-01
  2.55600E-01  7.45711E-01  7.45711E-01
  2.55960E-01  7.45718E-01  7.45718E-01
  2.56320E-01  7.45725E-01  7.45725E-01
  2.56680E-01  7.45733E-01  7.45733E-01
  2.57040E-01  7.45740E-01  7.45740E-01
  2.57400E-01  7.45747E-01  7.45747E-01
  2.57760E-01  7.45754E-01  7.45754E-01
  2.58120E-01  7.45761E-01  7.45761E-01
  2.58480E-01  7.45769E-01  7.45769E-01
  2.58840E-01  7.45776E-01  7.45776E-01
  2.59200E-01  7.45783E-01  7.45783E-01
  2.59560E-01  7.45790E-01  7.45790E-01
  2.59920E-01  7.45797E-01  7.45797E-01
  2.60280E-01  7.45805E-01  7.45805E-01
  2.60640E-01  7.45812E-01  7.45812E-01
  2.61000E-01  7.45819E-01  7.45819E-01
  2.61360E-01  7.45826E-01  7.45826E-01
  2.61720E-01  7.45833E-01  7.45833E-01
  2.62080E-01  7.45841E-01  7.45841E-01
  2.62440E-01  7.45848E-01  7.45848E-01
  2.62800E-01  7.45855E-01  7.45855E-01
  2.63160E-01  7.45862E-01  7.45862E-01
  2.63520E-01  7.45869E-01  7.45869E-01
  2.63880E-01  7.45877E-01  7.45877E-01
  2.64240E-01  7.45884E-01  7.45884E-01
  2.64600E-01  7.45891E-01  7.45891E-01
  2.64960E-01  7.45898E-01  7.45898E-01
  2.65320E-01  7.45905E-01  7.45905E-01
  2.65680E-01  7.45912E-01  7.45912E-01
  2.66040E-01  7.45920E-01  7.45920E-01
  2.66400E-01  7.45927E-01  7.45927E-01
  2.66760E-01  7.45934E-01  7.45934E-01
  2.67120E-01  7.45941E-01  7.45941E-01
  2.67480E-01  7.45948E-01  7.45948E-01
  2.67840E-01  7.45956E-01  7.45956E-01
  2.68200E-01  7.45963E-01  7.45963E-01
  2.68560E-01  7.45970E-01  7.45970E-01
  2.68920E-01  7.45977E-01  7.45977E-01
  2.69280E-01  7.45984E-01  7.45984E-01
  2.69640E-01  7.45991E-01  7.45991E-01
  2.70000E-01  7.45999E-01  7.45999E-01
  2.70360E-01  7.46006E-01  7.46006E-01
  2.70720E-01  7.46013E-01  7.46013E-01
  2.71080E-01  7.46020E-01  7.46020E-01
  2.71440E-01  7.46027E-01  7.46027E-01
  2.71800E-01  7.46035E-01  7.46035E-01
  2.72160E-01  7.46042E-01  7.46042E-01
  2.72520E-01  7.46049E-01  7.46049E-01
  2.72880E-01  7.46056E-01  7.46056E-01
  2.73240E-01  7.46063E-01  7.46063E-01
  2.73600E-01  7.46070E-01  7.46070E-01
  2.73960E-01  7.46078E-01  7.46078E-01
  2.74320E-01  7.46085E-01  7.46085E-01
  2.74680E-01  7.46092E-01  7.46092E-01
  2.75040E-01  7.46099E-01  7.46099E-01
  2.75400E-01  7.46106E-01  7.46106E-01
  2.75760E-01  7.46113E-01  7.46113E-01
  2.76120E-01  7.46121E-01  7.46121E-01
  2.76480E-01  7.46128E-01  7.46128E-01
  2.76840E-01  7.46135E-01  7.46135E-01
  2.77200E-01  7.46142E-01  7.46142E-01
  2.77560E-01  7.46149E-01  7.46149E-01
  2.77920E-01  7.46156E-01  7.46156E-01
  2.78280E-01  7.46164E-01  7.46164E-01
  2.78640E-01  7.46171E-01  7.46171E-01
  2.79000E-01  7.46178E-01  7.46178E-01
  2.79360E-01  7.46185E-01  7.46185E-01
  2.79720E-01  7.46192E-01  7.46192E-01
  2.80080E-01  7.46199E-01  7.46199E-01
  2.80440E-01  7.46206E-01  7.46206E-01
  2.80800E-01  7.46214E-01  7.46214E-01
  2.81160E-01  7.46221E-01  7.46221E-01
  2.81520E-01  7.46228E-01  7.46228E-01
  2.81880E-01  7.46235E-01  7.46235E-01
  2.82240E-01  7.46242E-01  7.46242E-01
  2.82600E-01  7.46249E-01  7.46249E-01
  2.82960E-01  7.46256E-01  7.46256E-01
  2.83320E-01  7.46263E-01  7.46263E-01
  2.83680E-01  7.46271E-01  7.46271E-01
  2.84040E-01  7.46278E-01  7.46278E-01
  2.84400E-01  7.46285E-01  7.46285E-01
  2.84760E-01  7.46292E-01  7.46292E-01
  2.85120E-01  7.46299E-01  7.46299E-01
  2.85480E-01  7.46306E-01  7.46306E-01
  2.85840E-01  7.46313E-01  7.46313E-01
  2.86200E-01  7.46320E-01  7.46320E-01
  2.86560E-01  7.46327E-01  7.46327E-01
  2.86920E-01  7.46335E-01  7.46335E-01
  2.87280E-01  7.46342E-01  7.46342E-01
  2.87640E-01  7.46349E-01  7.46349E-01
  2.88000E-01  7.46356E-01  7.46356E-01
  2.88360E-01  7.46363E-01  7.46363E-01
  2.88720E-01  7.46370E-01  7.46370E-01
  2.89080E-01  7.46377E-01  7.46377E-01
  2.89440E-01  7.46384E-01  7.46384E-01
  2.89800E-01  7.46391E-01  7.46391E-01
  2.90160E-01  7.46398E-01  7.46398E-01
  2.90520E-01  7.46406E-01  7.46406E-01
  2.90880E-01  7.46413E-01  7.46413E-01
  2.91240E-01  7.46420E-01  7.46420E-01
  2.91600E-01  7.46427E-01  7.46427E-01
  2.91960E-01  7.46434E-01  7.46434E-01
  2.92320E-01  7.46441E-01  7.46441E-01
  2.92680E-01  7.46448E-01  7.46448E-01
  2.93040E-01  7.46455E-01  7.46455E-01
  2.93400E-01  7.46462E-01  7.46462E-01
  2.93760E-01  7.46469E-01  7.46469E-01
  2.94120E-01  7.46476E-01  7.46476E-01
  2.94480E-01  7.46483E-01  7.46483E-01
  2.94840E-01  7.46490E-01  7.46490E-01
  2.95200E-01  7.46497E-01  7.46497E-01
  2.95560E-01  7.46505E-01  7.46505E-01
  2.95920E-01  7.46512E-01  7.46512E-01
  2.96280E-01  7.46519E-01  7.46519E-01
  2.96640E-01  7.46526E-01  7.46526E-01
  2.97000E-01  7.46533E-01  7.46533E-01
  2.97360E-01  7.46540E-01  7.46540E-01
  2.97720E-01  7.46547E-01  7.46547E-01
  2.98080E-01  7.46554E-01  7.46554E-01
  2.98440E-01  7.46561E-01  7.46561E-01
  2.98800E-01  7.46568E-01  7.46568E-01
  2.99160E-01  7.46575E-01  7.46575E-01
  2.99520E-01  7.46582E-01  7.46582E-01
  2.99880E-01  7.46589E-01  7.46589E-01
  3.00240E-01  7.46596E-01  7.46596E-01
  3.00600E-01  7.46603E-01  7.46603E-01
  3.00960E-01  7.46610E-01  7.46610E-01
  3.01320E-01  7.46617E-01  7.46617E-01
  3.01680E-01  7.46624E-01  7.46624E-01
  3.02040E-01  7.46631E-01  7.46631E-01
  3.02400E-01  7.46638E-01  7.46638E-01
  3.02760E-01  7.46645E-01  7.46645E-01
  3.03120E-01  7.46652E-01  7.46652E-01
  3.03480E-01  7.46659E-01  7.46659E-01
  3.03840E-01  7.46666E-01  7.46666E-01
  3.04200E-01  7.46673E-01  7.46673E-01
  3.04560E-01  7.46680E-01  7.46680E-01
  3.04920E-01  7.46687E-01  7.46687E-01
  3.05280E-01  7.46694E-01  7.46694E-01
  3.05640E-01  7.46701E-01  7.46701E-01
  3.06000E-01  7.46708E-01  7.46708E-01
  3.06360E-01  7.46715E-01  7.46715E-01
  3.06720E-01  7.46722E-01  7.46722E-01
  3.07080E-01  7.46729E-01  7.46729E-01
  3.07440E-01  7.46736E-01  7.46736E-01
  3.07800E-01  7.46743E-01  7.46743E-01
  3.08160E-01  7.46750E-01  7.46750E-01
  3.08520E-01  7.46757E-01  7.46757E-01
  3.08880E-01  7.46764E-01  7.46764E-01
  3.09240E-01  7.46771E-01  7.46771E-01
  3.09600E-01  7.46778E-01  7.46778E-01
  3.09960E-01  7.46785E-01  7.46785E-01
  3.10320E-01  7.46792E-01  7.46792E-01
  3.10680E-01  7.46799E-01  7.46799E-01
  3.11040E-01  7.46806E-01  7.46806E-01
  3.11400E-01  7.46813E-01  7.46813E-01
  3.11760E-01  7.46820E-01  7.46820E-01
  3.12120E-01  7.46827E-01  7.46827E-01
  3.12480E-01  7.46834E-01  7.46834E-01
  3.12840E-01  7.46841E-01  7.46841E-01
  3.13200E-01  7.46848E-01  7.46848E-01
  3.13560E-01  7.46855E-01  7.46855E-01
  3.13920E-01  7.46861E-01  7.46861E-01
  3.14280E-01  7.46868E-01  7.46868E-01
  3.14640E-01  7.46875E-01  7.46875E-01
  3.15000E-01  7.46882E-01  7.46882E-01
  3.15360E-01  7.46889E-01  7.46889E-01
  3.15720E-01  7.46896E-01  7.46896E-01
  3.16080E-01  7.46903E-01  7.46903E-01
  3.16440E-01  7.46910E-01  7.46910E-01
  3.16800E-01  7.46917E-01  7.46917E-01
  3.17160E-01  7.46924E-01  7.46924E-01
  3.17520E-01  7.46931E-01  7.46931E-01
  3.17880E-01  7.46938E-01  7.46938E-01
  3.18240E-01  7.46945E-01  7.46945E-01
  3.18600E-01  7.46951E-01  7.46951E-01
  3.18960E-01  7.46958E-01  7.46958E-01
  3.19320E-01  7.46965E-01  7.46965E-01
  3.19680E-01  7.46972E-01  7.46972E-01
  3.20040E-01  7.46979E-01  7.46979E-01
  3.20400E-01  7.46986E-01  7.46986E-01
  3.20760E-01  7.46993E-01  7.46993E-01
  3.21120E-01  7.47000E-01  7.47000E-01
  3.21480E-01  7.47007E-01  7.47007E-01
  3.21840E-01  7.47013E-01  7.47013E-01
  3.22200E-01  7.47020E-01  7.47020E-01
  3.22560E-01  7.47027E-01  7.47027E-01
  3.22920E-01  7.47034E-01  7.47034E-01
  3.23280E-01  7.47041E-01  7.47041E-01
  3.23640E-01  7.47048E-01  7.47048E-01
  3.24000E-01  7.47055E-01  7.47055E-01
  3.24360E-01  7.47061E-01  7.47061E-01
  3.24720E-01  7.47068E-01  7.47068E-01
  3.25080E-01  7.47075E-01  7.47075E-01
  3.25440E-01  7.47082E-01  7.47082E-01
  3.25800E-01  7.47089E-01  7.47089E-01
  3.26160E-01  7.47096E-01  7.47096E-01
  3.26520E-01  7.47103E-01  7.47103E-01
  3.26880E-01  7.47109E-01  7.47109E-01
  3.27240E-01  7.47116E-01  7.47116E-01
  3.27600E-01  7.47123E-01  7.47123E-01
  3.27960E-01  7.47130E-01  7.47130E-01
  3.28320E-01  7.47137E-01  7.47137E-01
  3.28680E-01  7.47144E-01  7.47144E-01
  3.29040E-01  7.47150E-01  7.47150E-01
  3.29400E-01  7.47157E-01  7.47157E-01
  3.29760E-01  7.47164E-01  7.47164E-01
  3.30120E-01  7.47171E-01  7.47171E-01
  3.30480E-01  7.47178E-01  7.47178E-01
  3.30840E-01  7.47184E-01  7.47184E-01
  3.31200E-01  7.47191E-01  7.47191E-01
  3.31560E-01  7.47198E-01  7.47198E-01
  3.31920E-01  7.47205E-01  7.47205E-01
  3.32280E-01  7.47212E-01  7.47212E-01
  3.32640E-01  7.47218E-01  7.47218E-01
  3.33000E-01  7.47225E-01  7.47225E-01
  3.33360E-01  7.47232E-01  7.47232E-01
  3.33720E-01  7.47239E-01  7.47239E-01
  3.34080E-01  7.47245E-01  7.47245E-01
  3.34440E-01  7.47252E-01  7.47252E-01
  3.34800E-01  7.47259E-01  7.47259E-01
  3.35160E-01  7.47266E-01  7.47266E-01
  3.35520E-01  7.47273E-01  7.47273E-01
  3.35880E-01  7.47279E-01  7.47279E-01
  3.36240E-01  7.47286E-01  7.47286E-01
  3.36600E-01  7.47293E-01  7.47293E-01
  3.36960E-01  7.47300E-01  7.47300E-01
  3.37320E-01  7.47306E-01  7.47306E-01
  3.37680E-01  7.47313E-01  7.47313E-01
  3.38040E-01  7.47320E-01  7.47320E-01
  3.38400E-01  7.47327E-01  7.47327E-01
  3.38760E-01  7.47333E-01  7.47333E-01
  3.39120E-01  7.47340E-01  7.47340E-01
  3.39480E-01  7.47347E-01  7.47347E-01
  3.39840E-01  7.47354E-01  7.47354E-01
  3.40200E-01  7.47360E-01  7.47360E-01
  3.40560E-01  7.47367E-01  7.47367E-01
  3.40920E-01  7.47374E-01  7.47374E-01
  3.41280E-01  7.47380E-01  7.47380E-01
  3.41640E-01  7.47387E-01  7.47387E-01
  3.42000E-01  7.47394E-01  7.47394E-01
  3.42360E-01  7.47401E-01  7.47401E-01
  3.42720E-01  7.47407E-01  7.47407E-01
  3.43080E-01  7.47414E-01  7.47414E-01
  3.43440E-01  7.47421E-01  7.47421E-01
  3.43800E-01  7.47427E-01  7.47427E-01
  3.44160E-01  7.47434E-01  7.47434E-01
  3.44520E-01  7.47441E-01  7.47441E-01
  3.44880E-01  7.47447E-01  7.47447E-01
  3.45240E-01  7.47454E-01  7.47454E-01
  3.45600E-01  7.47461E-01  7.47461E-01
  3.45960E-01  7.47467E-01  7.47467E-01
  3.46320E-01  7.47474E-01  7.47474E-01
  3.46680E-01  7.47481E-01  7.47481E-01
  3.47040E-01  7.47487E-01  7.47487E-01
  3.47400E-01  7.47494E-01  7.47494E-01
  3.47760E-01  7.47501E-01  7.47501E-01
  3.48120E-01  7.47507E-01  7.47507E-01
  3.48480E-01  7.47514E-01  7.47514E-01
  3.48840E-01  7.47521E-01  7.47521E-01
  3.49200E-01  7.47527E-01  7.47527E-01
  3.49560E-01  7.47534E-01  7.47534E-01
  3.49920E-01  7.47541E-01  7.47541E-01
  3.50280E-01  7.47547E-01  7.47547E-01
  3.50640E-01  7.47554E-01  7.47554E-01
  3.51000E-01  7.47560E-01  7.47560E-01
  3.51360E-01  7.47567E-01  7.47567E-01
  3.51720E-01  7.47574E-01  7.47574E-01
  3.52080E-01  7.47580E-01  7.47580E-01
  3.52440E-01  7.47587E-01  7.47587E-01
  3.52800E-01  7.47593E-01  7.47593E-01
  3.53160E-01  7.47600E-01  7.47600E-01
  3.53520E-01  7.47607E-01  7.47607E-01
  3.53880E-01  7.47613E-01  7.47613E-01
  3.54240E-01  7.47620E-01  7.47620E-01
  3.54600E-01  7.47626E-01  7.47626E-01
  3.54960E-01  7.47633E-01  7.47633E-01
  3.55320E-01  7.47640E-01  7.47640E-01
  3.55680E-01  7.47646E-01  7.47646E-01
  3.56040E-01  7.47653E-01  7.47653E-01
  3.56400E-01  7.47659E-01  7.47659E-01
  3.56760E-01  7.47666E-01  7.47666E-01
  3.57120E-01  7.47672E-01  7.47672E-01
  3.57480E-01  7.47679E-01  7.47679E-01
  3.57840E-01  7.47686E-01  7.47686E-01
  3.58200E-01  7.47692E-01  7.47692E-01
  3.58560E-01  7.47699E-01  7.47699E-01
  3.58920E-01  7.47705E-01  7.47705E-01
  3.59280E-01  7.47712E-01  7.47712E-01
  3.59640E-01  7.47718E-01  7.47718E-01
  3.60000E-01  7.47725E-01  7.47725E-01
  3.60360E-01  7.47731E-01  7.47731E-01
  3.60720E-01  7.47738E-01  7.47738E-01
  3.61080E-01  7.47744E-01  7.47744E-01
  3.61440E-01  7.47751E-01  7.47751E-01
  3.61800E-01  7.47757E-01  7.47757E-01
  3.62160E-01  7.47764E-01  7.47764E-01
  3.62520E-01  7.47770E-01  7.47770E-01
  3.62880E-01  7.47777E-01  7.47777E-01
  3.63240E-01  7.47783E-01  7.47783E-01
  3.63600E-01  7.47790E-01  7.47790E-01
  3.63960E-01  7.47796E-01  7.47796E-01
  3.64320E-01  7.47803E-01  7.47803E-01
  3.64680E-01  7.47809E-01  7.47809E-01
  3.65040E-01  7.47816E-01  7.47816E-01
  3.65400E-01  7.47822E-01  7.47822E-01
  3.65760E-01  7.47829E-01  7.47829E-01
  3.66120E-01  7.47835E-01  7.47835E-01
  3.66480E-01  7.47842E-01  7.47842E-01
  3.66840E-01  7.47848E-01  7.47848E-01
  3.67200E-01  7.47855E-01  7.47855E-01
  3.67560E-01  7.47861E-01  7.47861E-01
  3.67920E-01  7.47868E-01  7.47868E-01
  3.68280E-01  7.47874E-01  7.47874E-01
  3.68640E-01  7.47880E-01  7.47880E-01
  3.69000E-01  7.47887E-01  7.47887E-01
  3.69360E-01  7.47893E-01  7.47893E-01
  3.69720E-01  7.47900E-01  7.47900E-01
  3.70080E-01  7.47906E-01  7.47906E-01
  3.70440E-01  7.47913E-01  7.47913E-01
  3.70800E-01  7.47919E-01  7.47919E-01
  3.71160E-01  7.47926E-01  7.47926E-01
  3.71520E-01  7.47932E-01  7.47932E-01
  3.71880E-01  7.47938E-01  7.47938E-01
  3.72240E-01  7.47945E-01  7.47945E-01
  3.72600E-01  7.47951E-01  7.47951E-01
  3.72960E-01  7.47958E-01  7.47958E-01
  3.73320E-01  7.47964E-01  7.47964E-01
  3.73680E-01  7.47970E-01  7.47970E-01
  3.74040E-01  7.47977E-01  7.47977E-01
  3.74400E-01  7.47983E-01  7.47983E-01
  3.74760E-01  7.47990E-01  7.47990E-01
  3.75120E-01  7.47996E-01  7.47996E-01
  3.75480E-01  7.48002E-01  7.48002E-01
  3.75840E-01  7.48009E-01  7.48009E-01
  3.76200E-01  7.48015E-01  7.48015E-01
  3.76560E-01  7.48021E-01  7.48021E-01
  3.76920E-01  7.48028E-01  7.48028E-01
  3.77280E-01  7.48034E-01  7.48034E-01
  3.77640E-01  7.48040E-01  7.48040E-01
  3.78000E-01  7.48047E-01  7.48047E-01
  3.78360E-01  7.48053E-01  7.48053E-01
  3.78720E-01  7.48060E-01  7.48060E-01
  3.79080E-01  7.48066E-01  7.48066E-01
  3.79440E-01  7.48072E-01  7.48072E-01
  3.79800E-01  7.48079E-01  7.48079E-01
  3.80160E-01  7.48085E-01  7.48085E-01
  3.80520E-01  7.48091E-01  7.48091E-01
  3.80880E-01  7.48098E-01  7.48098E-01
  3.81240E-01  7.48104E-01  7.48104E-01
  3.81600E-01  7.48110E-01  7.48110E-01
  3.81960E-01  7.48116E-01  7.48116E-01
  3.82320E-01  7.48123E-01  7.48123E-01
  3.82680E-01  7.48129E-01  7.48129E-01
  3.83040E-01  7.48135E-01  7.48135E-01
  3.83400E-01  7.48142E-01  7.48142E-01
  3.83760E-01  7.48148E-01  7.48148E-01
  3.84120E-01  7.48154E-01  7.48154E-01
  3.84480E-01  7.48161E-01  7.48161E-01
  3.84840E-01  7.48167E-01  7.48167E-01
  3.85200E-01  7.48173E-01  7.48173E-01
  3.85560E-01  7.48179E-01  7.48179E-01
  3.85920E-01  7.48186E-01  7.48186E-01
  3.86280E-01  7.48192E-01  7.48192E-01
  3.86640E-01  7.48198E-01  7.48198E-01
  3.87000E-01  7.48204E-01  7.48204E-01
  3.87360E-01  7.48211E-01  7.48211E-01
  3.87720E-01  7.48217E-01  7.48217E-01
  3.88080E-01  7.48223E-01  7.48223E-01
  3.88440E-01  7.48229E-01  7.48229E-01
  3.88800E-01  7.48236E-01  7.48236E-01
  3.89160E-01  7.48242E-01  7.48242E-01
  3.89520E-01  7.48248E-01  7.48248E-01
  3.89880E-01  7.48254E-01  7.48254E-01
  3.90240E-01  7.48261E-01  7.48261E-01
  3.90600E-01  7.48267E-01  7.48267E-01
  3.90960E-01  7.48273E-01  7.48273E-01
  3.91320E-01  7.48279E-01  7.48279E-01
  3.91680E-01  7.48285E-01  7.48285E-01
  3.92040E-01  7.48292E-01  7.48292E-01
  3.92400E-01  7.48298E-01  7.48298E-01
  3.92760E-01  7.48304E-01  7.48304E-01
  3.93120E-01  7.48310E-01  7.48310E-01
  3.93480E-01  7.48316E-01  7.48316E-01
  3.93840E-01  7.48323E-01  7.48323E-01
  3.94200E-01  7.48329E-01  7.48329E-01
  3.94560E-01  7.48335E-01  7.48335E-01
  3.94920E-01  7.48341E-01  7.48341E-01
  3.95280E-01  7.48347E-01  7.48347E-01
  3.95640E-01  7.48354E-01  7.48354E-01
  3.96000E-01  7.48360E-01  7.48360E-01
  3.96360E-01  7.48366E-01  7.48366E-01
  3.96720E-01  7.48372E-01  7.48372E-01
  3.97080E-01  7.48378E-01  7.48378E-01
  3.97440E-01  7.48384E-01  7.48384E-01
  3.97800E-01  7.48390E-01  7.48390E-01
  3.98160E-01  7.48397E-01  7.48397E-01
  3.98520E-01  7.48403E-01  7.48403E-01
  3.98880E-01  7.48409E-01  7.48409E-01
  3.99240E-01  7.48415E-01  7.48415E-01
  3.99600E-01  7.48421E-01  7.48421E-01
  3.99960E-01  7.48427E-01  7.48427E-01
  4.00320E-01  7.48433E-01  7.48433E-01
  4.00680E-01  7.48440E-01  7.48440E-01
  4.01040E-01  7.48446E-01  7.48446E-01
  4.01400E-01  7.48452E-01  7.48452E-01
  4.01760E-01  7.48458E-01  7.48458E-01
  4.02120E-01  7.48464E-01  7.48464E-01
  4.02480E-01  7.48470E-01  7.48470E-01
  4.02840E-01  7.48476E-01  7.48476E-01
  4.03200E-01  7.48482E-01  7.48482E-01
  4.03560E-01  7.48488E-01  7.48488E-01
  4.03920E-01  7.48494E-01  7.48494E-01
  4.04280E-01  7.48501E-01  7.48501E-01
  4.04640E-01  7.48507E-01  7.48507E-01
  4.05000E-01  7.48513E-01  7.48513E-01
  4.05360E-01  7.48519E-01  7.48519E-01
  4.05720E-01  7.48525E-01  7.48525E-01
  4.06080E-01  7.48531E-01  7.48531E-01
  4.06440E-01  7.48537E-01  7.48537E-01
  4.06800E-01  7.48543E-01  7.48543E-01
  4.07160E-01  7.48549E-01  7.48549E-01
  4.07520E-01  7.48555E-01  7.48555E-01
  4.07880E-01  7.48561E-01  7.48561E-01
  4.08240E-01  7.48567E-01  7.48567E-01
  4.08600E-01  7.48573E-01  7.48573E-01
  4.08960E-01  7.48579E-01  7.48579E-01
  4.09320E-01  7.48585E-01  7.48585E-01
  4.09680E-01  7.48591E-01  7.48591E-01
  4.10040E-01  7.48597E-01  7.48597E-01
  4.10400E-01  7.48603E-01  7.48603E-01
  4.10760E-01  7.48609E-01  7.48609E-01
  4.11120E-01  7.48615E-01  7.48615E-01
  4.11480E-01  7.48621E-01  7.48621E-01
  4.11840E-01  7.48627E-01  7.48627E-01
  4.12200E-01  7.48633E-01  7.48633E-01
  4.12560E-01  7.48639E-01  7.48639E-01
  4.12920E-01  7.48645E-01  7.48645E-01
  4.13280E-01  7.48651E-01  7.48651E-01
  4.13640E-01  7.48657E-01  7.48657E-01
  4.14000E-01  7.48663E-01  7.48663E-01
  4.14360E-01  7.48669E-01  7.48669E-01
  4.14720E-01  7.48675E-01  7.48675E-01
  4.15080E-01  7.48681E-01  7.48681E-01
  4.15440E-01  7.48687E-01  7.48687E-01
  4.15800E-01  7.48693E-01  7.48693E-01
  4.16160E-01  7.48699E-01  7.48699E-01
  4.16520E-01  7.48705E-01  7.48705E-01
  4.16880E-01  7.48711E-01  7.48711E-01
  4.17240E-01  7.48717E-01  7.48717E-01
  4.17600E-01  7.48723E-01  7.48723E-01
  4.17960E-01  7.48729E-01  7.48729E-01
  4.18320E-01  7.48735E-01  7.48735E-01
  4.18680E-01  7.48741E-01  7.48741E-01
  4.19040E-01  7.48747E-01  7.48747E-01
  4.19400E-01  7.48752E-01  7.48752E-01
  4.19760E-01  7.48758E-01  7.48758E-01
  4.20120E-01  7.48764E-01  7.48764E-01
  4.20480E-01  7.48770E-01  7.48770E-01
  4.20840E-01  7.48776E-01  7.48776E-01
  4.21200E-01  7.48782E-01  7.48782E-01
  4.21560E-01  7.48788E-01  7.48788E-01
  4.21920E-01  7.48794E-01  7.48794E-01
  4.22280E-01  7.48800E-01  7.48800E-01
  4.22640E-01  7.48806E-01  7.48806E-01
  4.23000E-01  7.48811E-01  7.48811E-01
  4.23360E-01  7.48817E-01  7.48817E-01
  4.23720E-01  7.48823E-01  7.48823E-01
  4.24080E-01  7.48829E-01  7.48829E-01
  4.24440E-01  7.48835E-01  7.48835E-01
  4.24800E-01  7.48841E-01  7.48841E-01
  4.25160E-01  7.48847E-01  7.48847E-01
  4.25520E-01  7.48852E-01  7.48852E-01
  4.25880E-01  7.48858E-01  7.48858E-01
  4.26240E-01  7.48864E-01  7.48864E-01
  4.26600E-01  7.48870E-01  7.48870E-01
  4.26960E-01  7.48876E-01  7.48876E-01
  4.27320E-01  7.48882E-01  7.48882E-01
  4.27680E-01  7.48887E-01  7.48887E-01
  4.28040E-01  7.48893E-01  7.48893E-01
  4.28400E-01  7.48899E-01  7.48899E-01
  4.28760E-01  7.48905E-01  7.48905E-01
  4.29120E-01  7.48911E-01  7.48911E-01
  4.29480E-01  7.48916E-01  7.48916E-01
  4.29840E-01  7.48922E-01  7.48922E-01
  4.30200E-01  7.48928E-01  7.48928E-01
  4.30560E-01  7.48934E-01  7.48934E-01
  4.30920E-01  7.48940E-01  7.48940E-01
  4.31280E-01  7.48945E-01  7.48945E-01
  4.31640E-01  7.48951E-01  7.48951E-01
  4.32000E-01  7.48957E-01  7.48957E-01
  4.32360E-01  7.48963E-01  7.48963E-01
  4.32720E-01  7.48969E-01  7.48969E-01
  4.33080E-01  7.48974E-01  7.48974E-01
  4.33440E-01  7.48980E-01  7.48980E-01
  4.33800E-01  7.48986E-01  7.48986E-01
  4.34160E-01  7.48992E-01  7.48992E-01
  4.34520E-01  7.48997E-01  7.48997E-01
  4.34880E-01  7.49003E-01  7.49003E-01
  4.35240E-01  7.49009E-01  7.49009E-01
  4.35600E-01  7.49015E-01  7.49015E-01
  4.35960E-01  7.49020E-01  7.49020E-01
  4.36320E-01  7.49026E-01  7.49026E-01
  4.36680E-01  7.49032E-01  7.49032E-01
  4.37040E-01  7.49037E-01  7.49037E-01
  4.37400E-01  7.49043E-01  7.49043E-01
  4.37760E-01  7.49049E-01  7.49049E-01
  4.38120E-01  7.49055E-01  7.49055E-01
  4.38480E-01  7.49060E-01  7.49060E-01
  4.38840E-01  7.49066E-01  7.49066E-01
  4.39200E-01  7.49072E-01  7.49072E-01
  4.39560E-01  7.49077E-01  7.49077E-01
  4.39920E-01  7.49083E-01  7.49083E-01
  4.40280E-01  7.49089E-01  7.49089E-01
  4.40640E-01  7.49094E-01  7.49094E-01
  4.41000E-01  7.49100E-01  7.49100E-01
  4.41360E-01  7.49106E-01  7.49106E-01
  4.41720E-01  7.49111E-01  7.49111E-01
  4.42080E-01  7.49117E-01  7.49117E-01
  4.42440E-01  7.49123E-01  7.49123E-01
  4.42800E-01  7.49128E-01  7.49128E-01
  4.43160E-01  7.49134E-01  7.49134E-01
  4.43520E-01  7.49140E-01  7.49140E-01
  4.43880E-01  7.49145E-01  7.49145E-01
  4.44240E-01  7.49151E-01  7.49151E-01
  4.44600E-01  7.49157E-01  7.49157E-01
  4.44960E-01  7.49162E-01  7.49162E-01
  4.45320E-01  7.49168E-01  7.49168E-01
  4.45680E-01  7.49174E-01  7.49174E-01
  4.46040E-01  7.49179E-01  7.49179E-01
  4.46400E-01  7.49185E-01  7.49185E-01
  4.46760E-01  7.49190E-01  7.49190E-01
  4.47120E-01  7.49196E-01  7.49196E-01
  4.47480E-01  7.49202E-01  7.49202E-01
  4.47840E-01  7.49207E-01  7.49207E-01
  4.48200E-01  7.49213E-01  7.49213E-01
  4.48560E-01  7.49218E-01  7.49218E-01
  4.48920E-01  7.49224E-01  7.49224E-01
  4.49280E-01  7.49230E-01  7.49230E-01
  4.49640E-01  7.49235E-01  7.49235E-01
  4.50000E-01  7.49241E-01  7.49241E-01
  4.50360E-01  7.49246E-01  7.49246E-01
  4.50720E-01  7.49252E-01  7.49252E-01
  4.51080E-01  7.49257E-01  7.49257E-01
  4.51440E-01  7.49263E-01  7.49263E-01
  4.51800E-01  7.49269E-01  7.49269E-01
  4.52160E-01  7.49274E-01  7.49274E-01
  4.52520E-01  7.49280E-01  7.49280E-01
  4.52880E-01  7.49285E-01  7.49285E-01
  4.53240E-01  7.49291E-01  7.49291E-01
  4.53600E-01  7.49296E-01  7.49296E-01
  4.53960E-01  7.49302E-01  7.49302E-01
  4.54320E-01  7.49307E-01  7.49307E-01
  4.54680E-01  7.49313E-01  7.49313E-01
  4.55040E-01  7.49318E-01  7.49318E-01
  4.55400E-01  7.49324E-01  7.49324E-01
  4.55760E-01  7.49330E-01  7.49330E-01
  4.56120E-01  7.49335E-01  7.49335E-01
  4.56480E-01  7.49341E-01  7.49341E-01
  4.56840E-01  7.49346E-01  7.49346E-01
  4.57200E-01  7.49352E-01  7.49352E-01
  4.57560E-01  7.49357E-01  7.49357E-01
  4.57920E-01  7.49363E-01  7.49363E-01
  4.58280E-01  7.49368E-01  7.49368E-01
  4.58640E-01  7.49374E-01  7.49374E-01
  4.59000E-01  7.49379E-01  7.49379E-01
  4.59360E-01  7.49384E-01  7.49384E-01
  4.59720E-01  7.49390E-01  7.49390E-01
  4.60080E-01  7.49395E-01  7.49395E-01
  4.60440E-01  7.49401E-01  7.49401E-01
  4.60800E-01  7.49406E-01  7.49406E-01
  4.61160E-01  7.49412E-01  7.49412E-01
  4.61520E-01  7.49417E-01  7.49417E-01
  4.61880E-01  7.49423E-01  7.49423E-01
  4.62240E-01  7.49428E-01  7.49428E-01
  4.62600E-01  7.49434E-01  7.49434E-01
  4.62960E-01  7.49439E-01  7.49439E-01
  4.63320E-01  7.49445E-01  7.49445E-01
  4.63680E-01  7.49450E-01  7.49450E-01
  4.64040E-01  7.49455E-01  7.49455E-01
  4.64400E-01  7.49461E-01  7.49461E-01
  4.64760E-01  7.49466E-01  7.49466E-01
  4.65120E-01  7.49472E-01  7.49472E-01
  4.65480E-01  7.49477E-01  7.49477E-01
  4.65840E-01  7.49482E-01  7.49482E-01
  4.66200E-01  7.49488E-01  7.49488E-01
  4.66560E-01  7.49493E-01  7.49493E-01
  4.66920E-01  7.49499E-01  7.49499E-01
  4.67280E-01  7.49504E-01  7.49504E-01
  4.67640E-01  7.49509E-01  7.49509E-01
  4.68000E-01  7.49515E-01  7.49515E-01
  4.68360E-01  7.49520E-01  7.49520E-01
  4.68720E-01  7.49526E-01  7.49526E-01
  4.69080E-01  7.49531E-01  7.49531E-01
  4.69440E-01  7.49536E-01  7.49536E-01
  4.69800E-01  7.49542E-01  7.49542E-01
  4.70160E-01  7.49547E-01  7.49547E-01
  4.70520E-01  7.49552E-01  7.49552E-01
  4.70880E-01  7.49558E-01  7.49558E-01
  4.71240E-01  7.49563E-01  7.49563E-01
  4.71600E-01  7.49568E-01  7.49568E-01
  4.71960E-01  7.49574E-01  7.49574E-01
  4.72320E-01  7.49579E-01  7.49579E-01
  4.72680E-01  7.49585E-01  7.49585E-01
  4.73040E-01  7.49590E-01  7.49590E-01
  4.73400E-01  7.49595E-01  7.49595E-01
  4.73760E-01  7.49600E-01  7.49600E-01
  4.74120E-01  7.49606E-01  7.49606E-01
  4.74480E-01  7.49611E-01  7.49611E-01
  4.74840E-01  7.49616E-01  7.49616E-01
  4.75200E-01  7.49622E-01  7.49622E-01
  4.75560E-01  7.49627E-01  7.49627E-01
  4.75920E-01  7.49632E-01  7.49632E-01
  4.76280E-01  7.49638E-01  7.49638E-01
  4.76640E-01  7.49643E-01  7.49643E-01
  4.77000E-01  7.49648E-01  7.49648E-01
  4.77360E-01  7.49654E-01  7.49654E-01
  4.77720E-01  7.49659E-01  7.49659E-01
  4.78080E-01  7.49664E-01  7.49664E-01
  4.78440E-01  7.49669E-01  7.49669E-01
  4.78800E-01  7.49675E-01  7.49675E-01
  4.79160E-01  7.49680E-01  7.49680E-01
  4.79520E-01  7.49685E-01  7.49685E-01
  4.79880E-01  7.49690E-01  7.49690E-01
  4.80240E-01  7.49696E-01  7.49696E-01
  4.80600E-01  7.49701E-01  7.49701E-01
  4.80960E-01  7.49706E-01  7.49706E-01
  4.81320E-01  7.49711E-01  7.49711E-01
  4.81680E-01  7.49717E-01  7.49717E-01
  4.82040E-01  7.49722E-01  7.49722E-01
  4.82400E-01  7.49727E-01  7.49727E-01
  4.82760E-01  7.49732E-01  7.49732E-01
  4.83120E-01  7.49738E-01  7.49738E-01
  4.83480E-01  7.49743E-01  7.49743E-01
  4.83840E-01  7.49748E-01  7.49748E-01
  4.84200E-01  7.49753E-01  7.49753E-01
  4.84560E-01  7.49758E-01  7.49758E-01
  4.84920E-01  7.49764E-01  7.49764E-01
  4.85280E-01  7.49769E-01  7.49769E-01
  4.85640E-01  7.49774E-01  7.49774E-01
  4.86000E-01  7.49779E-01  7.49779E-01
  4.86360E-01  7.49784E-01  7.49784E-01
  4.86720E-01  7.49790E-01  7.49790E-01
  4.87080E-01  7.49795E-01  7.49795E-01
  4.87440E-01  7.49800E-01  7.49800E-01
  4.87800E-01  7.49805E-01  7.49805E-01
  4.88160E-01  7.49810E-01  7.49810E-01
  4.88520E-01  7.49816E-01  7.49816E-01
  4.88880E-01  7.49821E-01  7.49821E-01
  4.89240E-01  7.49826E-01  7.49826E-01
  4.89600E-01  7.49831E-01  7.49831E-01
  4.89960E-01  7.49836E-01  7.49836E-01
  4.90320E-01  7.49841E-01  7.49841E-01
  4.90680E-01  7.49847E-01  7.49847E-01
  4.91040E-01  7.49852E-01  7.49852E-01
  4.91400E-01  7.49857E-01  7.49857E-01
  4.91760E-01  7.49862E-01  7.49862E-01
  4.92120E-01  7.49867E-01  7.49867E-01
  4.92480E-01  7.49872E-01  7.49872E-01
  4.92840E-01  7.49877E-01  7.49877E-01
  4.93200E-01  7.49883E-01  7.49883E-01
  4.93560E-01  7.49888E-01  7.49888E-01
  4.93920E-01  7.49893E-01  7.49893E-01
  4.94280E-01  7.49898E-01  7.49898E-01
  4.94640E-01  7.49903E-01  7.49903E-01
  4.95000E-01  7.49908E-01  7.49908E-01
  4.95360E-01  7.49913E-01  7.49913E-01
  4.95720E-01  7.49918E-01  7.49918E-01
  4.96080E-01  7.49923E-01  7.49923E-01
  4.96440E-01  7.49928E-01  7.49928E-01
  4.96800E-01  7.49933E-01  7.49933E-01
  4.97160E-01  7.49939E-01  7.49939E-01
  4.97520E-01  7.49944E-01  7.49944E-01
  4.97880E-01  7.49949E-01  7.49949E-01
  4.98240E-01  7.49954E-01  7.49954E-01
  4.98600E-01  7.49959E-01  7.49959E-01
  4.98960E-01  7.49964E-01  7.49964E-01
  4.99320E-01  7.49969E-01  7.49969E-01
  4.99680E-01  7.49974E-01  7.49974E-01
  5.00000E-01  7.49978E-01  7.49978E-01
