 TITLE=RHEsVARIABLES=="X","Tem_e","Tem_r"
 ZONE I=         500
  0.20000E-02  0.74998E+00  0.74998E+00
  0.60000E-02  0.75342E+00  0.75342E+00
  0.10000E-01  0.75682E+00  0.75682E+00
  0.14000E-01  0.76018E+00  0.76018E+00
  0.18000E-01  0.76350E+00  0.76350E+00
  0.22000E-01  0.76677E+00  0.76677E+00
  0.26000E-01  0.77001E+00  0.77001E+00
  0.30000E-01  0.77320E+00  0.77320E+00
  0.34000E-01  0.77636E+00  0.77636E+00
  0.38000E-01  0.77948E+00  0.77948E+00
  0.42000E-01  0.78256E+00  0.78256E+00
  0.46000E-01  0.78561E+00  0.78561E+00
  0.50000E-01  0.78862E+00  0.78862E+00
  0.54000E-01  0.79159E+00  0.79159E+00
  0.58000E-01  0.79453E+00  0.79453E+00
  0.62000E-01  0.79743E+00  0.79743E+00
  0.66000E-01  0.80030E+00  0.80030E+00
  0.70000E-01  0.80314E+00  0.80314E+00
  0.74000E-01  0.80594E+00  0.80594E+00
  0.78000E-01  0.80871E+00  0.80871E+00
  0.82000E-01  0.81144E+00  0.81144E+00
  0.86000E-01  0.81415E+00  0.81415E+00
  0.90000E-01  0.81682E+00  0.81682E+00
  0.94000E-01  0.81946E+00  0.81946E+00
  0.98000E-01  0.82207E+00  0.82207E+00
  0.10200E+00  0.82464E+00  0.82464E+00
  0.10600E+00  0.82719E+00  0.82719E+00
  0.11000E+00  0.82971E+00  0.82971E+00
  0.11400E+00  0.83219E+00  0.83219E+00
  0.11800E+00  0.83465E+00  0.83465E+00
  0.12200E+00  0.83707E+00  0.83707E+00
  0.12600E+00  0.83947E+00  0.83947E+00
  0.13000E+00  0.84184E+00  0.84184E+00
  0.13400E+00  0.84418E+00  0.84418E+00
  0.13800E+00  0.84649E+00  0.84649E+00
  0.14200E+00  0.84877E+00  0.84877E+00
  0.14600E+00  0.85102E+00  0.85102E+00
  0.15000E+00  0.85325E+00  0.85325E+00
  0.15400E+00  0.85545E+00  0.85545E+00
  0.15800E+00  0.85761E+00  0.85761E+00
  0.16200E+00  0.85976E+00  0.85976E+00
  0.16600E+00  0.86187E+00  0.86187E+00
  0.17000E+00  0.86396E+00  0.86396E+00
  0.17400E+00  0.86602E+00  0.86602E+00
  0.17800E+00  0.86805E+00  0.86805E+00
  0.18200E+00  0.87006E+00  0.87006E+00
  0.18600E+00  0.87204E+00  0.87204E+00
  0.19000E+00  0.87399E+00  0.87399E+00
  0.19400E+00  0.87591E+00  0.87591E+00
  0.19800E+00  0.87781E+00  0.87781E+00
  0.20200E+00  0.87969E+00  0.87969E+00
  0.20600E+00  0.88154E+00  0.88154E+00
  0.21000E+00  0.88336E+00  0.88336E+00
  0.21400E+00  0.88515E+00  0.88515E+00
  0.21800E+00  0.88692E+00  0.88692E+00
  0.22200E+00  0.88866E+00  0.88866E+00
  0.22600E+00  0.89038E+00  0.89038E+00
  0.23000E+00  0.89207E+00  0.89207E+00
  0.23400E+00  0.89374E+00  0.89374E+00
  0.23800E+00  0.89538E+00  0.89538E+00
  0.24200E+00  0.89700E+00  0.89700E+00
  0.24600E+00  0.89859E+00  0.89859E+00
  0.25000E+00  0.90015E+00  0.90015E+00
  0.25400E+00  0.90169E+00  0.90169E+00
  0.25800E+00  0.90320E+00  0.90320E+00
  0.26200E+00  0.90469E+00  0.90469E+00
  0.26600E+00  0.90616E+00  0.90616E+00
  0.27000E+00  0.90759E+00  0.90759E+00
  0.27400E+00  0.90901E+00  0.90901E+00
  0.27800E+00  0.91040E+00  0.91040E+00
  0.28200E+00  0.91176E+00  0.91176E+00
  0.28600E+00  0.91310E+00  0.91310E+00
  0.29000E+00  0.91441E+00  0.91441E+00
  0.29400E+00  0.91570E+00  0.91570E+00
  0.29800E+00  0.91697E+00  0.91697E+00
  0.30200E+00  0.91820E+00  0.91820E+00
  0.30600E+00  0.91942E+00  0.91942E+00
  0.31000E+00  0.92061E+00  0.92061E+00
  0.31400E+00  0.92177E+00  0.92177E+00
  0.31800E+00  0.92291E+00  0.92291E+00
  0.32200E+00  0.92403E+00  0.92403E+00
  0.32600E+00  0.92512E+00  0.92512E+00
  0.33000E+00  0.92618E+00  0.92618E+00
  0.33400E+00  0.92723E+00  0.92723E+00
  0.33800E+00  0.92824E+00  0.92824E+00
  0.34200E+00  0.92923E+00  0.92923E+00
  0.34600E+00  0.93020E+00  0.93020E+00
  0.35000E+00  0.93114E+00  0.93114E+00
  0.35400E+00  0.93206E+00  0.93206E+00
  0.35800E+00  0.93296E+00  0.93296E+00
  0.36200E+00  0.93382E+00  0.93382E+00
  0.36600E+00  0.93467E+00  0.93467E+00
  0.37000E+00  0.93549E+00  0.93549E+00
  0.37400E+00  0.93628E+00  0.93628E+00
  0.37800E+00  0.93705E+00  0.93705E+00
  0.38200E+00  0.93780E+00  0.93780E+00
  0.38600E+00  0.93852E+00  0.93852E+00
  0.39000E+00  0.93922E+00  0.93922E+00
  0.39400E+00  0.93989E+00  0.93989E+00
  0.39800E+00  0.94054E+00  0.94054E+00
  0.40200E+00  0.94116E+00  0.94116E+00
  0.40600E+00  0.94176E+00  0.94176E+00
  0.41000E+00  0.94234E+00  0.94234E+00
  0.41400E+00  0.94289E+00  0.94289E+00
  0.41800E+00  0.94341E+00  0.94341E+00
  0.42200E+00  0.94391E+00  0.94391E+00
  0.42600E+00  0.94439E+00  0.94439E+00
  0.43000E+00  0.94484E+00  0.94484E+00
  0.43400E+00  0.94527E+00  0.94527E+00
  0.43800E+00  0.94567E+00  0.94567E+00
  0.44200E+00  0.94605E+00  0.94605E+00
  0.44600E+00  0.94641E+00  0.94641E+00
  0.45000E+00  0.94674E+00  0.94674E+00
  0.45400E+00  0.94704E+00  0.94704E+00
  0.45800E+00  0.94733E+00  0.94733E+00
  0.46200E+00  0.94758E+00  0.94758E+00
  0.46600E+00  0.94782E+00  0.94782E+00
  0.47000E+00  0.94802E+00  0.94802E+00
  0.47400E+00  0.94821E+00  0.94821E+00
  0.47800E+00  0.94837E+00  0.94837E+00
  0.48200E+00  0.94851E+00  0.94851E+00
  0.48600E+00  0.94862E+00  0.94862E+00
  0.49000E+00  0.94870E+00  0.94870E+00
  0.49400E+00  0.94877E+00  0.94877E+00
  0.49800E+00  0.94881E+00  0.94881E+00
  0.50200E+00  0.94882E+00  0.94882E+00
  0.50600E+00  0.94881E+00  0.94881E+00
  0.51000E+00  0.94878E+00  0.94878E+00
  0.51400E+00  0.94872E+00  0.94872E+00
  0.51800E+00  0.94864E+00  0.94864E+00
  0.52200E+00  0.94854E+00  0.94854E+00
  0.52600E+00  0.94841E+00  0.94841E+00
  0.53000E+00  0.94826E+00  0.94826E+00
  0.53400E+00  0.94808E+00  0.94808E+00
  0.53800E+00  0.94788E+00  0.94788E+00
  0.54200E+00  0.94765E+00  0.94765E+00
  0.54600E+00  0.94741E+00  0.94741E+00
  0.55000E+00  0.94714E+00  0.94714E+00
  0.55400E+00  0.94684E+00  0.94684E+00
  0.55800E+00  0.94652E+00  0.94652E+00
  0.56200E+00  0.94618E+00  0.94618E+00
  0.56600E+00  0.94581E+00  0.94581E+00
  0.57000E+00  0.94542E+00  0.94542E+00
  0.57400E+00  0.94501E+00  0.94501E+00
  0.57800E+00  0.94457E+00  0.94457E+00
  0.58200E+00  0.94411E+00  0.94411E+00
  0.58600E+00  0.94363E+00  0.94363E+00
  0.59000E+00  0.94313E+00  0.94313E+00
  0.59400E+00  0.94260E+00  0.94260E+00
  0.59800E+00  0.94204E+00  0.94204E+00
  0.60200E+00  0.94147E+00  0.94147E+00
  0.60600E+00  0.94087E+00  0.94087E+00
  0.61000E+00  0.94025E+00  0.94025E+00
  0.61400E+00  0.93961E+00  0.93961E+00
  0.61800E+00  0.93894E+00  0.93894E+00
  0.62200E+00  0.93825E+00  0.93825E+00
  0.62600E+00  0.93754E+00  0.93754E+00
  0.63000E+00  0.93681E+00  0.93681E+00
  0.63400E+00  0.93605E+00  0.93605E+00
  0.63800E+00  0.93527E+00  0.93527E+00
  0.64200E+00  0.93447E+00  0.93447E+00
  0.64600E+00  0.93365E+00  0.93365E+00
  0.65000E+00  0.93280E+00  0.93280E+00
  0.65400E+00  0.93193E+00  0.93193E+00
  0.65800E+00  0.93104E+00  0.93104E+00
  0.66200E+00  0.93013E+00  0.93013E+00
  0.66600E+00  0.92920E+00  0.92920E+00
  0.67000E+00  0.92824E+00  0.92824E+00
  0.67400E+00  0.92727E+00  0.92727E+00
  0.67800E+00  0.92627E+00  0.92627E+00
  0.68200E+00  0.92525E+00  0.92525E+00
  0.68600E+00  0.92421E+00  0.92421E+00
  0.69000E+00  0.92315E+00  0.92315E+00
  0.69400E+00  0.92207E+00  0.92207E+00
  0.69800E+00  0.92096E+00  0.92096E+00
  0.70200E+00  0.91984E+00  0.91984E+00
  0.70600E+00  0.91870E+00  0.91870E+00
  0.71000E+00  0.91753E+00  0.91753E+00
  0.71400E+00  0.91634E+00  0.91634E+00
  0.71800E+00  0.91514E+00  0.91514E+00
  0.72200E+00  0.91391E+00  0.91391E+00
  0.72600E+00  0.91266E+00  0.91266E+00
  0.73000E+00  0.91140E+00  0.91140E+00
  0.73400E+00  0.91011E+00  0.91011E+00
  0.73800E+00  0.90880E+00  0.90880E+00
  0.74200E+00  0.90748E+00  0.90748E+00
  0.74600E+00  0.90613E+00  0.90613E+00
  0.75000E+00  0.90477E+00  0.90477E+00
  0.75400E+00  0.90338E+00  0.90338E+00
  0.75800E+00  0.90198E+00  0.90198E+00
  0.76200E+00  0.90056E+00  0.90056E+00
  0.76600E+00  0.89912E+00  0.89912E+00
  0.77000E+00  0.89766E+00  0.89766E+00
  0.77400E+00  0.89618E+00  0.89618E+00
  0.77800E+00  0.89468E+00  0.89468E+00
  0.78200E+00  0.89317E+00  0.89317E+00
  0.78600E+00  0.89163E+00  0.89163E+00
  0.79000E+00  0.89008E+00  0.89008E+00
  0.79400E+00  0.88851E+00  0.88851E+00
  0.79800E+00  0.88693E+00  0.88693E+00
  0.80200E+00  0.88532E+00  0.88532E+00
  0.80600E+00  0.88370E+00  0.88370E+00
  0.81000E+00  0.88206E+00  0.88206E+00
  0.81400E+00  0.88041E+00  0.88041E+00
  0.81800E+00  0.87873E+00  0.87873E+00
  0.82200E+00  0.87704E+00  0.87704E+00
  0.82600E+00  0.87534E+00  0.87534E+00
  0.83000E+00  0.87361E+00  0.87361E+00
  0.83400E+00  0.87188E+00  0.87188E+00
  0.83800E+00  0.87012E+00  0.87012E+00
  0.84200E+00  0.86835E+00  0.86835E+00
  0.84600E+00  0.86656E+00  0.86656E+00
  0.85000E+00  0.86476E+00  0.86476E+00
  0.85400E+00  0.86294E+00  0.86294E+00
  0.85800E+00  0.86111E+00  0.86111E+00
  0.86200E+00  0.85926E+00  0.85926E+00
  0.86600E+00  0.85740E+00  0.85740E+00
  0.87000E+00  0.85552E+00  0.85552E+00
  0.87400E+00  0.85363E+00  0.85363E+00
  0.87800E+00  0.85173E+00  0.85173E+00
  0.88200E+00  0.84981E+00  0.84981E+00
  0.88600E+00  0.84787E+00  0.84787E+00
  0.89000E+00  0.84593E+00  0.84593E+00
  0.89400E+00  0.84397E+00  0.84397E+00
  0.89800E+00  0.84199E+00  0.84199E+00
  0.90200E+00  0.84000E+00  0.84000E+00
  0.90600E+00  0.83800E+00  0.83800E+00
  0.91000E+00  0.83599E+00  0.83599E+00
  0.91400E+00  0.83397E+00  0.83397E+00
  0.91800E+00  0.83193E+00  0.83193E+00
  0.92200E+00  0.82988E+00  0.82988E+00
  0.92600E+00  0.82782E+00  0.82782E+00
  0.93000E+00  0.82574E+00  0.82574E+00
  0.93400E+00  0.82366E+00  0.82366E+00
  0.93800E+00  0.82156E+00  0.82156E+00
  0.94200E+00  0.81946E+00  0.81946E+00
  0.94600E+00  0.81734E+00  0.81734E+00
  0.95000E+00  0.81521E+00  0.81521E+00
  0.95400E+00  0.81307E+00  0.81307E+00
  0.95800E+00  0.81092E+00  0.81092E+00
  0.96200E+00  0.80876E+00  0.80876E+00
  0.96600E+00  0.80659E+00  0.80659E+00
  0.97000E+00  0.80442E+00  0.80442E+00
  0.97400E+00  0.80223E+00  0.80223E+00
  0.97800E+00  0.80003E+00  0.80003E+00
  0.98200E+00  0.79783E+00  0.79783E+00
  0.98600E+00  0.79561E+00  0.79561E+00
  0.99000E+00  0.79339E+00  0.79339E+00
  0.99400E+00  0.79116E+00  0.79116E+00
  0.99800E+00  0.78893E+00  0.78893E+00
  0.10020E+01  0.78668E+00  0.78668E+00
  0.10060E+01  0.78443E+00  0.78443E+00
  0.10100E+01  0.78217E+00  0.78217E+00
  0.10140E+01  0.77990E+00  0.77990E+00
  0.10180E+01  0.77763E+00  0.77763E+00
  0.10220E+01  0.77535E+00  0.77535E+00
  0.10260E+01  0.77307E+00  0.77307E+00
  0.10300E+01  0.77078E+00  0.77078E+00
  0.10340E+01  0.76848E+00  0.76848E+00
  0.10380E+01  0.76618E+00  0.76618E+00
  0.10420E+01  0.76387E+00  0.76387E+00
  0.10460E+01  0.76156E+00  0.76156E+00
  0.10500E+01  0.75925E+00  0.75925E+00
  0.10540E+01  0.75693E+00  0.75693E+00
  0.10580E+01  0.75460E+00  0.75460E+00
  0.10620E+01  0.75228E+00  0.75228E+00
  0.10660E+01  0.74995E+00  0.74995E+00
  0.10700E+01  0.74762E+00  0.74762E+00
  0.10740E+01  0.74528E+00  0.74528E+00
  0.10780E+01  0.74294E+00  0.74294E+00
  0.10820E+01  0.74060E+00  0.74060E+00
  0.10860E+01  0.73826E+00  0.73826E+00
  0.10900E+01  0.73592E+00  0.73592E+00
  0.10940E+01  0.73358E+00  0.73358E+00
  0.10980E+01  0.73123E+00  0.73123E+00
  0.11020E+01  0.72889E+00  0.72889E+00
  0.11060E+01  0.72654E+00  0.72654E+00
  0.11100E+01  0.72420E+00  0.72420E+00
  0.11140E+01  0.72186E+00  0.72186E+00
  0.11180E+01  0.71951E+00  0.71951E+00
  0.11220E+01  0.71717E+00  0.71717E+00
  0.11260E+01  0.71483E+00  0.71483E+00
  0.11300E+01  0.71249E+00  0.71249E+00
  0.11340E+01  0.71016E+00  0.71016E+00
  0.11380E+01  0.70782E+00  0.70782E+00
  0.11420E+01  0.70549E+00  0.70549E+00
  0.11460E+01  0.70317E+00  0.70317E+00
  0.11500E+01  0.70084E+00  0.70084E+00
  0.11540E+01  0.69852E+00  0.69852E+00
  0.11580E+01  0.69621E+00  0.69621E+00
  0.11620E+01  0.69390E+00  0.69390E+00
  0.11660E+01  0.69160E+00  0.69160E+00
  0.11700E+01  0.68930E+00  0.68930E+00
  0.11740E+01  0.68701E+00  0.68701E+00
  0.11780E+01  0.68472E+00  0.68472E+00
  0.11820E+01  0.68244E+00  0.68244E+00
  0.11860E+01  0.68017E+00  0.68017E+00
  0.11900E+01  0.67791E+00  0.67791E+00
  0.11940E+01  0.67565E+00  0.67565E+00
  0.11980E+01  0.67341E+00  0.67341E+00
  0.12020E+01  0.67117E+00  0.67117E+00
  0.12060E+01  0.66894E+00  0.66894E+00
  0.12100E+01  0.66672E+00  0.66672E+00
  0.12140E+01  0.66451E+00  0.66451E+00
  0.12180E+01  0.66232E+00  0.66232E+00
  0.12220E+01  0.66013E+00  0.66013E+00
  0.12260E+01  0.65796E+00  0.65796E+00
  0.12300E+01  0.65580E+00  0.65580E+00
  0.12340E+01  0.65365E+00  0.65365E+00
  0.12380E+01  0.65152E+00  0.65152E+00
  0.12420E+01  0.64940E+00  0.64940E+00
  0.12460E+01  0.64729E+00  0.64729E+00
  0.12500E+01  0.64520E+00  0.64520E+00
  0.12540E+01  0.64313E+00  0.64313E+00
  0.12580E+01  0.64107E+00  0.64107E+00
  0.12620E+01  0.63902E+00  0.63902E+00
  0.12660E+01  0.63700E+00  0.63700E+00
  0.12700E+01  0.63499E+00  0.63499E+00
  0.12740E+01  0.63300E+00  0.63300E+00
  0.12780E+01  0.63103E+00  0.63103E+00
  0.12820E+01  0.62908E+00  0.62908E+00
  0.12860E+01  0.62715E+00  0.62715E+00
  0.12900E+01  0.62523E+00  0.62523E+00
  0.12940E+01  0.62334E+00  0.62334E+00
  0.12980E+01  0.62148E+00  0.62148E+00
  0.13020E+01  0.61963E+00  0.61963E+00
  0.13060E+01  0.61781E+00  0.61781E+00
  0.13100E+01  0.61600E+00  0.61600E+00
  0.13140E+01  0.61423E+00  0.61423E+00
  0.13180E+01  0.61248E+00  0.61248E+00
  0.13220E+01  0.61075E+00  0.61075E+00
  0.13260E+01  0.60905E+00  0.60905E+00
  0.13300E+01  0.60737E+00  0.60737E+00
  0.13340E+01  0.60573E+00  0.60573E+00
  0.13380E+01  0.60411E+00  0.60411E+00
  0.13420E+01  0.60252E+00  0.60252E+00
  0.13460E+01  0.60095E+00  0.60095E+00
  0.13500E+01  0.59942E+00  0.59942E+00
  0.13540E+01  0.59792E+00  0.59792E+00
  0.13580E+01  0.59644E+00  0.59644E+00
  0.13620E+01  0.59500E+00  0.59500E+00
  0.13660E+01  0.59359E+00  0.59359E+00
  0.13700E+01  0.59221E+00  0.59221E+00
  0.13740E+01  0.59087E+00  0.59087E+00
  0.13780E+01  0.58956E+00  0.58956E+00
  0.13820E+01  0.58828E+00  0.58828E+00
  0.13860E+01  0.58704E+00  0.58704E+00
  0.13900E+01  0.58583E+00  0.58583E+00
  0.13940E+01  0.58466E+00  0.58466E+00
  0.13980E+01  0.58353E+00  0.58353E+00
  0.14020E+01  0.58243E+00  0.58243E+00
  0.14060E+01  0.58137E+00  0.58137E+00
  0.14100E+01  0.58034E+00  0.58034E+00
  0.14140E+01  0.57936E+00  0.57936E+00
  0.14180E+01  0.57841E+00  0.57841E+00
  0.14220E+01  0.57751E+00  0.57751E+00
  0.14260E+01  0.57664E+00  0.57664E+00
  0.14300E+01  0.57581E+00  0.57581E+00
  0.14340E+01  0.57502E+00  0.57502E+00
  0.14380E+01  0.57428E+00  0.57428E+00
  0.14420E+01  0.57357E+00  0.57357E+00
  0.14460E+01  0.57291E+00  0.57291E+00
  0.14500E+01  0.57228E+00  0.57228E+00
  0.14540E+01  0.57170E+00  0.57170E+00
  0.14580E+01  0.57116E+00  0.57116E+00
  0.14620E+01  0.57067E+00  0.57067E+00
  0.14660E+01  0.57021E+00  0.57021E+00
  0.14700E+01  0.56980E+00  0.56980E+00
  0.14740E+01  0.56943E+00  0.56943E+00
  0.14780E+01  0.56911E+00  0.56911E+00
  0.14820E+01  0.56882E+00  0.56882E+00
  0.14860E+01  0.56858E+00  0.56858E+00
  0.14900E+01  0.56839E+00  0.56839E+00
  0.14940E+01  0.56823E+00  0.56823E+00
  0.14980E+01  0.56812E+00  0.56812E+00
  0.15020E+01  0.56806E+00  0.56806E+00
  0.15060E+01  0.56803E+00  0.56803E+00
  0.15100E+01  0.56805E+00  0.56805E+00
  0.15140E+01  0.56811E+00  0.56811E+00
  0.15180E+01  0.56822E+00  0.56822E+00
  0.15220E+01  0.56837E+00  0.56837E+00
  0.15260E+01  0.56856E+00  0.56856E+00
  0.15300E+01  0.56879E+00  0.56879E+00
  0.15340E+01  0.56906E+00  0.56906E+00
  0.15380E+01  0.56938E+00  0.56938E+00
  0.15420E+01  0.56973E+00  0.56973E+00
  0.15460E+01  0.57013E+00  0.57013E+00
  0.15500E+01  0.57057E+00  0.57057E+00
  0.15540E+01  0.57104E+00  0.57104E+00
  0.15580E+01  0.57156E+00  0.57156E+00
  0.15620E+01  0.57212E+00  0.57212E+00
  0.15660E+01  0.57271E+00  0.57271E+00
  0.15700E+01  0.57335E+00  0.57335E+00
  0.15740E+01  0.57402E+00  0.57402E+00
  0.15780E+01  0.57473E+00  0.57473E+00
  0.15820E+01  0.57548E+00  0.57548E+00
  0.15860E+01  0.57626E+00  0.57626E+00
  0.15900E+01  0.57708E+00  0.57708E+00
  0.15940E+01  0.57793E+00  0.57793E+00
  0.15980E+01  0.57882E+00  0.57882E+00
  0.16020E+01  0.57974E+00  0.57974E+00
  0.16060E+01  0.58070E+00  0.58070E+00
  0.16100E+01  0.58169E+00  0.58169E+00
  0.16140E+01  0.58271E+00  0.58271E+00
  0.16180E+01  0.58376E+00  0.58376E+00
  0.16220E+01  0.58485E+00  0.58485E+00
  0.16260E+01  0.58596E+00  0.58596E+00
  0.16300E+01  0.58711E+00  0.58711E+00
  0.16340E+01  0.58828E+00  0.58828E+00
  0.16380E+01  0.58948E+00  0.58948E+00
  0.16420E+01  0.59071E+00  0.59071E+00
  0.16460E+01  0.59197E+00  0.59197E+00
  0.16500E+01  0.59326E+00  0.59326E+00
  0.16540E+01  0.59457E+00  0.59457E+00
  0.16580E+01  0.59590E+00  0.59590E+00
  0.16620E+01  0.59726E+00  0.59726E+00
  0.16660E+01  0.59865E+00  0.59865E+00
  0.16700E+01  0.60005E+00  0.60005E+00
  0.16740E+01  0.60149E+00  0.60149E+00
  0.16780E+01  0.60294E+00  0.60294E+00
  0.16820E+01  0.60441E+00  0.60441E+00
  0.16860E+01  0.60591E+00  0.60591E+00
  0.16900E+01  0.60742E+00  0.60742E+00
  0.16940E+01  0.60896E+00  0.60896E+00
  0.16980E+01  0.61051E+00  0.61051E+00
  0.17020E+01  0.61208E+00  0.61208E+00
  0.17060E+01  0.61367E+00  0.61367E+00
  0.17100E+01  0.61528E+00  0.61528E+00
  0.17140E+01  0.61690E+00  0.61690E+00
  0.17180E+01  0.61854E+00  0.61854E+00
  0.17220E+01  0.62020E+00  0.62020E+00
  0.17260E+01  0.62187E+00  0.62187E+00
  0.17300E+01  0.62355E+00  0.62355E+00
  0.17340E+01  0.62525E+00  0.62525E+00
  0.17380E+01  0.62696E+00  0.62696E+00
  0.17420E+01  0.62868E+00  0.62868E+00
  0.17460E+01  0.63042E+00  0.63042E+00
  0.17500E+01  0.63217E+00  0.63217E+00
  0.17540E+01  0.63393E+00  0.63393E+00
  0.17580E+01  0.63569E+00  0.63569E+00
  0.17620E+01  0.63747E+00  0.63747E+00
  0.17660E+01  0.63926E+00  0.63926E+00
  0.17700E+01  0.64106E+00  0.64106E+00
  0.17740E+01  0.64287E+00  0.64287E+00
  0.17780E+01  0.64468E+00  0.64468E+00
  0.17820E+01  0.64650E+00  0.64650E+00
  0.17860E+01  0.64833E+00  0.64833E+00
  0.17900E+01  0.65017E+00  0.65017E+00
  0.17940E+01  0.65201E+00  0.65201E+00
  0.17980E+01  0.65386E+00  0.65386E+00
  0.18020E+01  0.65571E+00  0.65571E+00
  0.18060E+01  0.65757E+00  0.65757E+00
  0.18100E+01  0.65943E+00  0.65943E+00
  0.18140E+01  0.66130E+00  0.66130E+00
  0.18180E+01  0.66317E+00  0.66317E+00
  0.18220E+01  0.66505E+00  0.66505E+00
  0.18260E+01  0.66693E+00  0.66693E+00
  0.18300E+01  0.66881E+00  0.66881E+00
  0.18340E+01  0.67069E+00  0.67069E+00
  0.18380E+01  0.67258E+00  0.67258E+00
  0.18420E+01  0.67447E+00  0.67447E+00
  0.18460E+01  0.67635E+00  0.67635E+00
  0.18500E+01  0.67824E+00  0.67824E+00
  0.18540E+01  0.68014E+00  0.68014E+00
  0.18580E+01  0.68203E+00  0.68203E+00
  0.18620E+01  0.68392E+00  0.68392E+00
  0.18660E+01  0.68581E+00  0.68581E+00
  0.18700E+01  0.68770E+00  0.68770E+00
  0.18740E+01  0.68959E+00  0.68959E+00
  0.18780E+01  0.69148E+00  0.69148E+00
  0.18820E+01  0.69337E+00  0.69337E+00
  0.18860E+01  0.69526E+00  0.69526E+00
  0.18900E+01  0.69714E+00  0.69714E+00
  0.18940E+01  0.69902E+00  0.69902E+00
  0.18980E+01  0.70090E+00  0.70090E+00
  0.19020E+01  0.70278E+00  0.70278E+00
  0.19060E+01  0.70465E+00  0.70465E+00
  0.19100E+01  0.70653E+00  0.70653E+00
  0.19140E+01  0.70839E+00  0.70839E+00
  0.19180E+01  0.71026E+00  0.71026E+00
  0.19220E+01  0.71212E+00  0.71212E+00
  0.19260E+01  0.71398E+00  0.71398E+00
  0.19300E+01  0.71583E+00  0.71583E+00
  0.19340E+01  0.71768E+00  0.71768E+00
  0.19380E+01  0.71952E+00  0.71952E+00
  0.19420E+01  0.72136E+00  0.72136E+00
  0.19460E+01  0.72319E+00  0.72319E+00
  0.19500E+01  0.72502E+00  0.72502E+00
  0.19540E+01  0.72685E+00  0.72685E+00
  0.19580E+01  0.72866E+00  0.72866E+00
  0.19620E+01  0.73048E+00  0.73048E+00
  0.19660E+01  0.73228E+00  0.73228E+00
  0.19700E+01  0.73408E+00  0.73408E+00
  0.19740E+01  0.73587E+00  0.73587E+00
  0.19780E+01  0.73766E+00  0.73766E+00
  0.19820E+01  0.73944E+00  0.73944E+00
  0.19860E+01  0.74121E+00  0.74121E+00
  0.19900E+01  0.74298E+00  0.74298E+00
  0.19940E+01  0.74474E+00  0.74474E+00
  0.19980E+01  0.74648E+00  0.74648E+00
