0.00015625		0.40020912711	0.993172939443
0.00046875		0.399927238905	0.992997633951
0.00078125		0.399535302018	0.992754302216
0.00109375		0.399163655295	0.992523244697
0.00140625		0.398856325006	0.992332043645
0.00171875		0.398579127973	0.99215943606
0.00203125		0.398313393366	0.991993804186
0.00234375		0.398050559092	0.991829796113
0.00265625		0.397788661696	0.991666319827
0.00296875		0.397527819896	0.991503496062
0.00328125		0.397269280322	0.991342101913
0.00359375		0.397013493645	0.991182393166
0.00390625		0.396760626941	0.99102444383
0.00421875		0.396510676535	0.990868224879
0.00453125		0.396263515772	0.990713648539
0.00484375		0.396019017702	0.990560625608
0.00515625		0.395777066327	0.990409089951
0.00546875		0.395537503345	0.990258962251
0.00578125		0.39530014086	0.990110151529
0.00609375		0.395064782554	0.989962564533
0.00640625		0.39483134028	0.989816136143
0.00671875		0.394599760762	0.989670807721
0.00703125		0.394369917231	0.989526507533
0.00734375		0.394141680065	0.989383159634
0.00765625		0.393914929128	0.989240697885
0.00796875		0.393689601897	0.989099084063
0.00828125		0.393465642758	0.988958277852
0.00859375		0.393243011826	0.988818223756
0.00890625		0.393021674152	0.988678866189
0.00921875		0.392801547393	0.988540173251
0.00953125		0.392582479464	0.988402112208
0.00984375		0.392364330291	0.988264638799
0.01015625		0.392147046245	0.988127716897
0.01046875		0.391930729172	0.987991304302
0.01078125		0.391715344366	0.987855356501
0.01109375		0.391500789091	0.987719842949
0.01140625		0.39128697227	0.987584751193
0.01171875		0.391073814497	0.987450068742
0.01203125		0.390861241635	0.987315770895
0.01234375		0.390649199294	0.987181828281
0.01265625		0.390437857787	0.987048212903
0.01296875		0.390227235063	0.986914904158
0.01328125		0.390017242111	0.986781884294
0.01359375		0.38980780413	0.986649134807
0.01390625		0.389598861379	0.986516638313
0.01421875		0.389390321333	0.986384377973
0.01453125		0.389182088051	0.986252340026
0.01484375		0.388974118654	0.98612051544
0.01515625		0.388766391308	0.985988888508
0.01546875		0.388559194731	0.985857437084
0.01578125		0.388352521874	0.98572615252
0.01609375		0.388146286614	0.985595036763
0.01640625		0.387940412199	0.985464082866
0.01671875		0.387734829023	0.985333268483
0.01703125		0.387529472182	0.985202568302
0.01734375		0.387324291416	0.985071970674
0.01765625		0.387119252673	0.984941476371
0.01796875		0.386914472574	0.984811081237
0.01828125		0.386709915646	0.984680775323
0.01859375		0.38650553492	0.984550549952
0.01890625		0.386301296545	0.984420398313
0.01921875		0.386097250983	0.984290316631
0.01953125		0.385893522053	0.984160303083
0.01984375		0.385690119051	0.984030355885
0.02015625		0.385486964181	0.983900468908
0.02046875		0.385283980187	0.983770632572
0.02078125		0.385081098461	0.983640838035
0.02109375		0.384878220632	0.983511080026
0.02140625		0.384675238654	0.983381358544
0.02171875		0.384472159683	0.983251673203
0.02203125		0.384269316828	0.983122016763
0.02234375		0.384066766222	0.982992377575
0.02265625		0.383864495938	0.98286274963
0.02296875		0.383662547951	0.982733135462
0.02328125		0.383460809552	0.982603537788
0.02359375		0.383259170536	0.982473951066
0.02390625		0.383057511486	0.982344364329
0.02421875		0.382855620916	0.982214771057
0.02453125		0.382653416149	0.982085173602
0.02484375		0.382451123812	0.981955576699
0.02515625		0.382249179484	0.981825977955
0.02546875		0.382047484307	0.981696368337
0.02578125		0.381846001134	0.981566740845
0.02609375		0.381644828818	0.981437095536
0.02640625		0.381443856402	0.981307436125
0.02671875		0.381242966564	0.981177762033
0.02703125		0.38104202559	0.981048066624
0.02734375		0.380840821306	0.980918343245
0.02765625		0.380639167597	0.980788591712
0.02796875		0.380437290649	0.980658816576
0.02828125		0.380235762203	0.980529019765
0.02859375		0.3800343848	0.98039919606
0.02890625		0.379833222924	0.980269338232
0.02921875		0.379632423161	0.980139443554
0.02953125		0.379431856192	0.98000951444
0.02984375		0.379231563932	0.979879552622
0.03015625		0.379031085471	0.979749554586
0.03046875		0.37883038739	0.97961951413
0.03078125		0.378629187875	0.979489428709
0.03109375		0.378427442703	0.979359300806
0.03140625		0.378225757155	0.97922913353
0.03171875		0.378024349865	0.979098924756
0.03203125		0.377823257526	0.978968669572
0.03234375		0.37762262442	0.978838364863
0.03265625		0.37742229028	0.978708011845
0.03296875		0.377222452954	0.97857761241
0.03328125		0.377022317384	0.978447164733
0.03359375		0.376821786015	0.978316664763
0.03390625		0.376620764688	0.978186109934
0.03421875		0.376418983185	0.978055501943
0.03453125		0.376216948086	0.977924843198
0.03484375		0.376015358359	0.977794132503
0.03515625		0.375814205922	0.977663366005
0.03546875		0.37561359216	0.977532540833
0.03578125		0.375413347482	0.977401657834
0.03609375		0.375213786859	0.977270718033
0.03640625		0.375013858266	0.977139720331
0.03671875		0.374813288818	0.977008661985
0.03703125		0.374612177155	0.976877541302
0.03734375		0.374410192812	0.976746359696
0.03765625		0.374207860363	0.976615119544
0.03796875		0.374006061094	0.976483820171
0.03828125		0.373804792374	0.97635245713
0.03859375		0.373604037509	0.976221027573
0.03890625		0.3734036992	0.976089531349
0.03921875		0.373204168893	0.975957970599
0.03953125		0.373004295763	0.975826344631
0.03984375		0.37280357263	0.975694650621
0.04015625		0.372602182345	0.975562885823
0.04046875		0.372399914446	0.975431051678
0.04078125		0.372197354235	0.975299152147
0.04109375		0.371995359423	0.975167187879
0.04140625		0.37179388319	0.975035154583
0.04171875		0.371592822102	0.974903047755
0.04203125		0.371392252709	0.974770866799
0.04234375		0.371192415235	0.974638614837
0.04265625		0.370992485323	0.97450629211
0.04296875		0.370791583386	0.974373896219
0.04328125		0.370589931148	0.974241423424
0.04359375		0.370387349039	0.974108874541
0.04390625		0.370184483184	0.973976253981
0.04421875		0.369982275647	0.973843563462
0.04453125		0.369780510652	0.973710799495
0.04484375		0.369579062366	0.973577956653
0.04515625		0.369378166299	0.973445033941
0.04546875		0.369177808774	0.97331203396
0.04578125		0.368977645045	0.973178958964
0.04609375		0.368776541798	0.973045806301
0.04640625		0.36857464188	0.972912572389
0.04671875		0.368371755707	0.972779256642
0.04703125		0.368168546058	0.972645863801
0.04734375		0.36796603695	0.972512396515
0.04765625		0.367763900737	0.972378852283
0.04796875		0.367562039054	0.972245225454
0.04828125		0.367360768601	0.972111513808
0.04859375		0.367159773001	0.971977719456
0.04890625		0.366959206924	0.971843845552
0.04921875		0.366757833775	0.971709890944
0.04953125		0.366555695516	0.971575851645
0.04984375		0.366352495927	0.971441725659
0.05015625		0.366148918601	0.971307516549
0.05046875		0.365946057186	0.971173228483
0.05078125		0.365743497417	0.97103886039
0.05109375		0.365541230935	0.970904407101
0.05140625		0.365339442914	0.97076986433
0.05171875		0.365137832538	0.970635233935
0.05203125		0.364936690478	0.970500519727
0.05234375		0.364734974686	0.970365722662
0.05265625		0.364532553259	0.97023083814
0.05296875		0.364329035708	0.97009586322
0.05328125		0.364125099905	0.96996080001
0.05359375		0.363921834316	0.969825653771
0.05390625		0.363718805085	0.969690424978
0.05421875		0.363516093522	0.969555108984
0.05453125		0.36331370612	0.969419700394
0.05484375		0.363111543006	0.969284199438
0.05515625		0.36290973882	0.969148611143
0.05546875		0.362707595676	0.969012937365
0.05578125		0.362504844358	0.968877174858
0.05609375		0.362301039386	0.968741318412
0.05640625		0.362096707578	0.968605369413
0.05671875		0.361892936089	0.968469332981
0.05703125		0.361689447414	0.9683332121
0.05734375		0.361486249718	0.96819700259
0.05765625		0.361283244239	0.968060697776
0.05796875		0.361080513822	0.967924296402
0.05828125		0.360878023583	0.9677878036
0.05859375		0.360675400128	0.967651223716
0.05890625		0.360472281492	0.96751455379
0.05921875		0.36026817725	0.967377787693
0.05953125		0.360063421559	0.967240924268
0.05984375		0.359859116313	0.967103969467
0.06015625		0.359655137717	0.966966927941
0.06046875		0.359451360229	0.966829797346
0.06078125		0.359247778714	0.96669256961
0.06109375		0.359044453135	0.966555241303
0.06140625		0.358841301553	0.966417817127
0.06171875		0.358638140269	0.966280303851
0.06203125		0.358434614439	0.966142700338
0.06234375		0.358230170964	0.966004998864
0.06265625		0.358024967015	0.96586719604
0.06296875		0.357820115215	0.965729297084
0.06328125		0.357615592889	0.965591309624
0.06359375		0.357411239885	0.965453232647
0.06390625		0.357207081186	0.965315057423
0.06421875		0.357003114377	0.965176777829
0.06453125		0.356799359272	0.965038398474
0.06484375		0.356595639937	0.96489992778
0.06515625		0.35639163822	0.964761366149
0.06546875		0.356186789572	0.964622705505
0.06578125		0.355981134614	0.964483940227
0.06609375		0.355775715836	0.964345075178
0.06640625		0.355570616864	0.964206118674
0.06671875		0.355365693791	0.964067071475
0.06703125		0.355160940475	0.963927925426
0.06734375		0.354956336381	0.963788673174
0.06765625		0.354751985248	0.963649318189
0.06796875		0.354547691545	0.963509868515
0.06828125		0.354343176011	0.963370325816
0.06859375		0.35413787164	0.963230683196
0.06890625		0.353931751339	0.963090935188
0.06921875		0.353725750728	0.962951085089
0.06953125		0.353520083048	0.962811139846
0.06984375		0.35331459117	0.962671100975
0.07015625		0.353109224946	0.962530961664
0.07046875		0.352903998394	0.962390715613
0.07078125		0.352699001168	0.962250364619
0.07109375		0.352494075028	0.962109915922
0.07140625		0.35228901386	0.961969371629
0.07171875		0.352083272863	0.961828725907
0.07203125		0.351876711234	0.961687972808
0.07234375		0.3516701041	0.961547114508
0.07265625		0.35146385579	0.961406158508
0.07296875		0.351257775969	0.961265107302
0.07328125		0.351051788243	0.961123954865
0.07359375		0.350845940636	0.960982693607
0.07390625		0.350640251967	0.960841324274
0.07421875		0.350434661755	0.960699854367
0.07453125		0.35022900876	0.960558287555
0.07484375		0.350022843871	0.960416618453
0.07515625		0.349815869486	0.960274840158
0.07546875		0.349608642672	0.960132953582
0.07578125		0.349401800726	0.959990966157
0.07609375		0.349195107252	0.959848881939
0.07640625		0.348988491803	0.959706695737
0.07671875		0.348782006687	0.959564399809
0.07703125		0.348575623907	0.959421993184
0.07734375		0.348369360796	0.959279482852
0.07765625		0.348163082061	0.959136873734
0.07796875		0.347956438717	0.958994161697
0.07828125		0.347749071019	0.958851339583
0.07859375		0.347541273487	0.958708406589
0.07890625		0.347333798432	0.958565369502
0.07921875		0.347126469843	0.9584222334
0.07953125		0.346919234355	0.958278994836
0.07984375		0.346712095457	0.958135645934
0.08015625		0.346505021623	0.957992184313
0.08046875		0.34629807691	0.957848615831
0.08078125		0.346091140319	0.95770494624
0.08109375		0.345883981443	0.957561173137
0.08140625		0.345676209743	0.957417289195
0.08171875		0.345467898568	0.957273292288
0.08203125		0.345259746542	0.957129188131
0.08234375		0.345051792414	0.95698498258
0.08265625		0.344843933342	0.956840673706
0.08296875		0.344636124757	0.95669625407
0.08328125		0.344428376944	0.956551720104
0.08359375		0.344220739154	0.956407076419
0.08390625		0.34401312467	0.956262329161
0.08421875		0.343805397136	0.956117477295
0.08453125		0.343597198806	0.955972514079
0.08484375		0.343388420185	0.955827436164
0.08515625		0.343179588512	0.955682248213
0.08546875		0.342970998469	0.955536956247
0.08578125		0.342762499032	0.955391559799
0.08609375		0.342554027269	0.955246052104
0.08640625		0.342345626585	0.955100428835
0.08671875		0.34213728166	0.954954693353
0.08703125		0.34192898792	0.954808851694
0.08734375		0.341720645137	0.954662904152
0.08765625		0.341511981048	0.954516844622
0.08796875		0.341302759539	0.954370669071
0.08828125		0.34109327139	0.954224380834
0.08859375		0.340884031011	0.954077986057
0.08890625		0.340674875421	0.953931485249
0.08921875		0.34046576412	0.953784872695
0.08953125		0.340256696854	0.953638143597
0.08984375		0.340047654634	0.953491300019
0.09015625		0.339838680689	0.953344347714
0.09046875		0.339629686521	0.953197287855
0.09078125		0.339420494801	0.953050115437
0.09109375		0.33921083527	0.952902825864
0.09140625		0.33900078112	0.952755421307
0.09171875		0.338790838915	0.952607907528
0.09203125		0.338581030965	0.952460286049
0.09234375		0.338371276461	0.952312552171
0.09265625		0.338161534785	0.952164700893
0.09296875		0.337951818454	0.952016733183
0.09328125		0.337742154358	0.951868654155
0.09359375		0.337532490175	0.9517204659
0.09390625		0.337322720534	0.951572164321
0.09421875		0.337112601284	0.951423744636
0.09453125		0.336902037884	0.951275207745
0.09484375		0.336691394974	0.951126559046
0.09515625		0.336480929442	0.95097780089
0.09546875		0.336270517919	0.950828929597
0.09578125		0.336060112825	0.950679940096
0.09609375		0.335849736433	0.950530832229
0.09640625		0.335639373425	0.950381610586
0.09671875		0.335429035998	0.950232277892
0.09703125		0.335218645311	0.950082831243
0.09734375		0.335008014978	0.949933265587
0.09765625		0.334796972325	0.949783580624
0.09796875		0.334585677488	0.949633781079
0.09828125		0.334374533449	0.949483870327
0.09859375		0.334163457205	0.949333845854
0.09890625		0.333952404554	0.949183702372
0.09921875		0.333741361736	0.949033438612
0.09953125		0.333530316915	0.948883058389
0.09984375		0.333319307406	0.948732565402
0.10015625		0.333108262622	0.948581957839
0.10046875		0.332897067839	0.948431230603
0.10078125		0.33268552984	0.948280381956
0.10109375		0.332473659874	0.948129415825
0.10140625		0.332261814211	0.947978336552
0.10171875		0.332050078031	0.947827142967
0.10203125		0.331838375962	0.947675829895
0.10234375		0.331626671529	0.94752439464
0.10265625		0.331414967409	0.947372840206
0.10296875		0.331203276531	0.947221170933
0.10328125		0.330991570801	0.947069386528
0.10359375		0.330779767982	0.946917481961
0.10390625		0.330567702912	0.946765454139
0.10421875		0.330355284465	0.946613305943
0.10453125		0.33014275667	0.946461042353
0.10484375		0.329930359554	0.946308663797
0.10515625		0.329718004104	0.946156165259
0.10546875		0.329505647995	0.94600354292
0.10578125		0.329293291476	0.945850798713
0.10609375		0.329080923014	0.945697937508
0.10640625		0.328868555943	0.945544960313
0.10671875		0.328656121716	0.9453918625
0.10703125		0.328443486184	0.945238639863
0.10734375		0.32823052754	0.945085294119
0.10765625		0.328017357478	0.944931830668
0.10796875		0.327804288048	0.94477825122
0.10828125		0.327591277176	0.944624551309
0.10859375		0.327378275233	0.944470726146
0.10890625		0.327165268364	0.944316776693
0.10921875		0.326952234096	0.944162707922
0.10953125		0.326739201461	0.94400852208
0.10984375		0.326526118015	0.943854215028
0.11015625		0.326312889093	0.943699781781
0.11046875		0.32609937939	0.943545223049
0.11078125		0.325885608064	0.943390544094
0.11109375		0.325671859923	0.943235747918
0.11140625		0.325458190771	0.943080830629
0.11171875		0.325244540667	0.942925786854
0.11203125		0.325030883172	0.942770616563
0.11234375		0.324817196103	0.942615324638
0.11265625		0.324603493363	0.942459914244
0.11296875		0.32438975572	0.942304381951
0.11328125		0.324175910715	0.942148722251
0.11359375		0.323961837323	0.941992934839
0.11390625		0.323747492357	0.941837024837
0.11421875		0.323533071308	0.941680995993
0.11453125		0.32331874164	0.941524845309
0.11484375		0.323104439946	0.941368566992
0.11515625		0.322890131398	0.941212160116
0.11546875		0.322675797116	0.941055629312
0.11578125		0.32246143193	0.940898978368
0.11609375		0.322247037372	0.940742204748
0.11640625		0.322032558536	0.940585302684
0.11671875		0.32181789987	0.940428270891
0.11703125		0.321602987712	0.940271113984
0.11734375		0.321387922145	0.940113836422
0.11765625		0.321172928564	0.939956436267
0.11796875		0.320957972308	0.939798907555
0.11828125		0.320743014788	0.939641248271
0.11859375		0.3205280365	0.939483462527
0.11890625		0.320313016367	0.939325554866
0.11921875		0.320097965561	0.939167523872
0.11953125		0.31988284373	0.939009363561
0.11984375		0.31966757719	0.938851071453
0.12015625		0.31945208575	0.938692651579
0.12046875		0.319236405487	0.938534109116
0.12078125		0.319020748661	0.938375443411
0.12109375		0.318805139525	0.938216648334
0.12140625		0.318589533573	0.93805772073
0.12171875		0.318373910974	0.937898664008
0.12203125		0.318158244451	0.93773948342
0.12234375		0.317942542999	0.937580178804
0.12265625		0.317726775709	0.937420744142
0.12296875		0.317510887191	0.937261175816
0.12328125		0.317294798179	0.937101476973
0.12359375		0.317078512557	0.936941653436
0.12390625		0.316862205631	0.936781705845
0.12421875		0.316645948357	0.936621628216
0.12453125		0.31642969715	0.936461416289
0.12484375		0.316213431584	0.936301072578
0.12515625		0.315997121484	0.93614060284
0.12546875		0.31578077368	0.935980008202
0.12578125		0.315564361929	0.935819282892
0.12609375		0.315347842638	0.935658422246
0.12640625		0.31513114469	0.935497428455
0.12671875		0.314914251245	0.935336307586
0.12703125		0.314697303808	0.93517506165
0.12734375		0.314480407336	0.935013685107
0.12765625		0.31426351448	0.9348521727
0.12796875		0.314046607484	0.934690525949
0.12828125		0.313829656476	0.934528750712
0.12859375		0.313612665679	0.934366849469
0.12890625		0.31339561124	0.934204817018
0.12921875		0.31317845683	0.934042647797
0.12953125		0.312961139335	0.93388034291
0.12984375		0.31274363582	0.933717908387
0.13015625		0.312526057463	0.933555347471
0.13046875		0.312308524708	0.93339265538
0.13078125		0.312090994589	0.933229826127
0.13109375		0.311873448987	0.933066860136
0.13140625		0.311655859154	0.932903763085
0.13171875		0.311438228173	0.932740538544
0.13203125		0.311220534565	0.932577182201
0.13234375		0.311002746047	0.932413687902
0.13265625		0.310784804295	0.932250055661
0.13296875		0.310566687106	0.932086291125
0.13328125		0.310348482005	0.931922398518
0.13359375		0.310130314841	0.931758374084
0.13390625		0.309912151268	0.931594211381
0.13421875		0.309693970169	0.931429909784
0.13453125		0.309475743597	0.931265474444
0.13484375		0.309257474661	0.931100909832
0.13515625		0.309039145409	0.930936212726
0.13546875		0.308820724722	0.930771376652
0.13578125		0.308602159555	0.930606400584
0.13609375		0.308383425817	0.930441289491
0.13640625		0.308164597888	0.930276048361
0.13671875		0.307945798156	0.930110674628
0.13703125		0.307727003739	0.929945161691
0.13734375		0.307508188671	0.92977950791
0.13765625		0.307289326697	0.929613717697
0.13796875		0.307070421451	0.929447796124
0.13828125		0.306851459097	0.929281741198
0.13859375		0.306632409616	0.929115546452
0.13890625		0.306413224967	0.928949209868
0.13921875		0.306193879163	0.928782735584
0.13953125		0.305974429987	0.928616129001
0.13984375		0.305754996845	0.928449388824
0.14015625		0.305535572275	0.928282508658
0.14046875		0.305316125773	0.928115485935
0.14078125		0.305096631251	0.927948324145
0.14109375		0.304877092582	0.927781028625
0.14140625		0.304657500001	0.927613598651
0.14171875		0.304437824937	0.927446028158
0.14203125		0.304218023185	0.927278314252
0.14234375		0.303998066513	0.927110460009
0.14265625		0.303777998151	0.926942470922
0.14296875		0.303557934122	0.926774346978
0.14328125		0.303337881609	0.926606082405
0.14359375		0.303117806441	0.926437673841
0.14390625		0.302897682602	0.92626912365
0.14421875		0.302677513891	0.926100437083
0.14453125		0.302457294452	0.925931614687
0.14484375		0.302236996735	0.92576265117
0.14515625		0.302016578892	0.925593542913
0.14546875		0.301796012617	0.925424291819
0.14578125		0.301575329566	0.925254903095
0.14609375		0.301354638187	0.925085378
0.14640625		0.301133958985	0.924915711679
0.14671875		0.300913257758	0.924745900139
0.14703125		0.300692508857	0.924575944568
0.14734375		0.300471714901	0.924405849786
0.14765625		0.300250872858	0.924235617535
0.14796875		0.300029956306	0.924065243582
0.14828125		0.29980892477	0.923894723754
0.14859375		0.299587749669	0.923724058722
0.14890625		0.299366454165	0.923553253174
0.14921875		0.299145138568	0.92338230947
0.14953125		0.298923835996	0.923211223948
0.14984375		0.298702512414	0.923039992155
0.15015625		0.298481142652	0.922868613989
0.15046875		0.298259727373	0.922697093715
0.15078125		0.298038266324	0.922525434123
0.15109375		0.297816734402	0.922353632241
0.15140625		0.297595092823	0.922181683535
0.15171875		0.297373311371	0.922009587291
0.15203125		0.297151407691	0.921837347553
0.15234375		0.296929472518	0.921664967714
0.15265625		0.296707549701	0.92149244547
0.15296875		0.296485606819	0.921319776092
0.15328125		0.296263619376	0.92114695805
0.15359375		0.296041586154	0.920973994883
0.15390625		0.295819510116	0.920800890372
0.15421875		0.295597367794	0.920627643006
0.15453125		0.295375121416	0.920454248024
0.15484375		0.295152737533	0.920280703249
0.15515625		0.294930230321	0.920107011912
0.15546875		0.294707680449	0.91993317831
0.15578125		0.294485140047	0.919759201753
0.15609375		0.29426258018	0.919585077366
0.15640625		0.294039977983	0.919410802118
0.15671875		0.293817330273	0.919236378628
0.15703125		0.293594643891	0.919061811503
0.15734375		0.293371897816	0.918887100988
0.15765625		0.293149054168	0.918712242333
0.15796875		0.292926075106	0.91853723177
0.15828125		0.292702967116	0.918362071378
0.15859375		0.292479805921	0.918186766261
0.15890625		0.292256649949	0.918011317665
0.15921875		0.292033475995	0.917835720893
0.15953125		0.291810262628	0.917659971312
0.15984375		0.291587006131	0.917484070078
0.16015625		0.291363714907	0.917308022554
0.16046875		0.291140371555	0.917131831095
0.16078125		0.290916938366	0.916955491379
0.16109375		0.29069337086	0.91677899806
0.16140625		0.290469668336	0.916602351382
0.16171875		0.290245898126	0.916425556965
0.16203125		0.290022128069	0.91624861833
0.16234375		0.289798344672	0.916071531694
0.16265625		0.289574526408	0.915894290946
0.16296875		0.28935066819	0.915716895057
0.16328125		0.289126777812	0.91553934951
0.16359375		0.288902840855	0.915361658964
0.16390625		0.288678823697	0.915183820554
0.16421875		0.288454676965	0.915005827635
0.16453125		0.288230388677	0.914827677952
0.16484375		0.288006013367	0.91464937681
0.16515625		0.287781631898	0.914470930059
0.16546875		0.287557245225	0.914292335879
0.16578125		0.287332829192	0.914113587085
0.16609375		0.28710837523	0.913934679949
0.16640625		0.286883891693	0.91375561916
0.16671875		0.286659365866	0.913576411632
0.16703125		0.286434769872	0.91339705688
0.16734375		0.28621005258	0.913217547449
0.16765625		0.285985191295	0.913037878329
0.16796875		0.285760220905	0.912858053592
0.16828125		0.285535232339	0.912678081131
0.16859375		0.285310244451	0.912497961801
0.16890625		0.285085233855	0.912317687999
0.16921875		0.284860191317	0.912137253345
0.16953125		0.284635123055	0.911956660888
0.16984375		0.284410015776	0.911775919136
0.17015625		0.284184849095	0.911595030466
0.17046875		0.283959569388	0.911413987551
0.17078125		0.283734143249	0.911232782911
0.17109375		0.283508588849	0.911051418591
0.17140625		0.283282999258	0.910869903529
0.17171875		0.283057416203	0.910688241577
0.17203125		0.282831818361	0.910506425874
0.17234375		0.282606196123	0.910324447914
0.17265625		0.282380552252	0.910142308322
0.17296875		0.282154875659	0.909960015917
0.17328125		0.281929144062	0.909777576107
0.17359375		0.281703307773	0.909594983041
0.17390625		0.281477327719	0.909412227531
0.17421875		0.281251201962	0.909229308639
0.17453125		0.281025020703	0.909046234877
0.17484375		0.280798850086	0.908863013364
0.17515625		0.280572672374	0.908679639661
0.17546875		0.280346479117	0.908496103655
0.17578125		0.280120272191	0.908312402194
0.17609375		0.279894038713	0.908128543103
0.17640625		0.279667751296	0.907944535458
0.17671875		0.279441366581	0.907760376769
0.17703125		0.279214840036	0.907576056038
0.17734375		0.278988157188	0.907391568062
0.17765625		0.278761399603	0.90720692008
0.17796875		0.27853465175	0.907022122955
0.17828125		0.278307903954	0.906837176048
0.17859375		0.278081148983	0.906652067627
0.17890625		0.277854389052	0.906466790447
0.17921875		0.277627608705	0.906281350567
0.17953125		0.27740077802	0.906095759877
0.17984375		0.277173855766	0.905910020055
0.18015625		0.276946789088	0.905724119565
0.18046875		0.276719562794	0.905538049671
0.18078125		0.27649225777	0.905351815265
0.18109375		0.276264946602	0.905165428419
0.18140625		0.276037646301	0.904978892773
0.18171875		0.275810341698	0.904792197577
0.18203125		0.275583028209	0.904605332697
0.18234375		0.275355706777	0.904418301321
0.18265625		0.275128344078	0.904231115268
0.18296875		0.274900899043	0.904043779893
0.18328125		0.27467331476	0.90385628606
0.18359375		0.274445574873	0.903668622933
0.18390625		0.274217741804	0.903480792158
0.18421875		0.273989884294	0.903292804786
0.18453125		0.273762042081	0.903104667462
0.18484375		0.273534207596	0.902916373246
0.18515625		0.273306358784	0.902727910528
0.18546875		0.27307849928	0.902539278751
0.18578125		0.272850605587	0.902350487974
0.18609375		0.272622651929	0.902161545799
0.18640625		0.272394580205	0.901972447936
0.18671875		0.272166363242	0.901783183204
0.18703125		0.271938045048	0.901593748746
0.18734375		0.271709654982	0.901404153525
0.18765625		0.27148127745	0.901214406087
0.18796875		0.271252925328	0.901024503706
0.18828125		0.271024573983	0.900834436152
0.18859375		0.270796197839	0.900644198556
0.18890625		0.270567785735	0.900453798933
0.18921875		0.270339329386	0.900263245821
0.18953125		0.27011079173	0.900072537152
0.18984375		0.269882139601	0.89988166368
0.19015625		0.269653387291	0.899690622087
0.19046875		0.269424516485	0.899499418823
0.19078125		0.269195605171	0.899308061972
0.19109375		0.268966746627	0.899116548137
0.19140625		0.268737905965	0.898924869104
0.19171875		0.268509057304	0.89873302549
0.19203125		0.268280181898	0.898541021813
0.19234375		0.268051257786	0.898348861524
0.19265625		0.267822264335	0.898156543323
0.19296875		0.267593192108	0.897964064509
0.19328125		0.267364033827	0.897771426219
0.19359375		0.267134764784	0.897578628596
0.19390625		0.266905389618	0.89738567145
0.19421875		0.266676048467	0.897192555718
0.19453125		0.266446769181	0.896999282552
0.19484375		0.266217504043	0.896805854335
0.19515625		0.265988222194	0.89661226796
0.19546875		0.265758891357	0.896418520131
0.19578125		0.265529487072	0.896224614922
0.19609375		0.26530001513	0.896030559017
0.19640625		0.265070501258	0.895836355564
0.19671875		0.264840939544	0.89564200024
0.19703125		0.264611272724	0.895447482429
0.19734375		0.264381488972	0.89525279229
0.19765625		0.264151702011	0.895057903196
0.19796875		0.263921849244	0.894862741822
0.19828125		0.263691770362	0.894667214122
0.19859375		0.263461234023	0.894471145589
0.19890625		0.263229549305	0.894274011648
0.19921875		0.262995058384	0.894074408631
0.19953125		0.262752942022	0.893868239787
0.19984375		0.262484022399	0.893639389988
0.20015625		0.262068740663	0.893381236849
0.20046875		0.261461777164	0.892862700435
0.20078125		0.260780020884	0.892279993924
0.20109375		0.260078196959	0.891678856492
0.20140625		0.259375101521	0.891075249357
0.20171875		0.258676938393	0.890474610123
0.20203125		0.257979581175	0.889873403674
0.20234375		0.257281394666	0.889270247512
0.20265625		0.256582087546	0.888664965838
0.20296875		0.255881707024	0.888057521824
0.20328125		0.255180216008	0.887447848305
0.20359375		0.254477490565	0.886835881203
0.20390625		0.253773453456	0.886221591919
0.20421875		0.253068216121	0.88560496873
0.20453125		0.252361907387	0.884986000937
0.20484375		0.251654499922	0.884364674664
0.20515625		0.250945905654	0.883740974384
0.20546875		0.250236096134	0.883114884473
0.20578125		0.249525046455	0.882486389318
0.20609375		0.248812736239	0.881855472736
0.20640625		0.248099149812	0.88122211748
0.20671875		0.24738426418	0.88058630584
0.20703125		0.246668087704	0.879948020722
0.20734375		0.245950799067	0.8793072451
0.20765625		0.24523240865	0.87866396008
0.20796875		0.244512803983	0.878018145948
0.20828125		0.243791937513	0.877369782912
0.20859375		0.24306980712	0.876718851059
0.20890625		0.242346414841	0.876065330191
0.20921875		0.241621732144	0.875409199756
0.20953125		0.240895733391	0.87475043896
0.20984375		0.240168424226	0.874089026722
0.21015625		0.239439798014	0.873424941454
0.21046875		0.238709925937	0.872758161333
0.21078125		0.237978831693	0.872088663809
0.21109375		0.23724645982	0.871416426181
0.21140625		0.236512795078	0.870741425599
0.21171875		0.235777840124	0.870063638765
0.21203125		0.235041569597	0.869383041731
0.21234375		0.234303948841	0.868699610167
0.21265625		0.233564952798	0.86801331985
0.21296875		0.232824569895	0.867324146413
0.21328125		0.232082798925	0.866632065116
0.21359375		0.231339647871	0.865937050717
0.21390625		0.230595169338	0.865239077398
0.21421875		0.229849397564	0.864538118642
0.21453125		0.229102295359	0.863834147406
0.21484375		0.2283538207	0.863127136429
0.21515625		0.227603945159	0.862417058131
0.21546875		0.226852634712	0.861703884602
0.21578125		0.226099871876	0.86098758756
0.21609375		0.225345646807	0.860268138347
0.21640625		0.224589955261	0.859545507891
0.21671875		0.223832794773	0.858819666826
0.21703125		0.223074188797	0.858090585284
0.21734375		0.222314195927	0.85735823269
0.21765625		0.221552814623	0.856622577642
0.21796875		0.220789986088	0.855883588362
0.21828125		0.220025667279	0.855141232763
0.21859375		0.21925981242	0.854395478482
0.21890625		0.218492404717	0.853646292769
0.21921875		0.217723449422	0.852893642394
0.21953125		0.216952947599	0.85213749351
0.21984375		0.216180893328	0.851377811695
0.22015625		0.215407281915	0.850614561958
0.22046875		0.214632143275	0.849847708674
0.22078125		0.213855516692	0.849077215416
0.22109375		0.213077360521	0.848303045053
0.22140625		0.212297624693	0.847525160068
0.22171875		0.211516259005	0.846743522559
0.22203125		0.210733224787	0.84595809419
0.22234375		0.209948526538	0.845168836088
0.22265625		0.209162181689	0.844375708632
0.22296875		0.208374194478	0.843578671402
0.22328125		0.207584551479	0.842777683273
0.22359375		0.206793241059	0.841972702431
0.22390625		0.206000276435	0.841163686323
0.22421875		0.205205672035	0.840350591537
0.22453125		0.204409392219	0.839533373905
0.22484375		0.203611393344	0.838711988639
0.22515625		0.202811620218	0.83788639032
0.22546875		0.202010046442	0.837056532853
0.22578125		0.201206687074	0.836222369613
0.22609375		0.200401560638	0.835383853018
0.22640625		0.199594663753	0.834540934392
0.22671875		0.198785976063	0.833693564165
0.22703125		0.19797548517	0.832841691926
0.22734375		0.197163188852	0.831985266344
0.22765625		0.196349076327	0.831124235124
0.22796875		0.195533121967	0.830258545031
0.22828125		0.194715293064	0.829388141974
0.22859375		0.193895546345	0.828512970968
0.22890625		0.19307385614	0.827632976176
0.22921875		0.19225022849	0.826748100702
0.22953125		0.191424673825	0.825858286475
0.22984375		0.19059718695	0.824963474211
0.23015625		0.189767750348	0.824063603498
0.23046875		0.1889363504	0.823158612772
0.23078125		0.188102968798	0.822248439297
0.23109375		0.187267578614	0.821333019154
0.23140625		0.186430153095	0.820412287269
0.23171875		0.185590666812	0.819486177356
0.23203125		0.184749092309	0.818554621896
0.23234375		0.183905412084	0.817617552073
0.23265625		0.18305961752	0.816674897679
0.23296875		0.182211701774	0.815726587035
0.23328125		0.181361653887	0.814772546963
0.23359375		0.180509460324	0.813812702762
0.23390625		0.179655106666	0.812846978187
0.23421875		0.178798566333	0.811875295407
0.23453125		0.177939803634	0.81089757505
0.23484375		0.177078784479	0.809913736181
0.23515625		0.176215484431	0.808923696234
0.23546875		0.175349889997	0.807927370899
0.23578125		0.174481985769	0.806924674018
0.23609375		0.173611752613	0.80591551756
0.23640625		0.172739170192	0.804899811575
0.23671875		0.171864217952	0.803877464146
0.23703125		0.170986879024	0.802848381328
0.23734375		0.170107134854	0.801812467054
0.23765625		0.169224956548	0.800769623107
0.23796875		0.168340307858	0.799719749101
0.23828125		0.167453150166	0.798662742454
0.23859375		0.166563455592	0.797598498302
0.23890625		0.165671206471	0.796526909351
0.23921875		0.164776385547	0.795447865772
0.23953125		0.163878969463	0.794361255117
0.23984375		0.162978929195	0.793266962281
0.24015625		0.16207623719	0.792164869429
0.24046875		0.161170867094	0.791054855889
0.24078125		0.160262790347	0.789936798054
0.24109375		0.159351975135	0.788810569305
0.24140625		0.158438387186	0.78767603991
0.24171875		0.157521988277	0.786533076959
0.24203125		0.156602740964	0.785381544286
0.24234375		0.155680615114	0.784221302307
0.24265625		0.154755586413	0.783052207847
0.24296875		0.153827627064	0.781874113989
0.24328125		0.152896704432	0.780686869971
0.24359375		0.151962784179	0.779490321072
0.24390625		0.151025828032	0.778284308477
0.24421875		0.150085795352	0.777068669151
0.24453125		0.149142646826	0.775843235694
0.24484375		0.148196344026	0.774607836155
0.24515625		0.147246847206	0.77336229386
0.24546875		0.146294112942	0.772106427244
0.24578125		0.145338097667	0.770840049672
0.24609375		0.144378763555	0.769562969232
0.24640625		0.14341607315	0.768274988491
0.24671875		0.142449986312	0.766975904287
0.24703125		0.141480460292	0.765665507512
0.24734375		0.140507446372	0.7643435829
0.24765625		0.139530891996	0.763009908812
0.24796875		0.138550745294	0.761664256945
0.24828125		0.13756695658	0.760306392056
0.24859375		0.136579476587	0.758936071664
0.24890625		0.135588253692	0.757553045742
0.24921875		0.134593234131	0.756157056408
0.24953125		0.133594363386	0.754747837577
0.24984375		0.132591586511	0.753325114604
0.25015625		0.131584847963	0.751888603895
0.25046875		0.13057409118	0.750438012507
0.25078125		0.129559255721	0.748973037728
0.25109375		0.128540276188	0.747493366655
0.25140625		0.127517084123	0.745998675736
0.25171875		0.126489611016	0.744488630284
0.25203125		0.125457788952	0.74296288393
0.25234375		0.124421549021	0.74142107805
0.25265625		0.123380821	0.739862841155
0.25296875		0.122335532505	0.738287788261
0.25328125		0.121285607728	0.736695520217
0.25359375		0.120230967418	0.735085623007
0.25390625		0.119171530037	0.733457666996
0.25421875		0.118107212386	0.731811206118
0.25453125		0.117037928362	0.730145777011
0.25484375		0.115963587541	0.728460898096
0.25515625		0.114884095689	0.72675606861
0.25546875		0.113799356113	0.725030767555
0.25578125		0.112709270033	0.723284452561
0.25609375		0.111613736874	0.721516558676
0.25640625		0.110512653634	0.71972649707
0.25671875		0.109405913359	0.717913653648
0.25703125		0.108293403959	0.716077387559
0.25734375		0.107175007484	0.714217029608
0.25765625		0.106050600982	0.712331880538
0.25796875		0.104920058007	0.710421209166
0.25828125		0.103783248266	0.708484250384
0.25859375		0.102640036492	0.706520202981
0.25890625		0.101490281679	0.704528227304
0.25921875		0.100333836781	0.702507442719
0.25953125		0.0991705487885	0.700456924853
0.25984375		0.0980002592315	0.698375702606
0.26015625		0.0968228041131	0.69626275488
0.26046875		0.095638012599	0.694117007021
0.26078125		0.0944457053762	0.691937326942
0.26109375		0.0932456937802	0.689722520902
0.26140625		0.0920377796894	0.687471328898
0.26171875		0.0908217560306	0.685182419592
0.26203125		0.0895974071926	0.682854384721
0.26234375		0.0883645082234	0.680485732937
0.26265625		0.0871228232235	0.678074883021
0.26296875		0.0858721037766	0.675620156393
0.26328125		0.0846120880668	0.673119768827
0.26359375		0.0833425005335	0.670571821247
0.26390625		0.082063051261	0.667974289486
0.26421875		0.0807734347837	0.665325012856
0.26453125		0.0794733283948	0.662621681388
0.26484375		0.0781623902901	0.659861821517
0.26515625		0.0768402577532	0.657042779996
0.26546875		0.0755065455283	0.654161705766
0.26578125		0.0741608446263	0.651215529448
0.26609375		0.0728027207338	0.648200940077
0.26640625		0.0714317114949	0.645114358604
0.26671875		0.0700473231436	0.641951907646
0.26703125		0.0686490269302	0.638709376792
0.26734375		0.0672362553656	0.635382182672
0.26765625		0.0658083983157	0.631965322772
0.26796875		0.0643647988368	0.628453321787
0.26828125		0.0629047481984	0.624840169025
0.26859375		0.0614274795665	0.621119244976
0.26890625		0.0599321603864	0.617283234721
0.26921875		0.0584178837625	0.613324025183
0.26953125		0.0568836588638	0.609232582427
0.26984375		0.0553283998257	0.604998804117
0.27015625		0.053750912293	0.600611340728
0.27046875		0.0521498769717	0.596057377258
0.27078125		0.0505238296634	0.591322364747
0.27109375		0.0488711370703	0.586389686913
0.27140625		0.0471899672859	0.58124024093
0.27171875		0.0454782533542	0.57585190382
0.27203125		0.0437336477958	0.570198846265
0.27234375		0.0419534651749	0.564250639024
0.27265625		0.0401346081057	0.55797106964
0.27296875		0.0382734699278	0.551316544939
0.27328125		0.0363658043101	0.544233888107
0.27359375		0.0344065461034	0.536657225411
0.27390625		0.0323895616632	0.528503477496
0.27421875		0.0303072955176	0.51966563971
0.27453125		0.0281502381746	0.5100023116
0.27484375		0.0259060964941	0.499320665335
0.27515625		0.0235584928367	0.487347434222
0.27546875		0.0210847587723	0.473675628567
0.27578125		0.0184516535108	0.457655565302
0.27609375		0.0156053673625	0.438134731959
0.27640625		0.0124472139547	0.412734004728
0.27671875		0.00877559693117	0.375311049358
0.27703125		0.00443447708447	0.311683056529
0.27734375		0.000486351942493	0.158118922897
0.27765625		4.03517716882e-08	0.0144924332244
0.27796875		4.11403157325e-09	0.0100002087471
0.27828125		4.11315254509e-09	0.0100000000051
0.27859375		4.11315252376e-09	0.01
0.27890625		4.11315252376e-09	0.01
0.27921875		4.11315252376e-09	0.01
0.27953125		4.11315252376e-09	0.01
0.27984375		4.11315252376e-09	0.01
0.28015625		4.11315252376e-09	0.01
0.28046875		4.11315252376e-09	0.01
0.28078125		4.11315252376e-09	0.01
0.28109375		4.11315252376e-09	0.01
0.28140625		4.11315252376e-09	0.01
0.28171875		4.11315252376e-09	0.01
0.28203125		4.11315252376e-09	0.01
0.28234375		4.11315252376e-09	0.01
0.28265625		4.11315252376e-09	0.01
0.28296875		4.11315252376e-09	0.01
0.28328125		4.11315252376e-09	0.01
0.28359375		4.11315252376e-09	0.01
0.28390625		4.11315252376e-09	0.01
0.28421875		4.11315252376e-09	0.01
0.28453125		4.11315252376e-09	0.01
0.28484375		4.11315252376e-09	0.01
0.28515625		4.11315252376e-09	0.01
0.28546875		4.11315252376e-09	0.01
0.28578125		4.11315252376e-09	0.01
0.28609375		4.11315252376e-09	0.01
0.28640625		4.11315252376e-09	0.01
0.28671875		4.11315252376e-09	0.01
0.28703125		4.11315252376e-09	0.01
0.28734375		4.11315252376e-09	0.01
0.28765625		4.11315252376e-09	0.01
0.28796875		4.11315252376e-09	0.01
0.28828125		4.11315252376e-09	0.01
0.28859375		4.11315252376e-09	0.01
0.28890625		4.11315252376e-09	0.01
0.28921875		4.11315252376e-09	0.01
0.28953125		4.11315252376e-09	0.01
0.28984375		4.11315252376e-09	0.01
0.29015625		4.11315252376e-09	0.01
0.29046875		4.11315252376e-09	0.01
0.29078125		4.11315252376e-09	0.01
0.29109375		4.11315252376e-09	0.01
0.29140625		4.11315252376e-09	0.01
0.29171875		4.11315252376e-09	0.01
0.29203125		4.11315252376e-09	0.01
0.29234375		4.11315252376e-09	0.01
0.29265625		4.11315252376e-09	0.01
0.29296875		4.11315252376e-09	0.01
0.29328125		4.11315252376e-09	0.01
0.29359375		4.11315252376e-09	0.01
0.29390625		4.11315252376e-09	0.01
0.29421875		4.11315252376e-09	0.01
0.29453125		4.11315252376e-09	0.01
0.29484375		4.11315252376e-09	0.01
0.29515625		4.11315252376e-09	0.01
0.29546875		4.11315252376e-09	0.01
0.29578125		4.11315252376e-09	0.01
0.29609375		4.11315252376e-09	0.01
0.29640625		4.11315252376e-09	0.01
0.29671875		4.11315252376e-09	0.01
0.29703125		4.11315252376e-09	0.01
0.29734375		4.11315252376e-09	0.01
0.29765625		4.11315252376e-09	0.01
0.29796875		4.11315252376e-09	0.01
0.29828125		4.11315252376e-09	0.01
0.29859375		4.11315252376e-09	0.01
0.29890625		4.11315252376e-09	0.01
0.29921875		4.11315252376e-09	0.01
0.29953125		4.11315252376e-09	0.01
0.29984375		4.11315252376e-09	0.01
0.30015625		4.11315252376e-09	0.01
0.30046875		4.11315252376e-09	0.01
0.30078125		4.11315252376e-09	0.01
0.30109375		4.11315252376e-09	0.01
0.30140625		4.11315252376e-09	0.01
0.30171875		4.11315252376e-09	0.01
0.30203125		4.11315252376e-09	0.01
0.30234375		4.11315252376e-09	0.01
0.30265625		4.11315252376e-09	0.01
0.30296875		4.11315252376e-09	0.01
0.30328125		4.11315252376e-09	0.01
0.30359375		4.11315252376e-09	0.01
0.30390625		4.11315252376e-09	0.01
0.30421875		4.11315252376e-09	0.01
0.30453125		4.11315252376e-09	0.01
0.30484375		4.11315252376e-09	0.01
0.30515625		4.11315252376e-09	0.01
0.30546875		4.11315252376e-09	0.01
0.30578125		4.11315252376e-09	0.01
0.30609375		4.11315252376e-09	0.01
0.30640625		4.11315252376e-09	0.01
0.30671875		4.11315252376e-09	0.01
0.30703125		4.11315252376e-09	0.01
0.30734375		4.11315252376e-09	0.01
0.30765625		4.11315252376e-09	0.01
0.30796875		4.11315252376e-09	0.01
0.30828125		4.11315252376e-09	0.01
0.30859375		4.11315252376e-09	0.01
0.30890625		4.11315252376e-09	0.01
0.30921875		4.11315252376e-09	0.01
0.30953125		4.11315252376e-09	0.01
0.30984375		4.11315252376e-09	0.01
0.31015625		4.11315252376e-09	0.01
0.31046875		4.11315252376e-09	0.01
0.31078125		4.11315252376e-09	0.01
0.31109375		4.11315252376e-09	0.01
0.31140625		4.11315252376e-09	0.01
0.31171875		4.11315252376e-09	0.01
0.31203125		4.11315252376e-09	0.01
0.31234375		4.11315252376e-09	0.01
0.31265625		4.11315252376e-09	0.01
0.31296875		4.11315252376e-09	0.01
0.31328125		4.11315252376e-09	0.01
0.31359375		4.11315252376e-09	0.01
0.31390625		4.11315252376e-09	0.01
0.31421875		4.11315252376e-09	0.01
0.31453125		4.11315252376e-09	0.01
0.31484375		4.11315252376e-09	0.01
0.31515625		4.11315252376e-09	0.01
0.31546875		4.11315252376e-09	0.01
0.31578125		4.11315252376e-09	0.01
0.31609375		4.11315252376e-09	0.01
0.31640625		4.11315252376e-09	0.01
0.31671875		4.11315252376e-09	0.01
0.31703125		4.11315252376e-09	0.01
0.31734375		4.11315252376e-09	0.01
0.31765625		4.11315252376e-09	0.01
0.31796875		4.11315252376e-09	0.01
0.31828125		4.11315252376e-09	0.01
0.31859375		4.11315252376e-09	0.01
0.31890625		4.11315252376e-09	0.01
0.31921875		4.11315252376e-09	0.01
0.31953125		4.11315252376e-09	0.01
0.31984375		4.11315252376e-09	0.01
0.32015625		4.11315252376e-09	0.01
0.32046875		4.11315252376e-09	0.01
0.32078125		4.11315252376e-09	0.01
0.32109375		4.11315252376e-09	0.01
0.32140625		4.11315252376e-09	0.01
0.32171875		4.11315252376e-09	0.01
0.32203125		4.11315252376e-09	0.01
0.32234375		4.11315252376e-09	0.01
0.32265625		4.11315252376e-09	0.01
0.32296875		4.11315252376e-09	0.01
0.32328125		4.11315252376e-09	0.01
0.32359375		4.11315252376e-09	0.01
0.32390625		4.11315252376e-09	0.01
0.32421875		4.11315252376e-09	0.01
0.32453125		4.11315252376e-09	0.01
0.32484375		4.11315252376e-09	0.01
0.32515625		4.11315252376e-09	0.01
0.32546875		4.11315252376e-09	0.01
0.32578125		4.11315252376e-09	0.01
0.32609375		4.11315252376e-09	0.01
0.32640625		4.11315252376e-09	0.01
0.32671875		4.11315252376e-09	0.01
0.32703125		4.11315252376e-09	0.01
0.32734375		4.11315252376e-09	0.01
0.32765625		4.11315252376e-09	0.01
0.32796875		4.11315252376e-09	0.01
0.32828125		4.11315252376e-09	0.01
0.32859375		4.11315252376e-09	0.01
0.32890625		4.11315252376e-09	0.01
0.32921875		4.11315252376e-09	0.01
0.32953125		4.11315252376e-09	0.01
0.32984375		4.11315252376e-09	0.01
0.33015625		4.11315252376e-09	0.01
0.33046875		4.11315252376e-09	0.01
0.33078125		4.11315252376e-09	0.01
0.33109375		4.11315252376e-09	0.01
0.33140625		4.11315252376e-09	0.01
0.33171875		4.11315252376e-09	0.01
0.33203125		4.11315252376e-09	0.01
0.33234375		4.11315252376e-09	0.01
0.33265625		4.11315252376e-09	0.01
0.33296875		4.11315252376e-09	0.01
0.33328125		4.11315252376e-09	0.01
0.33359375		4.11315252376e-09	0.01
0.33390625		4.11315252376e-09	0.01
0.33421875		4.11315252376e-09	0.01
0.33453125		4.11315252376e-09	0.01
0.33484375		4.11315252376e-09	0.01
0.33515625		4.11315252376e-09	0.01
0.33546875		4.11315252376e-09	0.01
0.33578125		4.11315252376e-09	0.01
0.33609375		4.11315252376e-09	0.01
0.33640625		4.11315252376e-09	0.01
0.33671875		4.11315252376e-09	0.01
0.33703125		4.11315252376e-09	0.01
0.33734375		4.11315252376e-09	0.01
0.33765625		4.11315252376e-09	0.01
0.33796875		4.11315252376e-09	0.01
0.33828125		4.11315252376e-09	0.01
0.33859375		4.11315252376e-09	0.01
0.33890625		4.11315252376e-09	0.01
0.33921875		4.11315252376e-09	0.01
0.33953125		4.11315252376e-09	0.01
0.33984375		4.11315252376e-09	0.01
0.34015625		4.11315252376e-09	0.01
0.34046875		4.11315252376e-09	0.01
0.34078125		4.11315252376e-09	0.01
0.34109375		4.11315252376e-09	0.01
0.34140625		4.11315252376e-09	0.01
0.34171875		4.11315252376e-09	0.01
0.34203125		4.11315252376e-09	0.01
0.34234375		4.11315252376e-09	0.01
0.34265625		4.11315252376e-09	0.01
0.34296875		4.11315252376e-09	0.01
0.34328125		4.11315252376e-09	0.01
0.34359375		4.11315252376e-09	0.01
0.34390625		4.11315252376e-09	0.01
0.34421875		4.11315252376e-09	0.01
0.34453125		4.11315252376e-09	0.01
0.34484375		4.11315252376e-09	0.01
0.34515625		4.11315252376e-09	0.01
0.34546875		4.11315252376e-09	0.01
0.34578125		4.11315252376e-09	0.01
0.34609375		4.11315252376e-09	0.01
0.34640625		4.11315252376e-09	0.01
0.34671875		4.11315252376e-09	0.01
0.34703125		4.11315252376e-09	0.01
0.34734375		4.11315252376e-09	0.01
0.34765625		4.11315252376e-09	0.01
0.34796875		4.11315252376e-09	0.01
0.34828125		4.11315252376e-09	0.01
0.34859375		4.11315252376e-09	0.01
0.34890625		4.11315252376e-09	0.01
0.34921875		4.11315252376e-09	0.01
0.34953125		4.11315252376e-09	0.01
0.34984375		4.11315252376e-09	0.01
0.35015625		4.11315252376e-09	0.01
0.35046875		4.11315252376e-09	0.01
0.35078125		4.11315252376e-09	0.01
0.35109375		4.11315252376e-09	0.01
0.35140625		4.11315252376e-09	0.01
0.35171875		4.11315252376e-09	0.01
0.35203125		4.11315252376e-09	0.01
0.35234375		4.11315252376e-09	0.01
0.35265625		4.11315252376e-09	0.01
0.35296875		4.11315252376e-09	0.01
0.35328125		4.11315252376e-09	0.01
0.35359375		4.11315252376e-09	0.01
0.35390625		4.11315252376e-09	0.01
0.35421875		4.11315252376e-09	0.01
0.35453125		4.11315252376e-09	0.01
0.35484375		4.11315252376e-09	0.01
0.35515625		4.11315252376e-09	0.01
0.35546875		4.11315252376e-09	0.01
0.35578125		4.11315252376e-09	0.01
0.35609375		4.11315252376e-09	0.01
0.35640625		4.11315252376e-09	0.01
0.35671875		4.11315252376e-09	0.01
0.35703125		4.11315252376e-09	0.01
0.35734375		4.11315252376e-09	0.01
0.35765625		4.11315252376e-09	0.01
0.35796875		4.11315252376e-09	0.01
0.35828125		4.11315252376e-09	0.01
0.35859375		4.11315252376e-09	0.01
0.35890625		4.11315252376e-09	0.01
0.35921875		4.11315252376e-09	0.01
0.35953125		4.11315252376e-09	0.01
0.35984375		4.11315252376e-09	0.01
0.36015625		4.11315252376e-09	0.01
0.36046875		4.11315252376e-09	0.01
0.36078125		4.11315252376e-09	0.01
0.36109375		4.11315252376e-09	0.01
0.36140625		4.11315252376e-09	0.01
0.36171875		4.11315252376e-09	0.01
0.36203125		4.11315252376e-09	0.01
0.36234375		4.11315252376e-09	0.01
0.36265625		4.11315252376e-09	0.01
0.36296875		4.11315252376e-09	0.01
0.36328125		4.11315252376e-09	0.01
0.36359375		4.11315252376e-09	0.01
0.36390625		4.11315252376e-09	0.01
0.36421875		4.11315252376e-09	0.01
0.36453125		4.11315252376e-09	0.01
0.36484375		4.11315252376e-09	0.01
0.36515625		4.11315252376e-09	0.01
0.36546875		4.11315252376e-09	0.01
0.36578125		4.11315252376e-09	0.01
0.36609375		4.11315252376e-09	0.01
0.36640625		4.11315252376e-09	0.01
0.36671875		4.11315252376e-09	0.01
0.36703125		4.11315252376e-09	0.01
0.36734375		4.11315252376e-09	0.01
0.36765625		4.11315252376e-09	0.01
0.36796875		4.11315252376e-09	0.01
0.36828125		4.11315252376e-09	0.01
0.36859375		4.11315252376e-09	0.01
0.36890625		4.11315252376e-09	0.01
0.36921875		4.11315252376e-09	0.01
0.36953125		4.11315252376e-09	0.01
0.36984375		4.11315252376e-09	0.01
0.37015625		4.11315252376e-09	0.01
0.37046875		4.11315252376e-09	0.01
0.37078125		4.11315252376e-09	0.01
0.37109375		4.11315252376e-09	0.01
0.37140625		4.11315252376e-09	0.01
0.37171875		4.11315252376e-09	0.01
0.37203125		4.11315252376e-09	0.01
0.37234375		4.11315252376e-09	0.01
0.37265625		4.11315252376e-09	0.01
0.37296875		4.11315252376e-09	0.01
0.37328125		4.11315252376e-09	0.01
0.37359375		4.11315252376e-09	0.01
0.37390625		4.11315252376e-09	0.01
0.37421875		4.11315252376e-09	0.01
0.37453125		4.11315252376e-09	0.01
0.37484375		4.11315252376e-09	0.01
0.37515625		4.11315252376e-09	0.01
0.37546875		4.11315252376e-09	0.01
0.37578125		4.11315252376e-09	0.01
0.37609375		4.11315252376e-09	0.01
0.37640625		4.11315252376e-09	0.01
0.37671875		4.11315252376e-09	0.01
0.37703125		4.11315252376e-09	0.01
0.37734375		4.11315252376e-09	0.01
0.37765625		4.11315252376e-09	0.01
0.37796875		4.11315252376e-09	0.01
0.37828125		4.11315252376e-09	0.01
0.37859375		4.11315252376e-09	0.01
0.37890625		4.11315252376e-09	0.01
0.37921875		4.11315252376e-09	0.01
0.37953125		4.11315252376e-09	0.01
0.37984375		4.11315252376e-09	0.01
0.38015625		4.11315252376e-09	0.01
0.38046875		4.11315252376e-09	0.01
0.38078125		4.11315252376e-09	0.01
0.38109375		4.11315252376e-09	0.01
0.38140625		4.11315252376e-09	0.01
0.38171875		4.11315252376e-09	0.01
0.38203125		4.11315252376e-09	0.01
0.38234375		4.11315252376e-09	0.01
0.38265625		4.11315252376e-09	0.01
0.38296875		4.11315252376e-09	0.01
0.38328125		4.11315252376e-09	0.01
0.38359375		4.11315252376e-09	0.01
0.38390625		4.11315252376e-09	0.01
0.38421875		4.11315252376e-09	0.01
0.38453125		4.11315252376e-09	0.01
0.38484375		4.11315252376e-09	0.01
0.38515625		4.11315252376e-09	0.01
0.38546875		4.11315252376e-09	0.01
0.38578125		4.11315252376e-09	0.01
0.38609375		4.11315252376e-09	0.01
0.38640625		4.11315252376e-09	0.01
0.38671875		4.11315252376e-09	0.01
0.38703125		4.11315252376e-09	0.01
0.38734375		4.11315252376e-09	0.01
0.38765625		4.11315252376e-09	0.01
0.38796875		4.11315252376e-09	0.01
0.38828125		4.11315252376e-09	0.01
0.38859375		4.11315252376e-09	0.01
0.38890625		4.11315252376e-09	0.01
0.38921875		4.11315252376e-09	0.01
0.38953125		4.11315252376e-09	0.01
0.38984375		4.11315252376e-09	0.01
0.39015625		4.11315252376e-09	0.01
0.39046875		4.11315252376e-09	0.01
0.39078125		4.11315252376e-09	0.01
0.39109375		4.11315252376e-09	0.01
0.39140625		4.11315252376e-09	0.01
0.39171875		4.11315252376e-09	0.01
0.39203125		4.11315252376e-09	0.01
0.39234375		4.11315252376e-09	0.01
0.39265625		4.11315252376e-09	0.01
0.39296875		4.11315252376e-09	0.01
0.39328125		4.11315252376e-09	0.01
0.39359375		4.11315252376e-09	0.01
0.39390625		4.11315252376e-09	0.01
0.39421875		4.11315252376e-09	0.01
0.39453125		4.11315252376e-09	0.01
0.39484375		4.11315252376e-09	0.01
0.39515625		4.11315252376e-09	0.01
0.39546875		4.11315252376e-09	0.01
0.39578125		4.11315252376e-09	0.01
0.39609375		4.11315252376e-09	0.01
0.39640625		4.11315252376e-09	0.01
0.39671875		4.11315252376e-09	0.01
0.39703125		4.11315252376e-09	0.01
0.39734375		4.11315252376e-09	0.01
0.39765625		4.11315252376e-09	0.01
0.39796875		4.11315252376e-09	0.01
0.39828125		4.11315252376e-09	0.01
0.39859375		4.11315252376e-09	0.01
0.39890625		4.11315252376e-09	0.01
0.39921875		4.11315252376e-09	0.01
0.39953125		4.11315252376e-09	0.01
0.39984375		4.11315252376e-09	0.01
0.40015625		4.11315252376e-09	0.01
0.40046875		4.11315252376e-09	0.01
0.40078125		4.11315252376e-09	0.01
0.40109375		4.11315252376e-09	0.01
0.40140625		4.11315252376e-09	0.01
0.40171875		4.11315252376e-09	0.01
0.40203125		4.11315252376e-09	0.01
0.40234375		4.11315252376e-09	0.01
0.40265625		4.11315252376e-09	0.01
0.40296875		4.11315252376e-09	0.01
0.40328125		4.11315252376e-09	0.01
0.40359375		4.11315252376e-09	0.01
0.40390625		4.11315252376e-09	0.01
0.40421875		4.11315252376e-09	0.01
0.40453125		4.11315252376e-09	0.01
0.40484375		4.11315252376e-09	0.01
0.40515625		4.11315252376e-09	0.01
0.40546875		4.11315252376e-09	0.01
0.40578125		4.11315252376e-09	0.01
0.40609375		4.11315252376e-09	0.01
0.40640625		4.11315252376e-09	0.01
0.40671875		4.11315252376e-09	0.01
0.40703125		4.11315252376e-09	0.01
0.40734375		4.11315252376e-09	0.01
0.40765625		4.11315252376e-09	0.01
0.40796875		4.11315252376e-09	0.01
0.40828125		4.11315252376e-09	0.01
0.40859375		4.11315252376e-09	0.01
0.40890625		4.11315252376e-09	0.01
0.40921875		4.11315252376e-09	0.01
0.40953125		4.11315252376e-09	0.01
0.40984375		4.11315252376e-09	0.01
0.41015625		4.11315252376e-09	0.01
0.41046875		4.11315252376e-09	0.01
0.41078125		4.11315252376e-09	0.01
0.41109375		4.11315252376e-09	0.01
0.41140625		4.11315252376e-09	0.01
0.41171875		4.11315252376e-09	0.01
0.41203125		4.11315252376e-09	0.01
0.41234375		4.11315252376e-09	0.01
0.41265625		4.11315252376e-09	0.01
0.41296875		4.11315252376e-09	0.01
0.41328125		4.11315252376e-09	0.01
0.41359375		4.11315252376e-09	0.01
0.41390625		4.11315252376e-09	0.01
0.41421875		4.11315252376e-09	0.01
0.41453125		4.11315252376e-09	0.01
0.41484375		4.11315252376e-09	0.01
0.41515625		4.11315252376e-09	0.01
0.41546875		4.11315252376e-09	0.01
0.41578125		4.11315252376e-09	0.01
0.41609375		4.11315252376e-09	0.01
0.41640625		4.11315252376e-09	0.01
0.41671875		4.11315252376e-09	0.01
0.41703125		4.11315252376e-09	0.01
0.41734375		4.11315252376e-09	0.01
0.41765625		4.11315252376e-09	0.01
0.41796875		4.11315252376e-09	0.01
0.41828125		4.11315252376e-09	0.01
0.41859375		4.11315252376e-09	0.01
0.41890625		4.11315252376e-09	0.01
0.41921875		4.11315252376e-09	0.01
0.41953125		4.11315252376e-09	0.01
0.41984375		4.11315252376e-09	0.01
0.42015625		4.11315252376e-09	0.01
0.42046875		4.11315252376e-09	0.01
0.42078125		4.11315252376e-09	0.01
0.42109375		4.11315252376e-09	0.01
0.42140625		4.11315252376e-09	0.01
0.42171875		4.11315252376e-09	0.01
0.42203125		4.11315252376e-09	0.01
0.42234375		4.11315252376e-09	0.01
0.42265625		4.11315252376e-09	0.01
0.42296875		4.11315252376e-09	0.01
0.42328125		4.11315252376e-09	0.01
0.42359375		4.11315252376e-09	0.01
0.42390625		4.11315252376e-09	0.01
0.42421875		4.11315252376e-09	0.01
0.42453125		4.11315252376e-09	0.01
0.42484375		4.11315252376e-09	0.01
0.42515625		4.11315252376e-09	0.01
0.42546875		4.11315252376e-09	0.01
0.42578125		4.11315252376e-09	0.01
0.42609375		4.11315252376e-09	0.01
0.42640625		4.11315252376e-09	0.01
0.42671875		4.11315252376e-09	0.01
0.42703125		4.11315252376e-09	0.01
0.42734375		4.11315252376e-09	0.01
0.42765625		4.11315252376e-09	0.01
0.42796875		4.11315252376e-09	0.01
0.42828125		4.11315252376e-09	0.01
0.42859375		4.11315252376e-09	0.01
0.42890625		4.11315252376e-09	0.01
0.42921875		4.11315252376e-09	0.01
0.42953125		4.11315252376e-09	0.01
0.42984375		4.11315252376e-09	0.01
0.43015625		4.11315252376e-09	0.01
0.43046875		4.11315252376e-09	0.01
0.43078125		4.11315252376e-09	0.01
0.43109375		4.11315252376e-09	0.01
0.43140625		4.11315252376e-09	0.01
0.43171875		4.11315252376e-09	0.01
0.43203125		4.11315252376e-09	0.01
0.43234375		4.11315252376e-09	0.01
0.43265625		4.11315252376e-09	0.01
0.43296875		4.11315252376e-09	0.01
0.43328125		4.11315252376e-09	0.01
0.43359375		4.11315252376e-09	0.01
0.43390625		4.11315252376e-09	0.01
0.43421875		4.11315252376e-09	0.01
0.43453125		4.11315252376e-09	0.01
0.43484375		4.11315252376e-09	0.01
0.43515625		4.11315252376e-09	0.01
0.43546875		4.11315252376e-09	0.01
0.43578125		4.11315252376e-09	0.01
0.43609375		4.11315252376e-09	0.01
0.43640625		4.11315252376e-09	0.01
0.43671875		4.11315252376e-09	0.01
0.43703125		4.11315252376e-09	0.01
0.43734375		4.11315252376e-09	0.01
0.43765625		4.11315252376e-09	0.01
0.43796875		4.11315252376e-09	0.01
0.43828125		4.11315252376e-09	0.01
0.43859375		4.11315252376e-09	0.01
0.43890625		4.11315252376e-09	0.01
0.43921875		4.11315252376e-09	0.01
0.43953125		4.11315252376e-09	0.01
0.43984375		4.11315252376e-09	0.01
0.44015625		4.11315252376e-09	0.01
0.44046875		4.11315252376e-09	0.01
0.44078125		4.11315252376e-09	0.01
0.44109375		4.11315252376e-09	0.01
0.44140625		4.11315252376e-09	0.01
0.44171875		4.11315252376e-09	0.01
0.44203125		4.11315252376e-09	0.01
0.44234375		4.11315252376e-09	0.01
0.44265625		4.11315252376e-09	0.01
0.44296875		4.11315252376e-09	0.01
0.44328125		4.11315252376e-09	0.01
0.44359375		4.11315252376e-09	0.01
0.44390625		4.11315252376e-09	0.01
0.44421875		4.11315252376e-09	0.01
0.44453125		4.11315252376e-09	0.01
0.44484375		4.11315252376e-09	0.01
0.44515625		4.11315252376e-09	0.01
0.44546875		4.11315252376e-09	0.01
0.44578125		4.11315252376e-09	0.01
0.44609375		4.11315252376e-09	0.01
0.44640625		4.11315252376e-09	0.01
0.44671875		4.11315252376e-09	0.01
0.44703125		4.11315252376e-09	0.01
0.44734375		4.11315252376e-09	0.01
0.44765625		4.11315252376e-09	0.01
0.44796875		4.11315252376e-09	0.01
0.44828125		4.11315252376e-09	0.01
0.44859375		4.11315252376e-09	0.01
0.44890625		4.11315252376e-09	0.01
0.44921875		4.11315252376e-09	0.01
0.44953125		4.11315252376e-09	0.01
0.44984375		4.11315252376e-09	0.01
0.45015625		4.11315252376e-09	0.01
0.45046875		4.11315252376e-09	0.01
0.45078125		4.11315252376e-09	0.01
0.45109375		4.11315252376e-09	0.01
0.45140625		4.11315252376e-09	0.01
0.45171875		4.11315252376e-09	0.01
0.45203125		4.11315252376e-09	0.01
0.45234375		4.11315252376e-09	0.01
0.45265625		4.11315252376e-09	0.01
0.45296875		4.11315252376e-09	0.01
0.45328125		4.11315252376e-09	0.01
0.45359375		4.11315252376e-09	0.01
0.45390625		4.11315252376e-09	0.01
0.45421875		4.11315252376e-09	0.01
0.45453125		4.11315252376e-09	0.01
0.45484375		4.11315252376e-09	0.01
0.45515625		4.11315252376e-09	0.01
0.45546875		4.11315252376e-09	0.01
0.45578125		4.11315252376e-09	0.01
0.45609375		4.11315252376e-09	0.01
0.45640625		4.11315252376e-09	0.01
0.45671875		4.11315252376e-09	0.01
0.45703125		4.11315252376e-09	0.01
0.45734375		4.11315252376e-09	0.01
0.45765625		4.11315252376e-09	0.01
0.45796875		4.11315252376e-09	0.01
0.45828125		4.11315252376e-09	0.01
0.45859375		4.11315252376e-09	0.01
0.45890625		4.11315252376e-09	0.01
0.45921875		4.11315252376e-09	0.01
0.45953125		4.11315252376e-09	0.01
0.45984375		4.11315252376e-09	0.01
0.46015625		4.11315252376e-09	0.01
0.46046875		4.11315252376e-09	0.01
0.46078125		4.11315252376e-09	0.01
0.46109375		4.11315252376e-09	0.01
0.46140625		4.11315252376e-09	0.01
0.46171875		4.11315252376e-09	0.01
0.46203125		4.11315252376e-09	0.01
0.46234375		4.11315252376e-09	0.01
0.46265625		4.11315252376e-09	0.01
0.46296875		4.11315252376e-09	0.01
0.46328125		4.11315252376e-09	0.01
0.46359375		4.11315252376e-09	0.01
0.46390625		4.11315252376e-09	0.01
0.46421875		4.11315252376e-09	0.01
0.46453125		4.11315252376e-09	0.01
0.46484375		4.11315252376e-09	0.01
0.46515625		4.11315252376e-09	0.01
0.46546875		4.11315252376e-09	0.01
0.46578125		4.11315252376e-09	0.01
0.46609375		4.11315252376e-09	0.01
0.46640625		4.11315252376e-09	0.01
0.46671875		4.11315252376e-09	0.01
0.46703125		4.11315252376e-09	0.01
0.46734375		4.11315252376e-09	0.01
0.46765625		4.11315252376e-09	0.01
0.46796875		4.11315252376e-09	0.01
0.46828125		4.11315252376e-09	0.01
0.46859375		4.11315252376e-09	0.01
0.46890625		4.11315252376e-09	0.01
0.46921875		4.11315252376e-09	0.01
0.46953125		4.11315252376e-09	0.01
0.46984375		4.11315252376e-09	0.01
0.47015625		4.11315252376e-09	0.01
0.47046875		4.11315252376e-09	0.01
0.47078125		4.11315252376e-09	0.01
0.47109375		4.11315252376e-09	0.01
0.47140625		4.11315252376e-09	0.01
0.47171875		4.11315252376e-09	0.01
0.47203125		4.11315252376e-09	0.01
0.47234375		4.11315252376e-09	0.01
0.47265625		4.11315252376e-09	0.01
0.47296875		4.11315252376e-09	0.01
0.47328125		4.11315252376e-09	0.01
0.47359375		4.11315252376e-09	0.01
0.47390625		4.11315252376e-09	0.01
0.47421875		4.11315252376e-09	0.01
0.47453125		4.11315252376e-09	0.01
0.47484375		4.11315252376e-09	0.01
0.47515625		4.11315252376e-09	0.01
0.47546875		4.11315252376e-09	0.01
0.47578125		4.11315252376e-09	0.01
0.47609375		4.11315252376e-09	0.01
0.47640625		4.11315252376e-09	0.01
0.47671875		4.11315252376e-09	0.01
0.47703125		4.11315252376e-09	0.01
0.47734375		4.11315252376e-09	0.01
0.47765625		4.11315252376e-09	0.01
0.47796875		4.11315252376e-09	0.01
0.47828125		4.11315252376e-09	0.01
0.47859375		4.11315252376e-09	0.01
0.47890625		4.11315252376e-09	0.01
0.47921875		4.11315252376e-09	0.01
0.47953125		4.11315252376e-09	0.01
0.47984375		4.11315252376e-09	0.01
0.48015625		4.11315252376e-09	0.01
0.48046875		4.11315252376e-09	0.01
0.48078125		4.11315252376e-09	0.01
0.48109375		4.11315252376e-09	0.01
0.48140625		4.11315252376e-09	0.01
0.48171875		4.11315252376e-09	0.01
0.48203125		4.11315252376e-09	0.01
0.48234375		4.11315252376e-09	0.01
0.48265625		4.11315252376e-09	0.01
0.48296875		4.11315252376e-09	0.01
0.48328125		4.11315252376e-09	0.01
0.48359375		4.11315252376e-09	0.01
0.48390625		4.11315252376e-09	0.01
0.48421875		4.11315252376e-09	0.01
0.48453125		4.11315252376e-09	0.01
0.48484375		4.11315252376e-09	0.01
0.48515625		4.11315252376e-09	0.01
0.48546875		4.11315252376e-09	0.01
0.48578125		4.11315252376e-09	0.01
0.48609375		4.11315252376e-09	0.01
0.48640625		4.11315252376e-09	0.01
0.48671875		4.11315252376e-09	0.01
0.48703125		4.11315252376e-09	0.01
0.48734375		4.11315252376e-09	0.01
0.48765625		4.11315252376e-09	0.01
0.48796875		4.11315252376e-09	0.01
0.48828125		4.11315252376e-09	0.01
0.48859375		4.11315252376e-09	0.01
0.48890625		4.11315252376e-09	0.01
0.48921875		4.11315252376e-09	0.01
0.48953125		4.11315252376e-09	0.01
0.48984375		4.11315252376e-09	0.01
0.49015625		4.11315252376e-09	0.01
0.49046875		4.11315252376e-09	0.01
0.49078125		4.11315252376e-09	0.01
0.49109375		4.11315252376e-09	0.01
0.49140625		4.11315252376e-09	0.01
0.49171875		4.11315252376e-09	0.01
0.49203125		4.11315252376e-09	0.01
0.49234375		4.11315252376e-09	0.01
0.49265625		4.11315252376e-09	0.01
0.49296875		4.11315252376e-09	0.01
0.49328125		4.11315252376e-09	0.01
0.49359375		4.11315252376e-09	0.01
0.49390625		4.11315252376e-09	0.01
0.49421875		4.11315252376e-09	0.01
0.49453125		4.11315252376e-09	0.01
0.49484375		4.11315252376e-09	0.01
0.49515625		4.11315252376e-09	0.01
0.49546875		4.11315252376e-09	0.01
0.49578125		4.11315252376e-09	0.01
0.49609375		4.11315252376e-09	0.01
0.49640625		4.11315252376e-09	0.01
0.49671875		4.11315252376e-09	0.01
0.49703125		4.11315252376e-09	0.01
0.49734375		4.11315252376e-09	0.01
0.49765625		4.11315252376e-09	0.01
0.49796875		4.11315252376e-09	0.01
0.49828125		4.11315252376e-09	0.01
0.49859375		4.11315252376e-09	0.01
0.49890625		4.11315252376e-09	0.01
0.49921875		4.11315252376e-09	0.01
0.49953125		4.11315252376e-09	0.01
0.49984375		4.11315252376e-09	0.01
