0.00015625		0.401712414375	0.994106991209
0.00046875		0.401469695411	0.993956179631
0.00078125		0.401131821195	0.993746909421
0.00109375		0.400811290002	0.993548278969
0.00140625		0.400546302902	0.993383970057
0.00171875		0.400307296162	0.9932356943
0.00203125		0.400078119007	0.993093454138
0.00234375		0.399851261715	0.992952616773
0.00265625		0.399625274363	0.992812245216
0.00296875		0.399400381734	0.992672451075
0.00328125		0.399177662253	0.992533897663
0.00359375		0.398957463183	0.992396805523
0.00390625		0.398739842447	0.992261237713
0.00421875		0.398524704183	0.992127167676
0.00453125		0.398311873313	0.991994520454
0.00484375		0.398101189664	0.991863222781
0.00515625		0.397892532321	0.991733210656
0.00546875		0.3976858988	0.991604422799
0.00578125		0.397481231603	0.991476778477
0.00609375		0.397278405501	0.991350198393
0.00640625		0.397077326524	0.991224623963
0.00671875		0.396877894202	0.991100005993
0.00703125		0.396680014413	0.990976285024
0.00734375		0.396483553598	0.990853396231
0.00765625		0.396288363958	0.990731282702
0.00796875		0.396094355039	0.990609908662
0.00828125		0.395901539872	0.990489239753
0.00859375		0.395709843194	0.990369230314
0.00890625		0.395519153024	0.990249833313
0.00921875		0.395329416627	0.990131017062
0.00953125		0.395140626651	0.990012753419
0.00984375		0.394952816755	0.989895008388
0.01015625		0.394765940094	0.989777751866
0.01046875		0.394579913402	0.989660947118
0.01078125		0.394394616934	0.989544553472
0.01109375		0.394209903224	0.989428543848
0.01140625		0.394025692779	0.989312907968
0.01171875		0.39384207249	0.98919763568
0.01203125		0.393659155982	0.98908270579
0.01234375		0.393476889312	0.988968092284
0.01265625		0.393295202632	0.988853771134
0.01296875		0.393114029355	0.988739725557
0.01328125		0.392933314383	0.988625941523
0.01359375		0.392753027164	0.988512404002
0.01390625		0.392573107754	0.988399098074
0.01421875		0.392393506844	0.98828600976
0.01453125		0.392214274795	0.988173125473
0.01484375		0.392035497443	0.988060433386
0.01515625		0.391857161042	0.987947918968
0.01546875		0.391679210362	0.987835566258
0.01578125		0.391501565989	0.987723370649
0.01609375		0.391324179349	0.987611332931
0.01640625		0.391147006913	0.98749944528
0.01671875		0.390970035392	0.987387689412
0.01703125		0.39079326293	0.987276046174
0.01734375		0.390616804363	0.987164506197
0.01765625		0.390440608015	0.98705306768
0.01796875		0.39026462845	0.986941725232
0.01828125		0.390088823827	0.986830470051
0.01859375		0.389913202056	0.986719294899
0.01890625		0.38973779608	0.986608195017
0.01921875		0.389562606268	0.986497167276
0.01953125		0.38938760735	0.986386209758
0.01984375		0.38921276518	0.986275319427
0.02015625		0.38903805654	0.986164491511
0.02046875		0.3888633959	0.98605371928
0.02078125		0.38868874824	0.985942996816
0.02109375		0.388514159166	0.985832320772
0.02140625		0.388339799569	0.985721689805
0.02171875		0.388165692836	0.985611101058
0.02203125		0.387991865048	0.985500547153
0.02234375		0.387818208224	0.985390020226
0.02265625		0.38764467764	0.985279516453
0.02296875		0.387471171956	0.98516903643
0.02328125		0.387297635975	0.985058580012
0.02359375		0.3871239339	0.984948142999
0.02390625		0.386950086346	0.984837719237
0.02421875		0.386776475453	0.984727305174
0.02453125		0.386603078979	0.984616901365
0.02484375		0.386429881365	0.984506508223
0.02515625		0.386256939735	0.984396122765
0.02546875		0.386084145874	0.984285739731
0.02578125		0.385911474146	0.984175355088
0.02609375		0.385738748719	0.984064968649
0.02640625		0.385565922418	0.983954581607
0.02671875		0.385392843335	0.983844192555
0.02703125		0.385219578022	0.983733797586
0.02734375		0.385046534599	0.983623393168
0.02765625		0.384873629404	0.983512978364
0.02796875		0.384700913765	0.98340255377
0.02828125		0.384528429179	0.983292118502
0.02859375		0.384356112235	0.98318166996
0.02890625		0.384184013396	0.983071205625
0.02921875		0.384011818261	0.98296072423
0.02953125		0.383839490444	0.982850226028
0.02984375		0.383666900083	0.982739710746
0.03015625		0.383494003409	0.98262917636
0.03046875		0.383321091969	0.982518620258
0.03078125		0.38314836091	0.98240804088
0.03109375		0.382975845002	0.982297438193
0.03140625		0.382803570173	0.982186812055
0.03171875		0.382631555953	0.982076160613
0.03203125		0.382459874058	0.981965481062
0.03234375		0.382288131385	0.981854771401
0.03265625		0.382116081079	0.981744031935
0.03296875		0.381943785653	0.981633263589
0.03328125		0.381771055676	0.981522466044
0.03359375		0.381598024919	0.981411637888
0.03390625		0.381425221453	0.981300777676
0.03421875		0.381252742125	0.981189885144
0.03453125		0.381080571939	0.981078960314
0.03484375		0.380908734603	0.980968001974
0.03515625		0.380737325764	0.9808570079
0.03546875		0.380565923653	0.980745976036
0.03578125		0.38039399774	0.980634906471
0.03609375		0.380221769506	0.980523799886
0.03640625		0.380049031805	0.980412655929
0.03671875		0.379875843297	0.980301473703
0.03703125		0.379702894002	0.980190252353
0.03734375		0.379530360206	0.980078991566
0.03765625		0.379358184651	0.979967691482
0.03796875		0.379186406668	0.979856351249
0.03828125		0.379015133822	0.979744969249
0.03859375		0.378843927102	0.979633543588
0.03890625		0.378672003678	0.979522074133
0.03921875		0.378499682335	0.979410561851
0.03953125		0.378326784371	0.979299006548
0.03984375		0.378153400928	0.979187407544
0.04015625		0.377980350677	0.97907576367
0.04046875		0.377807736217	0.978964074446
0.04078125		0.377635461095	0.978852340097
0.04109375		0.377463631288	0.978740560072
0.04140625		0.377292340513	0.978628732406
0.04171875		0.377121163081	0.978516854786
0.04203125		0.376949141849	0.978404927292
0.04234375		0.376776625708	0.978292951732
0.04265625		0.376603476796	0.978180929019
0.04296875		0.376429889013	0.978068858254
0.04328125		0.376256794993	0.977956737713
0.04359375		0.376084064848	0.977844566378
0.04390625		0.375911610243	0.977732345148
0.04421875		0.375739619694	0.977620074211
0.04453125		0.375568085086	0.977507751639
0.04484375		0.375396793083	0.977395374541
0.04515625		0.375224639922	0.977282942565
0.04546875		0.375051904146	0.977170457983
0.04578125		0.374878492855	0.9770579225
0.04609375		0.374704737806	0.976945335426
0.04640625		0.374531509582	0.976832694321
0.04671875		0.374358599953	0.976719997978
0.04703125		0.374185924438	0.976607247598
0.04734375		0.374013710762	0.976494443977
0.04765625		0.373841821444	0.976381585636
0.04796875		0.373670274839	0.976268669375
0.04828125		0.373497935077	0.976155694214
0.04859375		0.373324982107	0.976042662651
0.04890625		0.373151314285	0.975929576914
0.04921875		0.372977363703	0.975816436845
0.04953125		0.37280394924	0.975703239575
0.04984375		0.372630809117	0.975589983331
0.05015625		0.372457871598	0.975476669264
0.05046875		0.372285378985	0.975363299018
0.05078125		0.372113067768	0.975249871592
0.05109375		0.37194115677	0.975136383606
0.05140625		0.371768579816	0.975022833162
0.05171875		0.371595404439	0.974909222438
0.05203125		0.371421479504	0.974795554523
0.05234375		0.371247301534	0.974681830162
0.05265625		0.371073658422	0.974568046089
0.05296875		0.370900250022	0.974454199596
0.05328125		0.370727034251	0.974340291391
0.05359375		0.370554193581	0.974226324263
0.05390625		0.37038146591	0.974112298052
0.05421875		0.370209101327	0.973998209467
0.05453125		0.37003622844	0.97388405568
0.05484375		0.369862798133	0.973769838138
0.05515625		0.369688608242	0.973655560594
0.05546875		0.369514193379	0.973541224665
0.05578125		0.369340282868	0.973426827314
0.05609375		0.369166561261	0.973312364811
0.05640625		0.368993036165	0.973197837513
0.05671875		0.368819794584	0.973083248525
0.05703125		0.368646671123	0.972968598948
0.05734375		0.368473811589	0.972853885625
0.05765625		0.368300605108	0.972739104902
0.05796875		0.368126887666	0.972624257284
0.05828125		0.367952421733	0.972509346997
0.05859375		0.367777745396	0.972394376678
0.05890625		0.367603525725	0.972279343664
0.05921875		0.367429462416	0.972164243452
0.05953125		0.367255589927	0.972049075461
0.05984375		0.367081924463	0.971933843058
0.06015625		0.366908397206	0.971818548624
0.06046875		0.366735049511	0.971703189682
0.06078125		0.366561486032	0.971587761671
0.06109375		0.366387461795	0.971472263907
0.06140625		0.366212708544	0.971356700486
0.06171875		0.366037728335	0.971241075489
0.06203125		0.36586314442	0.971125387046
0.06234375		0.36568872717	0.971009629947
0.06265625		0.365514481751	0.970893802288
0.06296875		0.365340379824	0.970777907392
0.06328125		0.36516644235	0.970661948947
0.06359375		0.364992613213	0.970545925578
0.06390625		0.364818670399	0.970429832114
0.06421875		0.364644313011	0.970313666209
0.06453125		0.364469255621	0.97019743167
0.06484375		0.364293926783	0.970081133761
0.06515625		0.364118963587	0.969964772072
0.06546875		0.363944172478	0.969848341006
0.06578125		0.363769512405	0.969731836925
0.06609375		0.363594977818	0.969615262421
0.06640625		0.363420612681	0.969498622604
0.06671875		0.363246327795	0.969381917698
0.06703125		0.363071989994	0.969265142371
0.06734375		0.362897274772	0.969148292348
0.06765625		0.362721890672	0.969031370466
0.06796875		0.362546186805	0.96891438323
0.06828125		0.362370828481	0.968797331907
0.06859375		0.362195639068	0.968680210952
0.06890625		0.362020544565	0.968563015069
0.06921875		0.361845579856	0.968445745846
0.06953125		0.361670768058	0.968328409199
0.06984375		0.361496054157	0.968211006942
0.07015625		0.361321308941	0.968093534122
0.07046875		0.361146204429	0.967975985209
0.07078125		0.360970455875	0.967858361808
0.07109375		0.360794369715	0.967740670591
0.07140625		0.360618608683	0.967622914238
0.07171875		0.360443000559	0.967505088201
0.07203125		0.360267472646	0.967387186525
0.07234375		0.360092081297	0.96726920949
0.07265625		0.359916810111	0.967151162538
0.07296875		0.359741657823	0.967033048341
0.07328125		0.359566489182	0.966914863213
0.07359375		0.359390977665	0.966796601925
0.07390625		0.359214846262	0.966678264829
0.07421875		0.359038368939	0.966559857424
0.07453125		0.358862198664	0.966441382613
0.07484375		0.358686171757	0.966322837046
0.07515625		0.358510220817	0.96620421571
0.07546875		0.358334387379	0.966085518048
0.07578125		0.358158647723	0.96596674833
0.07609375		0.357983024195	0.965847909298
0.07640625		0.357807391095	0.965728998345
0.07671875		0.357631467133	0.96561001068
0.07703125		0.357454964633	0.965490945848
0.07734375		0.357278102863	0.965371808559
0.07765625		0.357101508033	0.965252602229
0.07796875		0.356925052378	0.965133324447
0.07828125		0.356748667439	0.965013970263
0.07859375		0.356572380895	0.964894538285
0.07890625		0.356396169638	0.964775032104
0.07921875		0.356220063717	0.964655455138
0.07953125		0.356043950503	0.964535805591
0.07984375		0.355867595652	0.964416078785
0.08015625		0.355690717227	0.96429627342
0.08046875		0.355513473005	0.964176393491
0.08078125		0.355336445057	0.964056442779
0.08109375		0.355159551707	0.963936419832
0.08140625		0.354982724985	0.963816320071
0.08171875		0.354805980581	0.963696141417
0.08203125		0.354629293528	0.963575886738
0.08234375		0.35445269949	0.963455559497
0.08265625		0.354276098958	0.963335158885
0.08296875		0.354099301279	0.963214680732
0.08328125		0.35392203495	0.963094123127
0.08359375		0.353744403786	0.962973489077
0.08390625		0.353566937523	0.962852782388
0.08421875		0.353389598231	0.962732002566
0.08453125		0.353212320859	0.962611145621
0.08484375		0.35303510824	0.962490209059
0.08515625		0.352857937936	0.962369194754
0.08546875		0.352680855922	0.962248106117
0.08578125		0.352503767903	0.962126943174
0.08609375		0.352326525664	0.962005702375
0.08640625		0.352148873717	0.961884381401
0.08671875		0.351970849999	0.961762982351
0.08703125		0.351792928103	0.961641508839
0.08734375		0.351615140512	0.961519961112
0.08765625		0.351437406662	0.961398335884
0.08796875		0.351259713095	0.961276630413
0.08828125		0.351082058638	0.96115484582
0.08859375		0.350904481289	0.961032985182
0.08890625		0.350726899114	0.960911049107
0.08921875		0.350549207551	0.960789034786
0.08953125		0.350371172573	0.960666939691
0.08984375		0.350192767063	0.960544765079
0.09015625		0.350014374564	0.960422514279
0.09046875		0.34983612508	0.960300188082
0.09078125		0.349657929864	0.960177783879
0.09109375		0.349479756199	0.960055298891
0.09140625		0.349301619471	0.959932733562
0.09171875		0.34912353331	0.959810090631
0.09203125		0.348945457456	0.959687371099
0.09234375		0.348767306097	0.959564572761
0.09265625		0.348588881222	0.959441693058
0.09296875		0.348410095736	0.959318732649
0.09328125		0.348231230934	0.959195694421
0.09359375		0.348052519367	0.959072579569
0.09390625		0.347873851632	0.958949386078
0.09421875		0.347695195268	0.958826111262
0.09453125		0.347516578604	0.958702755082
0.09484375		0.34733798798	0.958579319833
0.09515625		0.347159416687	0.958455806783
0.09546875		0.34698079409	0.958332214271
0.09578125		0.346801962768	0.958208539844
0.09609375		0.346622794895	0.958084783556
0.09640625		0.346443462805	0.957960947983
0.09671875		0.346264280817	0.957837034559
0.09703125		0.346085138751	0.957713041798
0.09734375		0.345906009869	0.957588967141
0.09765625		0.345726907432	0.957464810128
0.09796875		0.345547814539	0.957340572704
0.09828125		0.345368748735	0.957216256289
0.09859375		0.345189647429	0.95709185974
0.09890625		0.345010386318	0.956967380648
0.09921875		0.344830827977	0.956842818692
0.09953125		0.344651060424	0.956718175968
0.09984375		0.344471388599	0.956593454225
0.10015625		0.344291766306	0.956468652407
0.10046875		0.344112163296	0.956343768128
0.10078125		0.343932574711	0.956218800544
0.10109375		0.343752985631	0.956093751204
0.10140625		0.343573426594	0.955968621752
0.10171875		0.343393839022	0.95584341143
0.10203125		0.343214138179	0.955718118035
0.10234375		0.343034185536	0.955592740666
0.10265625		0.342853992266	0.95546728116
0.10296875		0.342673822032	0.955341741435
0.10328125		0.342493719647	0.955216121
0.10359375		0.342313638204	0.955090417541
0.10390625		0.342133557513	0.95496462976
0.10421875		0.341953481597	0.954838758888
0.10453125		0.341773421277	0.954712806733
0.10484375		0.341593347261	0.954586773137
0.10515625		0.341413196808	0.954460655922
0.10546875		0.341232846671	0.954334453742
0.10578125		0.341052241623	0.95420816785
0.10609375		0.340871569053	0.954081800536
0.10640625		0.340690983941	0.953955351886
0.10671875		0.340510416891	0.953828819794
0.10703125		0.340329848395	0.953702202429
0.10734375		0.340149286191	0.953575500498
0.10765625		0.339968719043	0.953448716095
0.10796875		0.339788154526	0.953321849626
0.10828125		0.339607540945	0.953194899211
0.10859375		0.339426780344	0.953067862814
0.10890625		0.339245782394	0.952940741143
0.10921875		0.339064627911	0.952813536634
0.10953125		0.338883544723	0.952686250224
0.10984375		0.338702488392	0.952558880089
0.11015625		0.338521438281	0.952431423811
0.11046875		0.338340385711	0.952303881449
0.11078125		0.338159316255	0.952176255201
0.11109375		0.337978255222	0.952048546344
0.11140625		0.337797162027	0.951920753293
0.11171875		0.33761597214	0.951792873496
0.11203125		0.337434581555	0.951664906728
0.11234375		0.337252990353	0.95153685557
0.11265625		0.337071393096	0.951408721847
0.11296875		0.336889846708	0.951280504236
0.11328125		0.33670831164	0.951152199778
0.11359375		0.336526768948	0.951023807655
0.11390625		0.336345212206	0.950895330148
0.11421875		0.336163643797	0.950766769323
0.11453125		0.335982062892	0.950638124221
0.11484375		0.335800419386	0.950509391662
0.11515625		0.335618627613	0.950380570572
0.11546875		0.335436629232	0.950251663344
0.11578125		0.335254524279	0.950122672738
0.11609375		0.335072485545	0.949993598165
0.11640625		0.334890458708	0.94986443615
0.11671875		0.334708430661	0.949735185015
0.11703125		0.334526389706	0.949605846802
0.11734375		0.33434432069	0.949476424522
0.11765625		0.334162244807	0.949346917826
0.11796875		0.333980127352	0.949217323163
0.11828125		0.333797907612	0.949087638471
0.11859375		0.333615508587	0.948957865867
0.11890625		0.3334329486	0.948828008934
0.11921875		0.333250398604	0.948698067853
0.11953125		0.333067879381	0.948568038861
0.11984375		0.33288536431	0.948437919397
0.12015625		0.332702837755	0.948307711216
0.12046875		0.332520281749	0.948177417953
0.12078125		0.332337707663	0.948047040091
0.12109375		0.332155104669	0.947916573797
0.12140625		0.331972432939	0.94778601623
0.12171875		0.331789623603	0.947655369044
0.12203125		0.331606641215	0.947524636318
0.12234375		0.331423583239	0.947393819094
0.12265625		0.331240572444	0.947262913588
0.12296875		0.331057565893	0.947131916511
0.12328125		0.330874553496	0.94700082912
0.12359375		0.330691517363	0.946869655433
0.12390625		0.330508448289	0.946738396701
0.12421875		0.330325357187	0.94660704924
0.12453125		0.330142216092	0.946475609488
0.12484375		0.329958973852	0.94634407852
0.12515625		0.329775577313	0.946212460588
0.12546875		0.329592051371	0.946080757545
0.12578125		0.329408536117	0.945948965986
0.12609375		0.32922503729	0.945817081957
0.12640625		0.329041537332	0.945685106109
0.12671875		0.328858020377	0.9455530425
0.12703125		0.328674464654	0.945420893222
0.12734375		0.328490884935	0.945288655033
0.12765625		0.328307263867	0.945156323771
0.12796875		0.328123571665	0.945023899757
0.12828125		0.32793975398	0.944891387141
0.12859375		0.327755790336	0.944758788596
0.12890625		0.327571771871	0.944626101395
0.12921875		0.327387782314	0.944493321097
0.12953125		0.327203791968	0.944360447474
0.12984375		0.327019790976	0.944227484428
0.13015625		0.326835756702	0.944094434828
0.13046875		0.326651689335	0.94396129627
0.13078125		0.32646758776	0.943828064126
0.13109375		0.326283430552	0.943694737796
0.13140625		0.32609917432	0.943561321058
0.13171875		0.325914781725	0.943427817288
0.13203125		0.325730287282	0.943294224716
0.13234375		0.325545802895	0.94316053866
0.13265625		0.325361323555	0.943026758016
0.13296875		0.325176836012	0.942892886142
0.13328125		0.324992324996	0.942758926562
0.13359375		0.324807774234	0.942624877832
0.13390625		0.324623191991	0.942490735214
0.13421875		0.324438562464	0.942356497256
0.13453125		0.324253853042	0.94222216705
0.13484375		0.324069024597	0.942087748472
0.13515625		0.32388407704	0.941953240732
0.13546875		0.323699100327	0.941818639267
0.13578125		0.323514136588	0.941683942196
0.13609375		0.323329163825	0.941549152157
0.13640625		0.323144173285	0.941414272993
0.13671875		0.322959144526	0.94127930426
0.13703125		0.322774083267	0.94114424147
0.13734375		0.322588977381	0.941009082407
0.13765625		0.322403806023	0.940873829411
0.13796875		0.32221853111	0.940738486453
0.13828125		0.322033139067	0.940603053729
0.13859375		0.321847680971	0.94046752711
0.13890625		0.321662235696	0.940331904082
0.13921875		0.321476781891	0.940196186494
0.13953125		0.32129131062	0.940060378161
0.13984375		0.321105805427	0.939924479563
0.14015625		0.320920266085	0.93978848676
0.14046875		0.320734685668	0.939652397003
0.14078125		0.32054904806	0.939516211807
0.14109375		0.320363319125	0.939379934957
0.14140625		0.320177477923	0.93924356743
0.14171875		0.319991552539	0.939107105786
0.14203125		0.319805626276	0.938970547152
0.14234375		0.319619695873	0.938833892556
0.14265625		0.319433745762	0.938697145533
0.14296875		0.31924776589	0.938560307251
0.14328125		0.319061750401	0.938423374547
0.14359375		0.318875697504	0.938286344376
0.14390625		0.31868959116	0.938149217434
0.14421875		0.318503402959	0.938011997132
0.14453125		0.318317109652	0.937874685026
0.14484375		0.318130723733	0.937737278489
0.14515625		0.317944318906	0.937599774488
0.14546875		0.317757915321	0.937462173288
0.14578125		0.317571490387	0.93732447799
0.14609375		0.317385036219	0.937186690265
0.14640625		0.317198545961	0.937048807752
0.14671875		0.317012021189	0.93691082736
0.14703125		0.316825446113	0.936772749028
0.14734375		0.316638797293	0.936634575685
0.14765625		0.31645205052	0.936496309253
0.14796875		0.316265206888	0.936357947909
0.14828125		0.316078325691	0.936219488713
0.14859375		0.315891450848	0.936080931221
0.14890625		0.31570455546	0.935942278034
0.14921875		0.315517628916	0.935803531087
0.14953125		0.31533066591	0.935664688847
0.14984375		0.315143671717	0.935525748386
0.15015625		0.314956629972	0.93538670893
0.15046875		0.314769519908	0.935247572885
0.15078125		0.314582314682	0.93510834237
0.15109375		0.314395014154	0.934969016332
0.15140625		0.314207663423	0.934829592076
0.15171875		0.314020318458	0.934690068525
0.15203125		0.313832955239	0.934550447746
0.15234375		0.313645558587	0.934410731835
0.15265625		0.313458124781	0.934270919985
0.15296875		0.313270662617	0.934131009564
0.15328125		0.313083155699	0.933990999192
0.15359375		0.312895585276	0.933850890722
0.15390625		0.312707924024	0.93371068637
0.15421875		0.312520167319	0.933570385776
0.15453125		0.312332351349	0.93342998658
0.15484375		0.312144535765	0.933289487173
0.15515625		0.311956706607	0.933148889052
0.15546875		0.311768842368	0.933008194404
0.15578125		0.311580939474	0.932867403102
0.15609375		0.311393010788	0.932726512852
0.15640625		0.311205041617	0.932585521763
0.15671875		0.311017012484	0.932444431079
0.15703125		0.310828896775	0.932303243114
0.15734375		0.310640687313	0.932161958163
0.15765625		0.310452408185	0.932020574192
0.15796875		0.310264121685	0.931879089144
0.15828125		0.310075828734	0.931737503885
0.15859375		0.309887500732	0.931595820706
0.15890625		0.309699132095	0.931454040146
0.15921875		0.309510738517	0.931312160251
0.15953125		0.309322309575	0.9311701787
0.15984375		0.309133823329	0.931028096041
0.16015625		0.308945255119	0.930885914661
0.16046875		0.308756592645	0.930743635542
0.16078125		0.308567854963	0.930601257006
0.16109375		0.308379099976	0.930458776616
0.16140625		0.308190343988	0.930316194497
0.16171875		0.308001555805	0.930173512992
0.16203125		0.307812725643	0.930030733362
0.16234375		0.307623870549	0.929887854071
0.16265625		0.307434984347	0.929744872434
0.16296875		0.30724604343	0.929601788146
0.16328125		0.307057023819	0.929458603584
0.16359375		0.306867909225	0.929315320465
0.16390625		0.306678717106	0.92917193765
0.16421875		0.306489497063	0.929028452397
0.16453125		0.306300279071	0.928884863903
0.16484375		0.306111033426	0.92874117437
0.16515625		0.305921745861	0.928597385814
0.16546875		0.305732433229	0.928453497387
0.16578125		0.305543094085	0.928309506185
0.16609375		0.305353702499	0.928165410886
0.16640625		0.305164232962	0.928021213543
0.16671875		0.30497466753	0.927876916604
0.16703125		0.304785023823	0.927732519762
0.16734375		0.304595343343	0.927588020181
0.16765625		0.304405665407	0.927443416033
0.16796875		0.304215964406	0.927298709032
0.16828125		0.304026223653	0.927153901872
0.16859375		0.303836457898	0.927008994636
0.16890625		0.303646670297	0.92686398445
0.16921875		0.30345683301	0.926718868948
0.16953125		0.30326691802	0.926573649506
0.16984375		0.30307690519	0.926428329198
0.17015625		0.302886809768	0.926282908749
0.17046875		0.302696672704	0.926137385522
0.17078125		0.302506538302	0.925991756669
0.17109375		0.302316384506	0.925846023044
0.17140625		0.302126193961	0.925700187868
0.17171875		0.301935980097	0.925554252363
0.17203125		0.301745749604	0.925408214047
0.17234375		0.301555472546	0.925262069503
0.17265625		0.301365118076	0.925115819002
0.17296875		0.301174661746	0.924969465976
0.17328125		0.30098411577	0.924823012515
0.17359375		0.30079352647	0.924676456695
0.17390625		0.30060294066	0.924529794596
0.17421875		0.300412337623	0.92438302558
0.17453125		0.300221701407	0.924236153053
0.17484375		0.300031044002	0.924089179814
0.17515625		0.299840375319	0.923942104397
0.17546875		0.299649663572	0.923794922489
0.17578125		0.299458874694	0.923647632454
0.17609375		0.299267979557	0.923500237632
0.17640625		0.299076988261	0.923352741815
0.17671875		0.298885952859	0.923205144305
0.17703125		0.298694921379	0.923057440669
0.17734375		0.29850387578	0.922909628268
0.17765625		0.298312797919	0.922761709866
0.17796875		0.298121697821	0.922613689831
0.17828125		0.297930595559	0.922465568277
0.17859375		0.297739456244	0.922317340764
0.17890625		0.297548239414	0.922169003634
0.17921875		0.297356911941	0.922020559037
0.17953125		0.297165482481	0.921872012058
0.17984375		0.296974009472	0.921723364006
0.18015625		0.296782534362	0.92157461071
0.18046875		0.296591054512	0.921425747524
0.18078125		0.296399544855	0.921276775667
0.18109375		0.296208005179	0.921127700419
0.18140625		0.296016468902	0.920978524168
0.18171875		0.295824904742	0.920829243021
0.18203125		0.295633268583	0.920679851571
0.18234375		0.295441518486	0.920530350121
0.18265625		0.295249665638	0.920380744157
0.18296875		0.295057765139	0.920231037356
0.18328125		0.294865845816	0.920081226483
0.18359375		0.294673936883	0.919931305529
0.18390625		0.294482006383	0.919781273544
0.18421875		0.294290040514	0.919631135763
0.18453125		0.294098069603	0.919480896841
0.18484375		0.293906078879	0.919330554399
0.18515625		0.293714027706	0.919180101937
0.18546875		0.293521869774	0.919029537324
0.18578125		0.2933296107	0.91887886556
0.18609375		0.29313729532	0.918728092247
0.18640625		0.292944942694	0.918577216397
0.18671875		0.292752602091	0.918426231242
0.18703125		0.292560255802	0.918275133212
0.18734375		0.292367878806	0.918123926627
0.18765625		0.292175481671	0.917972617737
0.18796875		0.291983065281	0.917821206734
0.18828125		0.291790599768	0.917669686886
0.18859375		0.291598043799	0.917518053476
0.18890625		0.291405394565	0.91736631027
0.18921875		0.291212683823	0.917214464136
0.18953125		0.291019918257	0.917062516001
0.18984375		0.290827140068	0.9169104598
0.19015625		0.290634380377	0.916758290105
0.19046875		0.290441602357	0.916606009998
0.19078125		0.290248795563	0.916453625832
0.19109375		0.2900559595	0.916301138574
0.19140625		0.289863080272	0.916148542774
0.19171875		0.289670128751	0.915995834333
0.19203125		0.289477106147	0.915843015721
0.19234375		0.289284020258	0.915690092161
0.19265625		0.289090863128	0.915537063782
0.19296875		0.288897651694	0.915383925987
0.19328125		0.288704464193	0.915230677135
0.19359375		0.28851128243	0.915077318887
0.19390625		0.288318086888	0.914923854502
0.19421875		0.288124852361	0.914770282843
0.19453125		0.287931562434	0.914616601383
0.19484375		0.28773821796	0.914462810448
0.19515625		0.287544822466	0.914308910423
0.19546875		0.287351368801	0.914154901717
0.19578125		0.287157842351	0.914000783954
0.19609375		0.286964230399	0.913846558829
0.19640625		0.286770606435	0.913692229818
0.19671875		0.286577015837	0.913537793989
0.19703125		0.286383428305	0.913383242686
0.19734375		0.286189801947	0.913228565957
0.19765625		0.285996081369	0.913073740316
0.19796875		0.285802197538	0.912918724477
0.19828125		0.285608042872	0.912763435825
0.19859375		0.285413369252	0.912607681602
0.19890625		0.285217635223	0.912451019153
0.19921875		0.285019487755	0.912292350785
0.19953125		0.284814837219	0.912128407992
0.19984375		0.284587572343	0.911946442562
0.20015625		0.284237118498	0.911722863823
0.20046875		0.283724156651	0.911310630335
0.20078125		0.283149108808	0.910848438702
0.20109375		0.28255778254	0.910372343185
0.20140625		0.281965450131	0.909894663698
0.20171875		0.281377287592	0.909419618996
0.20203125		0.280790092777	0.90894458965
0.20234375		0.280202623746	0.908468593134
0.20265625		0.279614489882	0.907991327986
0.20296875		0.279025634947	0.90751273833
0.20328125		0.278436050976	0.90703280241
0.20359375		0.277845758011	0.90655148121
0.20390625		0.277254740801	0.906068749449
0.20421875		0.276662951323	0.905584597306
0.20453125		0.276070368302	0.905099018917
0.20484375		0.27547697383	0.904612007709
0.20515625		0.274882749572	0.904123556308
0.20546875		0.274287677201	0.903633657067
0.20578125		0.273691735591	0.903142302263
0.20609375		0.273095013687	0.90264948405
0.20640625		0.272497585944	0.902155193609
0.20671875		0.271899409632	0.901659421895
0.20703125		0.271300431514	0.901162160627
0.20734375		0.270700641665	0.900663402042
0.20765625		0.270100030541	0.900163137727
0.20796875		0.269498588718	0.899661358868
0.20828125		0.268896306801	0.899158056651
0.20859375		0.268293172224	0.898653222041
0.20890625		0.267689164786	0.89814684608
0.20921875		0.26708434308	0.897638919628
0.20953125		0.266478779704	0.897129433173
0.20984375		0.265872413376	0.896618376873
0.21015625		0.265265203669	0.896105741052
0.21046875		0.264657163661	0.895591515997
0.21078125		0.264048295782	0.895075691805
0.21109375		0.26343857988	0.894558258546
0.21140625		0.262827995054	0.894039206216
0.21171875		0.262216529102	0.893518524766
0.21203125		0.261604182263	0.892996204053
0.21234375		0.260990965554	0.892472233802
0.21265625		0.26037690883	0.891946603497
0.21296875		0.259762032136	0.891419302251
0.21328125		0.259146325801	0.890890318957
0.21359375		0.258529765826	0.890359642521
0.21390625		0.257912339086	0.889827261839
0.21421875		0.257294025843	0.889293165732
0.21453125		0.256674808746	0.888757342917
0.21484375		0.256054674403	0.888219782034
0.21515625		0.255433619274	0.887680471625
0.21546875		0.254811642629	0.887139400083
0.21578125		0.2541887798	0.886596555579
0.21609375		0.253565075102	0.886051925922
0.21640625		0.252940521697	0.885505498683
0.21671875		0.252315077881	0.884957261436
0.21703125		0.251688720971	0.884407201728
0.21734375		0.2510614277	0.883855307035
0.21765625		0.250433186862	0.883301564739
0.21796875		0.249803996105	0.882745962106
0.21828125		0.249173851951	0.882188486236
0.21859375		0.248542751311	0.881629124079
0.21890625		0.247910705414	0.881067862429
0.21921875		0.247277768838	0.880504687739
0.21953125		0.246643954578	0.879939586109
0.21984375		0.246009214385	0.879372543479
0.22015625		0.245373514811	0.878803545836
0.22046875		0.24473682592	0.878232579133
0.22078125		0.24409913587	0.877659629243
0.22109375		0.243460455249	0.87708468191
0.22140625		0.242820791396	0.876507722597
0.22171875		0.242180142813	0.875928736596
0.22203125		0.241538498687	0.875347708979
0.22234375		0.240895886665	0.874764624656
0.22265625		0.240252340957	0.874179468165
0.22296875		0.23960783422	0.87359222376
0.22328125		0.238962327115	0.873002875675
0.22359375		0.238315789631	0.872411408071
0.22390625		0.237668196585	0.87181780507
0.22421875		0.237019556032	0.871222050638
0.22453125		0.236369886315	0.870624128462
0.22484375		0.235719194735	0.870024021951
0.22515625		0.235067473545	0.869421714256
0.22546875		0.234414713453	0.868817188338
0.22578125		0.233760933733	0.868210426931
0.22609375		0.233106141436	0.867601412444
0.22640625		0.232450308067	0.866990127079
0.22671875		0.231793409069	0.86637655293
0.22703125		0.231135411154	0.865760671954
0.22734375		0.230476302706	0.865142466007
0.22765625		0.229816100173	0.864521916692
0.22796875		0.229154819969	0.863899005277
0.22828125		0.228492461982	0.863273712668
0.22859375		0.227829014593	0.862646019479
0.22890625		0.227164474558	0.862015906227
0.22921875		0.226498843195	0.861383353189
0.22953125		0.225832113589	0.860748340303
0.22984375		0.225164269603	0.860110847251
0.23015625		0.224495290084	0.85947085351
0.23046875		0.223825148214	0.858828338382
0.23078125		0.223153839962	0.858183280969
0.23109375		0.222481378835	0.857535660047
0.23140625		0.22180777374	0.856885454022
0.23171875		0.221133020934	0.856232640957
0.23203125		0.220457114044	0.855577198622
0.23234375		0.219780049216	0.854919104481
0.23265625		0.219101815076	0.854258335691
0.23296875		0.21842239527	0.853594869136
0.23328125		0.217741777125	0.852928681435
0.23359375		0.217059944615	0.852259748924
0.23390625		0.216376887024	0.851588047659
0.23421875		0.215692603056	0.850913553366
0.23453125		0.215007094624	0.850236241397
0.23484375		0.214320362171	0.849556086715
0.23515625		0.213632402006	0.848873063906
0.23546875		0.212943211355	0.848187147182
0.23578125		0.212252782535	0.847498310375
0.23609375		0.211561097978	0.846806526966
0.23640625		0.210868139341	0.846111770115
0.23671875		0.210173890566	0.845414012647
0.23703125		0.209478344347	0.844713227035
0.23734375		0.208781499775	0.844009385338
0.23765625		0.20808335465	0.84330245917
0.23796875		0.207383903044	0.84259241971
0.23828125		0.206683137396	0.841879237703
0.23859375		0.205981052335	0.84116288346
0.23890625		0.205277644036	0.840443326838
0.23921875		0.204572902755	0.839720537232
0.23953125		0.203866811755	0.838994483606
0.23984375		0.203159352325	0.838265134502
0.24015625		0.202450507975	0.837532458035
0.24046875		0.201740274393	0.836796421856
0.24078125		0.201028651814	0.83605699308
0.24109375		0.200315636246	0.835314138278
0.24140625		0.199601217384	0.834567823488
0.24171875		0.198885384678	0.83381801423
0.24203125		0.198168130484	0.833064675485
0.24234375		0.197449446067	0.832307771679
0.24265625		0.196729319366	0.831547266677
0.24296875		0.196007736232	0.830783123793
0.24328125		0.195284680388	0.830015305783
0.24359375		0.194560137241	0.829243774836
0.24390625		0.193834099518	0.828468492544
0.24421875		0.193106562752	0.827689419852
0.24453125		0.192377520609	0.826906517038
0.24484375		0.191646962824	0.826119743715
0.24515625		0.190914879212	0.825329058828
0.24546875		0.190181258142	0.824534420639
0.24578125		0.189446085239	0.823735786721
0.24609375		0.188709346137	0.822933113954
0.24640625		0.187971027429	0.822126358508
0.24671875		0.187231115755	0.821315475821
0.24703125		0.186489598658	0.820500420577
0.24734375		0.185746464548	0.819681146681
0.24765625		0.185001703591	0.818857607236
0.24796875		0.184255306259	0.818029754511
0.24828125		0.183507261809	0.817197539931
0.24859375		0.182757559106	0.816360914055
0.24890625		0.182006184117	0.815519826564
0.24921875		0.181253119848	0.814674226254
0.24953125		0.180498349121	0.813824061025
0.24984375		0.179741856572	0.812969277856
0.25015625		0.178983629514	0.812109822769
0.25046875		0.178223655103	0.811245640794
0.25078125		0.177461920077	0.810376675947
0.25109375		0.176698410793	0.809502871199
0.25140625		0.17593311298	0.808624168456
0.25171875		0.175166013028	0.807740508523
0.25203125		0.174397097657	0.806851831081
0.25234375		0.173626351317	0.805958074659
0.25265625		0.172853755971	0.805059176617
0.25296875		0.172079292886	0.804155073127
0.25328125		0.171302943033	0.803245699141
0.25359375		0.170524689774	0.802330988353
0.25390625		0.169744518934	0.801410873151
0.25421875		0.168962416086	0.800485284567
0.25453125		0.168178364554	0.799554152247
0.25484375		0.167392346733	0.798617404424
0.25515625		0.166604344999	0.797674967876
0.25546875		0.165814341473	0.796726767892
0.25578125		0.165022317583	0.795772728227
0.25609375		0.16422825406	0.794812771064
0.25640625		0.163432130804	0.793846816972
0.25671875		0.162633926315	0.792874784863
0.25703125		0.161833618769	0.79189659195
0.25734375		0.161031189113	0.790912153689
0.25765625		0.160226620032	0.789921383716
0.25796875		0.159419892544	0.788924193783
0.25828125		0.158610986246	0.78792049371
0.25859375		0.157799879313	0.786910191337
0.25890625		0.156986548326	0.78589319247
0.25921875		0.1561709698	0.784869400827
0.25953125		0.155353120849	0.783838717966
0.25984375		0.154532978522	0.782801043219
0.26015625		0.153710519076	0.781756273619
0.26046875		0.152885717642	0.780704303838
0.26078125		0.152058548682	0.779645026104
0.26109375		0.151228987831	0.778578330126
0.26140625		0.150397011569	0.777504103006
0.26171875		0.149562595866	0.776422229148
0.26203125		0.148725715103	0.775332590173
0.26234375		0.147886341016	0.774235064836
0.26265625		0.147044444015	0.773129528946
0.26296875		0.146199994859	0.772015855269
0.26328125		0.145352965137	0.770893913415
0.26359375		0.144503326339	0.769763569726
0.26390625		0.143651048898	0.768624687163
0.26421875		0.142796102265	0.76747712519
0.26453125		0.141938455234	0.766320739657
0.26484375		0.141078076111	0.765155382668
0.26515625		0.14021493299	0.76398090245
0.26546875		0.139348993836	0.762797143211
0.26578125		0.138480225567	0.761603944993
0.26609375		0.13760859302	0.760401143527
0.26640625		0.136734059154	0.759188570076
0.26671875		0.135856586387	0.757966051277
0.26703125		0.134976137511	0.756733408959
0.26734375		0.134092675299	0.755490459957
0.26765625		0.133206162073	0.754237015916
0.26796875		0.132316559056	0.752972883092
0.26828125		0.131423825795	0.751697862137
0.26859375		0.130527920172	0.75041174789
0.26890625		0.129628799241	0.74911432914
0.26921875		0.128726419715	0.747805388386
0.26953125		0.127820737597	0.746484701572
0.26984375		0.126911707156	0.74515203782
0.27015625		0.125999280595	0.743807159147
0.27046875		0.125083408794	0.742449820171
0.27078125		0.124164041931	0.741079767801
0.27109375		0.123241129649	0.739696740891
0.27140625		0.122314620944	0.738300469897
0.27171875		0.121384463564	0.736890676491
0.27203125		0.12045060332	0.735467073177
0.27234375		0.119512983415	0.734029362882
0.27265625		0.118571544909	0.732577238525
0.27296875		0.117626227851	0.731110382555
0.27328125		0.116676971392	0.729628466459
0.27359375		0.115723713088	0.728131150241
0.27390625		0.114766388342	0.726618081865
0.27421875		0.113804930259	0.72508889668
0.27453125		0.112839269768	0.7235432168
0.27484375		0.111869335942	0.721980650446
0.27515625		0.110895056378	0.720400791243
0.27546875		0.109916356953	0.718803217468
0.27578125		0.10893316111	0.717187491253
0.27609375		0.107945388969	0.715553157741
0.27640625		0.106952957052	0.713899744188
0.27671875		0.105955779339	0.712226759006
0.27703125		0.104953767743	0.71053369072
0.27734375		0.103946831778	0.708820006869
0.27765625		0.102934878059	0.707085152809
0.27796875		0.101917809728	0.705328550453
0.27828125		0.10089552601	0.703549596904
0.27859375		0.0998679222904	0.701747662996
0.27890625		0.0988348903938	0.699922091728
0.27921875		0.0977963185953	0.698072196563
0.27953125		0.0967520912716	0.6961972596
0.27984375		0.0957020882445	0.694296529602
0.28015625		0.0946461841768	0.692369219867
0.28046875		0.0935842483687	0.690414505928
0.28078125		0.0925161448906	0.688431523062
0.28109375		0.0914417327071	0.686419363579
0.28140625		0.0903608656728	0.684377073878
0.28171875		0.0892733918606	0.682303651241
0.28203125		0.0881791523228	0.680198040341
0.28234375		0.0870779804918	0.678059129445
0.28265625		0.0859697022291	0.675885746258
0.28296875		0.0848541357388	0.673676653373
0.28328125		0.0837310911491	0.671430543272
0.28359375		0.0826003698271	0.669146032837
0.28390625		0.0814617634934	0.666821657311
0.28421875		0.0803150533546	0.664455863638
0.28453125		0.079160009365	0.6620470031
0.28484375		0.0779963896	0.659593323174
0.28515625		0.0768239396718	0.657092958478
0.28546875		0.0756423919279	0.654543920701
0.28578125		0.0744514642027	0.651944087377
0.28609375		0.0732508582176	0.649291189329
0.28640625		0.0720402579746	0.646582796603
0.28671875		0.070819328422	0.643816302664
0.28703125		0.0695877142489	0.640988906561
0.28734375		0.06834503837	0.638097592772
0.28765625		0.0670908998051	0.635139108328
0.28796875		0.0658248710825	0.632109936773
0.28828125		0.0645464954497	0.629006268423
0.28859375		0.0632552839694	0.625823966271
0.28890625		0.0619507124046	0.622558526728
0.28921875		0.0606322176457	0.619205034237
0.28953125		0.0592991934683	0.615758108546
0.28984375		0.0579509855163	0.612211843153
0.29015625		0.0565868854684	0.608559733117
0.29046875		0.0552061243294	0.60479458994
0.29078125		0.0538078647284	0.600908440585
0.29109375		0.0523911920455	0.596892406917
0.29140625		0.0509551040284	0.592736560749
0.29171875		0.0494984983103	0.588429748304
0.29203125		0.0480201572302	0.583959375879
0.29234375		0.0465187294472	0.579311145876
0.29265625		0.0449927077381	0.574468728758
0.29296875		0.0434404021154	0.569413351555
0.29328125		0.0418599067283	0.564123275344
0.29359375		0.0402490580157	0.558573121945
0.29390625		0.0386053812378	0.552732995316
0.29421875		0.0369260220907	0.546567319512
0.29453125		0.0352076579427	0.540033273178
0.29484375		0.0334463795492	0.533078633785
0.29515625		0.0316375292572	0.52563873711
0.29546875		0.0297754738193	0.517632072147
0.29578125		0.0278532792379	0.508953708383
0.29609375		0.0258622315419	0.49946511091
0.29640625		0.0237910871795	0.488977580308
0.29671875		0.0216248790347	0.477224011975
0.29703125		0.019342918882	0.463807326521
0.29734375		0.0169149904895	0.448095963064
0.29765625		0.0142926483781	0.428977417274
0.29796875		0.0113877403098	0.404174462086
0.29828125		0.00801901654979	0.367855325883
0.29859375		0.0040739343125	0.306548597477
0.29890625		0.000515204519702	0.16374739767
0.29921875		5.24436119174e-08	0.0155294553201
0.29953125		4.11435563408e-09	0.0100003030559
0.29984375		4.11315255379e-09	0.0100000000076
0.30015625		4.11315252376e-09	0.01
0.30046875		4.11315252376e-09	0.01
0.30078125		4.11315252376e-09	0.01
0.30109375		4.11315252376e-09	0.01
0.30140625		4.11315252376e-09	0.01
0.30171875		4.11315252376e-09	0.01
0.30203125		4.11315252376e-09	0.01
0.30234375		4.11315252376e-09	0.01
0.30265625		4.11315252376e-09	0.01
0.30296875		4.11315252376e-09	0.01
0.30328125		4.11315252376e-09	0.01
0.30359375		4.11315252376e-09	0.01
0.30390625		4.11315252376e-09	0.01
0.30421875		4.11315252376e-09	0.01
0.30453125		4.11315252376e-09	0.01
0.30484375		4.11315252376e-09	0.01
0.30515625		4.11315252376e-09	0.01
0.30546875		4.11315252376e-09	0.01
0.30578125		4.11315252376e-09	0.01
0.30609375		4.11315252376e-09	0.01
0.30640625		4.11315252376e-09	0.01
0.30671875		4.11315252376e-09	0.01
0.30703125		4.11315252376e-09	0.01
0.30734375		4.11315252376e-09	0.01
0.30765625		4.11315252376e-09	0.01
0.30796875		4.11315252376e-09	0.01
0.30828125		4.11315252376e-09	0.01
0.30859375		4.11315252376e-09	0.01
0.30890625		4.11315252376e-09	0.01
0.30921875		4.11315252376e-09	0.01
0.30953125		4.11315252376e-09	0.01
0.30984375		4.11315252376e-09	0.01
0.31015625		4.11315252376e-09	0.01
0.31046875		4.11315252376e-09	0.01
0.31078125		4.11315252376e-09	0.01
0.31109375		4.11315252376e-09	0.01
0.31140625		4.11315252376e-09	0.01
0.31171875		4.11315252376e-09	0.01
0.31203125		4.11315252376e-09	0.01
0.31234375		4.11315252376e-09	0.01
0.31265625		4.11315252376e-09	0.01
0.31296875		4.11315252376e-09	0.01
0.31328125		4.11315252376e-09	0.01
0.31359375		4.11315252376e-09	0.01
0.31390625		4.11315252376e-09	0.01
0.31421875		4.11315252376e-09	0.01
0.31453125		4.11315252376e-09	0.01
0.31484375		4.11315252376e-09	0.01
0.31515625		4.11315252376e-09	0.01
0.31546875		4.11315252376e-09	0.01
0.31578125		4.11315252376e-09	0.01
0.31609375		4.11315252376e-09	0.01
0.31640625		4.11315252376e-09	0.01
0.31671875		4.11315252376e-09	0.01
0.31703125		4.11315252376e-09	0.01
0.31734375		4.11315252376e-09	0.01
0.31765625		4.11315252376e-09	0.01
0.31796875		4.11315252376e-09	0.01
0.31828125		4.11315252376e-09	0.01
0.31859375		4.11315252376e-09	0.01
0.31890625		4.11315252376e-09	0.01
0.31921875		4.11315252376e-09	0.01
0.31953125		4.11315252376e-09	0.01
0.31984375		4.11315252376e-09	0.01
0.32015625		4.11315252376e-09	0.01
0.32046875		4.11315252376e-09	0.01
0.32078125		4.11315252376e-09	0.01
0.32109375		4.11315252376e-09	0.01
0.32140625		4.11315252376e-09	0.01
0.32171875		4.11315252376e-09	0.01
0.32203125		4.11315252376e-09	0.01
0.32234375		4.11315252376e-09	0.01
0.32265625		4.11315252376e-09	0.01
0.32296875		4.11315252376e-09	0.01
0.32328125		4.11315252376e-09	0.01
0.32359375		4.11315252376e-09	0.01
0.32390625		4.11315252376e-09	0.01
0.32421875		4.11315252376e-09	0.01
0.32453125		4.11315252376e-09	0.01
0.32484375		4.11315252376e-09	0.01
0.32515625		4.11315252376e-09	0.01
0.32546875		4.11315252376e-09	0.01
0.32578125		4.11315252376e-09	0.01
0.32609375		4.11315252376e-09	0.01
0.32640625		4.11315252376e-09	0.01
0.32671875		4.11315252376e-09	0.01
0.32703125		4.11315252376e-09	0.01
0.32734375		4.11315252376e-09	0.01
0.32765625		4.11315252376e-09	0.01
0.32796875		4.11315252376e-09	0.01
0.32828125		4.11315252376e-09	0.01
0.32859375		4.11315252376e-09	0.01
0.32890625		4.11315252376e-09	0.01
0.32921875		4.11315252376e-09	0.01
0.32953125		4.11315252376e-09	0.01
0.32984375		4.11315252376e-09	0.01
0.33015625		4.11315252376e-09	0.01
0.33046875		4.11315252376e-09	0.01
0.33078125		4.11315252376e-09	0.01
0.33109375		4.11315252376e-09	0.01
0.33140625		4.11315252376e-09	0.01
0.33171875		4.11315252376e-09	0.01
0.33203125		4.11315252376e-09	0.01
0.33234375		4.11315252376e-09	0.01
0.33265625		4.11315252376e-09	0.01
0.33296875		4.11315252376e-09	0.01
0.33328125		4.11315252376e-09	0.01
0.33359375		4.11315252376e-09	0.01
0.33390625		4.11315252376e-09	0.01
0.33421875		4.11315252376e-09	0.01
0.33453125		4.11315252376e-09	0.01
0.33484375		4.11315252376e-09	0.01
0.33515625		4.11315252376e-09	0.01
0.33546875		4.11315252376e-09	0.01
0.33578125		4.11315252376e-09	0.01
0.33609375		4.11315252376e-09	0.01
0.33640625		4.11315252376e-09	0.01
0.33671875		4.11315252376e-09	0.01
0.33703125		4.11315252376e-09	0.01
0.33734375		4.11315252376e-09	0.01
0.33765625		4.11315252376e-09	0.01
0.33796875		4.11315252376e-09	0.01
0.33828125		4.11315252376e-09	0.01
0.33859375		4.11315252376e-09	0.01
0.33890625		4.11315252376e-09	0.01
0.33921875		4.11315252376e-09	0.01
0.33953125		4.11315252376e-09	0.01
0.33984375		4.11315252376e-09	0.01
0.34015625		4.11315252376e-09	0.01
0.34046875		4.11315252376e-09	0.01
0.34078125		4.11315252376e-09	0.01
0.34109375		4.11315252376e-09	0.01
0.34140625		4.11315252376e-09	0.01
0.34171875		4.11315252376e-09	0.01
0.34203125		4.11315252376e-09	0.01
0.34234375		4.11315252376e-09	0.01
0.34265625		4.11315252376e-09	0.01
0.34296875		4.11315252376e-09	0.01
0.34328125		4.11315252376e-09	0.01
0.34359375		4.11315252376e-09	0.01
0.34390625		4.11315252376e-09	0.01
0.34421875		4.11315252376e-09	0.01
0.34453125		4.11315252376e-09	0.01
0.34484375		4.11315252376e-09	0.01
0.34515625		4.11315252376e-09	0.01
0.34546875		4.11315252376e-09	0.01
0.34578125		4.11315252376e-09	0.01
0.34609375		4.11315252376e-09	0.01
0.34640625		4.11315252376e-09	0.01
0.34671875		4.11315252376e-09	0.01
0.34703125		4.11315252376e-09	0.01
0.34734375		4.11315252376e-09	0.01
0.34765625		4.11315252376e-09	0.01
0.34796875		4.11315252376e-09	0.01
0.34828125		4.11315252376e-09	0.01
0.34859375		4.11315252376e-09	0.01
0.34890625		4.11315252376e-09	0.01
0.34921875		4.11315252376e-09	0.01
0.34953125		4.11315252376e-09	0.01
0.34984375		4.11315252376e-09	0.01
0.35015625		4.11315252376e-09	0.01
0.35046875		4.11315252376e-09	0.01
0.35078125		4.11315252376e-09	0.01
0.35109375		4.11315252376e-09	0.01
0.35140625		4.11315252376e-09	0.01
0.35171875		4.11315252376e-09	0.01
0.35203125		4.11315252376e-09	0.01
0.35234375		4.11315252376e-09	0.01
0.35265625		4.11315252376e-09	0.01
0.35296875		4.11315252376e-09	0.01
0.35328125		4.11315252376e-09	0.01
0.35359375		4.11315252376e-09	0.01
0.35390625		4.11315252376e-09	0.01
0.35421875		4.11315252376e-09	0.01
0.35453125		4.11315252376e-09	0.01
0.35484375		4.11315252376e-09	0.01
0.35515625		4.11315252376e-09	0.01
0.35546875		4.11315252376e-09	0.01
0.35578125		4.11315252376e-09	0.01
0.35609375		4.11315252376e-09	0.01
0.35640625		4.11315252376e-09	0.01
0.35671875		4.11315252376e-09	0.01
0.35703125		4.11315252376e-09	0.01
0.35734375		4.11315252376e-09	0.01
0.35765625		4.11315252376e-09	0.01
0.35796875		4.11315252376e-09	0.01
0.35828125		4.11315252376e-09	0.01
0.35859375		4.11315252376e-09	0.01
0.35890625		4.11315252376e-09	0.01
0.35921875		4.11315252376e-09	0.01
0.35953125		4.11315252376e-09	0.01
0.35984375		4.11315252376e-09	0.01
0.36015625		4.11315252376e-09	0.01
0.36046875		4.11315252376e-09	0.01
0.36078125		4.11315252376e-09	0.01
0.36109375		4.11315252376e-09	0.01
0.36140625		4.11315252376e-09	0.01
0.36171875		4.11315252376e-09	0.01
0.36203125		4.11315252376e-09	0.01
0.36234375		4.11315252376e-09	0.01
0.36265625		4.11315252376e-09	0.01
0.36296875		4.11315252376e-09	0.01
0.36328125		4.11315252376e-09	0.01
0.36359375		4.11315252376e-09	0.01
0.36390625		4.11315252376e-09	0.01
0.36421875		4.11315252376e-09	0.01
0.36453125		4.11315252376e-09	0.01
0.36484375		4.11315252376e-09	0.01
0.36515625		4.11315252376e-09	0.01
0.36546875		4.11315252376e-09	0.01
0.36578125		4.11315252376e-09	0.01
0.36609375		4.11315252376e-09	0.01
0.36640625		4.11315252376e-09	0.01
0.36671875		4.11315252376e-09	0.01
0.36703125		4.11315252376e-09	0.01
0.36734375		4.11315252376e-09	0.01
0.36765625		4.11315252376e-09	0.01
0.36796875		4.11315252376e-09	0.01
0.36828125		4.11315252376e-09	0.01
0.36859375		4.11315252376e-09	0.01
0.36890625		4.11315252376e-09	0.01
0.36921875		4.11315252376e-09	0.01
0.36953125		4.11315252376e-09	0.01
0.36984375		4.11315252376e-09	0.01
0.37015625		4.11315252376e-09	0.01
0.37046875		4.11315252376e-09	0.01
0.37078125		4.11315252376e-09	0.01
0.37109375		4.11315252376e-09	0.01
0.37140625		4.11315252376e-09	0.01
0.37171875		4.11315252376e-09	0.01
0.37203125		4.11315252376e-09	0.01
0.37234375		4.11315252376e-09	0.01
0.37265625		4.11315252376e-09	0.01
0.37296875		4.11315252376e-09	0.01
0.37328125		4.11315252376e-09	0.01
0.37359375		4.11315252376e-09	0.01
0.37390625		4.11315252376e-09	0.01
0.37421875		4.11315252376e-09	0.01
0.37453125		4.11315252376e-09	0.01
0.37484375		4.11315252376e-09	0.01
0.37515625		4.11315252376e-09	0.01
0.37546875		4.11315252376e-09	0.01
0.37578125		4.11315252376e-09	0.01
0.37609375		4.11315252376e-09	0.01
0.37640625		4.11315252376e-09	0.01
0.37671875		4.11315252376e-09	0.01
0.37703125		4.11315252376e-09	0.01
0.37734375		4.11315252376e-09	0.01
0.37765625		4.11315252376e-09	0.01
0.37796875		4.11315252376e-09	0.01
0.37828125		4.11315252376e-09	0.01
0.37859375		4.11315252376e-09	0.01
0.37890625		4.11315252376e-09	0.01
0.37921875		4.11315252376e-09	0.01
0.37953125		4.11315252376e-09	0.01
0.37984375		4.11315252376e-09	0.01
0.38015625		4.11315252376e-09	0.01
0.38046875		4.11315252376e-09	0.01
0.38078125		4.11315252376e-09	0.01
0.38109375		4.11315252376e-09	0.01
0.38140625		4.11315252376e-09	0.01
0.38171875		4.11315252376e-09	0.01
0.38203125		4.11315252376e-09	0.01
0.38234375		4.11315252376e-09	0.01
0.38265625		4.11315252376e-09	0.01
0.38296875		4.11315252376e-09	0.01
0.38328125		4.11315252376e-09	0.01
0.38359375		4.11315252376e-09	0.01
0.38390625		4.11315252376e-09	0.01
0.38421875		4.11315252376e-09	0.01
0.38453125		4.11315252376e-09	0.01
0.38484375		4.11315252376e-09	0.01
0.38515625		4.11315252376e-09	0.01
0.38546875		4.11315252376e-09	0.01
0.38578125		4.11315252376e-09	0.01
0.38609375		4.11315252376e-09	0.01
0.38640625		4.11315252376e-09	0.01
0.38671875		4.11315252376e-09	0.01
0.38703125		4.11315252376e-09	0.01
0.38734375		4.11315252376e-09	0.01
0.38765625		4.11315252376e-09	0.01
0.38796875		4.11315252376e-09	0.01
0.38828125		4.11315252376e-09	0.01
0.38859375		4.11315252376e-09	0.01
0.38890625		4.11315252376e-09	0.01
0.38921875		4.11315252376e-09	0.01
0.38953125		4.11315252376e-09	0.01
0.38984375		4.11315252376e-09	0.01
0.39015625		4.11315252376e-09	0.01
0.39046875		4.11315252376e-09	0.01
0.39078125		4.11315252376e-09	0.01
0.39109375		4.11315252376e-09	0.01
0.39140625		4.11315252376e-09	0.01
0.39171875		4.11315252376e-09	0.01
0.39203125		4.11315252376e-09	0.01
0.39234375		4.11315252376e-09	0.01
0.39265625		4.11315252376e-09	0.01
0.39296875		4.11315252376e-09	0.01
0.39328125		4.11315252376e-09	0.01
0.39359375		4.11315252376e-09	0.01
0.39390625		4.11315252376e-09	0.01
0.39421875		4.11315252376e-09	0.01
0.39453125		4.11315252376e-09	0.01
0.39484375		4.11315252376e-09	0.01
0.39515625		4.11315252376e-09	0.01
0.39546875		4.11315252376e-09	0.01
0.39578125		4.11315252376e-09	0.01
0.39609375		4.11315252376e-09	0.01
0.39640625		4.11315252376e-09	0.01
0.39671875		4.11315252376e-09	0.01
0.39703125		4.11315252376e-09	0.01
0.39734375		4.11315252376e-09	0.01
0.39765625		4.11315252376e-09	0.01
0.39796875		4.11315252376e-09	0.01
0.39828125		4.11315252376e-09	0.01
0.39859375		4.11315252376e-09	0.01
0.39890625		4.11315252376e-09	0.01
0.39921875		4.11315252376e-09	0.01
0.39953125		4.11315252376e-09	0.01
0.39984375		4.11315252376e-09	0.01
0.40015625		4.11315252376e-09	0.01
0.40046875		4.11315252376e-09	0.01
0.40078125		4.11315252376e-09	0.01
0.40109375		4.11315252376e-09	0.01
0.40140625		4.11315252376e-09	0.01
0.40171875		4.11315252376e-09	0.01
0.40203125		4.11315252376e-09	0.01
0.40234375		4.11315252376e-09	0.01
0.40265625		4.11315252376e-09	0.01
0.40296875		4.11315252376e-09	0.01
0.40328125		4.11315252376e-09	0.01
0.40359375		4.11315252376e-09	0.01
0.40390625		4.11315252376e-09	0.01
0.40421875		4.11315252376e-09	0.01
0.40453125		4.11315252376e-09	0.01
0.40484375		4.11315252376e-09	0.01
0.40515625		4.11315252376e-09	0.01
0.40546875		4.11315252376e-09	0.01
0.40578125		4.11315252376e-09	0.01
0.40609375		4.11315252376e-09	0.01
0.40640625		4.11315252376e-09	0.01
0.40671875		4.11315252376e-09	0.01
0.40703125		4.11315252376e-09	0.01
0.40734375		4.11315252376e-09	0.01
0.40765625		4.11315252376e-09	0.01
0.40796875		4.11315252376e-09	0.01
0.40828125		4.11315252376e-09	0.01
0.40859375		4.11315252376e-09	0.01
0.40890625		4.11315252376e-09	0.01
0.40921875		4.11315252376e-09	0.01
0.40953125		4.11315252376e-09	0.01
0.40984375		4.11315252376e-09	0.01
0.41015625		4.11315252376e-09	0.01
0.41046875		4.11315252376e-09	0.01
0.41078125		4.11315252376e-09	0.01
0.41109375		4.11315252376e-09	0.01
0.41140625		4.11315252376e-09	0.01
0.41171875		4.11315252376e-09	0.01
0.41203125		4.11315252376e-09	0.01
0.41234375		4.11315252376e-09	0.01
0.41265625		4.11315252376e-09	0.01
0.41296875		4.11315252376e-09	0.01
0.41328125		4.11315252376e-09	0.01
0.41359375		4.11315252376e-09	0.01
0.41390625		4.11315252376e-09	0.01
0.41421875		4.11315252376e-09	0.01
0.41453125		4.11315252376e-09	0.01
0.41484375		4.11315252376e-09	0.01
0.41515625		4.11315252376e-09	0.01
0.41546875		4.11315252376e-09	0.01
0.41578125		4.11315252376e-09	0.01
0.41609375		4.11315252376e-09	0.01
0.41640625		4.11315252376e-09	0.01
0.41671875		4.11315252376e-09	0.01
0.41703125		4.11315252376e-09	0.01
0.41734375		4.11315252376e-09	0.01
0.41765625		4.11315252376e-09	0.01
0.41796875		4.11315252376e-09	0.01
0.41828125		4.11315252376e-09	0.01
0.41859375		4.11315252376e-09	0.01
0.41890625		4.11315252376e-09	0.01
0.41921875		4.11315252376e-09	0.01
0.41953125		4.11315252376e-09	0.01
0.41984375		4.11315252376e-09	0.01
0.42015625		4.11315252376e-09	0.01
0.42046875		4.11315252376e-09	0.01
0.42078125		4.11315252376e-09	0.01
0.42109375		4.11315252376e-09	0.01
0.42140625		4.11315252376e-09	0.01
0.42171875		4.11315252376e-09	0.01
0.42203125		4.11315252376e-09	0.01
0.42234375		4.11315252376e-09	0.01
0.42265625		4.11315252376e-09	0.01
0.42296875		4.11315252376e-09	0.01
0.42328125		4.11315252376e-09	0.01
0.42359375		4.11315252376e-09	0.01
0.42390625		4.11315252376e-09	0.01
0.42421875		4.11315252376e-09	0.01
0.42453125		4.11315252376e-09	0.01
0.42484375		4.11315252376e-09	0.01
0.42515625		4.11315252376e-09	0.01
0.42546875		4.11315252376e-09	0.01
0.42578125		4.11315252376e-09	0.01
0.42609375		4.11315252376e-09	0.01
0.42640625		4.11315252376e-09	0.01
0.42671875		4.11315252376e-09	0.01
0.42703125		4.11315252376e-09	0.01
0.42734375		4.11315252376e-09	0.01
0.42765625		4.11315252376e-09	0.01
0.42796875		4.11315252376e-09	0.01
0.42828125		4.11315252376e-09	0.01
0.42859375		4.11315252376e-09	0.01
0.42890625		4.11315252376e-09	0.01
0.42921875		4.11315252376e-09	0.01
0.42953125		4.11315252376e-09	0.01
0.42984375		4.11315252376e-09	0.01
0.43015625		4.11315252376e-09	0.01
0.43046875		4.11315252376e-09	0.01
0.43078125		4.11315252376e-09	0.01
0.43109375		4.11315252376e-09	0.01
0.43140625		4.11315252376e-09	0.01
0.43171875		4.11315252376e-09	0.01
0.43203125		4.11315252376e-09	0.01
0.43234375		4.11315252376e-09	0.01
0.43265625		4.11315252376e-09	0.01
0.43296875		4.11315252376e-09	0.01
0.43328125		4.11315252376e-09	0.01
0.43359375		4.11315252376e-09	0.01
0.43390625		4.11315252376e-09	0.01
0.43421875		4.11315252376e-09	0.01
0.43453125		4.11315252376e-09	0.01
0.43484375		4.11315252376e-09	0.01
0.43515625		4.11315252376e-09	0.01
0.43546875		4.11315252376e-09	0.01
0.43578125		4.11315252376e-09	0.01
0.43609375		4.11315252376e-09	0.01
0.43640625		4.11315252376e-09	0.01
0.43671875		4.11315252376e-09	0.01
0.43703125		4.11315252376e-09	0.01
0.43734375		4.11315252376e-09	0.01
0.43765625		4.11315252376e-09	0.01
0.43796875		4.11315252376e-09	0.01
0.43828125		4.11315252376e-09	0.01
0.43859375		4.11315252376e-09	0.01
0.43890625		4.11315252376e-09	0.01
0.43921875		4.11315252376e-09	0.01
0.43953125		4.11315252376e-09	0.01
0.43984375		4.11315252376e-09	0.01
0.44015625		4.11315252376e-09	0.01
0.44046875		4.11315252376e-09	0.01
0.44078125		4.11315252376e-09	0.01
0.44109375		4.11315252376e-09	0.01
0.44140625		4.11315252376e-09	0.01
0.44171875		4.11315252376e-09	0.01
0.44203125		4.11315252376e-09	0.01
0.44234375		4.11315252376e-09	0.01
0.44265625		4.11315252376e-09	0.01
0.44296875		4.11315252376e-09	0.01
0.44328125		4.11315252376e-09	0.01
0.44359375		4.11315252376e-09	0.01
0.44390625		4.11315252376e-09	0.01
0.44421875		4.11315252376e-09	0.01
0.44453125		4.11315252376e-09	0.01
0.44484375		4.11315252376e-09	0.01
0.44515625		4.11315252376e-09	0.01
0.44546875		4.11315252376e-09	0.01
0.44578125		4.11315252376e-09	0.01
0.44609375		4.11315252376e-09	0.01
0.44640625		4.11315252376e-09	0.01
0.44671875		4.11315252376e-09	0.01
0.44703125		4.11315252376e-09	0.01
0.44734375		4.11315252376e-09	0.01
0.44765625		4.11315252376e-09	0.01
0.44796875		4.11315252376e-09	0.01
0.44828125		4.11315252376e-09	0.01
0.44859375		4.11315252376e-09	0.01
0.44890625		4.11315252376e-09	0.01
0.44921875		4.11315252376e-09	0.01
0.44953125		4.11315252376e-09	0.01
0.44984375		4.11315252376e-09	0.01
0.45015625		4.11315252376e-09	0.01
0.45046875		4.11315252376e-09	0.01
0.45078125		4.11315252376e-09	0.01
0.45109375		4.11315252376e-09	0.01
0.45140625		4.11315252376e-09	0.01
0.45171875		4.11315252376e-09	0.01
0.45203125		4.11315252376e-09	0.01
0.45234375		4.11315252376e-09	0.01
0.45265625		4.11315252376e-09	0.01
0.45296875		4.11315252376e-09	0.01
0.45328125		4.11315252376e-09	0.01
0.45359375		4.11315252376e-09	0.01
0.45390625		4.11315252376e-09	0.01
0.45421875		4.11315252376e-09	0.01
0.45453125		4.11315252376e-09	0.01
0.45484375		4.11315252376e-09	0.01
0.45515625		4.11315252376e-09	0.01
0.45546875		4.11315252376e-09	0.01
0.45578125		4.11315252376e-09	0.01
0.45609375		4.11315252376e-09	0.01
0.45640625		4.11315252376e-09	0.01
0.45671875		4.11315252376e-09	0.01
0.45703125		4.11315252376e-09	0.01
0.45734375		4.11315252376e-09	0.01
0.45765625		4.11315252376e-09	0.01
0.45796875		4.11315252376e-09	0.01
0.45828125		4.11315252376e-09	0.01
0.45859375		4.11315252376e-09	0.01
0.45890625		4.11315252376e-09	0.01
0.45921875		4.11315252376e-09	0.01
0.45953125		4.11315252376e-09	0.01
0.45984375		4.11315252376e-09	0.01
0.46015625		4.11315252376e-09	0.01
0.46046875		4.11315252376e-09	0.01
0.46078125		4.11315252376e-09	0.01
0.46109375		4.11315252376e-09	0.01
0.46140625		4.11315252376e-09	0.01
0.46171875		4.11315252376e-09	0.01
0.46203125		4.11315252376e-09	0.01
0.46234375		4.11315252376e-09	0.01
0.46265625		4.11315252376e-09	0.01
0.46296875		4.11315252376e-09	0.01
0.46328125		4.11315252376e-09	0.01
0.46359375		4.11315252376e-09	0.01
0.46390625		4.11315252376e-09	0.01
0.46421875		4.11315252376e-09	0.01
0.46453125		4.11315252376e-09	0.01
0.46484375		4.11315252376e-09	0.01
0.46515625		4.11315252376e-09	0.01
0.46546875		4.11315252376e-09	0.01
0.46578125		4.11315252376e-09	0.01
0.46609375		4.11315252376e-09	0.01
0.46640625		4.11315252376e-09	0.01
0.46671875		4.11315252376e-09	0.01
0.46703125		4.11315252376e-09	0.01
0.46734375		4.11315252376e-09	0.01
0.46765625		4.11315252376e-09	0.01
0.46796875		4.11315252376e-09	0.01
0.46828125		4.11315252376e-09	0.01
0.46859375		4.11315252376e-09	0.01
0.46890625		4.11315252376e-09	0.01
0.46921875		4.11315252376e-09	0.01
0.46953125		4.11315252376e-09	0.01
0.46984375		4.11315252376e-09	0.01
0.47015625		4.11315252376e-09	0.01
0.47046875		4.11315252376e-09	0.01
0.47078125		4.11315252376e-09	0.01
0.47109375		4.11315252376e-09	0.01
0.47140625		4.11315252376e-09	0.01
0.47171875		4.11315252376e-09	0.01
0.47203125		4.11315252376e-09	0.01
0.47234375		4.11315252376e-09	0.01
0.47265625		4.11315252376e-09	0.01
0.47296875		4.11315252376e-09	0.01
0.47328125		4.11315252376e-09	0.01
0.47359375		4.11315252376e-09	0.01
0.47390625		4.11315252376e-09	0.01
0.47421875		4.11315252376e-09	0.01
0.47453125		4.11315252376e-09	0.01
0.47484375		4.11315252376e-09	0.01
0.47515625		4.11315252376e-09	0.01
0.47546875		4.11315252376e-09	0.01
0.47578125		4.11315252376e-09	0.01
0.47609375		4.11315252376e-09	0.01
0.47640625		4.11315252376e-09	0.01
0.47671875		4.11315252376e-09	0.01
0.47703125		4.11315252376e-09	0.01
0.47734375		4.11315252376e-09	0.01
0.47765625		4.11315252376e-09	0.01
0.47796875		4.11315252376e-09	0.01
0.47828125		4.11315252376e-09	0.01
0.47859375		4.11315252376e-09	0.01
0.47890625		4.11315252376e-09	0.01
0.47921875		4.11315252376e-09	0.01
0.47953125		4.11315252376e-09	0.01
0.47984375		4.11315252376e-09	0.01
0.48015625		4.11315252376e-09	0.01
0.48046875		4.11315252376e-09	0.01
0.48078125		4.11315252376e-09	0.01
0.48109375		4.11315252376e-09	0.01
0.48140625		4.11315252376e-09	0.01
0.48171875		4.11315252376e-09	0.01
0.48203125		4.11315252376e-09	0.01
0.48234375		4.11315252376e-09	0.01
0.48265625		4.11315252376e-09	0.01
0.48296875		4.11315252376e-09	0.01
0.48328125		4.11315252376e-09	0.01
0.48359375		4.11315252376e-09	0.01
0.48390625		4.11315252376e-09	0.01
0.48421875		4.11315252376e-09	0.01
0.48453125		4.11315252376e-09	0.01
0.48484375		4.11315252376e-09	0.01
0.48515625		4.11315252376e-09	0.01
0.48546875		4.11315252376e-09	0.01
0.48578125		4.11315252376e-09	0.01
0.48609375		4.11315252376e-09	0.01
0.48640625		4.11315252376e-09	0.01
0.48671875		4.11315252376e-09	0.01
0.48703125		4.11315252376e-09	0.01
0.48734375		4.11315252376e-09	0.01
0.48765625		4.11315252376e-09	0.01
0.48796875		4.11315252376e-09	0.01
0.48828125		4.11315252376e-09	0.01
0.48859375		4.11315252376e-09	0.01
0.48890625		4.11315252376e-09	0.01
0.48921875		4.11315252376e-09	0.01
0.48953125		4.11315252376e-09	0.01
0.48984375		4.11315252376e-09	0.01
0.49015625		4.11315252376e-09	0.01
0.49046875		4.11315252376e-09	0.01
0.49078125		4.11315252376e-09	0.01
0.49109375		4.11315252376e-09	0.01
0.49140625		4.11315252376e-09	0.01
0.49171875		4.11315252376e-09	0.01
0.49203125		4.11315252376e-09	0.01
0.49234375		4.11315252376e-09	0.01
0.49265625		4.11315252376e-09	0.01
0.49296875		4.11315252376e-09	0.01
0.49328125		4.11315252376e-09	0.01
0.49359375		4.11315252376e-09	0.01
0.49390625		4.11315252376e-09	0.01
0.49421875		4.11315252376e-09	0.01
0.49453125		4.11315252376e-09	0.01
0.49484375		4.11315252376e-09	0.01
0.49515625		4.11315252376e-09	0.01
0.49546875		4.11315252376e-09	0.01
0.49578125		4.11315252376e-09	0.01
0.49609375		4.11315252376e-09	0.01
0.49640625		4.11315252376e-09	0.01
0.49671875		4.11315252376e-09	0.01
0.49703125		4.11315252376e-09	0.01
0.49734375		4.11315252376e-09	0.01
0.49765625		4.11315252376e-09	0.01
0.49796875		4.11315252376e-09	0.01
0.49828125		4.11315252376e-09	0.01
0.49859375		4.11315252376e-09	0.01
0.49890625		4.11315252376e-09	0.01
0.49921875		4.11315252376e-09	0.01
0.49953125		4.11315252376e-09	0.01
0.49984375		4.11315252376e-09	0.01
