0.00015625		0.404573117557	0.995874932351
0.00046875		0.404403147493	0.995770032204
0.00078125		0.404166748244	0.995624548811
0.00109375		0.403942611861	0.995486570062
0.00140625		0.403757407637	0.995372510186
0.00171875		0.403590514607	0.995269649737
0.00203125		0.403430625333	0.995171032491
0.00234375		0.403272433754	0.995073408523
0.00265625		0.403114872117	0.994976113961
0.00296875		0.40295800814	0.994879243927
0.00328125		0.402802598756	0.994783248251
0.00359375		0.402648902316	0.994688283455
0.00390625		0.402496990081	0.994594391205
0.00421875		0.402346797344	0.994501549535
0.00453125		0.402198240222	0.994409713907
0.00484375		0.402051263086	0.994318835082
0.00515625		0.401905753469	0.994228861384
0.00546875		0.401761655719	0.994139748878
0.00578125		0.401618935864	0.994051445204
0.00609375		0.40147753154	0.993963900564
0.00640625		0.401337388019	0.993877070059
0.00671875		0.401198410724	0.993790914554
0.00703125		0.401060474245	0.993705398464
0.00734375		0.400923470769	0.993620476891
0.00765625		0.400787345786	0.993536111417
0.00796875		0.400652078576	0.99345227196
0.00828125		0.40051765086	0.993368935653
0.00859375		0.400384036652	0.993286074403
0.00890625		0.400251196735	0.993203655851
0.00921875		0.400119093324	0.993121656459
0.00953125		0.399987661917	0.993040055848
0.00984375		0.399856862161	0.992958830256
0.01015625		0.399726700748	0.992877957949
0.01046875		0.399597147984	0.992797416455
0.01078125		0.399468111275	0.992717179128
0.01109375		0.399339519709	0.99263722371
0.01140625		0.399211323629	0.992557539035
0.01171875		0.399083518553	0.992478119183
0.01203125		0.398956124195	0.992398954596
0.01234375		0.398829213336	0.992320026652
0.01265625		0.398702747779	0.99224131807
0.01296875		0.398576698318	0.992162814604
0.01328125		0.398451028815	0.992084507285
0.01359375		0.398325698469	0.992006388329
0.01390625		0.398200654495	0.991928445439
0.01421875		0.398075828537	0.991850667634
0.01453125		0.397951191446	0.99177304496
0.01484375		0.397826772648	0.991695570188
0.01515625		0.397702673138	0.99161823726
0.01546875		0.39757887603	0.991541034886
0.01578125		0.397455346672	0.991463954174
0.01609375		0.397332065366	0.991386992576
0.01640625		0.397209000442	0.99131014937
0.01671875		0.397086131595	0.991233417818
0.01703125		0.396963418592	0.991156784357
0.01734375		0.396840834106	0.991080237142
0.01765625		0.396718414741	0.991003772069
0.01796875		0.396596164613	0.990927388212
0.01828125		0.396474040847	0.990851082395
0.01859375		0.396352024197	0.990774850246
0.01890625		0.39623013779	0.990698687249
0.01921875		0.396108426856	0.990622588599
0.01953125		0.395986915469	0.99054655133
0.01984375		0.395865590619	0.990470574488
0.02015625		0.395744408387	0.990394657094
0.02046875		0.39562331513	0.990318794822
0.02078125		0.395502264746	0.990242981954
0.02109375		0.395381193785	0.990167214785
0.02140625		0.395260106093	0.990091491543
0.02171875		0.395139181047	0.990015811057
0.02203125		0.395018422299	0.989940170917
0.02234375		0.394897831523	0.989864567253
0.02265625		0.394777384413	0.989788996103
0.02296875		0.394657125778	0.989713454625
0.02328125		0.394536905721	0.989637942225
0.02359375		0.394416700651	0.989562458546
0.02390625		0.394296485306	0.989487001471
0.02421875		0.394176171378	0.989411568073
0.02453125		0.394055803813	0.989336155734
0.02484375		0.393935593392	0.989260763759
0.02515625		0.393815533258	0.98918539195
0.02546875		0.393695600795	0.989110039012
0.02578125		0.393575808478	0.989034702402
0.02609375		0.393456198675	0.988959379459
0.02640625		0.393336657433	0.988884068992
0.02671875		0.393217027413	0.988808771048
0.02703125		0.393097373644	0.988733485061
0.02734375		0.392977616117	0.988658209077
0.02765625		0.392857732595	0.988582941074
0.02796875		0.39273794878	0.988507680033
0.02828125		0.392618284653	0.988432425921
0.02859375		0.392498725364	0.988357178466
0.02890625		0.392379340806	0.988281936728
0.02921875		0.392260071904	0.988206698927
0.02953125		0.392141042203	0.988131463597
0.02984375		0.392021904796	0.988056230162
0.03015625		0.391902651898	0.987980998654
0.03046875		0.391783330236	0.98790576822
0.03078125		0.391663838581	0.987830537512
0.03109375		0.391544234263	0.987755305458
0.03140625		0.391424741926	0.987680071487
0.03171875		0.391305389014	0.987604835276
0.03203125		0.391186190633	0.987529596285
0.03234375		0.391067173085	0.987454353407
0.03265625		0.390948422993	0.987379105337
0.03296875		0.390829760146	0.987303851143
0.03328125		0.390710834753	0.987228590877
0.03359375		0.390591784889	0.987153324643
0.03390625		0.390472577648	0.987078051984
0.03421875		0.390353105956	0.987002772012
0.03453125		0.390233593126	0.986927484325
0.03484375		0.390114289583	0.98685218875
0.03515625		0.389995159315	0.986776885056
0.03546875		0.389876292385	0.986701572439
0.03578125		0.3897576177	0.986626249485
0.03609375		0.389639287825	0.986550915372
0.03640625		0.389520725192	0.986475569766
0.03671875		0.38940183783	0.986400213059
0.03703125		0.389282811659	0.986324844899
0.03734375		0.389163513849	0.986249464682
0.03765625		0.38904398777	0.986174072236
0.03796875		0.388924624816	0.986098667657
0.03828125		0.388805488672	0.986023250722
0.03859375		0.388686590126	0.985947820741
0.03890625		0.388567923102	0.98587237679
0.03921875		0.388449645223	0.985796917777
0.03953125		0.388331442652	0.985721443247
0.03984375		0.388212762933	0.98564595326
0.04015625		0.388093842804	0.985570448159
0.04046875		0.387974703334	0.985494927379
0.04078125		0.387855240063	0.985419390611
0.04109375		0.387735764787	0.985343837898
0.04140625		0.387616534073	0.985268269198
0.04171875		0.387497503389	0.985192684264
0.04203125		0.387378785678	0.985117082066
0.04234375		0.387260288347	0.98504146157
0.04265625		0.387142258561	0.984965822042
0.04296875		0.387023948301	0.984890163512
0.04328125		0.386905119148	0.984814486665
0.04359375		0.386786081723	0.984738791293
0.04390625		0.386666741255	0.984663076573
0.04421875		0.386547162059	0.984587342426
0.04453125		0.386427810024	0.984511589434
0.04484375		0.386308665828	0.984435817718
0.04515625		0.386189708632	0.984360026626
0.04546875		0.386071057672	0.984284214586
0.04578125		0.385952678958	0.984208380798
0.04609375		0.38583467215	0.984132525237
0.04640625		0.385716152167	0.984056648605
0.04671875		0.385597174228	0.98398075103
0.04703125		0.38547793693	0.983904831679
0.04734375		0.385358378731	0.983828889994
0.04765625		0.385238855584	0.983752926777
0.04796875		0.38511954911	0.98367694281
0.04828125		0.385000428515	0.983600937599
0.04859375		0.384881487243	0.983524909766
0.04890625		0.384762798619	0.9834488578
0.04921875		0.384644453603	0.983372782103
0.04953125		0.384526318192	0.98329668308
0.04984375		0.384407553091	0.983220561205
0.05015625		0.384288414212	0.983144415526
0.05046875		0.38416893155	0.983068245247
0.05078125		0.384049244008	0.982992050909
0.05109375		0.383929789271	0.982915833861
0.05140625		0.383810476935	0.982839594305
0.05171875		0.383691325624	0.982763330649
0.05203125		0.38357234823	0.982687041324
0.05234375		0.383453571667	0.982610726002
0.05265625		0.383335184902	0.982534386051
0.05296875		0.383216780329	0.982458021632
0.05328125		0.383097768374	0.982381631891
0.05359375		0.382978426515	0.982305215478
0.05390625		0.382858727048	0.982228772722
0.05421875		0.382739028726	0.982152305482
0.05453125		0.382619570454	0.982075814529
0.05484375		0.382500213911	0.98199929862
0.05515625		0.382380995703	0.981922755577
0.05546875		0.382261951064	0.981846184832
0.05578125		0.382143030263	0.98176958774
0.05609375		0.382024498155	0.98169296543
0.05640625		0.381905751562	0.981616316811
0.05671875		0.381786517985	0.981539639973
0.05703125		0.381666952543	0.981462934597
0.05734375		0.381547088875	0.981386202558
0.05765625		0.381427391768	0.981309445865
0.05796875		0.381307885009	0.981232663658
0.05828125		0.381188455853	0.981155853455
0.05859375		0.381069109844	0.981079013933
0.05890625		0.380949961715	0.981002146331
0.05921875		0.380830891817	0.98092525256
0.05953125		0.380712117431	0.980848332247
0.05984375		0.380593020355	0.980771382883
0.06015625		0.380473566174	0.980694403165
0.06046875		0.380353773298	0.980617394616
0.06078125		0.380233825563	0.980540359937
0.06109375		0.380114083416	0.980463299492
0.06140625		0.379994468638	0.98038621067
0.06171875		0.379874932822	0.98030909129
0.06203125		0.379755453387	0.980231942069
0.06234375		0.379636133612	0.980154765385
0.06265625		0.379516921143	0.980077561993
0.06296875		0.379397836363	0.980000329485
0.06328125		0.379278429786	0.979923065461
0.06359375		0.379158742758	0.979845770495
0.06390625		0.379038728215	0.979768447592
0.06421875		0.378918717932	0.979691098384
0.06453125		0.378798887806	0.979613720941
0.06484375		0.378679125914	0.979536312252
0.06515625		0.378559449826	0.979458872034
0.06546875		0.378439831934	0.979381402768
0.06578125		0.378320314163	0.979303906235
0.06609375		0.378200944371	0.979226380941
0.06640625		0.378081518679	0.979148823652
0.06671875		0.377961841106	0.979071233775
0.06703125		0.377841891618	0.978993613892
0.06734375		0.377721677495	0.978915966732
0.06765625		0.377601583118	0.978838291529
0.06796875		0.377481627764	0.978760585073
0.06828125		0.377361709835	0.978682845793
0.06859375		0.377241856657	0.978605075642
0.06890625		0.37712210086	0.978527277286
0.06921875		0.377002392741	0.978449450372
0.06953125		0.376882796878	0.978371591762
0.06984375		0.376763054984	0.978293699456
0.07015625		0.376643105113	0.978215775145
0.07046875		0.37652285234	0.978137822084
0.07078125		0.376402495317	0.978059840949
0.07109375		0.376282291014	0.977981828907
0.07140625		0.376162163943	0.977903783378
0.07171875		0.376042095459	0.977825705307
0.07203125		0.375922061339	0.977747597589
0.07234375		0.375802128127	0.977669461262
0.07265625		0.375682248109	0.977591293736
0.07296875		0.375562368254	0.977513092147
0.07328125		0.375442340747	0.977434856856
0.07359375		0.375322065298	0.977356591049
0.07390625		0.375201530386	0.977278296694
0.07421875		0.375081067322	0.977199971946
0.07453125		0.374960722966	0.977121613628
0.07484375		0.374840416642	0.977043221346
0.07515625		0.37472016439	0.976964797801
0.07546875		0.374599973637	0.976886345109
0.07578125		0.374479837295	0.976807861784
0.07609375		0.374359743005	0.976729344571
0.07640625		0.374239582402	0.976650792481
0.07671875		0.374119236416	0.976572208033
0.07703125		0.373998608302	0.976493594034
0.07734375		0.373877887498	0.976414950042
0.07765625		0.373757304852	0.976336272862
0.07796875		0.373636780455	0.976257560846
0.07828125		0.373516293826	0.976178815857
0.07859375		0.373395855079	0.976100040659
0.07890625		0.373275479401	0.976021235175
0.07921875		0.373155145245	0.975942396377
0.07953125		0.373034799784	0.975863522135
0.07984375		0.372914342225	0.975784613807
0.08015625		0.372793623797	0.975705674549
0.08046875		0.372672698705	0.975626705292
0.08078125		0.372551866017	0.97554770352
0.08109375		0.372431112428	0.975468666588
0.08140625		0.372310396227	0.975389595201
0.08171875		0.372189721721	0.97531049224
0.08203125		0.372069088506	0.975231358892
0.08234375		0.37194852008	0.975152192884
0.08265625		0.371827962449	0.975072991383
0.08296875		0.37170735035	0.974993754518
0.08328125		0.371586523076	0.974914485198
0.08359375		0.371465445722	0.974835185311
0.08390625		0.371344349522	0.974755853427
0.08421875		0.371223365654	0.974676486609
0.08453125		0.371102425091	0.974597084394
0.08484375		0.370981506578	0.974517649171
0.08515625		0.370860634393	0.974438182804
0.08546875		0.370739816988	0.974358684191
0.08578125		0.370619035851	0.974279150524
0.08609375		0.37049823581	0.974199580927
0.08640625		0.370377277676	0.974119977391
0.08671875		0.370256058881	0.974040342205
0.08703125		0.370134715184	0.973960675034
0.08734375		0.37001350023	0.973880973508
0.08765625		0.369892327759	0.973801236417
0.08796875		0.369771180414	0.973721465183
0.08828125		0.369650074502	0.973641661626
0.08859375		0.369529004218	0.973561825536
0.08890625		0.369407987473	0.973481954887
0.08921875		0.369286972077	0.973402048387
0.08953125		0.36916585224	0.973322107066
0.08984375		0.369044487732	0.973242132855
0.09015625		0.368922942449	0.973162126221
0.09046875		0.368801478318	0.973082085455
0.09078125		0.36868007858	0.973002009007
0.09109375		0.368558708721	0.972921897606
0.09140625		0.368437366529	0.972841752988
0.09171875		0.368316051429	0.972761575533
0.09203125		0.36819479102	0.972681363589
0.09234375		0.368073535758	0.972601115565
0.09265625		0.367952223511	0.972520831966
0.09296875		0.367830709394	0.972440514542
0.09328125		0.36770898367	0.97236016416
0.09359375		0.367587271348	0.972279779758
0.09390625		0.367465643954	0.972199359624
0.09421875		0.367344049879	0.972118903829
0.09453125		0.367222472141	0.972038413854
0.09484375		0.367100921463	0.971957890546
0.09515625		0.366979409326	0.971877332973
0.09546875		0.36685791267	0.971796739372
0.09578125		0.366736383358	0.971716109543
0.09609375		0.366614696825	0.971635444939
0.09640625		0.366492798091	0.971554746838
0.09671875		0.366370850607	0.971474014785
0.09703125		0.366248996825	0.971393247058
0.09734375		0.366127173122	0.971312443109
0.09765625		0.366005359176	0.971231604132
0.09796875		0.365883574809	0.971150731272
0.09828125		0.365761814594	0.971069824167
0.09859375		0.365640074715	0.970988881216
0.09890625		0.365518317539	0.970907901602
0.09921875		0.365396442551	0.970826886338
0.09953125		0.36527436496	0.970745836864
0.09984375		0.365152190504	0.970664753405
0.10015625		0.365030107602	0.970583634487
0.10046875		0.364908054742	0.970502478954
0.10078125		0.364786012381	0.970421287503
0.10109375		0.364663991279	0.970340061505
0.10140625		0.364541984464	0.970258801233
0.10171875		0.364420001555	0.97017750533
0.10203125		0.364298009011	0.970096172509
0.10234375		0.364175925585	0.97001480319
0.10265625		0.364053662063	0.969933398917
0.10296875		0.363931279615	0.969851960468
0.10328125		0.363808961992	0.969770486824
0.10359375		0.363686678382	0.96968897639
0.10390625		0.363564406802	0.969607429211
0.10421875		0.363442150534	0.969525846682
0.10453125		0.363319902205	0.969444229686
0.10484375		0.363197676627	0.969362577375
0.10515625		0.363075444351	0.969280888071
0.10546875		0.362953142363	0.969199161519
0.10578125		0.36283068098	0.969117399119
0.10609375		0.362708090796	0.969035602238
0.10640625		0.362585541077	0.968953770409
0.10671875		0.362463027794	0.968871901865
0.10703125		0.362340526829	0.968789995878
0.10734375		0.362218036489	0.968708053612
0.10765625		0.362095550127	0.968626076487
0.10796875		0.361973084152	0.968544064306
0.10828125		0.361850611506	0.968462015348
0.10859375		0.361728081474	0.968379928533
0.10890625		0.361605412128	0.968297804884
0.10921875		0.361482611303	0.968215646211
0.10953125		0.36135983204	0.968133452809
0.10984375		0.361237090552	0.968051222984
0.11015625		0.361114360331	0.967968955273
0.11046875		0.36099163545	0.967886650235
0.11078125		0.360868912722	0.967804309691
0.11109375		0.360746207349	0.967721934249
0.11140625		0.360623494781	0.967639522453
0.11171875		0.360500734223	0.967557072525
0.11203125		0.36037784904	0.967474584707
0.11234375		0.360254834518	0.96739206103
0.11265625		0.360131826716	0.967309502651
0.11296875		0.360008855996	0.967226908349
0.11328125		0.359885895642	0.967144276041
0.11359375		0.359762936088	0.967061605466
0.11390625		0.359639976879	0.966978898394
0.11421875		0.359517031544	0.966896156318
0.11453125		0.359394079508	0.966813378399
0.11484375		0.359271087971	0.966730562475
0.11515625		0.359147984669	0.966647707815
0.11546875		0.359024756039	0.96656481616
0.11578125		0.358901518108	0.966481889493
0.11609375		0.358778315998	0.966398927401
0.11640625		0.35865512351	0.9663159276
0.11671875		0.358531929775	0.966232888804
0.11703125		0.358408735091	0.966149812348
0.11734375		0.358285548011	0.966066700373
0.11765625		0.358162356688	0.96598355303
0.11796875		0.358039132184	0.965900368124
0.11828125		0.357915810136	0.96581714399
0.11859375		0.357792366549	0.965733881627
0.11890625		0.357668897974	0.965650583473
0.11921875		0.357545462849	0.965567250223
0.11953125		0.357422037432	0.965483879894
0.11984375		0.357298609817	0.965400470327
0.12015625		0.357175179663	0.965317021864
0.12046875		0.35705175106	0.965233536895
0.12078125		0.356928319873	0.965150016712
0.12109375		0.356804861215	0.965066459747
0.12140625		0.356681318165	0.964982863536
0.12171875		0.356557657962	0.964899227963
0.12203125		0.356433959165	0.964815555375
0.12234375		0.356310291055	0.964731847622
0.12265625		0.356186632292	0.964648103558
0.12296875		0.356062970652	0.964564320509
0.12328125		0.355939304409	0.964480497633
0.12359375		0.355815634464	0.964396636875
0.12390625		0.355691963264	0.964312740562
0.12421875		0.355568269124	0.964228808206
0.12453125		0.355444501373	0.964144837117
0.12484375		0.355320625631	0.964060825919
0.12515625		0.355196698312	0.963976776257
0.12546875		0.355072795505	0.96389269075
0.12578125		0.35494890266	0.963808569614
0.12609375		0.354825006678	0.963724410183
0.12640625		0.354701104224	0.963640210454
0.12671875		0.354577192615	0.963555971416
0.12703125		0.354453280375	0.963471695821
0.12734375		0.354329349641	0.963387384691
0.12765625		0.354205357318	0.963303035708
0.12796875		0.35408126748	0.963218646438
0.12828125		0.353957111234	0.963134217307
0.12859375		0.353832971901	0.963049751074
0.12890625		0.353708843137	0.962965249423
0.12921875		0.353584712172	0.962880710506
0.12953125		0.353460572816	0.962796131412
0.12984375		0.353336420766	0.962711511801
0.13015625		0.35321226656	0.962626854153
0.13046875		0.353088098243	0.962542160841
0.13078125		0.352963881626	0.962457430715
0.13109375		0.352839577623	0.962372660705
0.13140625		0.352715196653	0.96228784989
0.13171875		0.352590817841	0.962203000338
0.13203125		0.35246645093	0.962118114875
0.13234375		0.352342083515	0.962033193091
0.13265625		0.352217707661	0.96194823177
0.13296875		0.352093316634	0.961863229308
0.13328125		0.351968920565	0.961778187233
0.13359375		0.351844512711	0.961693108627
0.13390625		0.351720068951	0.96160799397
0.13421875		0.351595550336	0.961522840189
0.13453125		0.35147094792	0.961437645249
0.13484375		0.351346329537	0.961352410173
0.13515625		0.351221723978	0.961267137995
0.13546875		0.351097119654	0.961181829937
0.13578125		0.350972506664	0.961096483233
0.13609375		0.350847878061	0.961011095353
0.13640625		0.350723241444	0.960925666698
0.13671875		0.35059859335	0.960840200106
0.13703125		0.350473919149	0.960754697487
0.13734375		0.35034918062	0.9606691567
0.13765625		0.350224359253	0.960583574958
0.13796875		0.350099504591	0.960497952169
0.13828125		0.349974659782	0.960412290778
0.13859375		0.349849818656	0.960326593158
0.13890625		0.349724968842	0.960240857806
0.13921875		0.349600103891	0.960155081682
0.13953125		0.349475227128	0.960069264146
0.13984375		0.349350339402	0.959983407199
0.14015625		0.349225431149	0.959897513565
0.14046875		0.349100468437	0.959811582494
0.14078125		0.348975429049	0.959725611007
0.14109375		0.348850341271	0.959639598063
0.14140625		0.348725257325	0.959553545188
0.14171875		0.348600178551	0.959467455128
0.14203125		0.348475091887	0.959381327808
0.14234375		0.348349990522	0.959295160417
0.14265625		0.34822487512	0.959208951438
0.14296875		0.348099748682	0.959122701915
0.14328125		0.347974604985	0.959036414532
0.14359375		0.347849416323	0.958950089891
0.14390625		0.347724157734	0.958863725586
0.14421875		0.347598839759	0.958777319817
0.14453125		0.347473516631	0.958690873181
0.14484375		0.347348199459	0.958604388111
0.14515625		0.34722287567	0.958517865668
0.14546875		0.347097537904	0.958431303883
0.14578125		0.346972184209	0.958344700698
0.14609375		0.346846819033	0.958258056229
0.14640625		0.346721438758	0.958171372646
0.14671875		0.346596023446	0.958084651404
0.14703125		0.34647054577	0.957997891112
0.14734375		0.346345001602	0.957911089685
0.14765625		0.346219438253	0.957824246827
0.14796875		0.346093880906	0.957737364342
0.14828125		0.345968320114	0.957650443874
0.14859375		0.345842746327	0.957563484528
0.14890625		0.345717155639	0.957476484241
0.14921875		0.345591551951	0.957389442295
0.14953125		0.345465933714	0.957302360115
0.14984375		0.345340288967	0.957215239498
0.15015625		0.3452145903	0.957128080102
0.15046875		0.345088824169	0.957040880075
0.15078125		0.34496302389	0.956953638408
0.15109375		0.344837225078	0.956866356098
0.15140625		0.344711426956	0.956779034905
0.15171875		0.344585616814	0.956691674934
0.15203125		0.344459789404	0.956604274554
0.15234375		0.34433394782	0.956516832484
0.15265625		0.344208092054	0.956429349293
0.15296875		0.34408221561	0.956341826689
0.15328125		0.343956292727	0.956254265196
0.15359375		0.343830307054	0.956166663544
0.15390625		0.343704273549	0.956079020357
0.15421875		0.343578234301	0.955991335774
0.15453125		0.343452197776	0.955903611334
0.15484375		0.343326150983	0.955815847819
0.15515625		0.343200087529	0.9557280443
0.15546875		0.343074008636	0.95564019933
0.15578125		0.342947915976	0.955552312616
0.15609375		0.342821805386	0.955464385526
0.15640625		0.342695657171	0.955376419103
0.15671875		0.342569451024	0.955288412802
0.15703125		0.34244318897	0.955200365274
0.15734375		0.342316910211	0.95511227587
0.15765625		0.342190633893	0.95502414567
0.15796875		0.342064350813	0.95493597585
0.15828125		0.341938051948	0.95484776622
0.15859375		0.341811736004	0.954759515509
0.15890625		0.341685406253	0.954671222724
0.15921875		0.341559060058	0.954582888639
0.15953125		0.341432685076	0.954494514559
0.15984375		0.341306259439	0.954406100699
0.16015625		0.341179774119	0.954317645986
0.16046875		0.341053257382	0.954229149211
0.16078125		0.340926739166	0.954140610756
0.16109375		0.340800218946	0.954052031933
0.16140625		0.340673684787	0.953963413288
0.16171875		0.340547132681	0.953874753954
0.16203125		0.340420565751	0.953786052544
0.16234375		0.340293983858	0.953697308992
0.16265625		0.340167380347	0.953608524613
0.16296875		0.340040734017	0.953519700303
0.16328125		0.339914029228	0.953430835495
0.16359375		0.339787279018	0.953341928785
0.16390625		0.339660519717	0.953252979627
0.16421875		0.339533760175	0.953163989206
0.16453125		0.33940698954	0.953074958683
0.16484375		0.339280202595	0.952985887802
0.16515625		0.339153400424	0.952896775153
0.16546875		0.339026583316	0.952807619731
0.16578125		0.338899747774	0.95271842251
0.16609375		0.338772877585	0.952629184904
0.16640625		0.338645954868	0.952539907072
0.16671875		0.338518977773	0.952450587737
0.16703125		0.338391979332	0.952361225515
0.16734375		0.338264979482	0.952271821024
0.16765625		0.338137972524	0.952182375797
0.16796875		0.33801095056	0.952092890416
0.16828125		0.337883913022	0.952003363766
0.16859375		0.337756861459	0.951913794137
0.16890625		0.337629792834	0.951824181683
0.16921875		0.337502697789	0.951734528032
0.16953125		0.337375556958	0.951644834244
0.16984375		0.337248357538	0.951555099471
0.17015625		0.337121122982	0.951465321837
0.17046875		0.336993882983	0.951375500939
0.17078125		0.336866639361	0.951285638354
0.17109375		0.336739382509	0.951195735566
0.17140625		0.336612110073	0.951105792044
0.17171875		0.336484823655	0.951015805794
0.17203125		0.336357521792	0.95092577583
0.17234375		0.336230199741	0.950835703589
0.17265625		0.336102840734	0.950745590933
0.17296875		0.335975424515	0.950655437778
0.17328125		0.335847958842	0.950565242202
0.17359375		0.335720478271	0.95047500267
0.17390625		0.335592996486	0.950384720275
0.17421875		0.335465504662	0.950294397149
0.17453125		0.335337997957	0.950204033716
0.17484375		0.335210476766	0.950113628204
0.17515625		0.335082941456	0.950023178563
0.17546875		0.334955387227	0.949932685362
0.17578125		0.334827806695	0.949842150935
0.17609375		0.334700179566	0.949751576317
0.17640625		0.334572494373	0.949660960064
0.17671875		0.334444776656	0.949570299736
0.17703125		0.334317052301	0.949479595227
0.17734375		0.334189324156	0.949388848893
0.17765625		0.334061583177	0.949298062409
0.17796875		0.333933827516	0.949207234753
0.17828125		0.333806056975	0.949116363178
0.17859375		0.333678271007	0.949025446814
0.17890625		0.333550464384	0.948934487835
0.17921875		0.333422623484	0.948843488541
0.17953125		0.333294727319	0.948752448487
0.17984375		0.333166781977	0.94866136489
0.18015625		0.333038816545	0.948570236115
0.18046875		0.332910847299	0.948479063916
0.18078125		0.332782871983	0.948387851061
0.18109375		0.332654882267	0.948296597797
0.18140625		0.332526877663	0.948205301458
0.18171875		0.332398858369	0.948113959687
0.18203125		0.332270820981	0.948022573648
0.18234375		0.332142758695	0.947931146277
0.18265625		0.332014653922	0.947839678559
0.18296875		0.331886492118	0.947748168276
0.18328125		0.331758293655	0.947656612648
0.18359375		0.331630080951	0.947565012114
0.18390625		0.331501865662	0.947473369412
0.18421875		0.331373642767	0.947381686172
0.18453125		0.3312454044	0.947289960839
0.18484375		0.331117148668	0.947198190483
0.18515625		0.330988878147	0.947106374707
0.18546875		0.330860585681	0.947014515698
0.18578125		0.33073226271	0.946922615444
0.18609375		0.330603892618	0.946830673349
0.18640625		0.330475472331	0.94673868683
0.18671875		0.330347022964	0.946646654727
0.18703125		0.330218561377	0.946554578351
0.18734375		0.330090097455	0.946462459667
0.18765625		0.329961620315	0.946370299083
0.18796875		0.329833126144	0.946278094795
0.18828125		0.329704613829	0.946185845021
0.18859375		0.329576085157	0.946093549895
0.18890625		0.329447533263	0.946001210899
0.18921875		0.329318948249	0.94590882934
0.18953125		0.329190316453	0.945816404655
0.18984375		0.329061637861	0.945723934907
0.19015625		0.328932929575	0.94563141897
0.19046875		0.328804212211	0.945538857466
0.19078125		0.328675485248	0.945446252211
0.19109375		0.328546739304	0.945353603969
0.19140625		0.328417977318	0.945260911038
0.19171875		0.328289198336	0.945168171232
0.19203125		0.328160402842	0.945075384067
0.19234375		0.328031584419	0.944982551322
0.19265625		0.327902732129	0.944889674627
0.19296875		0.327773828045	0.944796752986
0.19328125		0.327644866474	0.944703784177
0.19359375		0.327515875417	0.944610766989
0.19390625		0.327386876593	0.944517702086
0.19421875		0.327257863173	0.944424590942
0.19453125		0.327128829612	0.944331433361
0.19484375		0.326999777047	0.944238227951
0.19515625		0.326870704061	0.944144973292
0.19546875		0.326741611899	0.944051668628
0.19578125		0.326612492742	0.943958314697
0.19609375		0.326483335345	0.943864913058
0.19640625		0.326354121746	0.943771464977
0.19671875		0.326224849563	0.943677970815
0.19703125		0.326095544372	0.943584427458
0.19734375		0.325966226955	0.943490825822
0.19765625		0.325836861919	0.943397148382
0.19796875		0.325707389115	0.943303362933
0.19828125		0.325577716887	0.943209405648
0.19859375		0.325447670276	0.943115149973
0.19890625		0.325316879319	0.943020323465
0.19921875		0.325184416506	0.942924250244
0.19953125		0.325047510068	0.942824933662
0.19984375		0.324895417891	0.942714711828
0.20015625		0.324661294177	0.942562033299
0.20046875		0.324317939937	0.942312431434
0.20078125		0.323933929382	0.94203345999
0.20109375		0.323539683753	0.941746723215
0.20140625		0.32314532183	0.941459572863
0.20171875		0.322753581949	0.941174066949
0.20203125		0.322362772679	0.940888984491
0.20234375		0.321972136819	0.940603767937
0.20265625		0.321581444762	0.94031822524
0.20296875		0.321190560214	0.940032260407
0.20328125		0.320799376502	0.939745830795
0.20359375		0.320407856198	0.939458922423
0.20390625		0.320016006005	0.939171531632
0.20421875		0.319623836668	0.938883655725
0.20453125		0.319231386646	0.93859529157
0.20484375		0.318838665738	0.938306435913
0.20515625		0.318445649843	0.93801708568
0.20546875		0.318052324049	0.937727238053
0.20578125		0.317658690715	0.93743689035
0.20609375		0.317264744921	0.937146040117
0.20640625		0.316870477529	0.936854685129
0.20671875		0.316475879191	0.93656282334
0.20703125		0.316080950377	0.936270452752
0.20734375		0.315685688039	0.935977571397
0.20765625		0.315290079546	0.935684177411
0.20796875		0.314894171372	0.93539026901
0.20828125		0.314497976496	0.935095844262
0.20859375		0.314101463313	0.934800901271
0.20890625		0.313704626065	0.934505438227
0.20921875		0.31330747581	0.934209453304
0.20953125		0.312910007026	0.933912944637
0.20984375		0.312512207093	0.933615910397
0.21015625		0.31211406414	0.933318348784
0.21046875		0.311715573671	0.933020258038
0.21078125		0.311316739117	0.932721636371
0.21109375		0.31091757144	0.932422481991
0.21140625		0.31051810093	0.932122792991
0.21171875		0.310118320958	0.931822567359
0.21203125		0.309718220178	0.931521803137
0.21234375		0.309317798124	0.931220498378
0.21265625		0.308917049058	0.93091865115
0.21296875		0.308515964098	0.930616259523
0.21328125		0.308114533175	0.930313321583
0.21359375		0.307712749988	0.930009835433
0.21390625		0.30731061273	0.929705799181
0.21421875		0.306908129446	0.92940121091
0.21453125		0.306505322266	0.929096068638
0.21484375		0.306102202059	0.928790370283
0.21515625		0.305698764014	0.92848411373
0.21546875		0.305295000387	0.928177296863
0.21578125		0.304890899735	0.927869917588
0.21609375		0.30448645387	0.927561973831
0.21640625		0.304081655063	0.927253463539
0.21671875		0.303676500845	0.926944384672
0.21703125		0.303270990809	0.926634735178
0.21734375		0.302865124871	0.926324512988
0.21765625		0.302458912564	0.926013716006
0.21796875		0.302052376198	0.925702342066
0.21828125		0.30164552056	0.925390388915
0.21859375		0.301238335725	0.925077854268
0.21890625		0.300830805327	0.924764735878
0.21921875		0.300422920694	0.924451031534
0.21953125		0.300014674375	0.924136739039
0.21984375		0.299606064844	0.923821856194
0.22015625		0.299197095688	0.923506380783
0.22046875		0.298787769808	0.923190310577
0.22078125		0.298378083332	0.922873643326
0.22109375		0.297968049477	0.922556376763
0.22140625		0.297557686844	0.922238508528
0.22171875		0.29714699426	0.921920036185
0.22203125		0.296735950189	0.92160095732
0.22234375		0.296324544336	0.921281269575
0.22265625		0.295912767289	0.920960970611
0.22296875		0.295500616134	0.920640058103
0.22328125		0.295088097459	0.920318529708
0.22359375		0.294675216544	0.919996383036
0.22390625		0.294261973739	0.919673615657
0.22421875		0.293848367473	0.919350225128
0.22453125		0.29343441149	0.919026208975
0.22484375		0.293020113669	0.918701564646
0.22515625		0.292605462225	0.918376289567
0.22546875		0.292190443888	0.9180503812
0.22578125		0.29177504969	0.917723837035
0.22609375		0.291359270785	0.917396654578
0.22640625		0.290943111163	0.917068831339
0.22671875		0.290526579652	0.91674036478
0.22703125		0.290109681119	0.916411252312
0.22734375		0.289692412992	0.916081491312
0.22765625		0.289274777798	0.915751079147
0.22796875		0.288856782752	0.915420013139
0.22828125		0.288438425084	0.915088290571
0.22859375		0.288019694397	0.914755908734
0.22890625		0.287600584307	0.914422864931
0.22921875		0.28718108498	0.914089156476
0.22953125		0.286761193127	0.913754780696
0.22984375		0.286340915149	0.913419734893
0.23015625		0.285920258324	0.913084016321
0.23046875		0.28549922435	0.912747622184
0.23078125		0.285077813632	0.912410549661
0.23109375		0.284656028434	0.912072795905
0.23140625		0.284233866479	0.911734358038
0.23171875		0.283811321749	0.911395233182
0.23203125		0.283388390428	0.911055418453
0.23234375		0.282965065668	0.910714910967
0.23265625		0.282541340751	0.910373707845
0.23296875		0.282117217011	0.910031806205
0.23328125		0.281692700415	0.909689203123
0.23359375		0.281267794243	0.909345895632
0.23390625		0.280842500534	0.909001880726
0.23421875		0.280416821255	0.908657155368
0.23453125		0.279990753224	0.908311716492
0.23484375		0.279564291404	0.907965561027
0.23515625		0.279137432167	0.907618685894
0.23546875		0.278710170646	0.907271088004
0.23578125		0.278282501212	0.906922764268
0.23609375		0.27785442329	0.906573711588
0.23640625		0.27742594024	0.906223926837
0.23671875		0.276997054906	0.905873406843
0.23703125		0.276567767799	0.905522148402
0.23734375		0.276138081536	0.90517014828
0.23765625		0.275707996217	0.904817403203
0.23796875		0.275277506694	0.904463909881
0.23828125		0.27484660874	0.904109665019
0.23859375		0.274415297374	0.903754665309
0.23890625		0.273983567386	0.90339890744
0.23921875		0.273551418119	0.903042388089
0.23953125		0.27311885258	0.902685103903
0.23984375		0.272685872962	0.902327051484
0.24015625		0.272252479449	0.9019682274
0.24046875		0.271818670621	0.901608628193
0.24078125		0.271384448263	0.901248250374
0.24109375		0.270949811029	0.900887090423
0.24140625		0.270514754792	0.900525144799
0.24171875		0.270079275012	0.900162409944
0.24203125		0.269643365284	0.899798882297
0.24234375		0.269207023291	0.899434558296
0.24265625		0.268770251798	0.899069434353
0.24296875		0.268333053783	0.898703506828
0.24328125		0.267895429424	0.89833677204
0.24359375		0.267457376853	0.897969226278
0.24390625		0.2670188955	0.897600865806
0.24421875		0.266579984995	0.897231686858
0.24453125		0.266140642757	0.896861685636
0.24484375		0.265700865394	0.896490858329
0.24515625		0.265260648589	0.896119201101
0.24546875		0.26481998748	0.895746710108
0.24578125		0.264378881937	0.895373381484
0.24609375		0.263937334681	0.894999211326
0.24640625		0.263495347267	0.894624195684
0.24671875		0.263052918707	0.894248330572
0.24703125		0.262610047771	0.89387161197
0.24734375		0.262166733483	0.893494035833
0.24765625		0.261722973035	0.893115598081
0.24796875		0.261278763243	0.892736294614
0.24828125		0.260834101199	0.892356121311
0.24859375		0.260388983207	0.891975074024
0.24890625		0.259943407711	0.891593148584
0.24921875		0.259497375446	0.891210340789
0.24953125		0.259050887148	0.890826646391
0.24984375		0.258603942596	0.890442061105
0.25015625		0.258156540859	0.890056580608
0.25046875		0.257708681264	0.889670200541
0.25078125		0.257260361657	0.889282916512
0.25109375		0.256811578368	0.888894724099
0.25140625		0.256362327963	0.888505618857
0.25171875		0.255912607081	0.888115596315
0.25203125		0.255462414561	0.887724651974
0.25234375		0.255011750824	0.887332781296
0.25265625		0.254560615794	0.8869399797
0.25296875		0.25410900855	0.886546242561
0.25328125		0.253656927676	0.88615156522
0.25359375		0.25320437246	0.885755942979
0.25390625		0.252751341717	0.885359371098
0.25421875		0.252297832583	0.884961844805
0.25453125		0.251843841798	0.884563359293
0.25484375		0.251389365574	0.884163909728
0.25515625		0.250934401524	0.883763491244
0.25546875		0.250478949741	0.88336209894
0.25578125		0.250023010525	0.882959727863
0.25609375		0.249566583036	0.882556373015
0.25640625		0.249109665387	0.882152029357
0.25671875		0.248652256222	0.881746691808
0.25703125		0.248194354222	0.881340355247
0.25734375		0.247735957113	0.880933014509
0.25765625		0.247277062153	0.880524664394
0.25796875		0.246817666506	0.880115299661
0.25828125		0.246357767017	0.879704915036
0.25859375		0.245897362213	0.879293505204
0.25890625		0.245436451827	0.878881064805
0.25921875		0.244975035359	0.878467588427
0.25953125		0.24451311142	0.878053070608
0.25984375		0.244050678392	0.877637505842
0.26015625		0.243587734748	0.877220888577
0.26046875		0.243124278137	0.876803213212
0.26078125		0.242660305691	0.876384474106
0.26109375		0.242195814888	0.875964665572
0.26140625		0.241730803067	0.875543781884
0.26171875		0.241265268328	0.875121817267
0.26203125		0.24079920945	0.874698765898
0.26234375		0.240332625276	0.8742746219
0.26265625		0.239865514489	0.873849379345
0.26296875		0.239397875474	0.873423032252
0.26328125		0.238929706792	0.872995574585
0.26359375		0.238461006504	0.87256700026
0.26390625		0.237991771736	0.872137303138
0.26421875		0.237521999521	0.871706477033
0.26453125		0.237051686994	0.871274515713
0.26484375		0.236580832188	0.870841412891
0.26515625		0.236109433793	0.870407162227
0.26546875		0.235637490355	0.869971757323
0.26578125		0.235165000134	0.869535191721
0.26609375		0.234691961136	0.869097458907
0.26640625		0.234218371611	0.868658552309
0.26671875		0.233744229861	0.868218465295
0.26703125		0.233269533572	0.867777191176
0.26734375		0.232794279857	0.867334723202
0.26765625		0.232318465665	0.866891054569
0.26796875		0.231842088215	0.866446178419
0.26828125		0.231365145718	0.86600008783
0.26859375		0.230887636738	0.865552775819
0.26890625		0.230409559609	0.865104235334
0.26921875		0.229930912175	0.86465445926
0.26953125		0.22945169227	0.864203440416
0.26984375		0.228971897869	0.863751171556
0.27015625		0.228491526676	0.863297645368
0.27046875		0.228010576058	0.862842854472
0.27078125		0.227529043269	0.862386791424
0.27109375		0.227046925378	0.861929448715
0.27140625		0.226564219781	0.861470818767
0.27171875		0.226080924386	0.861010893933
0.27203125		0.225597037358	0.860549666495
0.27234375		0.225112556756	0.86008712866
0.27265625		0.224627480324	0.859623272559
0.27296875		0.224141805818	0.85915809025
0.27328125		0.22365553077	0.858691573716
0.27359375		0.223168652357	0.858223714865
0.27390625		0.222681167733	0.85775450553
0.27421875		0.222193074102	0.857283937467
0.27453125		0.221704368749	0.856812002357
0.27484375		0.22121504908	0.856338691801
0.27515625		0.220725112652	0.855863997319
0.27546875		0.22023455724	0.85538791035
0.27578125		0.21974338054	0.854910422249
0.27609375		0.21925158014	0.854431524285
0.27640625		0.218759153614	0.853951207641
0.27671875		0.218266098171	0.853469463413
0.27703125		0.21777241071	0.852986282614
0.27734375		0.217278088168	0.852501656166
0.27765625		0.216783127551	0.852015574908
0.27796875		0.216287526043	0.851528029585
0.27828125		0.215791280962	0.851039010854
0.27859375		0.215294389762	0.850548509276
0.27890625		0.214796849837	0.850056515318
0.27921875		0.214298658422	0.84956301935
0.27953125		0.21379981283	0.849068011643
0.27984375		0.213300310352	0.848571482372
0.28015625		0.212800147972	0.848073421609
0.28046875		0.212299322438	0.847573819327
0.28078125		0.211797830481	0.8470726654
0.28109375		0.211295668786	0.846569949597
0.28140625		0.210792834238	0.846065661586
0.28171875		0.210289324035	0.845559790925
0.28203125		0.209785135462	0.845052327066
0.28234375		0.209280265562	0.844543259349
0.28265625		0.208774711253	0.844032577
0.28296875		0.208268469489	0.843520269133
0.28328125		0.207761537126	0.84300632475
0.28359375		0.207253910851	0.842490732734
0.28390625		0.206745587264	0.84197348185
0.28421875		0.206236562944	0.841454560749
0.28453125		0.20572683434	0.840933957959
0.28484375		0.205216397934	0.840411661885
0.28515625		0.204705250558	0.839887660812
0.28546875		0.204193389212	0.839361942894
0.28578125		0.203680810682	0.838834496157
0.28609375		0.203167511639	0.838305308494
0.28640625		0.202653488667	0.837774367668
0.28671875		0.202138738138	0.837241661305
0.28703125		0.201623256331	0.836707176899
0.28734375		0.201107039573	0.836170901804
0.28765625		0.200590084222	0.835632823237
0.28796875		0.200072386578	0.83509292827
0.28828125		0.199553942801	0.834551203835
0.28859375		0.199034749219	0.834007636714
0.28890625		0.198514802366	0.833462213543
0.28921875		0.197994098699	0.832914920804
0.28953125		0.197472634611	0.832365744825
0.28984375		0.196950406355	0.831814671776
0.29015625		0.196427409883	0.831261687671
0.29046875		0.195903641014	0.830706778363
0.29078125		0.195379095645	0.830149929544
0.29109375		0.194853769793	0.82959112674
0.29140625		0.19432765949	0.829030355311
0.29171875		0.193800760657	0.828467600442
0.29203125		0.193273069189	0.827902847148
0.29234375		0.192744581043	0.827336080264
0.29265625		0.192215292185	0.826767284449
0.29296875		0.191685198581	0.826196444175
0.29328125		0.191154296114	0.825623543732
0.29359375		0.190622580391	0.825048567218
0.29390625		0.190090046826	0.824471498544
0.29421875		0.189556690822	0.823892321424
0.29453125		0.189022507884	0.823311019378
0.29484375		0.188487493558	0.822727575727
0.29515625		0.187951643386	0.822141973584
0.29546875		0.187414952917	0.821554195857
0.29578125		0.186877417667	0.820964225241
0.29609375		0.18633903305	0.820372044217
0.29640625		0.185799794421	0.819777635047
0.29671875		0.185259697056	0.819180979771
0.29703125		0.184718736117	0.818582060204
0.29734375		0.184176906658	0.817980857931
0.29765625		0.183634203645	0.817377354305
0.29796875		0.18309062201	0.816771530442
0.29828125		0.182546156688	0.816163367218
0.29859375		0.182000802646	0.815552845262
0.29890625		0.181454554927	0.814939944955
0.29921875		0.180907408571	0.81432464642
0.29953125		0.180359358503	0.813706929522
0.29984375		0.179810399449	0.813086773863
0.30015625		0.179260525954	0.812464158774
0.30046875		0.178709732516	0.811839063317
0.30078125		0.178158013642	0.811211466274
0.30109375		0.177605363808	0.810581346148
0.30140625		0.177051777436	0.80994868115
0.30171875		0.176497248848	0.809313449202
0.30203125		0.175941772321	0.808675627924
0.30234375		0.175385342163	0.808035194636
0.30265625		0.174827952703	0.807392126345
0.30296875		0.174269598228	0.806746399742
0.30328125		0.173710272876	0.806097991197
0.30359375		0.17314997054	0.805446876752
0.30390625		0.172588684956	0.804793032117
0.30421875		0.172026409842	0.804136432662
0.30453125		0.171463138964	0.803477053412
0.30484375		0.170898866073	0.802814869039
0.30515625		0.17033358483	0.802149853855
0.30546875		0.169767288819	0.801481981806
0.30578125		0.169199971548	0.800811226464
0.30609375		0.168631626454	0.800137561018
0.30640625		0.168062246917	0.799460958271
0.30671875		0.167491826263	0.798781390628
0.30703125		0.166920357691	0.79809883009
0.30734375		0.166347834218	0.797413248246
0.30765625		0.165774248706	0.796724616265
0.30796875		0.165199593963	0.796032904889
0.30828125		0.164623862798	0.795338084422
0.30859375		0.164047047988	0.794640124723
0.30890625		0.163469142275	0.793938995193
0.30921875		0.16289013832	0.793234664769
0.30953125		0.162310028642	0.792527101914
0.30984375		0.161728805587	0.791816274605
0.31015625		0.161146461385	0.791102150327
0.31046875		0.160562988212	0.790384696057
0.31078125		0.159978378159	0.789663878259
0.31109375		0.159392623181	0.78893966287
0.31140625		0.158805715093	0.78821201529
0.31171875		0.158217645599	0.787480900369
0.31203125		0.157628406316	0.786746282398
0.31234375		0.157037988822	0.786008125093
0.31265625		0.156446384649	0.785266391585
0.31296875		0.155853585231	0.784521044405
0.31328125		0.155259581847	0.783772045474
0.31359375		0.154664365547	0.783019356083
0.31390625		0.154067927192	0.782262936887
0.31421875		0.153470257554	0.781502747888
0.31453125		0.152871347355	0.780738748417
0.31484375		0.152271187227	0.779970897124
0.31515625		0.15166976765	0.779199151956
0.31546875		0.151067078932	0.778423470148
0.31578125		0.150463111236	0.777643808201
0.31609375		0.149857854616	0.776860121866
0.31640625		0.149251299033	0.776072366128
0.31671875		0.148643434347	0.775280495186
0.31703125		0.14803425027	0.774484462436
0.31734375		0.147423736252	0.77368422045
0.31765625		0.146811881484	0.772879720958
0.31796875		0.146198675032	0.772070914827
0.31828125		0.145584105897	0.77125775204
0.31859375		0.144968162962	0.770440181676
0.31890625		0.144350834958	0.769618151885
0.31921875		0.143732110431	0.768791609864
0.31953125		0.14311197771	0.767960501837
0.31984375		0.142490424923	0.767124773027
0.32015625		0.141867440031	0.766284367634
0.32046875		0.141243010853	0.765439228805
0.32078125		0.140617125049	0.76458929861
0.32109375		0.139989770037	0.763734518014
0.32140625		0.13936093295	0.762874826846
0.32171875		0.1387306007	0.762010163772
0.32203125		0.138098760048	0.761140466263
0.32234375		0.137465397602	0.760265670566
0.32265625		0.136830499802	0.759385711664
0.32296875		0.136194052863	0.758500523251
0.32328125		0.135556042726	0.757610037689
0.32359375		0.13491645504	0.756714185976
0.32390625		0.134275275207	0.755812897709
0.32421875		0.133632488417	0.754906101044
0.32453125		0.132988079639	0.753993722654
0.32484375		0.132342033591	0.753075687691
0.32515625		0.131694334712	0.75215191974
0.32546875		0.131044967143	0.751222340776
0.32578125		0.130393914725	0.750286871118
0.32609375		0.129741161044	0.749345429377
0.32640625		0.129086689455	0.748397932413
0.32671875		0.128430483059	0.747444295277
0.32703125		0.127772524628	0.74648443116
0.32734375		0.12711279656	0.74551825134
0.32765625		0.126451280879	0.744545665117
0.32796875		0.12578795929	0.743566579764
0.32828125		0.125122813199	0.742580900455
0.32859375		0.124455823702	0.741588530207
0.32890625		0.123786971555	0.740589369808
0.32921875		0.123116237129	0.73958331775
0.32953125		0.122443600379	0.738570270158
0.32984375		0.12176904086	0.737550120708
0.33015625		0.121092537749	0.736522760558
0.33046875		0.120414069866	0.735488078258
0.33078125		0.119733615637	0.734445959669
0.33109375		0.119051153027	0.733396287874
0.33140625		0.118366659506	0.732338943082
0.33171875		0.117680112053	0.731273802539
0.33203125		0.116991487185	0.730200740422
0.33234375		0.11630076097	0.729119627736
0.33265625		0.115607909041	0.728030332204
0.33296875		0.114912906531	0.726932718156
0.33328125		0.114215727996	0.725826646406
0.33359375		0.113516347398	0.724711974127
0.33390625		0.112814738136	0.723588554727
0.33421875		0.112110873054	0.722456237708
0.33453125		0.111404724438	0.721314868526
0.33484375		0.110696263973	0.720164288442
0.33515625		0.109985462686	0.719004334364
0.33546875		0.109272290905	0.717834838688
0.33578125		0.108556718257	0.716655629125
0.33609375		0.10783871367	0.715466528523
0.33640625		0.107118245389	0.714267354679
0.33671875		0.106395280962	0.713057920142
0.33703125		0.105669787172	0.711838032005
0.33734375		0.104941729952	0.710607491689
0.33765625		0.104211074358	0.709366094717
0.33796875		0.103477784581	0.70811363047
0.33828125		0.102741823947	0.706849881938
0.33859375		0.102003154905	0.705574625456
0.33890625		0.101261738976	0.704287630419
0.33921875		0.100517536675	0.702988658994
0.33953125		0.0997705074416	0.701677465804
0.33984375		0.0990206096244	0.700353797605
0.34015625		0.0982678004769	0.69901739294
0.34046875		0.0975120361509	0.697667981773
0.34078125		0.0967532716527	0.696305285103
0.34109375		0.095991460747	0.694929014558
0.34140625		0.0952265558661	0.693538871964
0.34171875		0.0944585080624	0.692134548886
0.34203125		0.093687266986	0.690715726149
0.34234375		0.0929127808613	0.689282073322
0.34265625		0.0921349964421	0.687833248176
0.34296875		0.091353858929	0.686368896105
0.34328125		0.0905693118645	0.684888649511
0.34359375		0.0897812970379	0.683392127157
0.34390625		0.0889897544163	0.681878933466
0.34421875		0.0881946221002	0.680348657788
0.34453125		0.0873958362769	0.678800873608
0.34484375		0.0865933311288	0.677235137706
0.34515625		0.0857870387015	0.675650989259
0.34546875		0.0849768887685	0.674047948883
0.34578125		0.0841628087141	0.672425517603
0.34609375		0.0833447234433	0.670783175759
0.34640625		0.082522555307	0.669120381825
0.34671875		0.0816962239916	0.667436571146
0.34703125		0.0808656463554	0.665731154581
0.34734375		0.0800307362472	0.664003517042
0.34765625		0.0791914043338	0.662253015927
0.34796875		0.0783475579383	0.660478979422
0.34828125		0.0774991008828	0.658680704683
0.34859375		0.0766459333276	0.656857455857
0.34890625		0.0757879515723	0.655008461954
0.34921875		0.0749250478125	0.653132914533
0.34953125		0.0740571098701	0.651229965202
0.34984375		0.0731840209227	0.649298722895
0.35015625		0.0723056592425	0.64733825092
0.35046875		0.071421897933	0.645347563736
0.35078125		0.0705326046308	0.643325623442
0.35109375		0.0696376411494	0.641271335941
0.35140625		0.0687368630709	0.639183546745
0.35171875		0.0678301193114	0.637061036369
0.35203125		0.0669172516767	0.634902515286
0.35234375		0.0659980944049	0.632706618369
0.35265625		0.0650724736627	0.630471898766
0.35296875		0.0641402069727	0.628196821139
0.35328125		0.0632011025674	0.625879754178
0.35359375		0.0622549586746	0.623518962304
0.35390625		0.0613015627434	0.621112596438
0.35421875		0.0603406906109	0.618658683729
0.35453125		0.0593721055961	0.616155116067
0.35484375		0.0583955574951	0.613599637225
0.35515625		0.0574107814472	0.610989828425
0.35546875		0.0564174966545	0.608323092074
0.35578125		0.0554154049531	0.605596633401
0.35609375		0.0544041892329	0.602807439651
0.35640625		0.0533835116849	0.599952256428
0.35671875		0.0523530118358	0.597027560707
0.35703125		0.0513123043207	0.594029529938
0.35734375		0.0502609763415	0.590954006519
0.35765625		0.0491985847659	0.587796456796
0.35796875		0.0481246528258	0.58455192353
0.35828125		0.0470386663503	0.581214970523
0.35859375		0.0459400694421	0.577779617786
0.35890625		0.0448282594737	0.574239265252
0.35921875		0.0437025812625	0.570586602463
0.35953125		0.0425623202533	0.566813501033
0.35984375		0.0414066945059	0.562910885745
0.36015625		0.0402348452274	0.558868578929
0.36046875		0.0390458254984	0.554675111122
0.36078125		0.0378385867478	0.550317488749
0.36109375		0.0366119624141	0.545780906595
0.36140625		0.035364648018	0.541048388364
0.36171875		0.0340951765731	0.536100332289
0.36203125		0.0328018879238	0.530913929645
0.36234375		0.0314828900967	0.525462410731
0.36265625		0.0301360099869	0.51971405264
0.36296875		0.0287587295659	0.51363085193
0.36328125		0.0273481017894	0.507166714592
0.36359375		0.0259006375439	0.500264933373
0.36390625		0.0244121509636	0.492854586225
0.36421875		0.0228775414571	0.484845240443
0.36453125		0.0212904750352	0.476118882172
0.36484375		0.0196429008144	0.46651709258
0.36515625		0.0179242849515	0.455819613746
0.36546875		0.0161203416775	0.443706267716
0.36578125		0.01421082558	0.429683907503
0.36609375		0.012165195479	0.4129290346
0.36640625		0.00993221369298	0.391882780257
0.36671875		0.00741448632192	0.362965266106
0.36703125		0.00448015302651	0.317366954028
0.36734375		0.00163148952248	0.239910223442
0.36765625		8.61799654591e-06	0.0568607049776
0.36796875		4.35603991129e-09	0.0100713385502
0.36828125		4.11315913013e-09	0.0100000019442
0.36859375		4.11315252391e-09	0.01
0.36890625		4.11315252376e-09	0.01
0.36921875		4.11315252376e-09	0.01
0.36953125		4.11315252376e-09	0.01
0.36984375		4.11315252376e-09	0.01
0.37015625		4.11315252376e-09	0.01
0.37046875		4.11315252376e-09	0.01
0.37078125		4.11315252376e-09	0.01
0.37109375		4.11315252376e-09	0.01
0.37140625		4.11315252376e-09	0.01
0.37171875		4.11315252376e-09	0.01
0.37203125		4.11315252376e-09	0.01
0.37234375		4.11315252376e-09	0.01
0.37265625		4.11315252376e-09	0.01
0.37296875		4.11315252376e-09	0.01
0.37328125		4.11315252376e-09	0.01
0.37359375		4.11315252376e-09	0.01
0.37390625		4.11315252376e-09	0.01
0.37421875		4.11315252376e-09	0.01
0.37453125		4.11315252376e-09	0.01
0.37484375		4.11315252376e-09	0.01
0.37515625		4.11315252376e-09	0.01
0.37546875		4.11315252376e-09	0.01
0.37578125		4.11315252376e-09	0.01
0.37609375		4.11315252376e-09	0.01
0.37640625		4.11315252376e-09	0.01
0.37671875		4.11315252376e-09	0.01
0.37703125		4.11315252376e-09	0.01
0.37734375		4.11315252376e-09	0.01
0.37765625		4.11315252376e-09	0.01
0.37796875		4.11315252376e-09	0.01
0.37828125		4.11315252376e-09	0.01
0.37859375		4.11315252376e-09	0.01
0.37890625		4.11315252376e-09	0.01
0.37921875		4.11315252376e-09	0.01
0.37953125		4.11315252376e-09	0.01
0.37984375		4.11315252376e-09	0.01
0.38015625		4.11315252376e-09	0.01
0.38046875		4.11315252376e-09	0.01
0.38078125		4.11315252376e-09	0.01
0.38109375		4.11315252376e-09	0.01
0.38140625		4.11315252376e-09	0.01
0.38171875		4.11315252376e-09	0.01
0.38203125		4.11315252376e-09	0.01
0.38234375		4.11315252376e-09	0.01
0.38265625		4.11315252376e-09	0.01
0.38296875		4.11315252376e-09	0.01
0.38328125		4.11315252376e-09	0.01
0.38359375		4.11315252376e-09	0.01
0.38390625		4.11315252376e-09	0.01
0.38421875		4.11315252376e-09	0.01
0.38453125		4.11315252376e-09	0.01
0.38484375		4.11315252376e-09	0.01
0.38515625		4.11315252376e-09	0.01
0.38546875		4.11315252376e-09	0.01
0.38578125		4.11315252376e-09	0.01
0.38609375		4.11315252376e-09	0.01
0.38640625		4.11315252376e-09	0.01
0.38671875		4.11315252376e-09	0.01
0.38703125		4.11315252376e-09	0.01
0.38734375		4.11315252376e-09	0.01
0.38765625		4.11315252376e-09	0.01
0.38796875		4.11315252376e-09	0.01
0.38828125		4.11315252376e-09	0.01
0.38859375		4.11315252376e-09	0.01
0.38890625		4.11315252376e-09	0.01
0.38921875		4.11315252376e-09	0.01
0.38953125		4.11315252376e-09	0.01
0.38984375		4.11315252376e-09	0.01
0.39015625		4.11315252376e-09	0.01
0.39046875		4.11315252376e-09	0.01
0.39078125		4.11315252376e-09	0.01
0.39109375		4.11315252376e-09	0.01
0.39140625		4.11315252376e-09	0.01
0.39171875		4.11315252376e-09	0.01
0.39203125		4.11315252376e-09	0.01
0.39234375		4.11315252376e-09	0.01
0.39265625		4.11315252376e-09	0.01
0.39296875		4.11315252376e-09	0.01
0.39328125		4.11315252376e-09	0.01
0.39359375		4.11315252376e-09	0.01
0.39390625		4.11315252376e-09	0.01
0.39421875		4.11315252376e-09	0.01
0.39453125		4.11315252376e-09	0.01
0.39484375		4.11315252376e-09	0.01
0.39515625		4.11315252376e-09	0.01
0.39546875		4.11315252376e-09	0.01
0.39578125		4.11315252376e-09	0.01
0.39609375		4.11315252376e-09	0.01
0.39640625		4.11315252376e-09	0.01
0.39671875		4.11315252376e-09	0.01
0.39703125		4.11315252376e-09	0.01
0.39734375		4.11315252376e-09	0.01
0.39765625		4.11315252376e-09	0.01
0.39796875		4.11315252376e-09	0.01
0.39828125		4.11315252376e-09	0.01
0.39859375		4.11315252376e-09	0.01
0.39890625		4.11315252376e-09	0.01
0.39921875		4.11315252376e-09	0.01
0.39953125		4.11315252376e-09	0.01
0.39984375		4.11315252376e-09	0.01
0.40015625		4.11315252376e-09	0.01
0.40046875		4.11315252376e-09	0.01
0.40078125		4.11315252376e-09	0.01
0.40109375		4.11315252376e-09	0.01
0.40140625		4.11315252376e-09	0.01
0.40171875		4.11315252376e-09	0.01
0.40203125		4.11315252376e-09	0.01
0.40234375		4.11315252376e-09	0.01
0.40265625		4.11315252376e-09	0.01
0.40296875		4.11315252376e-09	0.01
0.40328125		4.11315252376e-09	0.01
0.40359375		4.11315252376e-09	0.01
0.40390625		4.11315252376e-09	0.01
0.40421875		4.11315252376e-09	0.01
0.40453125		4.11315252376e-09	0.01
0.40484375		4.11315252376e-09	0.01
0.40515625		4.11315252376e-09	0.01
0.40546875		4.11315252376e-09	0.01
0.40578125		4.11315252376e-09	0.01
0.40609375		4.11315252376e-09	0.01
0.40640625		4.11315252376e-09	0.01
0.40671875		4.11315252376e-09	0.01
0.40703125		4.11315252376e-09	0.01
0.40734375		4.11315252376e-09	0.01
0.40765625		4.11315252376e-09	0.01
0.40796875		4.11315252376e-09	0.01
0.40828125		4.11315252376e-09	0.01
0.40859375		4.11315252376e-09	0.01
0.40890625		4.11315252376e-09	0.01
0.40921875		4.11315252376e-09	0.01
0.40953125		4.11315252376e-09	0.01
0.40984375		4.11315252376e-09	0.01
0.41015625		4.11315252376e-09	0.01
0.41046875		4.11315252376e-09	0.01
0.41078125		4.11315252376e-09	0.01
0.41109375		4.11315252376e-09	0.01
0.41140625		4.11315252376e-09	0.01
0.41171875		4.11315252376e-09	0.01
0.41203125		4.11315252376e-09	0.01
0.41234375		4.11315252376e-09	0.01
0.41265625		4.11315252376e-09	0.01
0.41296875		4.11315252376e-09	0.01
0.41328125		4.11315252376e-09	0.01
0.41359375		4.11315252376e-09	0.01
0.41390625		4.11315252376e-09	0.01
0.41421875		4.11315252376e-09	0.01
0.41453125		4.11315252376e-09	0.01
0.41484375		4.11315252376e-09	0.01
0.41515625		4.11315252376e-09	0.01
0.41546875		4.11315252376e-09	0.01
0.41578125		4.11315252376e-09	0.01
0.41609375		4.11315252376e-09	0.01
0.41640625		4.11315252376e-09	0.01
0.41671875		4.11315252376e-09	0.01
0.41703125		4.11315252376e-09	0.01
0.41734375		4.11315252376e-09	0.01
0.41765625		4.11315252376e-09	0.01
0.41796875		4.11315252376e-09	0.01
0.41828125		4.11315252376e-09	0.01
0.41859375		4.11315252376e-09	0.01
0.41890625		4.11315252376e-09	0.01
0.41921875		4.11315252376e-09	0.01
0.41953125		4.11315252376e-09	0.01
0.41984375		4.11315252376e-09	0.01
0.42015625		4.11315252376e-09	0.01
0.42046875		4.11315252376e-09	0.01
0.42078125		4.11315252376e-09	0.01
0.42109375		4.11315252376e-09	0.01
0.42140625		4.11315252376e-09	0.01
0.42171875		4.11315252376e-09	0.01
0.42203125		4.11315252376e-09	0.01
0.42234375		4.11315252376e-09	0.01
0.42265625		4.11315252376e-09	0.01
0.42296875		4.11315252376e-09	0.01
0.42328125		4.11315252376e-09	0.01
0.42359375		4.11315252376e-09	0.01
0.42390625		4.11315252376e-09	0.01
0.42421875		4.11315252376e-09	0.01
0.42453125		4.11315252376e-09	0.01
0.42484375		4.11315252376e-09	0.01
0.42515625		4.11315252376e-09	0.01
0.42546875		4.11315252376e-09	0.01
0.42578125		4.11315252376e-09	0.01
0.42609375		4.11315252376e-09	0.01
0.42640625		4.11315252376e-09	0.01
0.42671875		4.11315252376e-09	0.01
0.42703125		4.11315252376e-09	0.01
0.42734375		4.11315252376e-09	0.01
0.42765625		4.11315252376e-09	0.01
0.42796875		4.11315252376e-09	0.01
0.42828125		4.11315252376e-09	0.01
0.42859375		4.11315252376e-09	0.01
0.42890625		4.11315252376e-09	0.01
0.42921875		4.11315252376e-09	0.01
0.42953125		4.11315252376e-09	0.01
0.42984375		4.11315252376e-09	0.01
0.43015625		4.11315252376e-09	0.01
0.43046875		4.11315252376e-09	0.01
0.43078125		4.11315252376e-09	0.01
0.43109375		4.11315252376e-09	0.01
0.43140625		4.11315252376e-09	0.01
0.43171875		4.11315252376e-09	0.01
0.43203125		4.11315252376e-09	0.01
0.43234375		4.11315252376e-09	0.01
0.43265625		4.11315252376e-09	0.01
0.43296875		4.11315252376e-09	0.01
0.43328125		4.11315252376e-09	0.01
0.43359375		4.11315252376e-09	0.01
0.43390625		4.11315252376e-09	0.01
0.43421875		4.11315252376e-09	0.01
0.43453125		4.11315252376e-09	0.01
0.43484375		4.11315252376e-09	0.01
0.43515625		4.11315252376e-09	0.01
0.43546875		4.11315252376e-09	0.01
0.43578125		4.11315252376e-09	0.01
0.43609375		4.11315252376e-09	0.01
0.43640625		4.11315252376e-09	0.01
0.43671875		4.11315252376e-09	0.01
0.43703125		4.11315252376e-09	0.01
0.43734375		4.11315252376e-09	0.01
0.43765625		4.11315252376e-09	0.01
0.43796875		4.11315252376e-09	0.01
0.43828125		4.11315252376e-09	0.01
0.43859375		4.11315252376e-09	0.01
0.43890625		4.11315252376e-09	0.01
0.43921875		4.11315252376e-09	0.01
0.43953125		4.11315252376e-09	0.01
0.43984375		4.11315252376e-09	0.01
0.44015625		4.11315252376e-09	0.01
0.44046875		4.11315252376e-09	0.01
0.44078125		4.11315252376e-09	0.01
0.44109375		4.11315252376e-09	0.01
0.44140625		4.11315252376e-09	0.01
0.44171875		4.11315252376e-09	0.01
0.44203125		4.11315252376e-09	0.01
0.44234375		4.11315252376e-09	0.01
0.44265625		4.11315252376e-09	0.01
0.44296875		4.11315252376e-09	0.01
0.44328125		4.11315252376e-09	0.01
0.44359375		4.11315252376e-09	0.01
0.44390625		4.11315252376e-09	0.01
0.44421875		4.11315252376e-09	0.01
0.44453125		4.11315252376e-09	0.01
0.44484375		4.11315252376e-09	0.01
0.44515625		4.11315252376e-09	0.01
0.44546875		4.11315252376e-09	0.01
0.44578125		4.11315252376e-09	0.01
0.44609375		4.11315252376e-09	0.01
0.44640625		4.11315252376e-09	0.01
0.44671875		4.11315252376e-09	0.01
0.44703125		4.11315252376e-09	0.01
0.44734375		4.11315252376e-09	0.01
0.44765625		4.11315252376e-09	0.01
0.44796875		4.11315252376e-09	0.01
0.44828125		4.11315252376e-09	0.01
0.44859375		4.11315252376e-09	0.01
0.44890625		4.11315252376e-09	0.01
0.44921875		4.11315252376e-09	0.01
0.44953125		4.11315252376e-09	0.01
0.44984375		4.11315252376e-09	0.01
0.45015625		4.11315252376e-09	0.01
0.45046875		4.11315252376e-09	0.01
0.45078125		4.11315252376e-09	0.01
0.45109375		4.11315252376e-09	0.01
0.45140625		4.11315252376e-09	0.01
0.45171875		4.11315252376e-09	0.01
0.45203125		4.11315252376e-09	0.01
0.45234375		4.11315252376e-09	0.01
0.45265625		4.11315252376e-09	0.01
0.45296875		4.11315252376e-09	0.01
0.45328125		4.11315252376e-09	0.01
0.45359375		4.11315252376e-09	0.01
0.45390625		4.11315252376e-09	0.01
0.45421875		4.11315252376e-09	0.01
0.45453125		4.11315252376e-09	0.01
0.45484375		4.11315252376e-09	0.01
0.45515625		4.11315252376e-09	0.01
0.45546875		4.11315252376e-09	0.01
0.45578125		4.11315252376e-09	0.01
0.45609375		4.11315252376e-09	0.01
0.45640625		4.11315252376e-09	0.01
0.45671875		4.11315252376e-09	0.01
0.45703125		4.11315252376e-09	0.01
0.45734375		4.11315252376e-09	0.01
0.45765625		4.11315252376e-09	0.01
0.45796875		4.11315252376e-09	0.01
0.45828125		4.11315252376e-09	0.01
0.45859375		4.11315252376e-09	0.01
0.45890625		4.11315252376e-09	0.01
0.45921875		4.11315252376e-09	0.01
0.45953125		4.11315252376e-09	0.01
0.45984375		4.11315252376e-09	0.01
0.46015625		4.11315252376e-09	0.01
0.46046875		4.11315252376e-09	0.01
0.46078125		4.11315252376e-09	0.01
0.46109375		4.11315252376e-09	0.01
0.46140625		4.11315252376e-09	0.01
0.46171875		4.11315252376e-09	0.01
0.46203125		4.11315252376e-09	0.01
0.46234375		4.11315252376e-09	0.01
0.46265625		4.11315252376e-09	0.01
0.46296875		4.11315252376e-09	0.01
0.46328125		4.11315252376e-09	0.01
0.46359375		4.11315252376e-09	0.01
0.46390625		4.11315252376e-09	0.01
0.46421875		4.11315252376e-09	0.01
0.46453125		4.11315252376e-09	0.01
0.46484375		4.11315252376e-09	0.01
0.46515625		4.11315252376e-09	0.01
0.46546875		4.11315252376e-09	0.01
0.46578125		4.11315252376e-09	0.01
0.46609375		4.11315252376e-09	0.01
0.46640625		4.11315252376e-09	0.01
0.46671875		4.11315252376e-09	0.01
0.46703125		4.11315252376e-09	0.01
0.46734375		4.11315252376e-09	0.01
0.46765625		4.11315252376e-09	0.01
0.46796875		4.11315252376e-09	0.01
0.46828125		4.11315252376e-09	0.01
0.46859375		4.11315252376e-09	0.01
0.46890625		4.11315252376e-09	0.01
0.46921875		4.11315252376e-09	0.01
0.46953125		4.11315252376e-09	0.01
0.46984375		4.11315252376e-09	0.01
0.47015625		4.11315252376e-09	0.01
0.47046875		4.11315252376e-09	0.01
0.47078125		4.11315252376e-09	0.01
0.47109375		4.11315252376e-09	0.01
0.47140625		4.11315252376e-09	0.01
0.47171875		4.11315252376e-09	0.01
0.47203125		4.11315252376e-09	0.01
0.47234375		4.11315252376e-09	0.01
0.47265625		4.11315252376e-09	0.01
0.47296875		4.11315252376e-09	0.01
0.47328125		4.11315252376e-09	0.01
0.47359375		4.11315252376e-09	0.01
0.47390625		4.11315252376e-09	0.01
0.47421875		4.11315252376e-09	0.01
0.47453125		4.11315252376e-09	0.01
0.47484375		4.11315252376e-09	0.01
0.47515625		4.11315252376e-09	0.01
0.47546875		4.11315252376e-09	0.01
0.47578125		4.11315252376e-09	0.01
0.47609375		4.11315252376e-09	0.01
0.47640625		4.11315252376e-09	0.01
0.47671875		4.11315252376e-09	0.01
0.47703125		4.11315252376e-09	0.01
0.47734375		4.11315252376e-09	0.01
0.47765625		4.11315252376e-09	0.01
0.47796875		4.11315252376e-09	0.01
0.47828125		4.11315252376e-09	0.01
0.47859375		4.11315252376e-09	0.01
0.47890625		4.11315252376e-09	0.01
0.47921875		4.11315252376e-09	0.01
0.47953125		4.11315252376e-09	0.01
0.47984375		4.11315252376e-09	0.01
0.48015625		4.11315252376e-09	0.01
0.48046875		4.11315252376e-09	0.01
0.48078125		4.11315252376e-09	0.01
0.48109375		4.11315252376e-09	0.01
0.48140625		4.11315252376e-09	0.01
0.48171875		4.11315252376e-09	0.01
0.48203125		4.11315252376e-09	0.01
0.48234375		4.11315252376e-09	0.01
0.48265625		4.11315252376e-09	0.01
0.48296875		4.11315252376e-09	0.01
0.48328125		4.11315252376e-09	0.01
0.48359375		4.11315252376e-09	0.01
0.48390625		4.11315252376e-09	0.01
0.48421875		4.11315252376e-09	0.01
0.48453125		4.11315252376e-09	0.01
0.48484375		4.11315252376e-09	0.01
0.48515625		4.11315252376e-09	0.01
0.48546875		4.11315252376e-09	0.01
0.48578125		4.11315252376e-09	0.01
0.48609375		4.11315252376e-09	0.01
0.48640625		4.11315252376e-09	0.01
0.48671875		4.11315252376e-09	0.01
0.48703125		4.11315252376e-09	0.01
0.48734375		4.11315252376e-09	0.01
0.48765625		4.11315252376e-09	0.01
0.48796875		4.11315252376e-09	0.01
0.48828125		4.11315252376e-09	0.01
0.48859375		4.11315252376e-09	0.01
0.48890625		4.11315252376e-09	0.01
0.48921875		4.11315252376e-09	0.01
0.48953125		4.11315252376e-09	0.01
0.48984375		4.11315252376e-09	0.01
0.49015625		4.11315252376e-09	0.01
0.49046875		4.11315252376e-09	0.01
0.49078125		4.11315252376e-09	0.01
0.49109375		4.11315252376e-09	0.01
0.49140625		4.11315252376e-09	0.01
0.49171875		4.11315252376e-09	0.01
0.49203125		4.11315252376e-09	0.01
0.49234375		4.11315252376e-09	0.01
0.49265625		4.11315252376e-09	0.01
0.49296875		4.11315252376e-09	0.01
0.49328125		4.11315252376e-09	0.01
0.49359375		4.11315252376e-09	0.01
0.49390625		4.11315252376e-09	0.01
0.49421875		4.11315252376e-09	0.01
0.49453125		4.11315252376e-09	0.01
0.49484375		4.11315252376e-09	0.01
0.49515625		4.11315252376e-09	0.01
0.49546875		4.11315252376e-09	0.01
0.49578125		4.11315252376e-09	0.01
0.49609375		4.11315252376e-09	0.01
0.49640625		4.11315252376e-09	0.01
0.49671875		4.11315252376e-09	0.01
0.49703125		4.11315252376e-09	0.01
0.49734375		4.11315252376e-09	0.01
0.49765625		4.11315252376e-09	0.01
0.49796875		4.11315252376e-09	0.01
0.49828125		4.11315252376e-09	0.01
0.49859375		4.11315252376e-09	0.01
0.49890625		4.11315252376e-09	0.01
0.49921875		4.11315252376e-09	0.01
0.49953125		4.11315252376e-09	0.01
0.49984375		4.11315252376e-09	0.01
