0.00015625		0.405581916402	0.996495682561
0.00046875		0.405437387334	0.996406764445
0.00078125		0.405236533446	0.996283468022
0.00109375		0.405046190153	0.996166563472
0.00140625		0.404888938793	0.9960699482
0.00171875		0.404747301863	0.995982840198
0.00203125		0.404611681733	0.995899344796
0.00234375		0.404477545537	0.995816702494
0.00265625		0.404343946805	0.995734334724
0.00296875		0.404210851438	0.9956523355
0.00328125		0.404078934064	0.995571070298
0.00359375		0.403948458428	0.99549068818
0.00390625		0.403819511931	0.995411218592
0.00421875		0.403691995927	0.995332643115
0.00453125		0.403565913107	0.995254925342
0.00484375		0.403441237377	0.995178023575
0.00515625		0.403317813526	0.995101894514
0.00546875		0.403195571706	0.995026496586
0.00578125		0.403074512363	0.994951788034
0.00609375		0.402954582818	0.994877728671
0.00640625		0.402835698425	0.994804279508
0.00671875		0.40271779687	0.994731407653
0.00703125		0.402600776488	0.994659079206
0.00734375		0.402484553214	0.994587258695
0.00765625		0.402369077185	0.994515915093
0.00796875		0.402254314604	0.994445022011
0.00828125		0.402140269593	0.99437455981
0.00859375		0.402026948128	0.994304503265
0.00890625		0.401914316002	0.99423482674
0.00921875		0.401802315635	0.994165511809
0.00953125		0.401690897184	0.994096539493
0.00984375		0.401579981531	0.994027887734
0.01015625		0.401469537415	0.993959538816
0.01046875		0.401359647832	0.993891472879
0.01078125		0.401250226681	0.993823670843
0.01109375		0.401141240969	0.993756113446
0.01140625		0.401032631283	0.993688793679
0.01171875		0.400924305643	0.993621701604
0.01203125		0.400816307991	0.993554828087
0.01234375		0.400708614963	0.993488155717
0.01265625		0.400601336092	0.993421671587
0.01296875		0.400494441997	0.993355368857
0.01328125		0.400387927524	0.993289237196
0.01359375		0.400281727351	0.993223267342
0.01390625		0.400175790403	0.99315744812
0.01421875		0.400070051506	0.993091767803
0.01453125		0.399964466185	0.993026222601
0.01484375		0.399859025933	0.992960813949
0.01515625		0.399753743136	0.99289554077
0.01546875		0.399648747082	0.992830385247
0.01578125		0.399544008326	0.992765326697
0.01609375		0.399439512742	0.992700365546
0.01640625		0.399335251145	0.992635509321
0.01671875		0.399231178738	0.992570757642
0.01703125		0.399127271342	0.992506103182
0.01734375		0.399023480571	0.992441522544
0.01765625		0.398919784602	0.992377007207
0.01796875		0.39881617879	0.992312562864
0.01828125		0.398712693906	0.992248192256
0.01859375		0.398609309821	0.99218389511
0.01890625		0.398506023417	0.992119665777
0.01921875		0.398402863215	0.992055490943
0.01953125		0.398299848779	0.991991369431
0.01984375		0.398197054691	0.99192730597
0.02015625		0.398094465395	0.991863299663
0.02046875		0.397992014102	0.99179934575
0.02078125		0.397889594186	0.991735436107
0.02109375		0.397787202409	0.991671566293
0.02140625		0.397684773041	0.991607735853
0.02171875		0.397582256121	0.99154394446
0.02203125		0.397479805587	0.991480193545
0.02234375		0.397377535142	0.991416480315
0.02265625		0.397275417345	0.991352798549
0.02296875		0.397173502928	0.991289144878
0.02328125		0.397071787687	0.991225518996
0.02359375		0.396970240739	0.991161923248
0.02390625		0.396868601918	0.991098356694
0.02421875		0.396766912601	0.991034813828
0.02453125		0.396665152388	0.990971290571
0.02484375		0.396563249353	0.990907786985
0.02515625		0.396461382006	0.990844305805
0.02546875		0.396359682797	0.990780846694
0.02578125		0.396258115486	0.990717405262
0.02609375		0.396156728385	0.990653978024
0.02640625		0.396055497437	0.990590564593
0.02671875		0.395954544751	0.990527167068
0.02703125		0.395853538216	0.990463786629
0.02734375		0.395752350853	0.990400420763
0.02765625		0.395651098087	0.990337065583
0.02796875		0.395549688713	0.990273719474
0.02828125		0.395448165891	0.990210383894
0.02859375		0.395346776441	0.990147060572
0.02890625		0.395245523579	0.990083747656
0.02921875		0.395144419441	0.990020441339
0.02953125		0.395043534319	0.98995713908
0.02984375		0.394942931757	0.989893841186
0.03015625		0.394842501992	0.989830549621
0.03046875		0.394741784719	0.989767264533
0.03078125		0.394640878337	0.989703983591
0.03109375		0.394539829722	0.98964070461
0.03140625		0.394438532706	0.989577427805
0.03171875		0.394337204374	0.989514154966
0.03203125		0.394236086609	0.989450885977
0.03234375		0.394135159806	0.989387618603
0.03265625		0.394034523322	0.989324350719
0.03296875		0.393934139448	0.989261081905
0.03328125		0.39383415225	0.989197812569
0.03359375		0.393733863789	0.989134542561
0.03390625		0.393633186135	0.989071271081
0.03421875		0.39353235431	0.989007997474
0.03453125		0.393431230933	0.988944722012
0.03484375		0.393329927947	0.988881445602
0.03515625		0.393228873781	0.988818167629
0.03546875		0.393128048292	0.988754886045
0.03578125		0.393027540733	0.988691599055
0.03609375		0.392927275517	0.988628306669
0.03640625		0.392827538644	0.98856501035
0.03671875		0.392727624869	0.988501710061
0.03703125		0.39262712414	0.988438403897
0.03734375		0.392526412266	0.988375089739
0.03765625		0.392425412177	0.988311767692
0.03796875		0.392324182996	0.988248440689
0.03828125		0.392223183307	0.988185110409
0.03859375		0.392122422255	0.988121774335
0.03890625		0.392021902947	0.98805842866
0.03921875		0.391921663241	0.987995072217
0.03953125		0.391821907475	0.98793170766
0.03984375		0.391722297468	0.987868337041
0.04015625		0.391622017943	0.987804958856
0.04046875		0.391521389887	0.987741569616
0.04078125		0.3914204828	0.987678167908
0.04109375		0.391319327891	0.987614756884
0.04140625		0.391218373751	0.987551340022
0.04171875		0.391117628455	0.98748791602
0.04203125		0.391017069879	0.987424480448
0.04234375		0.390916816425	0.987361030622
0.04265625		0.390816822953	0.987297568541
0.04296875		0.390717339972	0.987234097617
0.04328125		0.390617339591	0.98717061762
0.04359375		0.390516801134	0.987107125087
0.04390625		0.390415981415	0.987043617288
0.04421875		0.39031488212	0.986980096146
0.04453125		0.390213932892	0.986916566007
0.04484375		0.390113177624	0.986853027446
0.04515625		0.390012588958	0.986789476472
0.04546875		0.389912234514	0.986725909204
0.04578125		0.389812075623	0.986662326219
0.04609375		0.389712440847	0.986598731488
0.04640625		0.389612660861	0.986535126296
0.04671875		0.389512229888	0.986471507796
0.04703125		0.389411498861	0.986407872373
0.04734375		0.389310465	0.986344220324
0.04765625		0.389209475806	0.986280556044
0.04796875		0.389108702774	0.986216881896
0.04828125		0.389008077452	0.98615319503
0.04859375		0.388907590588	0.986089490886
0.04890625		0.388807338943	0.986025768329
0.04921875		0.388707375704	0.985962030963
0.04953125		0.3886076638	0.985898281704
0.04984375		0.38850737565	0.985834518806
0.05015625		0.388406724544	0.985770738254
0.05046875		0.388305756673	0.985706938561
0.05078125		0.388204718321	0.985643123392
0.05109375		0.388103911424	0.985579296621
0.05140625		0.388003219438	0.985515456973
0.05171875		0.387902639633	0.985451599696
0.05203125		0.38780225312	0.985387722191
0.05234375		0.387702004786	0.98532382699
0.05265625		0.387602156022	0.985259918323
0.05296875		0.38750199467	0.985195995732
0.05328125		0.387401397549	0.985132055117
0.05359375		0.387300519158	0.985068093721
0.05390625		0.387199433167	0.985004114026
0.05421875		0.387098546197	0.984940120834
0.05453125		0.386997784363	0.984876114454
0.05484375		0.38689713148	0.984812090346
0.05515625		0.38679656884	0.984748044811
0.05546875		0.386696156861	0.984683979303
0.05578125		0.386596007898	0.98461989854
0.05609375		0.386495883717	0.984555803605
0.05640625		0.386395337251	0.98449169052
0.05671875		0.386294518516	0.984427555587
0.05703125		0.386193439405	0.984363400025
0.05734375		0.386092427431	0.984299228903
0.05765625		0.385991592006	0.984235044178
0.05796875		0.385890832875	0.984170841966
0.05828125		0.385790131926	0.98410661771
0.05859375		0.385689588802	0.984042371524
0.05890625		0.385589127899	0.983978108001
0.05921875		0.385488905089	0.983913829894
0.05953125		0.385388391611	0.98384953409
0.05984375		0.385287610003	0.983785215964
0.06015625		0.385186553428	0.983720875198
0.06046875		0.385085426303	0.983656516518
0.06078125		0.384984478475	0.983592143479
0.06109375		0.384883597505	0.983527753594
0.06140625		0.38478279746	0.983463341649
0.06171875		0.384682065615	0.983398906186
0.06203125		0.384581421775	0.983334451159
0.06234375		0.384480978396	0.98326998063
0.06265625		0.384380450846	0.983205493048
0.06296875		0.384279658782	0.983140983378
0.06328125		0.384178635952	0.983076449557
0.06359375		0.384077424304	0.983011895388
0.06390625		0.383976321472	0.982947325536
0.06421875		0.383875332623	0.982882739443
0.06453125		0.383774400601	0.982818132019
0.06484375		0.383673503655	0.982753500006
0.06515625		0.383572722848	0.982688846154
0.06546875		0.383472022409	0.98262417521
0.06578125		0.383371409655	0.98255948775
0.06609375		0.383270583489	0.982494779185
0.06640625		0.383169560183	0.982430045716
0.06671875		0.383068305262	0.982365289459
0.06703125		0.382967043841	0.982300515529
0.06734375		0.382865924107	0.982235725578
0.06765625		0.38276484488	0.982170915548
0.06796875		0.382663821583	0.9821060808
0.06828125		0.382562867953	0.98204122211
0.06859375		0.38246196682	0.981976344118
0.06890625		0.382361192145	0.981911449469
0.06921875		0.382260305627	0.981846535111
0.06953125		0.382159247352	0.981781596126
0.06984375		0.382057968391	0.981716632338
0.07015625		0.3819565663	0.981651648341
0.07046875		0.381855283054	0.981586647699
0.07078125		0.381754070387	0.981521628458
0.07109375		0.381652908185	0.981456585302
0.07140625		0.381551773995	0.981391516659
0.07171875		0.38145072025	0.981326426188
0.07203125		0.381349735778	0.981261318027
0.07234375		0.381248752751	0.981196191448
0.07265625		0.381147625888	0.981131041382
0.07296875		0.381046320609	0.981065865346
0.07328125		0.380944817943	0.981000666441
0.07359375		0.380843356805	0.980935449433
0.07390625		0.380742003224	0.980870214734
0.07421875		0.380640680806	0.980804957591
0.07453125		0.380539396021	0.980739674399
0.07484375		0.380438178371	0.980674367011
0.07515625		0.380336991924	0.980609040156
0.07546875		0.38023586547	0.980543695488
0.07578125		0.380134650527	0.980478328904
0.07609375		0.380033291982	0.98041293616
0.07640625		0.379931718295	0.980347518313
0.07671875		0.379830090833	0.980282080263
0.07703125		0.379728572089	0.980216624739
0.07734375		0.379627095861	0.980151148356
0.07765625		0.3795256643	0.980085646219
0.07796875		0.379424261561	0.980020118096
0.07828125		0.379322910215	0.979954568333
0.07859375		0.379221606271	0.979889000573
0.07890625		0.379120271076	0.979823412425
0.07921875		0.379018834922	0.979757798713
0.07953125		0.378917201845	0.979692158293
0.07984375		0.378815430243	0.979626495328
0.08015625		0.378713735225	0.97956081435
0.08046875		0.378612109536	0.979495113961
0.08078125		0.37851050961	0.979429388768
0.08109375		0.378408941031	0.979363636395
0.08140625		0.378307420754	0.979297860081
0.08171875		0.378205930327	0.979232064833
0.08203125		0.378104453327	0.979166250573
0.08234375		0.37800291225	0.979100412029
0.08265625		0.377901213737	0.979034545841
0.08296875		0.37779932973	0.978968654619
0.08328125		0.377697455472	0.978902743992
0.08359375		0.377595664749	0.978836815181
0.08390625		0.377493904042	0.978770863196
0.08421875		0.377392171489	0.978704883595
0.08453125		0.377290468033	0.978638877688
0.08484375		0.377188808684	0.97857285107
0.08515625		0.377087165188	0.978506806357
0.08546875		0.376985499057	0.978440739231
0.08578125		0.376883717172	0.978374644428
0.08609375		0.376781743278	0.978308522281
0.08640625		0.376679689339	0.97824237855
0.08671875		0.376577731465	0.978176217132
0.08703125		0.376475809587	0.978110034565
0.08734375		0.376373906488	0.978043824818
0.08765625		0.376272033714	0.977977586787
0.08796875		0.376170191621	0.977911325739
0.08828125		0.376068382344	0.977845046615
0.08859375		0.375966570716	0.977778747071
0.08890625		0.37586468206	0.977712420723
0.08921875		0.375762618391	0.977646065342
0.08953125		0.375660419983	0.977579685852
0.08984375		0.3755582782	0.977513288147
0.09015625		0.37545618943	0.97744687106
0.09046875		0.375354123454	0.977380428201
0.09078125		0.375252078273	0.977313956003
0.09109375		0.375150054323	0.97724745829
0.09140625		0.375048075698	0.977180941274
0.09171875		0.374946104542	0.977114405128
0.09203125		0.374844093163	0.977047844122
0.09234375		0.374741931367	0.97698125372
0.09265625		0.374639609034	0.976914636813
0.09296875		0.374537278785	0.976847999765
0.09328125		0.37443502272	0.976781343853
0.09359375		0.374332792954	0.976714664272
0.09390625		0.374230572736	0.976647956005
0.09421875		0.374128380724	0.976581220493
0.09453125		0.374026219782	0.976514463489
0.09484375		0.373924080911	0.976447686988
0.09515625		0.373821926353	0.976380887189
0.09546875		0.373719663048	0.976314059223
0.09578125		0.373617226273	0.97624720366
0.09609375		0.373514715742	0.976180325939
0.09640625		0.373412290597	0.976113428668
0.09671875		0.373309891409	0.976046508662
0.09703125		0.373207505207	0.975979561091
0.09734375		0.373105142071	0.975912585525
0.09765625		0.373002797722	0.9758455867
0.09796875		0.372900484729	0.9757785679
0.09828125		0.372798169232	0.975711526651
0.09859375		0.372695784827	0.975644458091
0.09890625		0.372593240399	0.975577361052
0.09921875		0.372490581692	0.975510239956
0.09953125		0.372387971221	0.97544309886
0.09984375		0.372285404939	0.975375935988
0.10015625		0.372182854798	0.975308746534
0.10046875		0.372080315456	0.975241528395
0.10078125		0.371977791734	0.975174285089
0.10109375		0.371875298488	0.975107021109
0.10140625		0.371772809039	0.975039735598
0.10171875		0.37167028406	0.974972423946
0.10203125		0.371567633029	0.974905083409
0.10234375		0.371464843522	0.974837716874
0.10265625		0.371362047531	0.974770329273
0.10296875		0.37125931361	0.97470292066
0.10328125		0.371156596062	0.974635486709
0.10359375		0.371053880678	0.974568024041
0.10390625		0.370951184425	0.974500534506
0.10421875		0.370848504697	0.974433022954
0.10453125		0.370745838674	0.974365490413
0.10484375		0.370643156505	0.974297933038
0.10515625		0.370540387463	0.974230347035
0.10546875		0.370437478661	0.974162733483
0.10578125		0.37033450659	0.974095097215
0.10609375		0.370231599823	0.974027440213
0.10640625		0.370128710549	0.973959759193
0.10671875		0.370025827045	0.973892050003
0.10703125		0.369922955339	0.973824312694
0.10734375		0.369820091582	0.973756551581
0.10765625		0.369717247491	0.973688769464
0.10796875		0.369614396831	0.973620963822
0.10828125		0.369511492373	0.973553130336
0.10859375		0.369408464912	0.973485268252
0.10890625		0.369305343363	0.973417381484
0.10921875		0.369202250157	0.973349473621
0.10953125		0.369099191365	0.973281542968
0.10984375		0.368996140368	0.97321358516
0.11015625		0.368893090596	0.973145598585
0.11046875		0.368790049432	0.973077586272
0.11078125		0.368687023634	0.973009552177
0.11109375		0.368583998252	0.972941495631
0.11140625		0.368480942873	0.972873412455
0.11171875		0.368377794285	0.972805300399
0.11203125		0.368274535154	0.972737161767
0.11234375		0.368171258001	0.97266900078
0.11265625		0.368068028098	0.972600817828
0.11296875		0.367964806082	0.972532609106
0.11328125		0.367861581797	0.972464371723
0.11359375		0.36775836678	0.972396106953
0.11390625		0.367655156521	0.972327818818
0.11421875		0.36755195462	0.972259508755
0.11453125		0.367448738036	0.972191173572
0.11484375		0.367345456958	0.972122809896
0.11515625		0.367242067192	0.972054418158
0.11546875		0.36713861839	0.971986002217
0.11578125		0.367035209332	0.971917564512
0.11609375		0.366931815174	0.971849102594
0.11640625		0.366828421792	0.971780612647
0.11671875		0.366725029505	0.97171209411
0.11703125		0.366621639227	0.971643550282
0.11734375		0.366518260809	0.97157498435
0.11765625		0.366414873654	0.971506394844
0.11796875		0.366311446532	0.971437777719
0.11828125		0.366207926861	0.971369131591
0.11859375		0.366104324494	0.971300459289
0.11890625		0.366000729602	0.971231764559
0.11921875		0.365897163528	0.971163046972
0.11953125		0.365793600457	0.971094302492
0.11984375		0.365690031707	0.97102552892
0.12015625		0.36558646692	0.970956728253
0.12046875		0.365482907177	0.970887904351
0.12078125		0.365379346353	0.970819057897
0.12109375		0.365275761097	0.970750185179
0.12140625		0.365172108014	0.97068128338
0.12171875		0.365068361869	0.970612353722
0.12203125		0.364964584482	0.970543400079
0.12234375		0.364860844165	0.9704744242
0.12265625		0.364757109392	0.970405422937
0.12296875		0.364653369991	0.970336392926
0.12328125		0.364549629924	0.970267334358
0.12359375		0.364445888383	0.970198250783
0.12390625		0.364342151673	0.970129144902
0.12421875		0.364238401533	0.970060014363
0.12453125		0.364134603727	0.969990855349
0.12484375		0.36403071879	0.969921667159
0.12515625		0.36392677487	0.969852453087
0.12546875		0.36382285137	0.969783216671
0.12578125		0.363718944244	0.969713956472
0.12609375		0.363615035292	0.969644668275
0.12640625		0.363511119467	0.969575350517
0.12671875		0.363407201615	0.969506005942
0.12703125		0.363303287586	0.969436638573
0.12734375		0.363199366339	0.969367247997
0.12765625		0.363095412578	0.969297829813
0.12796875		0.362991388325	0.969228381809
0.12828125		0.362887289659	0.969158906235
0.12859375		0.362783182388	0.969089407399
0.12890625		0.362679101192	0.969019885905
0.12921875		0.362575022001	0.968950337449
0.12953125		0.36247093472	0.968880759197
0.12984375		0.362366843346	0.968811152661
0.13015625		0.362262748021	0.968741522049
0.13046875		0.36215865227	0.968671868939
0.13078125		0.362054535066	0.968602189453
0.13109375		0.361950365516	0.968532480291
0.13140625		0.361846120079	0.968462742244
0.13171875		0.361741836588	0.968392979313
0.13203125		0.361637577895	0.968323193992
0.13234375		0.361533326347	0.968253383116
0.13265625		0.361429069195	0.968183542969
0.13296875		0.361324804025	0.968113673417
0.13328125		0.361220530181	0.968043777981
0.13359375		0.361116258043	0.96797385997
0.13390625		0.361011972468	0.967903917127
0.13421875		0.360907648905	0.967833945297
0.13453125		0.360803258004	0.967763943595
0.13484375		0.360698812194	0.967693915132
0.13515625		0.360594370528	0.967623863909
0.13546875		0.360489945014	0.967553788639
0.13578125		0.360385517513	0.967483684813
0.13609375		0.360281078918	0.967413550928
0.13640625		0.360176631728	0.967343389495
0.13671875		0.360072181225	0.967273204751
0.13703125		0.359967724371	0.967202996394
0.13734375		0.359863238911	0.967132759867
0.13765625		0.359758700935	0.967062493187
0.13796875		0.359654100183	0.966992198349
0.13828125		0.35954947773	0.966921879579
0.13859375		0.35944487729	0.966851537538
0.13890625		0.359340277887	0.966781167939
0.13921875		0.359235668459	0.966710768376
0.13953125		0.359131048849	0.966640340164
0.13984375		0.359026419941	0.966569887137
0.14015625		0.358921788024	0.966499410804
0.14046875		0.358817136413	0.96642890749
0.14078125		0.358712444722	0.966358374434
0.14109375		0.358607694078	0.966287812301
0.14140625		0.358502903085	0.966217224465
0.14171875		0.358398121748	0.966146613257
0.14203125		0.358293348157	0.966075975897
0.14234375		0.358188567924	0.966005309203
0.14265625		0.358083775245	0.965934613087
0.14296875		0.35797897149	0.965863890294
0.14328125		0.357874163786	0.965793143804
0.14359375		0.357769343359	0.965722371827
0.14390625		0.35766449199	0.96565157082
0.14421875		0.357559591003	0.965580740118
0.14453125		0.357454638875	0.965509881956
0.14484375		0.357349676044	0.965438999713
0.14515625		0.357244727236	0.965368092574
0.14546875		0.357139775902	0.965297156913
0.14578125		0.357034811712	0.96522619155
0.14609375		0.356929835517	0.965155198134
0.14640625		0.356824850746	0.96508417987
0.14671875		0.356719858479	0.965013136893
0.14703125		0.356614843036	0.964942065907
0.14734375		0.356509787514	0.964870965305
0.14765625		0.356404680201	0.964799836176
0.14796875		0.356299543651	0.964728681402
0.14828125		0.356194416757	0.964657502008
0.14859375		0.356089291526	0.964586295335
0.14890625		0.35598415638	0.964515059346
0.14921875		0.355879008095	0.964443794433
0.14953125		0.355773847982	0.964372502885
0.14984375		0.355668681974	0.964301186535
0.15015625		0.355563499017	0.964229843629
0.15046875		0.355458285361	0.964158471675
0.15078125		0.355353025408	0.964087070474
0.15109375		0.355247722253	0.964015641715
0.15140625		0.355142413747	0.963944187898
0.15171875		0.355037113004	0.963872708261
0.15203125		0.354931807499	0.963801200085
0.15234375		0.35482648798	0.963729662493
0.15265625		0.354721155511	0.96365809654
0.15296875		0.35461581419	0.963586504923
0.15328125		0.354510461711	0.963514887885
0.15359375		0.354405085184	0.963443242853
0.15390625		0.354299669879	0.963371568359
0.15421875		0.354194207206	0.963299864935
0.15453125		0.354088721558	0.963228135071
0.15484375		0.353983244348	0.963156380022
0.15515625		0.353877765807	0.963084597755
0.15546875		0.353772275625	0.963012786165
0.15578125		0.353666771715	0.962940945192
0.15609375		0.353561255368	0.962869076803
0.15640625		0.3534557309	0.962797183197
0.15671875		0.353350188269	0.962725263123
0.15703125		0.353244614595	0.962653313898
0.15734375		0.353138997318	0.962581334954
0.15765625		0.35303334255	0.96250932764
0.15796875		0.352927683978	0.962437294871
0.15828125		0.352822030135	0.962365236443
0.15859375		0.352716369912	0.962293149354
0.15890625		0.352610695418	0.962221032316
0.15921875		0.352505006807	0.962148886
0.15953125		0.352399308255	0.962076713665
0.15984375		0.352293597222	0.962004516217
0.16015625		0.352187861748	0.961932290759
0.16046875		0.352082088005	0.96186003525
0.16078125		0.351976270122	0.961787749746
0.16109375		0.351870434293	0.961715437409
0.16140625		0.351764604622	0.961643100206
0.16171875		0.351658772246	0.961570735948
0.16203125		0.351552927795	0.961498341743
0.16234375		0.351447068193	0.961425917074
0.16265625		0.351341195553	0.961353464574
0.16296875		0.351235313721	0.961280987035
0.16328125		0.351129412695	0.961208483415
0.16359375		0.351023479922	0.96113594988
0.16390625		0.350917505354	0.961063385609
0.16421875		0.350811499574	0.960990792557
0.16453125		0.350705490143	0.960918174212
0.16484375		0.350599482794	0.96084553066
0.16515625		0.35049346739	0.960772857573
0.16546875		0.350387439461	0.960700153513
0.16578125		0.3502813952	0.960627419825
0.16609375		0.350175339487	0.960554660253
0.16640625		0.350069270778	0.96048187592
0.16671875		0.34996317603	0.960409063013
0.16703125		0.349857044224	0.960336218928
0.16734375		0.349750875009	0.960263344401
0.16765625		0.349644688521	0.960190443158
0.16796875		0.349538504481	0.960117517251
0.16828125		0.349432318507	0.960044564059
0.16859375		0.349326122794	0.959971579752
0.16890625		0.349219908752	0.959898564339
0.16921875		0.349113678994	0.95982552117
0.16953125		0.349007437672	0.959752453179
0.16984375		0.34890117823	0.95967935915
0.17015625		0.348794887164	0.959606234082
0.17046875		0.348688558609	0.959533077333
0.17078125		0.348582205149	0.959459892025
0.17109375		0.348475843076	0.959386681594
0.17140625		0.348369481954	0.959313446052
0.17171875		0.348263116542	0.959240179808
0.17203125		0.348156736588	0.959166881468
0.17234375		0.348050334014	0.959093553858
0.17265625		0.347943918017	0.959020200741
0.17296875		0.347837490849	0.958946822813
0.17328125		0.34773103757	0.958873415286
0.17359375		0.347624550018	0.958799975201
0.17390625		0.347518033594	0.958726504918
0.17421875		0.347411500327	0.958653008363
0.17453125		0.347304961507	0.958579487093
0.17484375		0.347198424548	0.958505937719
0.17515625		0.347091877201	0.958432355846
0.17546875		0.346985306786	0.958358742928
0.17578125		0.346878717218	0.958285102874
0.17609375		0.346772114933	0.958211437878
0.17640625		0.346665496637	0.958137745911
0.17671875		0.346558850571	0.958064021721
0.17703125		0.346452173482	0.957990265604
0.17734375		0.346345475671	0.957916481557
0.17765625		0.346238764086	0.957842672392
0.17796875		0.346132048684	0.957768837196
0.17828125		0.346025330577	0.95769497028
0.17859375		0.345918592217	0.957621070667
0.17890625		0.345811832213	0.95754714233
0.17921875		0.345705056498	0.957473188627
0.17953125		0.345598269673	0.957399209599
0.17984375		0.345491461046	0.957325199386
0.18015625		0.345384623319	0.95725115579
0.18046875		0.345277760862	0.957177082661
0.18078125		0.34517088089	0.957102983715
0.18109375		0.345063991304	0.957028859692
0.18140625		0.344957098472	0.956954705509
0.18171875		0.344850189259	0.956880517951
0.18203125		0.344743258883	0.956806299981
0.18234375		0.344636310958	0.956732055425
0.18265625		0.344529352032	0.956657785668
0.18296875		0.344422376981	0.956583486559
0.18328125		0.344315376863	0.95650915422
0.18359375		0.344208351153	0.956434790617
0.18390625		0.344101305296	0.956360399622
0.18421875		0.343994245051	0.956285983135
0.18453125		0.343887172814	0.95621153802
0.18484375		0.343780087545	0.956137060088
0.18515625		0.343672983885	0.956062550366
0.18546875		0.343565863962	0.955988012394
0.18578125		0.343458731184	0.95591344825
0.18609375		0.343351584852	0.955838855587
0.18640625		0.343244418471	0.955764230508
0.18671875		0.343137228484	0.955689573534
0.18703125		0.34303001539	0.955614887371
0.18734375		0.342922782983	0.955540174064
0.18765625		0.342815529977	0.955465432025
0.18796875		0.342708260799	0.955390658292
0.18828125		0.342600977962	0.955315852889
0.18859375		0.342493678616	0.955241017636
0.18890625		0.342386363867	0.955166153817
0.18921875		0.342279039603	0.955091260102
0.18953125		0.34217170159	0.955016334929
0.18984375		0.342064345283	0.954941378582
0.19015625		0.341956963843	0.95486639214
0.19046875		0.341849552118	0.954791375612
0.19078125		0.341742106516	0.954716327602
0.19109375		0.341634639561	0.954641247993
0.19140625		0.341527162448	0.954566137715
0.19171875		0.341419674812	0.954490997034
0.19203125		0.341312173195	0.954415824751
0.19234375		0.341204656391	0.954340619366
0.19265625		0.341097129419	0.954265381513
0.19296875		0.340989588154	0.954190112633
0.19328125		0.340882023135	0.954114812474
0.19359375		0.34077441873	0.954039479376
0.19390625		0.340666768577	0.953964111687
0.19421875		0.340559082837	0.953888710074
0.19453125		0.340451388159	0.953813276069
0.19484375		0.340343687823	0.953737809508
0.19515625		0.340235971905	0.953662308507
0.19546875		0.340128234613	0.953586770884
0.19578125		0.340020478268	0.953511197366
0.19609375		0.33991271142	0.953435590579
0.19640625		0.339804927619	0.953359952313
0.19671875		0.339697113646	0.953284282339
0.19703125		0.339589248207	0.953208577489
0.19734375		0.339481327329	0.953132831404
0.19765625		0.339373352992	0.953057029961
0.19796875		0.339265302139	0.952981143543
0.19828125		0.339157095209	0.952905117412
0.19859375		0.339048572042	0.952828847049
0.19890625		0.338939411896	0.952752110934
0.19921875		0.338828831674	0.952674360032
0.19953125		0.338714512864	0.952593974648
0.19984375		0.338587523501	0.952504765783
0.20015625		0.338392198346	0.952377386243
0.20046875		0.338105570487	0.952175400804
0.20078125		0.337785209792	0.951949840134
0.20109375		0.337456395781	0.951718138944
0.20140625		0.337127580377	0.951486221807
0.20171875		0.33680097285	0.951255662527
0.20203125		0.336475224696	0.951025545127
0.20234375		0.336149687398	0.950795406698
0.20265625		0.335824158146	0.950565095332
0.20296875		0.335498533438	0.950334533968
0.20328125		0.335172736777	0.950103680783
0.20359375		0.33484672228	0.949872521324
0.20390625		0.334520485842	0.94964105279
0.20421875		0.334194029074	0.949409273918
0.20453125		0.333867356803	0.949177182818
0.20484375		0.333540506619	0.948944777222
0.20515625		0.333213479595	0.948712054827
0.20546875		0.332886259009	0.948479013544
0.20578125		0.332558833053	0.948245651513
0.20609375		0.332231195638	0.948011967068
0.20640625		0.331903342817	0.947777958661
0.20671875		0.331575270064	0.947543624908
0.20703125		0.331246973578	0.947308964558
0.20734375		0.330918452057	0.947073976481
0.20765625		0.330589702716	0.946838659606
0.20796875		0.330260727836	0.946603012961
0.20828125		0.329931563259	0.946367035541
0.20859375		0.329602201298	0.946130726265
0.20890625		0.329272627433	0.945894084105
0.20921875		0.328942841476	0.94565710807
0.20953125		0.328612839905	0.945419797166
0.20984375		0.328282615358	0.945182150428
0.21015625		0.327952161049	0.94494416692
0.21046875		0.327621473648	0.944705845726
0.21078125		0.327290556876	0.944467185938
0.21109375		0.326959409138	0.944228186635
0.21140625		0.326628052889	0.943988846887
0.21171875		0.326296497073	0.943749165666
0.21203125		0.32596473167	0.943509141945
0.21234375		0.325632752406	0.943268774721
0.21265625		0.325300553287	0.943028062999
0.21296875		0.3249681287	0.942787005804
0.21328125		0.324635472331	0.942545602176
0.21359375		0.324302581091	0.942303851169
0.21390625		0.323969454592	0.942061751841
0.21421875		0.323636095517	0.94181930324
0.21453125		0.323302516754	0.941576504387
0.21484375		0.322968730213	0.941333354244
0.21515625		0.322634733396	0.941089851736
0.21546875		0.322300521497	0.940845995797
0.21578125		0.321966085692	0.940601785378
0.21609375		0.321631420814	0.940357219449
0.21640625		0.321296520575	0.940112297
0.21671875		0.320961382729	0.93986701703
0.21703125		0.320626008976	0.939621378538
0.21734375		0.320290400675	0.939375380505
0.21765625		0.319954563012	0.939129021902
0.21796875		0.319618507264	0.938882301663
0.21828125		0.319282237523	0.938635218675
0.21859375		0.318945751794	0.938387771811
0.21890625		0.318609038787	0.938139959959
0.21921875		0.318272092725	0.937891782038
0.21953125		0.317934907875	0.937643236977
0.21984375		0.317597481631	0.937394323719
0.22015625		0.317259816686	0.9371450412
0.22046875		0.316921916489	0.936895388329
0.22078125		0.316583780234	0.936645364001
0.22109375		0.316245414515	0.936394967108
0.22140625		0.315906829398	0.936144196506
0.22171875		0.315568025747	0.935893051014
0.22203125		0.315228992172	0.935641529456
0.22234375		0.3148897219	0.93538963069
0.22265625		0.314550209562	0.935137353588
0.22296875		0.314210451317	0.934884697036
0.22328125		0.313870449771	0.934631659917
0.22359375		0.313530209175	0.934378241096
0.22390625		0.313189730983	0.934124439412
0.22421875		0.312849016096	0.933870253695
0.22453125		0.312508071868	0.933615682754
0.22484375		0.312166902546	0.933360725364
0.22515625		0.31182550167	0.933105380288
0.22546875		0.311483861115	0.932849646312
0.22578125		0.31114197612	0.932593522243
0.22609375		0.310799841087	0.932337006898
0.22640625		0.310457456952	0.932080099103
0.22671875		0.310114828702	0.931822797664
0.22703125		0.309771959636	0.931565101363
0.22734375		0.309428850179	0.931307008962
0.22765625		0.309085502941	0.931048519213
0.22796875		0.308741921645	0.930789630847
0.22828125		0.30839810413	0.930530342577
0.22859375		0.30805404378	0.930270653126
0.22890625		0.307709737063	0.930010561231
0.22921875		0.3073651784	0.929750065638
0.22953125		0.307020365316	0.929489165101
0.22984375		0.306675301329	0.92922785837
0.23015625		0.306329990943	0.928966144167
0.23046875		0.305984436164	0.928704021194
0.23078125		0.305638637829	0.928441488137
0.23109375		0.305292597525	0.928178543667
0.23140625		0.304946314344	0.927915186444
0.23171875		0.304599783855	0.92765141513
0.23203125		0.304253003683	0.927387228391
0.23234375		0.303905969873	0.927122624897
0.23265625		0.303558678237	0.926857603325
0.23296875		0.30321112952	0.926592162356
0.23328125		0.30286332758	0.926326300653
0.23359375		0.302515274764	0.926060016854
0.23390625		0.30216697297	0.925793309583
0.23421875		0.301818423056	0.925526177445
0.23453125		0.301469624025	0.925258619037
0.23484375		0.301120572469	0.924990632953
0.23515625		0.300771266373	0.924722217792
0.23546875		0.300421703164	0.924453372149
0.23578125		0.300071879031	0.924184094624
0.23609375		0.299721793034	0.923914383819
0.23640625		0.299371447394	0.923644238327
0.23671875		0.299020844315	0.923373656718
0.23703125		0.298669985028	0.92310263755
0.23734375		0.298318871093	0.922831179362
0.23765625		0.297967502796	0.922559280679
0.23796875		0.297615876966	0.922286940021
0.23828125		0.297263991339	0.922014155908
0.23859375		0.296911843718	0.921740926862
0.23890625		0.29655943086	0.921467251402
0.23921875		0.296206751315	0.921193128051
0.23953125		0.295853806438	0.920918555322
0.23984375		0.295500598198	0.920643531713
0.24015625		0.295147127355	0.920368055703
0.24046875		0.294793393596	0.920092125758
0.24078125		0.294439398842	0.919815740337
0.24109375		0.294085141854	0.919538897879
0.24140625		0.29373062007	0.919261596825
0.24171875		0.293375831326	0.91898383561
0.24203125		0.293020772602	0.918705612672
0.24234375		0.292665441571	0.918426926447
0.24265625		0.292309839023	0.918147775368
0.24296875		0.29195396699	0.917868157851
0.24328125		0.291597826368	0.917588072293
0.24359375		0.291241416647	0.917307517079
0.24390625		0.290884737375	0.917026490584
0.24421875		0.290527789162	0.916744991174
0.24453125		0.290170571086	0.916463017199
0.24484375		0.289813081088	0.916180567005
0.24515625		0.289455316785	0.915897638937
0.24546875		0.289097274953	0.915614231343
0.24578125		0.288738954653	0.915330342569
0.24609375		0.288380357635	0.915045970946
0.24640625		0.288021485459	0.914761114786
0.24671875		0.287662338165	0.914475772386
0.24703125		0.287302914794	0.91418994203
0.24734375		0.286943215156	0.913903621997
0.24765625		0.286583238899	0.913616810551
0.24796875		0.28622298451	0.913329505947
0.24828125		0.285862450413	0.913041706437
0.24859375		0.285501634536	0.912753410265
0.24890625		0.28514053447	0.912464615674
0.24921875		0.284779150035	0.9121753209
0.24953125		0.284417482617	0.911885524166
0.24984375		0.284055533113	0.911595223676
0.25015625		0.283693301194	0.911304417619
0.25046875		0.283330786295	0.911013104173
0.25078125		0.282967988052	0.910721281507
0.25109375		0.282604905057	0.910428947778
0.25140625		0.28224153563	0.910136101135
0.25171875		0.281877878344	0.909842739723
0.25203125		0.281513931327	0.909548861678
0.25234375		0.281149693657	0.909254465133
0.25265625		0.280785165675	0.908959548206
0.25296875		0.280420347847	0.908664109
0.25328125		0.280055240215	0.908368145603
0.25359375		0.279689842285	0.908071656091
0.25390625		0.279324153849	0.907774638527
0.25421875		0.278958174239	0.90747709096
0.25453125		0.278591901737	0.907179011432
0.25484375		0.278225334656	0.906880397974
0.25515625		0.277858471091	0.906581248615
0.25546875		0.277491309937	0.906281561372
0.25578125		0.277123851366	0.905981334254
0.25609375		0.276756095756	0.905680565253
0.25640625		0.276388042873	0.905379252344
0.25671875		0.276019692014	0.90507739349
0.25703125		0.27565104268	0.904774986642
0.25734375		0.275282094604	0.904472029737
0.25765625		0.274912846779	0.904168520698
0.25796875		0.274543297667	0.903864457441
0.25828125		0.274173445612	0.903559837869
0.25859375		0.273803288737	0.90325465988
0.25890625		0.273432826464	0.902948921361
0.25921875		0.273062059219	0.902642620185
0.25953125		0.272690987131	0.902335754208
0.25984375		0.272319609587	0.902028321267
0.26015625		0.27194792576	0.901720319191
0.26046875		0.271575935124	0.901411745792
0.26078125		0.271203636892	0.901102598869
0.26109375		0.270831029748	0.900792876209
0.26140625		0.270458112475	0.900482575589
0.26171875		0.270084883558	0.900171694772
0.26203125		0.269711341612	0.899860231514
0.26234375		0.269337486275	0.899548183556
0.26265625		0.268963317589	0.899235548624
0.26296875		0.268588835342	0.898922324425
0.26328125		0.268214038849	0.898608508653
0.26359375		0.267838927467	0.898294098984
0.26390625		0.267463500451	0.897979093082
0.26421875		0.267087756519	0.897663488596
0.26453125		0.266711694297	0.897347283161
0.26484375		0.266335312558	0.897030474403
0.26515625		0.265958610045	0.896713059934
0.26546875		0.265581586049	0.89639503735
0.26578125		0.265204240188	0.896076404233
0.26609375		0.264826572024	0.895757158149
0.26640625		0.264448580954	0.895437296644
0.26671875		0.264070266286	0.895116817252
0.26703125		0.263691627434	0.894795717486
0.26734375		0.26331266348	0.894473994845
0.26765625		0.262933372986	0.894151646815
0.26796875		0.262553754554	0.893828670866
0.26828125		0.262173806778	0.893505064455
0.26859375		0.261793528821	0.893180825025
0.26890625		0.261412920282	0.892855950002
0.26921875		0.26103198066	0.892530436792
0.26953125		0.260650709211	0.892204282786
0.26984375		0.260269105025	0.891877485355
0.27015625		0.259887167387	0.891550041854
0.27046875		0.259504895573	0.89122194962
0.27078125		0.259122288507	0.890893205974
0.27109375		0.258739344835	0.890563808219
0.27140625		0.258356063156	0.890233753643
0.27171875		0.257972442133	0.889903039518
0.27203125		0.257588481052	0.889571663102
0.27234375		0.25720417946	0.88923962163
0.27265625		0.256819536746	0.88890691232
0.27296875		0.256434551998	0.888573532367
0.27328125		0.25604922429	0.888239478953
0.27359375		0.255663552787	0.887904749236
0.27390625		0.255277536468	0.887569340357
0.27421875		0.254891174102	0.88723324944
0.27453125		0.254504464462	0.886896473589
0.27484375		0.254117406239	0.886559009893
0.27515625		0.253729998303	0.886220855418
0.27546875		0.253342239862	0.885882007216
0.27578125		0.25295413022	0.885542462316
0.27609375		0.252565668621	0.885202217724
0.27640625		0.252176854137	0.884861270427
0.27671875		0.251787685875	0.884519617392
0.27703125		0.251398162827	0.884177255564
0.27734375		0.251008283741	0.883834181868
0.27765625		0.250618047302	0.883490393209
0.27796875		0.250227452241	0.883145886473
0.27828125		0.249836497418	0.882800658524
0.27859375		0.249445181874	0.882454706208
0.27890625		0.249053504689	0.882108026345
0.27921875		0.248661464964	0.881760615735
0.27953125		0.24826906175	0.881412471156
0.27984375		0.247876294085	0.881063589361
0.28015625		0.247483161039	0.880713967081
0.28046875		0.247089661487	0.880363601025
0.28078125		0.246695794089	0.880012487879
0.28109375		0.246301557445	0.879660624306
0.28140625		0.245906950222	0.87930800695
0.28171875		0.245511971374	0.878954632428
0.28203125		0.245116619949	0.878600497337
0.28234375		0.244720894983	0.878245598248
0.28265625		0.244324795425	0.877889931705
0.28296875		0.24392832016	0.877533494231
0.28328125		0.243531468154	0.877176282321
0.28359375		0.243134238349	0.876818292446
0.28390625		0.242736629514	0.876459521053
0.28421875		0.242338640304	0.876099964562
0.28453125		0.241940269293	0.87573961937
0.28484375		0.241541515123	0.875378481848
0.28515625		0.241142376658	0.875016548343
0.28546875		0.240742852885	0.874653815174
0.28578125		0.2403429428	0.874290278633
0.28609375		0.239942645252	0.873925934985
0.28640625		0.239541959073	0.873560780467
0.28671875		0.239140883099	0.873194811288
0.28703125		0.238739416065	0.872828023631
0.28734375		0.238337556626	0.872460413649
0.28765625		0.237935303437	0.872091977469
0.28796875		0.237532655118	0.871722711191
0.28828125		0.237129610286	0.871352610884
0.28859375		0.236726167662	0.87098167259
0.28890625		0.236322326117	0.870609892322
0.28921875		0.235918084559	0.870237266063
0.28953125		0.23551344178	0.869863789765
0.28984375		0.23510839656	0.869489459348
0.29015625		0.234702947607	0.869114270703
0.29046875		0.234297093494	0.86873821969
0.29078125		0.233890832763	0.868361302137
0.29109375		0.233484164014	0.867983513843
0.29140625		0.233077085843	0.867604850575
0.29171875		0.232669596841	0.867225308068
0.29203125		0.232261695664	0.866844882025
0.29234375		0.231853381073	0.866463568115
0.29265625		0.231444651817	0.866081361975
0.29296875		0.231035506588	0.865698259207
0.29328125		0.230625944093	0.865314255379
0.29359375		0.230215962938	0.864929346026
0.29390625		0.229805561593	0.864543526645
0.29421875		0.229394738505	0.864156792703
0.29453125		0.228983492148	0.86376913963
0.29484375		0.228571821022	0.863380562822
0.29515625		0.228159723697	0.862991057638
0.29546875		0.227747198818	0.862600619402
0.29578125		0.227334245025	0.862209243399
0.29609375		0.226920860886	0.861816924878
0.29640625		0.22650704497	0.86142365905
0.29671875		0.226092795869	0.861029441088
0.29703125		0.225678112078	0.860634266125
0.29734375		0.225262991989	0.860238129256
0.29765625		0.224847433976	0.859841025539
0.29796875		0.224431436392	0.859442949992
0.29828125		0.224014997612	0.859043897592
0.29859375		0.223598116126	0.858643863278
0.29890625		0.223180790529	0.858242841946
0.29921875		0.222763019341	0.857840828452
0.29953125		0.222344801013	0.857437817608
0.29984375		0.221926133996	0.857033804184
0.30015625		0.221507016699	0.856628782908
0.30046875		0.221087447459	0.856222748465
0.30078125		0.220667424582	0.855815695494
0.30109375		0.220246946385	0.855407618594
0.30140625		0.219826011159	0.854998512316
0.30171875		0.219404617152	0.854588371169
0.30203125		0.218982762704	0.854177189616
0.30234375		0.218560446269	0.853764962072
0.30265625		0.218137666258	0.853351682907
0.30296875		0.217714421036	0.852937346442
0.30328125		0.217290708936	0.85252194695
0.30359375		0.216866528195	0.852105478655
0.30390625		0.216441876975	0.851687935735
0.30421875		0.216016753451	0.851269312316
0.30453125		0.215591155838	0.850849602475
0.30484375		0.215165082358	0.850428800241
0.30515625		0.214738531187	0.850006899588
0.30546875		0.214311500517	0.849583894442
0.30578125		0.213883988601	0.849159778674
0.30609375		0.21345599369	0.848734546104
0.30640625		0.213027514025	0.848308190495
0.30671875		0.212598547825	0.847880705558
0.30703125		0.212169093196	0.847452084948
0.30734375		0.211739148148	0.847022322266
0.30765625		0.211308710698	0.846591411054
0.30796875		0.210877778909	0.846159344802
0.30828125		0.210446350872	0.84572611694
0.30859375		0.210014424662	0.845291720839
0.30890625		0.209581998354	0.844856149813
0.30921875		0.209149070033	0.844419397115
0.30953125		0.208715637768	0.843981455938
0.30984375		0.20828169962	0.843542319414
0.31015625		0.207847253636	0.843101980612
0.31046875		0.207412297786	0.842660432539
0.31078125		0.206976829962	0.842217668139
0.31109375		0.206540848034	0.841773680291
0.31140625		0.206104349888	0.84132846181
0.31171875		0.205667333422	0.840882005448
0.31203125		0.205229796559	0.840434303886
0.31234375		0.204791737243	0.839985349742
0.31265625		0.204353153415	0.839535135561
0.31296875		0.203914042974	0.839083653823
0.31328125		0.203474403785	0.838630896935
0.31359375		0.203034233667	0.838176857234
0.31390625		0.202593530394	0.837721526986
0.31421875		0.202152291724	0.837264898384
0.31453125		0.201710515396	0.836806963547
0.31484375		0.201268199135	0.83634771452
0.31515625		0.200825340652	0.835887143275
0.31546875		0.200381937655	0.835425241704
0.31578125		0.199937987876	0.834962001624
0.31609375		0.199493489078	0.834497414772
0.31640625		0.199048439002	0.834031472807
0.31671875		0.198602835343	0.833564167307
0.31703125		0.198156675699	0.833095489765
0.31734375		0.197709957606	0.832625431596
0.31765625		0.197262678609	0.832153984129
0.31796875		0.196814836269	0.83168113861
0.31828125		0.19636642815	0.831206886198
0.31859375		0.195917451783	0.830731217965
0.31890625		0.195467904668	0.830254124896
0.31921875		0.195017784308	0.829775597886
0.31953125		0.194567088218	0.829295627737
0.31984375		0.194115813904	0.828814205164
0.32015625		0.193663958854	0.828331320783
0.32046875		0.193211520485	0.82784696512
0.32078125		0.19275849613	0.827361128602
0.32109375		0.192304883086	0.826873801563
0.32140625		0.191850678659	0.826384974235
0.32171875		0.191395880176	0.825894636754
0.32203125		0.190940484953	0.825402779153
0.32234375		0.190484490289	0.824909391362
0.32265625		0.190027893474	0.82441446321
0.32296875		0.189570691766	0.823917984417
0.32328125		0.189112882387	0.823419944598
0.32359375		0.188654462541	0.822920333259
0.32390625		0.188195429397	0.822419139797
0.32421875		0.187735780077	0.821916353497
0.32453125		0.187275511657	0.82141196353
0.32484375		0.186814621179	0.820905958954
0.32515625		0.186353105679	0.820398328712
0.32546875		0.185890962192	0.819889061626
0.32578125		0.185428187753	0.819378146401
0.32609375		0.184964779397	0.81886557162
0.32640625		0.184500734132	0.818351325741
0.32671875		0.184036048906	0.817835397099
0.32703125		0.1835707206	0.817317773901
0.32734375		0.183104746061	0.816798444226
0.32765625		0.182638122124	0.816277396022
0.32796875		0.182170845606	0.815754617104
0.32828125		0.181702913288	0.815230095154
0.32859375		0.181234321917	0.814703817716
0.32890625		0.180765068204	0.814175772198
0.32921875		0.18029514885	0.813645945864
0.32953125		0.179824560556	0.813114325837
0.32984375		0.179353300017	0.812580899096
0.33015625		0.178881363893	0.812045652469
0.33046875		0.178408748761	0.811508572639
0.33078125		0.177935451126	0.810969646133
0.33109375		0.177461467456	0.810428859327
0.33140625		0.176986794211	0.809886198439
0.33171875		0.176511427852	0.809341649529
0.33203125		0.176035364804	0.808795198495
0.33234375		0.175558601451	0.808246831072
0.33265625		0.17508113414	0.807696532826
0.33296875		0.174602959189	0.807144289157
0.33328125		0.174124072888	0.806590085291
0.33359375		0.173644471504	0.806033906279
0.33390625		0.173164151272	0.805475736995
0.33421875		0.172683108357	0.804915562133
0.33453125		0.172201338851	0.804353366203
0.33484375		0.171718838795	0.803789133529
0.33515625		0.171235604221	0.803222848246
0.33546875		0.170751631147	0.802654494297
0.33578125		0.17026691557	0.802084055429
0.33609375		0.169781453452	0.80151151519
0.33640625		0.169295240706	0.800936856926
0.33671875		0.168808273182	0.800360063777
0.33703125		0.168320546681	0.799781118674
0.33734375		0.167832056971	0.799200004336
0.33765625		0.167342799784	0.798616703265
0.33796875		0.166852770796	0.798031197745
0.33828125		0.16636196562	0.797443469834
0.33859375		0.165870379817	0.796853501365
0.33890625		0.165378008915	0.796261273939
0.33921875		0.16488484841	0.795666768922
0.33953125		0.164390893777	0.795069967441
0.33984375		0.163896140451	0.794470850377
0.34015625		0.163400583812	0.793869398365
0.34046875		0.162904219162	0.793265591788
0.34078125		0.162407041727	0.792659410772
0.34109375		0.161909046685	0.79205083518
0.34140625		0.161410229179	0.791439844613
0.34171875		0.160910584314	0.790826418397
0.34203125		0.160410107137	0.790210535586
0.34234375		0.159908792628	0.789592174952
0.34265625		0.159406635706	0.788971314981
0.34296875		0.158903631243	0.788347933869
0.34328125		0.158399774074	0.787722009514
0.34359375		0.157895058995	0.787093519515
0.34390625		0.157389480742	0.786462441162
0.34421875		0.156883033962	0.785828751431
0.34453125		0.1563757132	0.78519242698
0.34484375		0.155867512936	0.784553444143
0.34515625		0.155358427623	0.783911778921
0.34546875		0.154848451667	0.78326740698
0.34578125		0.154337579413	0.782620303641
0.34609375		0.153825805137	0.781970443874
0.34640625		0.153313123036	0.781317802293
0.34671875		0.152799527232	0.780662353146
0.34703125		0.152285011782	0.780004070311
0.34734375		0.151769570686	0.779342927287
0.34765625		0.151253197887	0.778678897188
0.34796875		0.15073588724	0.778011952733
0.34828125		0.150217632489	0.777342066239
0.34859375		0.149698427291	0.776669209614
0.34890625		0.149178265248	0.775993354351
0.34921875		0.148657139905	0.775314471513
0.34953125		0.148135044749	0.774632531731
0.34984375		0.147611973184	0.773947505189
0.35015625		0.147087918519	0.77325936162
0.35046875		0.146562873958	0.772568070295
0.35078125		0.146036832612	0.771873600012
0.35109375		0.145509787517	0.771175919088
0.35140625		0.144981731632	0.770474995346
0.35171875		0.144452657827	0.76977079611
0.35203125		0.143922558873	0.76906328819
0.35234375		0.143391427436	0.768352437869
0.35265625		0.142859256079	0.767638210899
0.35296875		0.142326037277	0.766920572483
0.35328125		0.141791763431	0.766199487267
0.35359375		0.141256426854	0.765474919324
0.35390625		0.140720019749	0.764746832144
0.35421875		0.140182534195	0.764015188623
0.35453125		0.139643962142	0.763279951043
0.35484375		0.139104295433	0.762541081068
0.35515625		0.138563525815	0.76179853972
0.35546875		0.138021644936	0.761052287373
0.35578125		0.13747864433	0.760302283733
0.35609375		0.136934515409	0.759548487824
0.35640625		0.136389249453	0.758790857973
0.35671875		0.135842837614	0.758029351793
0.35703125		0.135295270929	0.757263926167
0.35734375		0.134746540326	0.756494537232
0.35765625		0.134196636611	0.755721140357
0.35796875		0.133645550448	0.75494369013
0.35828125		0.133093272341	0.754162140335
0.35859375		0.132539792636	0.753376443938
0.35890625		0.13198510155	0.752586553061
0.35921875		0.131429189178	0.751792418967
0.35953125		0.130872045486	0.750993992033
0.35984375		0.13031366029	0.750191221735
0.36015625		0.129754023234	0.749384056619
0.36046875		0.129193123792	0.748572444283
0.36078125		0.128630951278	0.747756331351
0.36109375		0.128067494853	0.746935663446
0.36140625		0.127502743522	0.74611038517
0.36171875		0.126936686121	0.745280440072
0.36203125		0.126369311305	0.744445770625
0.36234375		0.12580060753	0.743606318195
0.36265625		0.125230563066	0.742762023016
0.36296875		0.124659165998	0.741912824155
0.36328125		0.12408640424	0.741058659484
0.36359375		0.123512265532	0.74019946565
0.36390625		0.122936737409	0.739335178036
0.36421875		0.122359807181	0.738465730734
0.36453125		0.121781461929	0.737591056503
0.36484375		0.121201688522	0.736711086737
0.36515625		0.120620473616	0.735825751425
0.36546875		0.120037803661	0.734934979114
0.36578125		0.119453664881	0.734038696866
0.36609375		0.118868043253	0.733136830216
0.36640625		0.118280924498	0.732229303131
0.36671875		0.117692294082	0.73131603796
0.36703125		0.117102137221	0.730396955395
0.36734375		0.116510438892	0.729471974414
0.36765625		0.115917183816	0.728541012237
0.36796875		0.11532235643	0.72760398427
0.36828125		0.114725940873	0.726660804054
0.36859375		0.114127920981	0.725711383205
0.36890625		0.113528280299	0.724755631359
0.36921875		0.112927002074	0.723793456111
0.36953125		0.112324069257	0.722824762951
0.36984375		0.111719464484	0.721849455197
0.37015625		0.111113170053	0.720867433932
0.37046875		0.11050516791	0.719878597928
0.37078125		0.109895439643	0.718882843574
0.37109375		0.109283966493	0.717880064804
0.37140625		0.108670729347	0.716870153009
0.37171875		0.108055708723	0.715852996961
0.37203125		0.107438884745	0.714828482725
0.37234375		0.106820237118	0.713796493566
0.37265625		0.106199745127	0.712756909859
0.37296875		0.105577387635	0.71170960899
0.37328125		0.10495314308	0.710654465251
0.37359375		0.104326989472	0.709591349741
0.37390625		0.103698904359	0.708520130247
0.37421875		0.1030688648	0.70744067113
0.37453125		0.102436847345	0.706352833209
0.37484375		0.101802828037	0.705256473627
0.37515625		0.101166782401	0.704151445723
0.37546875		0.100528685439	0.703037598895
0.37578125		0.0998885116027	0.701914778448
0.37609375		0.0992462347679	0.700782825451
0.37640625		0.0986018282047	0.699641576573
0.37671875		0.0979552645603	0.698490863918
0.37703125		0.0973065158507	0.69733051485
0.37734375		0.0966555534527	0.696160351812
0.37765625		0.0960023480845	0.694980192131
0.37796875		0.095346869768	0.693789847821
0.37828125		0.0946890877891	0.692589125365
0.37859375		0.0940289706714	0.691377825499
0.37890625		0.0933664861608	0.690155742978
0.37921875		0.0927016012116	0.688922666325
0.37953125		0.0920342819624	0.687678377577
0.37984375		0.0913644936983	0.686422652013
0.38015625		0.0906922008086	0.685155257864
0.38046875		0.0900173667481	0.683875956013
0.38078125		0.0893399540045	0.682584499677
0.38109375		0.088659924069	0.681280634066
0.38140625		0.0879772374091	0.679964096034
0.38171875		0.0872918534301	0.678634613699
0.38203125		0.0866037304233	0.677291906048
0.38234375		0.0859128255126	0.675935682515
0.38265625		0.0852190946036	0.674565642538
0.38296875		0.0845224923381	0.673181475089
0.38328125		0.0838229720548	0.671782858172
0.38359375		0.0831204857433	0.670369458295
0.38390625		0.0824149839815	0.668940929906
0.38421875		0.0817064158622	0.667496914798
0.38453125		0.0809947289233	0.666037041469
0.38484375		0.080279869081	0.664560924451
0.38515625		0.0795617805655	0.663068163584
0.38546875		0.0788404058538	0.661558343255
0.38578125		0.0781156855901	0.660031031573
0.38609375		0.0773875584938	0.658485779499
0.38640625		0.0766559612604	0.656922119906
0.38671875		0.0759208284617	0.655339566585
0.38703125		0.0751820924476	0.653737613172
0.38734375		0.0744396832452	0.652115732001
0.38765625		0.0736935284489	0.650473372873
0.38796875		0.0729435530944	0.648809961734
0.38828125		0.0721896795191	0.647124899255
0.38859375		0.0714318272144	0.645417559301
0.38890625		0.0706699126736	0.643687287284
0.38921875		0.0699038492383	0.641933398384
0.38953125		0.0691335469328	0.640155175629
0.38984375		0.068358912281	0.638351867821
0.39015625		0.0675798481034	0.63652268728
0.39046875		0.0667962532963	0.634666807415
0.39078125		0.0660080225971	0.63278336007
0.39109375		0.065215046339	0.630871432646
0.39140625		0.0644172101904	0.628930064971
0.39171875		0.0636143948713	0.626958245875
0.39203125		0.062806475839	0.624954909461
0.39234375		0.0619933229433	0.622918931017
0.39265625		0.0611748000539	0.620849122539
0.39296875		0.0603507646594	0.618744227814
0.39328125		0.0595210674356	0.616602917012
0.39359375		0.058685551776	0.61442378073
0.39390625		0.0578440532764	0.612205323405
0.39421875		0.0569963991639	0.609945956038
0.39453125		0.0561424076693	0.607643988112
0.39484375		0.0552818873395	0.605297618624
0.39515625		0.0544146362841	0.602904926077
0.39546875		0.0535404413484	0.600463857315
0.39578125		0.0526590771967	0.597972215018
0.39609375		0.0517703052927	0.595427643659
0.39640625		0.0508738727628	0.592827613692
0.39671875		0.0499695111285	0.590169403697
0.39703125		0.049056934891	0.587450080149
0.39734375		0.0481358399497	0.584666474424
0.39765625		0.0472059018248	0.581815156571
0.39796875		0.0462667736511	0.578892405283
0.39828125		0.0453180839025	0.575894173386
0.39859375		0.044359433805	0.572816048005
0.39890625		0.0433903943861	0.569653204398
0.39921875		0.0424105031002	0.566400352181
0.39953125		0.0414192599467	0.563051672406
0.39984375		0.040416122984	0.559600743514
0.40015625		0.0394005031154	0.556040453719
0.40046875		0.0383717579988	0.552362896696
0.40078125		0.0373291848918	0.548559246578
0.40109375		0.0362720121968	0.544619607112
0.40140625		0.0351993894061	0.540532828225
0.40171875		0.0341103750478	0.536286281113
0.40203125		0.0330039221163	0.531865579942
0.40234375		0.0318788603212	0.5272542341
0.40265625		0.0307338742572	0.522433209019
0.40296875		0.0295674762485	0.517380364803
0.40328125		0.0283779721557	0.512069728918
0.40359375		0.0271634177848	0.506470539963
0.40390625		0.0259215625487	0.500545969701
0.40421875		0.0246497754887	0.4942513832
0.40453125		0.0233449462543	0.487531918946
0.40484375		0.0220033498332	0.480319039948
0.40515625		0.0206204571854	0.472525477902
0.40546875		0.019190661131	0.464037561943
0.40578125		0.0177068638172	0.454703086586
0.40609375		0.0161598290072	0.444311149585
0.40640625		0.0145371203591	0.432556577146
0.40671875		0.0128212806139	0.418972362142
0.40703125		0.0109863612894	0.402786655351
0.40734375		0.00898998397656	0.382565259439
0.40765625		0.00675469863595	0.355118318081
0.40796875		0.0041676558548	0.312758240707
0.40828125		0.00162827812532	0.243061320483
0.40859375		1.89988950123e-05	0.0713883150002
0.40890625		4.72371792428e-09	0.0101958275385
0.40921875		4.11317060768e-09	0.0100000059041
0.40953125		4.11315252425e-09	0.0100000000002
0.40984375		4.11315252376e-09	0.01
0.41015625		4.11315252376e-09	0.01
0.41046875		4.11315252376e-09	0.01
0.41078125		4.11315252376e-09	0.01
0.41109375		4.11315252376e-09	0.01
0.41140625		4.11315252376e-09	0.01
0.41171875		4.11315252376e-09	0.01
0.41203125		4.11315252376e-09	0.01
0.41234375		4.11315252376e-09	0.01
0.41265625		4.11315252376e-09	0.01
0.41296875		4.11315252376e-09	0.01
0.41328125		4.11315252376e-09	0.01
0.41359375		4.11315252376e-09	0.01
0.41390625		4.11315252376e-09	0.01
0.41421875		4.11315252376e-09	0.01
0.41453125		4.11315252376e-09	0.01
0.41484375		4.11315252376e-09	0.01
0.41515625		4.11315252376e-09	0.01
0.41546875		4.11315252376e-09	0.01
0.41578125		4.11315252376e-09	0.01
0.41609375		4.11315252376e-09	0.01
0.41640625		4.11315252376e-09	0.01
0.41671875		4.11315252376e-09	0.01
0.41703125		4.11315252376e-09	0.01
0.41734375		4.11315252376e-09	0.01
0.41765625		4.11315252376e-09	0.01
0.41796875		4.11315252376e-09	0.01
0.41828125		4.11315252376e-09	0.01
0.41859375		4.11315252376e-09	0.01
0.41890625		4.11315252376e-09	0.01
0.41921875		4.11315252376e-09	0.01
0.41953125		4.11315252376e-09	0.01
0.41984375		4.11315252376e-09	0.01
0.42015625		4.11315252376e-09	0.01
0.42046875		4.11315252376e-09	0.01
0.42078125		4.11315252376e-09	0.01
0.42109375		4.11315252376e-09	0.01
0.42140625		4.11315252376e-09	0.01
0.42171875		4.11315252376e-09	0.01
0.42203125		4.11315252376e-09	0.01
0.42234375		4.11315252376e-09	0.01
0.42265625		4.11315252376e-09	0.01
0.42296875		4.11315252376e-09	0.01
0.42328125		4.11315252376e-09	0.01
0.42359375		4.11315252376e-09	0.01
0.42390625		4.11315252376e-09	0.01
0.42421875		4.11315252376e-09	0.01
0.42453125		4.11315252376e-09	0.01
0.42484375		4.11315252376e-09	0.01
0.42515625		4.11315252376e-09	0.01
0.42546875		4.11315252376e-09	0.01
0.42578125		4.11315252376e-09	0.01
0.42609375		4.11315252376e-09	0.01
0.42640625		4.11315252376e-09	0.01
0.42671875		4.11315252376e-09	0.01
0.42703125		4.11315252376e-09	0.01
0.42734375		4.11315252376e-09	0.01
0.42765625		4.11315252376e-09	0.01
0.42796875		4.11315252376e-09	0.01
0.42828125		4.11315252376e-09	0.01
0.42859375		4.11315252376e-09	0.01
0.42890625		4.11315252376e-09	0.01
0.42921875		4.11315252376e-09	0.01
0.42953125		4.11315252376e-09	0.01
0.42984375		4.11315252376e-09	0.01
0.43015625		4.11315252376e-09	0.01
0.43046875		4.11315252376e-09	0.01
0.43078125		4.11315252376e-09	0.01
0.43109375		4.11315252376e-09	0.01
0.43140625		4.11315252376e-09	0.01
0.43171875		4.11315252376e-09	0.01
0.43203125		4.11315252376e-09	0.01
0.43234375		4.11315252376e-09	0.01
0.43265625		4.11315252376e-09	0.01
0.43296875		4.11315252376e-09	0.01
0.43328125		4.11315252376e-09	0.01
0.43359375		4.11315252376e-09	0.01
0.43390625		4.11315252376e-09	0.01
0.43421875		4.11315252376e-09	0.01
0.43453125		4.11315252376e-09	0.01
0.43484375		4.11315252376e-09	0.01
0.43515625		4.11315252376e-09	0.01
0.43546875		4.11315252376e-09	0.01
0.43578125		4.11315252376e-09	0.01
0.43609375		4.11315252376e-09	0.01
0.43640625		4.11315252376e-09	0.01
0.43671875		4.11315252376e-09	0.01
0.43703125		4.11315252376e-09	0.01
0.43734375		4.11315252376e-09	0.01
0.43765625		4.11315252376e-09	0.01
0.43796875		4.11315252376e-09	0.01
0.43828125		4.11315252376e-09	0.01
0.43859375		4.11315252376e-09	0.01
0.43890625		4.11315252376e-09	0.01
0.43921875		4.11315252376e-09	0.01
0.43953125		4.11315252376e-09	0.01
0.43984375		4.11315252376e-09	0.01
0.44015625		4.11315252376e-09	0.01
0.44046875		4.11315252376e-09	0.01
0.44078125		4.11315252376e-09	0.01
0.44109375		4.11315252376e-09	0.01
0.44140625		4.11315252376e-09	0.01
0.44171875		4.11315252376e-09	0.01
0.44203125		4.11315252376e-09	0.01
0.44234375		4.11315252376e-09	0.01
0.44265625		4.11315252376e-09	0.01
0.44296875		4.11315252376e-09	0.01
0.44328125		4.11315252376e-09	0.01
0.44359375		4.11315252376e-09	0.01
0.44390625		4.11315252376e-09	0.01
0.44421875		4.11315252376e-09	0.01
0.44453125		4.11315252376e-09	0.01
0.44484375		4.11315252376e-09	0.01
0.44515625		4.11315252376e-09	0.01
0.44546875		4.11315252376e-09	0.01
0.44578125		4.11315252376e-09	0.01
0.44609375		4.11315252376e-09	0.01
0.44640625		4.11315252376e-09	0.01
0.44671875		4.11315252376e-09	0.01
0.44703125		4.11315252376e-09	0.01
0.44734375		4.11315252376e-09	0.01
0.44765625		4.11315252376e-09	0.01
0.44796875		4.11315252376e-09	0.01
0.44828125		4.11315252376e-09	0.01
0.44859375		4.11315252376e-09	0.01
0.44890625		4.11315252376e-09	0.01
0.44921875		4.11315252376e-09	0.01
0.44953125		4.11315252376e-09	0.01
0.44984375		4.11315252376e-09	0.01
0.45015625		4.11315252376e-09	0.01
0.45046875		4.11315252376e-09	0.01
0.45078125		4.11315252376e-09	0.01
0.45109375		4.11315252376e-09	0.01
0.45140625		4.11315252376e-09	0.01
0.45171875		4.11315252376e-09	0.01
0.45203125		4.11315252376e-09	0.01
0.45234375		4.11315252376e-09	0.01
0.45265625		4.11315252376e-09	0.01
0.45296875		4.11315252376e-09	0.01
0.45328125		4.11315252376e-09	0.01
0.45359375		4.11315252376e-09	0.01
0.45390625		4.11315252376e-09	0.01
0.45421875		4.11315252376e-09	0.01
0.45453125		4.11315252376e-09	0.01
0.45484375		4.11315252376e-09	0.01
0.45515625		4.11315252376e-09	0.01
0.45546875		4.11315252376e-09	0.01
0.45578125		4.11315252376e-09	0.01
0.45609375		4.11315252376e-09	0.01
0.45640625		4.11315252376e-09	0.01
0.45671875		4.11315252376e-09	0.01
0.45703125		4.11315252376e-09	0.01
0.45734375		4.11315252376e-09	0.01
0.45765625		4.11315252376e-09	0.01
0.45796875		4.11315252376e-09	0.01
0.45828125		4.11315252376e-09	0.01
0.45859375		4.11315252376e-09	0.01
0.45890625		4.11315252376e-09	0.01
0.45921875		4.11315252376e-09	0.01
0.45953125		4.11315252376e-09	0.01
0.45984375		4.11315252376e-09	0.01
0.46015625		4.11315252376e-09	0.01
0.46046875		4.11315252376e-09	0.01
0.46078125		4.11315252376e-09	0.01
0.46109375		4.11315252376e-09	0.01
0.46140625		4.11315252376e-09	0.01
0.46171875		4.11315252376e-09	0.01
0.46203125		4.11315252376e-09	0.01
0.46234375		4.11315252376e-09	0.01
0.46265625		4.11315252376e-09	0.01
0.46296875		4.11315252376e-09	0.01
0.46328125		4.11315252376e-09	0.01
0.46359375		4.11315252376e-09	0.01
0.46390625		4.11315252376e-09	0.01
0.46421875		4.11315252376e-09	0.01
0.46453125		4.11315252376e-09	0.01
0.46484375		4.11315252376e-09	0.01
0.46515625		4.11315252376e-09	0.01
0.46546875		4.11315252376e-09	0.01
0.46578125		4.11315252376e-09	0.01
0.46609375		4.11315252376e-09	0.01
0.46640625		4.11315252376e-09	0.01
0.46671875		4.11315252376e-09	0.01
0.46703125		4.11315252376e-09	0.01
0.46734375		4.11315252376e-09	0.01
0.46765625		4.11315252376e-09	0.01
0.46796875		4.11315252376e-09	0.01
0.46828125		4.11315252376e-09	0.01
0.46859375		4.11315252376e-09	0.01
0.46890625		4.11315252376e-09	0.01
0.46921875		4.11315252376e-09	0.01
0.46953125		4.11315252376e-09	0.01
0.46984375		4.11315252376e-09	0.01
0.47015625		4.11315252376e-09	0.01
0.47046875		4.11315252376e-09	0.01
0.47078125		4.11315252376e-09	0.01
0.47109375		4.11315252376e-09	0.01
0.47140625		4.11315252376e-09	0.01
0.47171875		4.11315252376e-09	0.01
0.47203125		4.11315252376e-09	0.01
0.47234375		4.11315252376e-09	0.01
0.47265625		4.11315252376e-09	0.01
0.47296875		4.11315252376e-09	0.01
0.47328125		4.11315252376e-09	0.01
0.47359375		4.11315252376e-09	0.01
0.47390625		4.11315252376e-09	0.01
0.47421875		4.11315252376e-09	0.01
0.47453125		4.11315252376e-09	0.01
0.47484375		4.11315252376e-09	0.01
0.47515625		4.11315252376e-09	0.01
0.47546875		4.11315252376e-09	0.01
0.47578125		4.11315252376e-09	0.01
0.47609375		4.11315252376e-09	0.01
0.47640625		4.11315252376e-09	0.01
0.47671875		4.11315252376e-09	0.01
0.47703125		4.11315252376e-09	0.01
0.47734375		4.11315252376e-09	0.01
0.47765625		4.11315252376e-09	0.01
0.47796875		4.11315252376e-09	0.01
0.47828125		4.11315252376e-09	0.01
0.47859375		4.11315252376e-09	0.01
0.47890625		4.11315252376e-09	0.01
0.47921875		4.11315252376e-09	0.01
0.47953125		4.11315252376e-09	0.01
0.47984375		4.11315252376e-09	0.01
0.48015625		4.11315252376e-09	0.01
0.48046875		4.11315252376e-09	0.01
0.48078125		4.11315252376e-09	0.01
0.48109375		4.11315252376e-09	0.01
0.48140625		4.11315252376e-09	0.01
0.48171875		4.11315252376e-09	0.01
0.48203125		4.11315252376e-09	0.01
0.48234375		4.11315252376e-09	0.01
0.48265625		4.11315252376e-09	0.01
0.48296875		4.11315252376e-09	0.01
0.48328125		4.11315252376e-09	0.01
0.48359375		4.11315252376e-09	0.01
0.48390625		4.11315252376e-09	0.01
0.48421875		4.11315252376e-09	0.01
0.48453125		4.11315252376e-09	0.01
0.48484375		4.11315252376e-09	0.01
0.48515625		4.11315252376e-09	0.01
0.48546875		4.11315252376e-09	0.01
0.48578125		4.11315252376e-09	0.01
0.48609375		4.11315252376e-09	0.01
0.48640625		4.11315252376e-09	0.01
0.48671875		4.11315252376e-09	0.01
0.48703125		4.11315252376e-09	0.01
0.48734375		4.11315252376e-09	0.01
0.48765625		4.11315252376e-09	0.01
0.48796875		4.11315252376e-09	0.01
0.48828125		4.11315252376e-09	0.01
0.48859375		4.11315252376e-09	0.01
0.48890625		4.11315252376e-09	0.01
0.48921875		4.11315252376e-09	0.01
0.48953125		4.11315252376e-09	0.01
0.48984375		4.11315252376e-09	0.01
0.49015625		4.11315252376e-09	0.01
0.49046875		4.11315252376e-09	0.01
0.49078125		4.11315252376e-09	0.01
0.49109375		4.11315252376e-09	0.01
0.49140625		4.11315252376e-09	0.01
0.49171875		4.11315252376e-09	0.01
0.49203125		4.11315252376e-09	0.01
0.49234375		4.11315252376e-09	0.01
0.49265625		4.11315252376e-09	0.01
0.49296875		4.11315252376e-09	0.01
0.49328125		4.11315252376e-09	0.01
0.49359375		4.11315252376e-09	0.01
0.49390625		4.11315252376e-09	0.01
0.49421875		4.11315252376e-09	0.01
0.49453125		4.11315252376e-09	0.01
0.49484375		4.11315252376e-09	0.01
0.49515625		4.11315252376e-09	0.01
0.49546875		4.11315252376e-09	0.01
0.49578125		4.11315252376e-09	0.01
0.49609375		4.11315252376e-09	0.01
0.49640625		4.11315252376e-09	0.01
0.49671875		4.11315252376e-09	0.01
0.49703125		4.11315252376e-09	0.01
0.49734375		4.11315252376e-09	0.01
0.49765625		4.11315252376e-09	0.01
0.49796875		4.11315252376e-09	0.01
0.49828125		4.11315252376e-09	0.01
0.49859375		4.11315252376e-09	0.01
0.49890625		4.11315252376e-09	0.01
0.49921875		4.11315252376e-09	0.01
0.49953125		4.11315252376e-09	0.01
0.49984375		4.11315252376e-09	0.01
