0.00015625		0.379250366915	0.979852704233
0.00046875		0.37841514828	0.979309778944
0.00078125		0.377249942411	0.978553101331
0.00109375		0.376140177428	0.977830221495
0.00140625		0.37521888425	0.977228746239
0.00171875		0.374383792758	0.976682668751
0.00203125		0.373580101268	0.976156337002
0.00234375		0.372784723752	0.975634632318
0.00265625		0.371991503029	0.97511358768
0.00296875		0.371201871258	0.974593948979
0.00328125		0.370419327385	0.97407811145
0.00359375		0.369644935633	0.973566850158
0.00390625		0.36887892139	0.973060343545
0.00421875		0.368121124399	0.972558492595
0.00453125		0.36737123654	0.972061063719
0.00484375		0.366628839752	0.971567792474
0.00515625		0.365893546039	0.971078423247
0.00546875		0.365164872736	0.970592692515
0.00578125		0.364442263677	0.970110325851
0.00609375		0.363725188475	0.969631055983
0.00640625		0.363013267978	0.969154644065
0.00671875		0.362306203351	0.968680867206
0.00703125		0.361603730323	0.968209502155
0.00734375		0.360905722279	0.967740347493
0.00765625		0.360212061465	0.967273237153
0.00796875		0.359522421923	0.96680802627
0.00828125		0.358836317774	0.966344544276
0.00859375		0.358153297628	0.965882613375
0.00890625		0.357473226034	0.965422101165
0.00921875		0.356796128078	0.964962900609
0.00953125		0.356121768292	0.964504862998
0.00984375		0.355449799698	0.964047812847
0.01015625		0.354779792128	0.96359160059
0.01046875		0.354111572963	0.963136135438
0.01078125		0.35344524507	0.962681354301
0.01109375		0.352781242965	0.962227184536
0.01140625		0.35211929815	0.961773536501
0.01171875		0.351459070278	0.961320309202
0.01203125		0.350800274152	0.960867404126
0.01234375		0.350142639614	0.960414743387
0.01265625		0.349485811672	0.959962276649
0.01296875		0.348829620925	0.959509970861
0.01328125		0.348174287794	0.959057785045
0.01359375		0.347520300055	0.958605634637
0.01390625		0.34686748964	0.958153396797
0.01421875		0.346215711498	0.957700986892
0.01453125		0.345564810973	0.957248388188
0.01484375		0.344914540848	0.956795596894
0.01515625		0.344264595916	0.956342579038
0.01546875		0.343614736858	0.955889277975
0.01578125		0.342964906992	0.955435630259
0.01609375		0.342315760804	0.954981573246
0.01640625		0.341667149731	0.954527051131
0.01671875		0.341018758723	0.954072025938
0.01703125		0.340370459826	0.953616475455
0.01734375		0.33972225143	0.95316037913
0.01765625		0.339074274344	0.952703712597
0.01796875		0.338426540458	0.952246449699
0.01828125		0.337778992007	0.951788565857
0.01859375		0.337131518834	0.95133003804
0.01890625		0.336483972189	0.950870841659
0.01921875		0.335836144288	0.95041094872
0.01953125		0.335187786198	0.949950333093
0.01984375		0.3345389205	0.949488973817
0.02015625		0.333890297438	0.949026849868
0.02046875		0.333242026702	0.948563937489
0.02078125		0.332594025065	0.948100212774
0.02109375		0.331946069462	0.947635653751
0.02140625		0.331298013945	0.947170240911
0.02171875		0.330649590592	0.946703953611
0.02203125		0.330000358535	0.946236770784
0.02234375		0.329349906143	0.945768674173
0.02265625		0.32869833469	0.94529964891
0.02296875		0.328046940155	0.944829679909
0.02328125		0.327395972739	0.944358747828
0.02359375		0.326745238792	0.943886832748
0.02390625		0.326094734786	0.94341391808
0.02421875		0.325444077241	0.942939990096
0.02453125		0.324792829467	0.942465034507
0.02484375		0.324140507505	0.941989034176
0.02515625		0.323486727231	0.941511972406
0.02546875		0.322831427423	0.941033837151
0.02578125		0.322175736943	0.940554618852
0.02609375		0.321520390471	0.940074304136
0.02640625		0.3208651785	0.939592876082
0.02671875		0.320210050854	0.939110317582
0.02703125		0.319555123492	0.938626615414
0.02734375		0.318899906611	0.938141759411
0.02765625		0.318243663242	0.937655738209
0.02796875		0.317585774803	0.937168537764
0.02828125		0.316926109459	0.936680143893
0.02859375		0.316265158683	0.936190546386
0.02890625		0.315604287623	0.935699736744
0.02921875		0.314943320167	0.93520770404
0.02953125		0.314282380143	0.934714433474
0.02984375		0.313621722381	0.934219909325
0.03015625		0.312961259654	0.933724118226
0.03046875		0.31230034052	0.933227050851
0.03078125		0.311637962181	0.932728697241
0.03109375		0.31097345058	0.932229044896
0.03140625		0.310306946567	0.931728079909
0.03171875		0.309639370895	0.931225791972
0.03203125		0.308971999857	0.93072217224
0.03234375		0.308304620691	0.930217210225
0.03265625		0.30763738419	0.929710889976
0.03296875		0.306970769064	0.929203194549
0.03328125		0.30630402496	0.928694109944
0.03359375		0.305636326895	0.92818362729
0.03390625		0.304966491376	0.927671736846
0.03421875		0.304294119877	0.927158426015
0.03453125		0.30361963762	0.926643681252
0.03484375		0.30294492693	0.926127492654
0.03515625		0.302270464185	0.925609850678
0.03546875		0.301596272049	0.925090743336
0.03578125		0.300922444014	0.924570154127
0.03609375		0.300248900737	0.924048066356
0.03640625		0.299574814213	0.923524467884
0.03671875		0.298898930078	0.922999350652
0.03703125		0.298220281988	0.92247270461
0.03734375		0.297538851756	0.921944517445
0.03765625		0.296856160291	0.92141477687
0.03796875		0.296174107756	0.92088347142
0.03828125		0.295492187671	0.920350590428
0.03859375		0.29481043002	0.919816119595
0.03890625		0.294129208198	0.919280041545
0.03921875		0.293447786499	0.918742340148
0.03953125		0.292765216963	0.918203004201
0.03984375		0.292079983479	0.91766202471
0.04015625		0.291391460053	0.917119391162
0.04046875		0.290700644473	0.916575090674
0.04078125		0.290010049601	0.916029110725
0.04109375		0.289319753883	0.915481438226
0.04140625		0.288629683449	0.914932061171
0.04171875		0.287939793133	0.914380962925
0.04203125		0.287250301664	0.913828126027
0.04234375		0.286560281029	0.913273534499
0.04265625		0.285868300111	0.912717176938
0.04296875		0.285172891183	0.912159043036
0.04328125		0.284473862765	0.91159912147
0.04359375		0.283773701761	0.91103739887
0.04390625		0.283074434083	0.910473860067
0.04421875		0.282375126661	0.909908490987
0.04453125		0.281676086945	0.909341276514
0.04484375		0.28097752917	0.908772199311
0.04515625		0.280279087766	0.908201240004
0.04546875		0.2795796947	0.90762838355
0.04578125		0.278877463387	0.907053616465
0.04609375		0.278171032584	0.906476928737
0.04640625		0.277461230789	0.905898307425
0.04671875		0.276751500921	0.905317738687
0.04703125		0.276042521599	0.904735204496
0.04734375		0.275333502276	0.904150689322
0.04765625		0.274624745386	0.9035641755
0.04796875		0.273916609497	0.902975644538
0.04828125		0.27320842814	0.902385076353
0.04859375		0.272498975259	0.901792454107
0.04890625		0.271785986554	0.901197764056
0.04921875		0.271068190535	0.900600994716
0.04953125		0.27034722428	0.90000213346
0.04984375		0.2696271685	0.899401162683
0.05015625		0.268907726732	0.898798063052
0.05046875		0.268188182387	0.898192815372
0.05078125		0.267468873539	0.897585402277
0.05109375		0.266750117521	0.896975801197
0.05140625		0.266031345977	0.896363991718
0.05171875		0.265311226583	0.895749953798
0.05203125		0.264587152572	0.895133672881
0.05234375		0.263857723317	0.894515135945
0.05265625		0.263124986355	0.893894328614
0.05296875		0.262393704256	0.893271232323
0.05328125		0.26166308618	0.892645822937
0.05359375		0.260932206171	0.892018082386
0.05390625		0.260201480968	0.891387988779
0.05421875		0.259471107874	0.890755520867
0.05453125		0.258740792908	0.890120653125
0.05484375		0.258009210321	0.889483364348
0.05515625		0.257273679836	0.888843636471
0.05546875		0.256532340102	0.88820145562
0.05578125		0.25578732447	0.887556807351
0.05609375		0.255043928476	0.8869096681
0.05640625		0.254301324811	0.886260012987
0.05671875		0.253558441593	0.88560781787
0.05703125		0.252815438474	0.884953063316
0.05734375		0.252072391869	0.884295722478
0.05765625		0.251329435622	0.883635769827
0.05796875		0.250585272849	0.882973178984
0.05828125		0.249837416999	0.882307930869
0.05859375		0.249083794042	0.881640009758
0.05890625		0.248326177879	0.880969397241
0.05921875		0.247569870743	0.880296069005
0.05953125		0.246814397068	0.879619993648
0.05984375		0.246058745807	0.87894114847
0.06015625		0.245302661118	0.878259507234
0.06046875		0.244546022627	0.87757504484
0.06078125		0.243789434498	0.876887728431
0.06109375		0.243031684372	0.876197531077
0.06140625		0.242270546797	0.87550442914
0.06171875		0.241503907004	0.874808404101
0.06203125		0.240733095059	0.874109434645
0.06234375		0.239963056954	0.873407490985
0.06265625		0.239193849129	0.872702540929
0.06296875		0.238424493246	0.871994555247
0.06328125		0.237654537299	0.871283508991
0.06359375		0.236883634836	0.8705693694
0.06390625		0.236112469184	0.869852103022
0.06421875		0.235340087566	0.869131676106
0.06453125		0.234564555589	0.868408063947
0.06484375		0.233783949405	0.867681242802
0.06515625		0.232999055536	0.866951186972
0.06546875		0.232214354244	0.866217861398
0.06578125		0.231430474075	0.865481230179
0.06609375		0.230646454599	0.864741261539
0.06640625		0.229861659657	0.863997925206
0.06671875		0.229075606797	0.86325118448
0.06703125		0.228288923465	0.862501000213
0.06734375		0.227500934021	0.861747335592
0.06765625		0.226710038901	0.860990160882
0.06796875		0.225914474897	0.860229447369
0.06828125		0.225114501248	0.859465162049
0.06859375		0.224313987839	0.858697266925
0.06890625		0.22351426808	0.857925720906
0.06921875		0.222714431936	0.857150489171
0.06953125		0.221913698191	0.856371532812
0.06984375		0.22111137667	0.855588810737
0.07015625		0.220308066241	0.854802276571
0.07046875		0.219503400506	0.854011891176
0.07078125		0.218696184331	0.853217617485
0.07109375		0.217884740736	0.85241942022
0.07140625		0.217068758145	0.851617258694
0.07171875		0.21625108318	0.850811089501
0.07203125		0.215434055116	0.850000868829
0.07234375		0.214617036124	0.849186552676
0.07265625		0.21379915671	0.848368096053
0.07296875		0.212979428336	0.847545448537
0.07328125		0.212158274903	0.846718560586
0.07359375		0.211335662644	0.845887384953
0.07390625		0.210510781124	0.845051878657
0.07421875		0.209682054493	0.84421199513
0.07453125		0.208849046457	0.843367686582
0.07484375		0.208013126402	0.842518901899
0.07515625		0.20717725113	0.841665592354
0.07546875		0.206341527328	0.840807705192
0.07578125		0.205505120081	0.839945185546
0.07609375		0.204666745311	0.839077974532
0.07640625		0.203826485731	0.838206014058
0.07671875		0.202984534595	0.837329250001
0.07703125		0.202140353813	0.836447627684
0.07734375		0.201292645153	0.835561091603
0.07765625		0.200440883874	0.834669582321
0.07796875		0.199585646009	0.833773041537
0.07828125		0.198729465332	0.832871409778
0.07859375		0.197873438316	0.831964625
0.07890625		0.197016865935	0.831052619594
0.07921875		0.196158317048	0.830135324415
0.07953125		0.195297472061	0.82921267085
0.07984375		0.19443462866	0.82828459306
0.08015625		0.193569420141	0.827351024454
0.08046875		0.192700796087	0.826411896239
0.08078125		0.191828275714	0.825467138073
0.08109375		0.190952163683	0.824516677919
0.08140625		0.190074261874	0.823560445163
0.08171875		0.189196051687	0.822598363109
0.08203125		0.188317369337	0.82163035108
0.08234375		0.187436764964	0.820656325276
0.08265625		0.186553596205	0.819676203606
0.08296875		0.185668074791	0.818689904502
0.08328125		0.184779884383	0.817697345147
0.08359375		0.183888219997	0.816698440751
0.08390625		0.182992736055	0.815693104818
0.08421875		0.182093716856	0.814681249123
0.08453125		0.181192256282	0.813662784133
0.08484375		0.180289921793	0.812637615683
0.08515625		0.17938690309	0.811605644964
0.08546875		0.178481988649	0.810566770457
0.08578125		0.177574325878	0.809520890347
0.08609375		0.176663963981	0.808467902228
0.08640625		0.175750556891	0.807407702173
0.08671875		0.174833445768	0.806340185202
0.08703125		0.17391246962	0.80526524406
0.08734375		0.172987974546	0.804182767796
0.08765625		0.172060629966	0.803092641749
0.08796875		0.171131893112	0.801994747953
0.08828125		0.170202077064	0.800888964212
0.08859375		0.169270194981	0.799775164644
0.08890625		0.168335346851	0.798653220498
0.08921875		0.167397431899	0.797523000878
0.08953125		0.166456069745	0.796384373446
0.08984375		0.165510707104	0.795237205665
0.09015625		0.164561350869	0.7940813611
0.09046875		0.163608285645	0.792916697633
0.09078125		0.162652064394	0.791743067258
0.09109375		0.161694066235	0.79056031878
0.09140625		0.160734553568	0.789368296141
0.09171875		0.159772568306	0.788166839485
0.09203125		0.158807297022	0.786955783387
0.09234375		0.157838551476	0.785734958109
0.09265625		0.156865829448	0.784504191753
0.09296875		0.155888782269	0.783263311332
0.09328125		0.154907539628	0.78201213967
0.09359375		0.153922250075	0.780750490884
0.09390625		0.152933492111	0.779478171087
0.09421875		0.151942615132	0.778194979807
0.09453125		0.150949738416	0.77690071305
0.09484375		0.149953839053	0.775595161206
0.09515625		0.148954216896	0.774278107364
0.09546875		0.147950551919	0.772949325714
0.09578125		0.146942279631	0.771608587182
0.09609375		0.145929296874	0.770255659301
0.09640625		0.144911757554	0.768890304532
0.09671875		0.143889710295	0.767512274104
0.09703125		0.142863911925	0.766121306721
0.09734375		0.141835605214	0.764717130586
0.09765625		0.140804651641	0.763299467357
0.09796875		0.139769991146	0.761868034145
0.09828125		0.138731052958	0.760422537522
0.09859375		0.137687276894	0.758962669556
0.09890625		0.136638227144	0.757488112095
0.09921875		0.135583905551	0.755998542335
0.09953125		0.134524399541	0.754493631206
0.09984375		0.133459819775	0.752973035271
0.10015625		0.132391236448	0.751436389214
0.10046875		0.131319598796	0.749883310495
0.10078125		0.13024441385	0.748313405749
0.10109375		0.129164680676	0.746726276934
0.10140625		0.128079906814	0.745121510668
0.10171875		0.12698936911	0.743498669758
0.10203125		0.12589273544	0.741857296802
0.10234375		0.124789914227	0.740196923579
0.10265625		0.123681041438	0.738517072658
0.10296875		0.1225665029	0.736817244917
0.10328125		0.121447492862	0.735096909325
0.10359375		0.120324531912	0.733355503097
0.10390625		0.119196791404	0.731592445011
0.10421875		0.118063490192	0.72980713835
0.10453125		0.116924176391	0.727998962649
0.10484375		0.115778002353	0.726167266537
0.10515625		0.114624425638	0.724311368172
0.10546875		0.113463297351	0.722430554459
0.10578125		0.112295004278	0.720524081678
0.10609375		0.11112029864	0.718591172264
0.10640625		0.109940127804	0.716631010481
0.10671875		0.108754609495	0.714642733917
0.10703125		0.107562801165	0.712625430419
0.10734375		0.106364170237	0.710578143611
0.10765625		0.105158132506	0.708499876248
0.10796875		0.10394362184	0.706389585626
0.10828125		0.102719752821	0.70424616771
0.10859375		0.101486458895	0.702068446813
0.10890625		0.100244530494	0.699855183121
0.10921875		0.0989947659891	0.697605078638
0.10953125		0.0977377829341	0.695316762804
0.10984375		0.0964733564834	0.69298876316
0.11015625		0.095200713679	0.690619500765
0.11046875		0.093919124918	0.688207312475
0.11078125		0.0926277877946	0.68575045575
0.11109375		0.0913255592466	0.683247077868
0.11140625		0.0900113585009	0.680695173332
0.11171875		0.0886850847217	0.67809257724
0.11203125		0.0873475299157	0.675436992898
0.11234375		0.0859993661015	0.672725991677
0.11265625		0.0846407085737	0.669956963226
0.11296875		0.0832713738892	0.667127050494
0.11328125		0.0818906515136	0.664233133946
0.11359375		0.0804973886608	0.661271867109
0.11390625		0.0790904468573	0.658239687036
0.11421875		0.0776686524404	0.655132742241
0.11453125		0.0762306377951	0.651946782401
0.11484375		0.0747757924162	0.648677105602
0.11515625		0.0733044971621	0.64531858184
0.11546875		0.071816998804	0.641865652424
0.11578125		0.0703131365223	0.638312207796
0.11609375		0.0687924567298	0.634651398021
0.11640625		0.0672537464846	0.630875526939
0.11671875		0.065695159694	0.62697605121
0.11703125		0.064114950875	0.622943501542
0.11734375		0.0625115843549	0.618767213218
0.11765625		0.0608833348776	0.614434971886
0.11796875		0.0592280280024	0.609932736032
0.11828125		0.0575440782678	0.605244422695
0.11859375		0.0558307034299	0.600351477618
0.11890625		0.0540867936303	0.595232120097
0.11921875		0.0523100441963	0.589860481918
0.11953125		0.0504971148546	0.584205682668
0.11984375		0.0486437845153	0.578230463407
0.12015625		0.0467451555124	0.571889071978
0.12046875		0.0447960127446	0.565124197995
0.12078125		0.042790598619	0.557862563255
0.12109375		0.0407218857492	0.55000816215
0.12140625		0.0385809875202	0.541431244417
0.12171875		0.0363561604352	0.531950578713
0.12203125		0.0340309502476	0.521306381782
0.12234375		0.0315824299608	0.509118470732
0.12265625		0.0289790539516	0.494814109488
0.12296875		0.0261760899518	0.47749265693
0.12328125		0.0231064353164	0.455664978067
0.12359375		0.0196737654785	0.426646748374
0.12390625		0.0156721093589	0.384957663922
0.12421875		0.0104056738181	0.318377127345
0.12453125		0.00384988210491	0.198712084354
0.12484375		9.01300990252e-06	0.0343137423169
0.12515625		4.63959665173e-09	0.0100198793032
0.12546875		4.11318347601e-09	0.0100000011702
0.12578125		4.11315252559e-09	0.0100000000001
0.12609375		4.11315252376e-09	0.01
0.12640625		4.11315252376e-09	0.01
0.12671875		4.11315252376e-09	0.01
0.12703125		4.11315252376e-09	0.01
0.12734375		4.11315252376e-09	0.01
0.12765625		4.11315252376e-09	0.01
0.12796875		4.11315252376e-09	0.01
0.12828125		4.11315252376e-09	0.01
0.12859375		4.11315252376e-09	0.01
0.12890625		4.11315252376e-09	0.01
0.12921875		4.11315252376e-09	0.01
0.12953125		4.11315252376e-09	0.01
0.12984375		4.11315252376e-09	0.01
0.13015625		4.11315252376e-09	0.01
0.13046875		4.11315252376e-09	0.01
0.13078125		4.11315252376e-09	0.01
0.13109375		4.11315252376e-09	0.01
0.13140625		4.11315252376e-09	0.01
0.13171875		4.11315252376e-09	0.01
0.13203125		4.11315252376e-09	0.01
0.13234375		4.11315252376e-09	0.01
0.13265625		4.11315252376e-09	0.01
0.13296875		4.11315252376e-09	0.01
0.13328125		4.11315252376e-09	0.01
0.13359375		4.11315252376e-09	0.01
0.13390625		4.11315252376e-09	0.01
0.13421875		4.11315252376e-09	0.01
0.13453125		4.11315252376e-09	0.01
0.13484375		4.11315252376e-09	0.01
0.13515625		4.11315252376e-09	0.01
0.13546875		4.11315252376e-09	0.01
0.13578125		4.11315252376e-09	0.01
0.13609375		4.11315252376e-09	0.01
0.13640625		4.11315252376e-09	0.01
0.13671875		4.11315252376e-09	0.01
0.13703125		4.11315252376e-09	0.01
0.13734375		4.11315252376e-09	0.01
0.13765625		4.11315252376e-09	0.01
0.13796875		4.11315252376e-09	0.01
0.13828125		4.11315252376e-09	0.01
0.13859375		4.11315252376e-09	0.01
0.13890625		4.11315252376e-09	0.01
0.13921875		4.11315252376e-09	0.01
0.13953125		4.11315252376e-09	0.01
0.13984375		4.11315252376e-09	0.01
0.14015625		4.11315252376e-09	0.01
0.14046875		4.11315252376e-09	0.01
0.14078125		4.11315252376e-09	0.01
0.14109375		4.11315252376e-09	0.01
0.14140625		4.11315252376e-09	0.01
0.14171875		4.11315252376e-09	0.01
0.14203125		4.11315252376e-09	0.01
0.14234375		4.11315252376e-09	0.01
0.14265625		4.11315252376e-09	0.01
0.14296875		4.11315252376e-09	0.01
0.14328125		4.11315252376e-09	0.01
0.14359375		4.11315252376e-09	0.01
0.14390625		4.11315252376e-09	0.01
0.14421875		4.11315252376e-09	0.01
0.14453125		4.11315252376e-09	0.01
0.14484375		4.11315252376e-09	0.01
0.14515625		4.11315252376e-09	0.01
0.14546875		4.11315252376e-09	0.01
0.14578125		4.11315252376e-09	0.01
0.14609375		4.11315252376e-09	0.01
0.14640625		4.11315252376e-09	0.01
0.14671875		4.11315252376e-09	0.01
0.14703125		4.11315252376e-09	0.01
0.14734375		4.11315252376e-09	0.01
0.14765625		4.11315252376e-09	0.01
0.14796875		4.11315252376e-09	0.01
0.14828125		4.11315252376e-09	0.01
0.14859375		4.11315252376e-09	0.01
0.14890625		4.11315252376e-09	0.01
0.14921875		4.11315252376e-09	0.01
0.14953125		4.11315252376e-09	0.01
0.14984375		4.11315252376e-09	0.01
0.15015625		4.11315252376e-09	0.01
0.15046875		4.11315252376e-09	0.01
0.15078125		4.11315252376e-09	0.01
0.15109375		4.11315252376e-09	0.01
0.15140625		4.11315252376e-09	0.01
0.15171875		4.11315252376e-09	0.01
0.15203125		4.11315252376e-09	0.01
0.15234375		4.11315252376e-09	0.01
0.15265625		4.11315252376e-09	0.01
0.15296875		4.11315252376e-09	0.01
0.15328125		4.11315252376e-09	0.01
0.15359375		4.11315252376e-09	0.01
0.15390625		4.11315252376e-09	0.01
0.15421875		4.11315252376e-09	0.01
0.15453125		4.11315252376e-09	0.01
0.15484375		4.11315252376e-09	0.01
0.15515625		4.11315252376e-09	0.01
0.15546875		4.11315252376e-09	0.01
0.15578125		4.11315252376e-09	0.01
0.15609375		4.11315252376e-09	0.01
0.15640625		4.11315252376e-09	0.01
0.15671875		4.11315252376e-09	0.01
0.15703125		4.11315252376e-09	0.01
0.15734375		4.11315252376e-09	0.01
0.15765625		4.11315252376e-09	0.01
0.15796875		4.11315252376e-09	0.01
0.15828125		4.11315252376e-09	0.01
0.15859375		4.11315252376e-09	0.01
0.15890625		4.11315252376e-09	0.01
0.15921875		4.11315252376e-09	0.01
0.15953125		4.11315252376e-09	0.01
0.15984375		4.11315252376e-09	0.01
0.16015625		4.11315252376e-09	0.01
0.16046875		4.11315252376e-09	0.01
0.16078125		4.11315252376e-09	0.01
0.16109375		4.11315252376e-09	0.01
0.16140625		4.11315252376e-09	0.01
0.16171875		4.11315252376e-09	0.01
0.16203125		4.11315252376e-09	0.01
0.16234375		4.11315252376e-09	0.01
0.16265625		4.11315252376e-09	0.01
0.16296875		4.11315252376e-09	0.01
0.16328125		4.11315252376e-09	0.01
0.16359375		4.11315252376e-09	0.01
0.16390625		4.11315252376e-09	0.01
0.16421875		4.11315252376e-09	0.01
0.16453125		4.11315252376e-09	0.01
0.16484375		4.11315252376e-09	0.01
0.16515625		4.11315252376e-09	0.01
0.16546875		4.11315252376e-09	0.01
0.16578125		4.11315252376e-09	0.01
0.16609375		4.11315252376e-09	0.01
0.16640625		4.11315252376e-09	0.01
0.16671875		4.11315252376e-09	0.01
0.16703125		4.11315252376e-09	0.01
0.16734375		4.11315252376e-09	0.01
0.16765625		4.11315252376e-09	0.01
0.16796875		4.11315252376e-09	0.01
0.16828125		4.11315252376e-09	0.01
0.16859375		4.11315252376e-09	0.01
0.16890625		4.11315252376e-09	0.01
0.16921875		4.11315252376e-09	0.01
0.16953125		4.11315252376e-09	0.01
0.16984375		4.11315252376e-09	0.01
0.17015625		4.11315252376e-09	0.01
0.17046875		4.11315252376e-09	0.01
0.17078125		4.11315252376e-09	0.01
0.17109375		4.11315252376e-09	0.01
0.17140625		4.11315252376e-09	0.01
0.17171875		4.11315252376e-09	0.01
0.17203125		4.11315252376e-09	0.01
0.17234375		4.11315252376e-09	0.01
0.17265625		4.11315252376e-09	0.01
0.17296875		4.11315252376e-09	0.01
0.17328125		4.11315252376e-09	0.01
0.17359375		4.11315252376e-09	0.01
0.17390625		4.11315252376e-09	0.01
0.17421875		4.11315252376e-09	0.01
0.17453125		4.11315252376e-09	0.01
0.17484375		4.11315252376e-09	0.01
0.17515625		4.11315252376e-09	0.01
0.17546875		4.11315252376e-09	0.01
0.17578125		4.11315252376e-09	0.01
0.17609375		4.11315252376e-09	0.01
0.17640625		4.11315252376e-09	0.01
0.17671875		4.11315252376e-09	0.01
0.17703125		4.11315252376e-09	0.01
0.17734375		4.11315252376e-09	0.01
0.17765625		4.11315252376e-09	0.01
0.17796875		4.11315252376e-09	0.01
0.17828125		4.11315252376e-09	0.01
0.17859375		4.11315252376e-09	0.01
0.17890625		4.11315252376e-09	0.01
0.17921875		4.11315252376e-09	0.01
0.17953125		4.11315252376e-09	0.01
0.17984375		4.11315252376e-09	0.01
0.18015625		4.11315252376e-09	0.01
0.18046875		4.11315252376e-09	0.01
0.18078125		4.11315252376e-09	0.01
0.18109375		4.11315252376e-09	0.01
0.18140625		4.11315252376e-09	0.01
0.18171875		4.11315252376e-09	0.01
0.18203125		4.11315252376e-09	0.01
0.18234375		4.11315252376e-09	0.01
0.18265625		4.11315252376e-09	0.01
0.18296875		4.11315252376e-09	0.01
0.18328125		4.11315252376e-09	0.01
0.18359375		4.11315252376e-09	0.01
0.18390625		4.11315252376e-09	0.01
0.18421875		4.11315252376e-09	0.01
0.18453125		4.11315252376e-09	0.01
0.18484375		4.11315252376e-09	0.01
0.18515625		4.11315252376e-09	0.01
0.18546875		4.11315252376e-09	0.01
0.18578125		4.11315252376e-09	0.01
0.18609375		4.11315252376e-09	0.01
0.18640625		4.11315252376e-09	0.01
0.18671875		4.11315252376e-09	0.01
0.18703125		4.11315252376e-09	0.01
0.18734375		4.11315252376e-09	0.01
0.18765625		4.11315252376e-09	0.01
0.18796875		4.11315252376e-09	0.01
0.18828125		4.11315252376e-09	0.01
0.18859375		4.11315252376e-09	0.01
0.18890625		4.11315252376e-09	0.01
0.18921875		4.11315252376e-09	0.01
0.18953125		4.11315252376e-09	0.01
0.18984375		4.11315252376e-09	0.01
0.19015625		4.11315252376e-09	0.01
0.19046875		4.11315252376e-09	0.01
0.19078125		4.11315252376e-09	0.01
0.19109375		4.11315252376e-09	0.01
0.19140625		4.11315252376e-09	0.01
0.19171875		4.11315252376e-09	0.01
0.19203125		4.11315252376e-09	0.01
0.19234375		4.11315252376e-09	0.01
0.19265625		4.11315252376e-09	0.01
0.19296875		4.11315252376e-09	0.01
0.19328125		4.11315252376e-09	0.01
0.19359375		4.11315252376e-09	0.01
0.19390625		4.11315252376e-09	0.01
0.19421875		4.11315252376e-09	0.01
0.19453125		4.11315252376e-09	0.01
0.19484375		4.11315252376e-09	0.01
0.19515625		4.11315252376e-09	0.01
0.19546875		4.11315252376e-09	0.01
0.19578125		4.11315252376e-09	0.01
0.19609375		4.11315252376e-09	0.01
0.19640625		4.11315252376e-09	0.01
0.19671875		4.11315252376e-09	0.01
0.19703125		4.11315252376e-09	0.01
0.19734375		4.11315252376e-09	0.01
0.19765625		4.11315252376e-09	0.01
0.19796875		4.11315252376e-09	0.01
0.19828125		4.11315252376e-09	0.01
0.19859375		4.11315252376e-09	0.01
0.19890625		4.11315252376e-09	0.01
0.19921875		4.11315252376e-09	0.01
0.19953125		4.11315252376e-09	0.01
0.19984375		4.11315252376e-09	0.01
0.20015625		4.11315252376e-09	0.01
0.20046875		4.11315252376e-09	0.01
0.20078125		4.11315252376e-09	0.01
0.20109375		4.11315252376e-09	0.01
0.20140625		4.11315252376e-09	0.01
0.20171875		4.11315252376e-09	0.01
0.20203125		4.11315252376e-09	0.01
0.20234375		4.11315252376e-09	0.01
0.20265625		4.11315252376e-09	0.01
0.20296875		4.11315252376e-09	0.01
0.20328125		4.11315252376e-09	0.01
0.20359375		4.11315252376e-09	0.01
0.20390625		4.11315252376e-09	0.01
0.20421875		4.11315252376e-09	0.01
0.20453125		4.11315252376e-09	0.01
0.20484375		4.11315252376e-09	0.01
0.20515625		4.11315252376e-09	0.01
0.20546875		4.11315252376e-09	0.01
0.20578125		4.11315252376e-09	0.01
0.20609375		4.11315252376e-09	0.01
0.20640625		4.11315252376e-09	0.01
0.20671875		4.11315252376e-09	0.01
0.20703125		4.11315252376e-09	0.01
0.20734375		4.11315252376e-09	0.01
0.20765625		4.11315252376e-09	0.01
0.20796875		4.11315252376e-09	0.01
0.20828125		4.11315252376e-09	0.01
0.20859375		4.11315252376e-09	0.01
0.20890625		4.11315252376e-09	0.01
0.20921875		4.11315252376e-09	0.01
0.20953125		4.11315252376e-09	0.01
0.20984375		4.11315252376e-09	0.01
0.21015625		4.11315252376e-09	0.01
0.21046875		4.11315252376e-09	0.01
0.21078125		4.11315252376e-09	0.01
0.21109375		4.11315252376e-09	0.01
0.21140625		4.11315252376e-09	0.01
0.21171875		4.11315252376e-09	0.01
0.21203125		4.11315252376e-09	0.01
0.21234375		4.11315252376e-09	0.01
0.21265625		4.11315252376e-09	0.01
0.21296875		4.11315252376e-09	0.01
0.21328125		4.11315252376e-09	0.01
0.21359375		4.11315252376e-09	0.01
0.21390625		4.11315252376e-09	0.01
0.21421875		4.11315252376e-09	0.01
0.21453125		4.11315252376e-09	0.01
0.21484375		4.11315252376e-09	0.01
0.21515625		4.11315252376e-09	0.01
0.21546875		4.11315252376e-09	0.01
0.21578125		4.11315252376e-09	0.01
0.21609375		4.11315252376e-09	0.01
0.21640625		4.11315252376e-09	0.01
0.21671875		4.11315252376e-09	0.01
0.21703125		4.11315252376e-09	0.01
0.21734375		4.11315252376e-09	0.01
0.21765625		4.11315252376e-09	0.01
0.21796875		4.11315252376e-09	0.01
0.21828125		4.11315252376e-09	0.01
0.21859375		4.11315252376e-09	0.01
0.21890625		4.11315252376e-09	0.01
0.21921875		4.11315252376e-09	0.01
0.21953125		4.11315252376e-09	0.01
0.21984375		4.11315252376e-09	0.01
0.22015625		4.11315252376e-09	0.01
0.22046875		4.11315252376e-09	0.01
0.22078125		4.11315252376e-09	0.01
0.22109375		4.11315252376e-09	0.01
0.22140625		4.11315252376e-09	0.01
0.22171875		4.11315252376e-09	0.01
0.22203125		4.11315252376e-09	0.01
0.22234375		4.11315252376e-09	0.01
0.22265625		4.11315252376e-09	0.01
0.22296875		4.11315252376e-09	0.01
0.22328125		4.11315252376e-09	0.01
0.22359375		4.11315252376e-09	0.01
0.22390625		4.11315252376e-09	0.01
0.22421875		4.11315252376e-09	0.01
0.22453125		4.11315252376e-09	0.01
0.22484375		4.11315252376e-09	0.01
0.22515625		4.11315252376e-09	0.01
0.22546875		4.11315252376e-09	0.01
0.22578125		4.11315252376e-09	0.01
0.22609375		4.11315252376e-09	0.01
0.22640625		4.11315252376e-09	0.01
0.22671875		4.11315252376e-09	0.01
0.22703125		4.11315252376e-09	0.01
0.22734375		4.11315252376e-09	0.01
0.22765625		4.11315252376e-09	0.01
0.22796875		4.11315252376e-09	0.01
0.22828125		4.11315252376e-09	0.01
0.22859375		4.11315252376e-09	0.01
0.22890625		4.11315252376e-09	0.01
0.22921875		4.11315252376e-09	0.01
0.22953125		4.11315252376e-09	0.01
0.22984375		4.11315252376e-09	0.01
0.23015625		4.11315252376e-09	0.01
0.23046875		4.11315252376e-09	0.01
0.23078125		4.11315252376e-09	0.01
0.23109375		4.11315252376e-09	0.01
0.23140625		4.11315252376e-09	0.01
0.23171875		4.11315252376e-09	0.01
0.23203125		4.11315252376e-09	0.01
0.23234375		4.11315252376e-09	0.01
0.23265625		4.11315252376e-09	0.01
0.23296875		4.11315252376e-09	0.01
0.23328125		4.11315252376e-09	0.01
0.23359375		4.11315252376e-09	0.01
0.23390625		4.11315252376e-09	0.01
0.23421875		4.11315252376e-09	0.01
0.23453125		4.11315252376e-09	0.01
0.23484375		4.11315252376e-09	0.01
0.23515625		4.11315252376e-09	0.01
0.23546875		4.11315252376e-09	0.01
0.23578125		4.11315252376e-09	0.01
0.23609375		4.11315252376e-09	0.01
0.23640625		4.11315252376e-09	0.01
0.23671875		4.11315252376e-09	0.01
0.23703125		4.11315252376e-09	0.01
0.23734375		4.11315252376e-09	0.01
0.23765625		4.11315252376e-09	0.01
0.23796875		4.11315252376e-09	0.01
0.23828125		4.11315252376e-09	0.01
0.23859375		4.11315252376e-09	0.01
0.23890625		4.11315252376e-09	0.01
0.23921875		4.11315252376e-09	0.01
0.23953125		4.11315252376e-09	0.01
0.23984375		4.11315252376e-09	0.01
0.24015625		4.11315252376e-09	0.01
0.24046875		4.11315252376e-09	0.01
0.24078125		4.11315252376e-09	0.01
0.24109375		4.11315252376e-09	0.01
0.24140625		4.11315252376e-09	0.01
0.24171875		4.11315252376e-09	0.01
0.24203125		4.11315252376e-09	0.01
0.24234375		4.11315252376e-09	0.01
0.24265625		4.11315252376e-09	0.01
0.24296875		4.11315252376e-09	0.01
0.24328125		4.11315252376e-09	0.01
0.24359375		4.11315252376e-09	0.01
0.24390625		4.11315252376e-09	0.01
0.24421875		4.11315252376e-09	0.01
0.24453125		4.11315252376e-09	0.01
0.24484375		4.11315252376e-09	0.01
0.24515625		4.11315252376e-09	0.01
0.24546875		4.11315252376e-09	0.01
0.24578125		4.11315252376e-09	0.01
0.24609375		4.11315252376e-09	0.01
0.24640625		4.11315252376e-09	0.01
0.24671875		4.11315252376e-09	0.01
0.24703125		4.11315252376e-09	0.01
0.24734375		4.11315252376e-09	0.01
0.24765625		4.11315252376e-09	0.01
0.24796875		4.11315252376e-09	0.01
0.24828125		4.11315252376e-09	0.01
0.24859375		4.11315252376e-09	0.01
0.24890625		4.11315252376e-09	0.01
0.24921875		4.11315252376e-09	0.01
0.24953125		4.11315252376e-09	0.01
0.24984375		4.11315252376e-09	0.01
0.25015625		4.11315252376e-09	0.01
0.25046875		4.11315252376e-09	0.01
0.25078125		4.11315252376e-09	0.01
0.25109375		4.11315252376e-09	0.01
0.25140625		4.11315252376e-09	0.01
0.25171875		4.11315252376e-09	0.01
0.25203125		4.11315252376e-09	0.01
0.25234375		4.11315252376e-09	0.01
0.25265625		4.11315252376e-09	0.01
0.25296875		4.11315252376e-09	0.01
0.25328125		4.11315252376e-09	0.01
0.25359375		4.11315252376e-09	0.01
0.25390625		4.11315252376e-09	0.01
0.25421875		4.11315252376e-09	0.01
0.25453125		4.11315252376e-09	0.01
0.25484375		4.11315252376e-09	0.01
0.25515625		4.11315252376e-09	0.01
0.25546875		4.11315252376e-09	0.01
0.25578125		4.11315252376e-09	0.01
0.25609375		4.11315252376e-09	0.01
0.25640625		4.11315252376e-09	0.01
0.25671875		4.11315252376e-09	0.01
0.25703125		4.11315252376e-09	0.01
0.25734375		4.11315252376e-09	0.01
0.25765625		4.11315252376e-09	0.01
0.25796875		4.11315252376e-09	0.01
0.25828125		4.11315252376e-09	0.01
0.25859375		4.11315252376e-09	0.01
0.25890625		4.11315252376e-09	0.01
0.25921875		4.11315252376e-09	0.01
0.25953125		4.11315252376e-09	0.01
0.25984375		4.11315252376e-09	0.01
0.26015625		4.11315252376e-09	0.01
0.26046875		4.11315252376e-09	0.01
0.26078125		4.11315252376e-09	0.01
0.26109375		4.11315252376e-09	0.01
0.26140625		4.11315252376e-09	0.01
0.26171875		4.11315252376e-09	0.01
0.26203125		4.11315252376e-09	0.01
0.26234375		4.11315252376e-09	0.01
0.26265625		4.11315252376e-09	0.01
0.26296875		4.11315252376e-09	0.01
0.26328125		4.11315252376e-09	0.01
0.26359375		4.11315252376e-09	0.01
0.26390625		4.11315252376e-09	0.01
0.26421875		4.11315252376e-09	0.01
0.26453125		4.11315252376e-09	0.01
0.26484375		4.11315252376e-09	0.01
0.26515625		4.11315252376e-09	0.01
0.26546875		4.11315252376e-09	0.01
0.26578125		4.11315252376e-09	0.01
0.26609375		4.11315252376e-09	0.01
0.26640625		4.11315252376e-09	0.01
0.26671875		4.11315252376e-09	0.01
0.26703125		4.11315252376e-09	0.01
0.26734375		4.11315252376e-09	0.01
0.26765625		4.11315252376e-09	0.01
0.26796875		4.11315252376e-09	0.01
0.26828125		4.11315252376e-09	0.01
0.26859375		4.11315252376e-09	0.01
0.26890625		4.11315252376e-09	0.01
0.26921875		4.11315252376e-09	0.01
0.26953125		4.11315252376e-09	0.01
0.26984375		4.11315252376e-09	0.01
0.27015625		4.11315252376e-09	0.01
0.27046875		4.11315252376e-09	0.01
0.27078125		4.11315252376e-09	0.01
0.27109375		4.11315252376e-09	0.01
0.27140625		4.11315252376e-09	0.01
0.27171875		4.11315252376e-09	0.01
0.27203125		4.11315252376e-09	0.01
0.27234375		4.11315252376e-09	0.01
0.27265625		4.11315252376e-09	0.01
0.27296875		4.11315252376e-09	0.01
0.27328125		4.11315252376e-09	0.01
0.27359375		4.11315252376e-09	0.01
0.27390625		4.11315252376e-09	0.01
0.27421875		4.11315252376e-09	0.01
0.27453125		4.11315252376e-09	0.01
0.27484375		4.11315252376e-09	0.01
0.27515625		4.11315252376e-09	0.01
0.27546875		4.11315252376e-09	0.01
0.27578125		4.11315252376e-09	0.01
0.27609375		4.11315252376e-09	0.01
0.27640625		4.11315252376e-09	0.01
0.27671875		4.11315252376e-09	0.01
0.27703125		4.11315252376e-09	0.01
0.27734375		4.11315252376e-09	0.01
0.27765625		4.11315252376e-09	0.01
0.27796875		4.11315252376e-09	0.01
0.27828125		4.11315252376e-09	0.01
0.27859375		4.11315252376e-09	0.01
0.27890625		4.11315252376e-09	0.01
0.27921875		4.11315252376e-09	0.01
0.27953125		4.11315252376e-09	0.01
0.27984375		4.11315252376e-09	0.01
0.28015625		4.11315252376e-09	0.01
0.28046875		4.11315252376e-09	0.01
0.28078125		4.11315252376e-09	0.01
0.28109375		4.11315252376e-09	0.01
0.28140625		4.11315252376e-09	0.01
0.28171875		4.11315252376e-09	0.01
0.28203125		4.11315252376e-09	0.01
0.28234375		4.11315252376e-09	0.01
0.28265625		4.11315252376e-09	0.01
0.28296875		4.11315252376e-09	0.01
0.28328125		4.11315252376e-09	0.01
0.28359375		4.11315252376e-09	0.01
0.28390625		4.11315252376e-09	0.01
0.28421875		4.11315252376e-09	0.01
0.28453125		4.11315252376e-09	0.01
0.28484375		4.11315252376e-09	0.01
0.28515625		4.11315252376e-09	0.01
0.28546875		4.11315252376e-09	0.01
0.28578125		4.11315252376e-09	0.01
0.28609375		4.11315252376e-09	0.01
0.28640625		4.11315252376e-09	0.01
0.28671875		4.11315252376e-09	0.01
0.28703125		4.11315252376e-09	0.01
0.28734375		4.11315252376e-09	0.01
0.28765625		4.11315252376e-09	0.01
0.28796875		4.11315252376e-09	0.01
0.28828125		4.11315252376e-09	0.01
0.28859375		4.11315252376e-09	0.01
0.28890625		4.11315252376e-09	0.01
0.28921875		4.11315252376e-09	0.01
0.28953125		4.11315252376e-09	0.01
0.28984375		4.11315252376e-09	0.01
0.29015625		4.11315252376e-09	0.01
0.29046875		4.11315252376e-09	0.01
0.29078125		4.11315252376e-09	0.01
0.29109375		4.11315252376e-09	0.01
0.29140625		4.11315252376e-09	0.01
0.29171875		4.11315252376e-09	0.01
0.29203125		4.11315252376e-09	0.01
0.29234375		4.11315252376e-09	0.01
0.29265625		4.11315252376e-09	0.01
0.29296875		4.11315252376e-09	0.01
0.29328125		4.11315252376e-09	0.01
0.29359375		4.11315252376e-09	0.01
0.29390625		4.11315252376e-09	0.01
0.29421875		4.11315252376e-09	0.01
0.29453125		4.11315252376e-09	0.01
0.29484375		4.11315252376e-09	0.01
0.29515625		4.11315252376e-09	0.01
0.29546875		4.11315252376e-09	0.01
0.29578125		4.11315252376e-09	0.01
0.29609375		4.11315252376e-09	0.01
0.29640625		4.11315252376e-09	0.01
0.29671875		4.11315252376e-09	0.01
0.29703125		4.11315252376e-09	0.01
0.29734375		4.11315252376e-09	0.01
0.29765625		4.11315252376e-09	0.01
0.29796875		4.11315252376e-09	0.01
0.29828125		4.11315252376e-09	0.01
0.29859375		4.11315252376e-09	0.01
0.29890625		4.11315252376e-09	0.01
0.29921875		4.11315252376e-09	0.01
0.29953125		4.11315252376e-09	0.01
0.29984375		4.11315252376e-09	0.01
0.30015625		4.11315252376e-09	0.01
0.30046875		4.11315252376e-09	0.01
0.30078125		4.11315252376e-09	0.01
0.30109375		4.11315252376e-09	0.01
0.30140625		4.11315252376e-09	0.01
0.30171875		4.11315252376e-09	0.01
0.30203125		4.11315252376e-09	0.01
0.30234375		4.11315252376e-09	0.01
0.30265625		4.11315252376e-09	0.01
0.30296875		4.11315252376e-09	0.01
0.30328125		4.11315252376e-09	0.01
0.30359375		4.11315252376e-09	0.01
0.30390625		4.11315252376e-09	0.01
0.30421875		4.11315252376e-09	0.01
0.30453125		4.11315252376e-09	0.01
0.30484375		4.11315252376e-09	0.01
0.30515625		4.11315252376e-09	0.01
0.30546875		4.11315252376e-09	0.01
0.30578125		4.11315252376e-09	0.01
0.30609375		4.11315252376e-09	0.01
0.30640625		4.11315252376e-09	0.01
0.30671875		4.11315252376e-09	0.01
0.30703125		4.11315252376e-09	0.01
0.30734375		4.11315252376e-09	0.01
0.30765625		4.11315252376e-09	0.01
0.30796875		4.11315252376e-09	0.01
0.30828125		4.11315252376e-09	0.01
0.30859375		4.11315252376e-09	0.01
0.30890625		4.11315252376e-09	0.01
0.30921875		4.11315252376e-09	0.01
0.30953125		4.11315252376e-09	0.01
0.30984375		4.11315252376e-09	0.01
0.31015625		4.11315252376e-09	0.01
0.31046875		4.11315252376e-09	0.01
0.31078125		4.11315252376e-09	0.01
0.31109375		4.11315252376e-09	0.01
0.31140625		4.11315252376e-09	0.01
0.31171875		4.11315252376e-09	0.01
0.31203125		4.11315252376e-09	0.01
0.31234375		4.11315252376e-09	0.01
0.31265625		4.11315252376e-09	0.01
0.31296875		4.11315252376e-09	0.01
0.31328125		4.11315252376e-09	0.01
0.31359375		4.11315252376e-09	0.01
0.31390625		4.11315252376e-09	0.01
0.31421875		4.11315252376e-09	0.01
0.31453125		4.11315252376e-09	0.01
0.31484375		4.11315252376e-09	0.01
0.31515625		4.11315252376e-09	0.01
0.31546875		4.11315252376e-09	0.01
0.31578125		4.11315252376e-09	0.01
0.31609375		4.11315252376e-09	0.01
0.31640625		4.11315252376e-09	0.01
0.31671875		4.11315252376e-09	0.01
0.31703125		4.11315252376e-09	0.01
0.31734375		4.11315252376e-09	0.01
0.31765625		4.11315252376e-09	0.01
0.31796875		4.11315252376e-09	0.01
0.31828125		4.11315252376e-09	0.01
0.31859375		4.11315252376e-09	0.01
0.31890625		4.11315252376e-09	0.01
0.31921875		4.11315252376e-09	0.01
0.31953125		4.11315252376e-09	0.01
0.31984375		4.11315252376e-09	0.01
0.32015625		4.11315252376e-09	0.01
0.32046875		4.11315252376e-09	0.01
0.32078125		4.11315252376e-09	0.01
0.32109375		4.11315252376e-09	0.01
0.32140625		4.11315252376e-09	0.01
0.32171875		4.11315252376e-09	0.01
0.32203125		4.11315252376e-09	0.01
0.32234375		4.11315252376e-09	0.01
0.32265625		4.11315252376e-09	0.01
0.32296875		4.11315252376e-09	0.01
0.32328125		4.11315252376e-09	0.01
0.32359375		4.11315252376e-09	0.01
0.32390625		4.11315252376e-09	0.01
0.32421875		4.11315252376e-09	0.01
0.32453125		4.11315252376e-09	0.01
0.32484375		4.11315252376e-09	0.01
0.32515625		4.11315252376e-09	0.01
0.32546875		4.11315252376e-09	0.01
0.32578125		4.11315252376e-09	0.01
0.32609375		4.11315252376e-09	0.01
0.32640625		4.11315252376e-09	0.01
0.32671875		4.11315252376e-09	0.01
0.32703125		4.11315252376e-09	0.01
0.32734375		4.11315252376e-09	0.01
0.32765625		4.11315252376e-09	0.01
0.32796875		4.11315252376e-09	0.01
0.32828125		4.11315252376e-09	0.01
0.32859375		4.11315252376e-09	0.01
0.32890625		4.11315252376e-09	0.01
0.32921875		4.11315252376e-09	0.01
0.32953125		4.11315252376e-09	0.01
0.32984375		4.11315252376e-09	0.01
0.33015625		4.11315252376e-09	0.01
0.33046875		4.11315252376e-09	0.01
0.33078125		4.11315252376e-09	0.01
0.33109375		4.11315252376e-09	0.01
0.33140625		4.11315252376e-09	0.01
0.33171875		4.11315252376e-09	0.01
0.33203125		4.11315252376e-09	0.01
0.33234375		4.11315252376e-09	0.01
0.33265625		4.11315252376e-09	0.01
0.33296875		4.11315252376e-09	0.01
0.33328125		4.11315252376e-09	0.01
0.33359375		4.11315252376e-09	0.01
0.33390625		4.11315252376e-09	0.01
0.33421875		4.11315252376e-09	0.01
0.33453125		4.11315252376e-09	0.01
0.33484375		4.11315252376e-09	0.01
0.33515625		4.11315252376e-09	0.01
0.33546875		4.11315252376e-09	0.01
0.33578125		4.11315252376e-09	0.01
0.33609375		4.11315252376e-09	0.01
0.33640625		4.11315252376e-09	0.01
0.33671875		4.11315252376e-09	0.01
0.33703125		4.11315252376e-09	0.01
0.33734375		4.11315252376e-09	0.01
0.33765625		4.11315252376e-09	0.01
0.33796875		4.11315252376e-09	0.01
0.33828125		4.11315252376e-09	0.01
0.33859375		4.11315252376e-09	0.01
0.33890625		4.11315252376e-09	0.01
0.33921875		4.11315252376e-09	0.01
0.33953125		4.11315252376e-09	0.01
0.33984375		4.11315252376e-09	0.01
0.34015625		4.11315252376e-09	0.01
0.34046875		4.11315252376e-09	0.01
0.34078125		4.11315252376e-09	0.01
0.34109375		4.11315252376e-09	0.01
0.34140625		4.11315252376e-09	0.01
0.34171875		4.11315252376e-09	0.01
0.34203125		4.11315252376e-09	0.01
0.34234375		4.11315252376e-09	0.01
0.34265625		4.11315252376e-09	0.01
0.34296875		4.11315252376e-09	0.01
0.34328125		4.11315252376e-09	0.01
0.34359375		4.11315252376e-09	0.01
0.34390625		4.11315252376e-09	0.01
0.34421875		4.11315252376e-09	0.01
0.34453125		4.11315252376e-09	0.01
0.34484375		4.11315252376e-09	0.01
0.34515625		4.11315252376e-09	0.01
0.34546875		4.11315252376e-09	0.01
0.34578125		4.11315252376e-09	0.01
0.34609375		4.11315252376e-09	0.01
0.34640625		4.11315252376e-09	0.01
0.34671875		4.11315252376e-09	0.01
0.34703125		4.11315252376e-09	0.01
0.34734375		4.11315252376e-09	0.01
0.34765625		4.11315252376e-09	0.01
0.34796875		4.11315252376e-09	0.01
0.34828125		4.11315252376e-09	0.01
0.34859375		4.11315252376e-09	0.01
0.34890625		4.11315252376e-09	0.01
0.34921875		4.11315252376e-09	0.01
0.34953125		4.11315252376e-09	0.01
0.34984375		4.11315252376e-09	0.01
0.35015625		4.11315252376e-09	0.01
0.35046875		4.11315252376e-09	0.01
0.35078125		4.11315252376e-09	0.01
0.35109375		4.11315252376e-09	0.01
0.35140625		4.11315252376e-09	0.01
0.35171875		4.11315252376e-09	0.01
0.35203125		4.11315252376e-09	0.01
0.35234375		4.11315252376e-09	0.01
0.35265625		4.11315252376e-09	0.01
0.35296875		4.11315252376e-09	0.01
0.35328125		4.11315252376e-09	0.01
0.35359375		4.11315252376e-09	0.01
0.35390625		4.11315252376e-09	0.01
0.35421875		4.11315252376e-09	0.01
0.35453125		4.11315252376e-09	0.01
0.35484375		4.11315252376e-09	0.01
0.35515625		4.11315252376e-09	0.01
0.35546875		4.11315252376e-09	0.01
0.35578125		4.11315252376e-09	0.01
0.35609375		4.11315252376e-09	0.01
0.35640625		4.11315252376e-09	0.01
0.35671875		4.11315252376e-09	0.01
0.35703125		4.11315252376e-09	0.01
0.35734375		4.11315252376e-09	0.01
0.35765625		4.11315252376e-09	0.01
0.35796875		4.11315252376e-09	0.01
0.35828125		4.11315252376e-09	0.01
0.35859375		4.11315252376e-09	0.01
0.35890625		4.11315252376e-09	0.01
0.35921875		4.11315252376e-09	0.01
0.35953125		4.11315252376e-09	0.01
0.35984375		4.11315252376e-09	0.01
0.36015625		4.11315252376e-09	0.01
0.36046875		4.11315252376e-09	0.01
0.36078125		4.11315252376e-09	0.01
0.36109375		4.11315252376e-09	0.01
0.36140625		4.11315252376e-09	0.01
0.36171875		4.11315252376e-09	0.01
0.36203125		4.11315252376e-09	0.01
0.36234375		4.11315252376e-09	0.01
0.36265625		4.11315252376e-09	0.01
0.36296875		4.11315252376e-09	0.01
0.36328125		4.11315252376e-09	0.01
0.36359375		4.11315252376e-09	0.01
0.36390625		4.11315252376e-09	0.01
0.36421875		4.11315252376e-09	0.01
0.36453125		4.11315252376e-09	0.01
0.36484375		4.11315252376e-09	0.01
0.36515625		4.11315252376e-09	0.01
0.36546875		4.11315252376e-09	0.01
0.36578125		4.11315252376e-09	0.01
0.36609375		4.11315252376e-09	0.01
0.36640625		4.11315252376e-09	0.01
0.36671875		4.11315252376e-09	0.01
0.36703125		4.11315252376e-09	0.01
0.36734375		4.11315252376e-09	0.01
0.36765625		4.11315252376e-09	0.01
0.36796875		4.11315252376e-09	0.01
0.36828125		4.11315252376e-09	0.01
0.36859375		4.11315252376e-09	0.01
0.36890625		4.11315252376e-09	0.01
0.36921875		4.11315252376e-09	0.01
0.36953125		4.11315252376e-09	0.01
0.36984375		4.11315252376e-09	0.01
0.37015625		4.11315252376e-09	0.01
0.37046875		4.11315252376e-09	0.01
0.37078125		4.11315252376e-09	0.01
0.37109375		4.11315252376e-09	0.01
0.37140625		4.11315252376e-09	0.01
0.37171875		4.11315252376e-09	0.01
0.37203125		4.11315252376e-09	0.01
0.37234375		4.11315252376e-09	0.01
0.37265625		4.11315252376e-09	0.01
0.37296875		4.11315252376e-09	0.01
0.37328125		4.11315252376e-09	0.01
0.37359375		4.11315252376e-09	0.01
0.37390625		4.11315252376e-09	0.01
0.37421875		4.11315252376e-09	0.01
0.37453125		4.11315252376e-09	0.01
0.37484375		4.11315252376e-09	0.01
0.37515625		4.11315252376e-09	0.01
0.37546875		4.11315252376e-09	0.01
0.37578125		4.11315252376e-09	0.01
0.37609375		4.11315252376e-09	0.01
0.37640625		4.11315252376e-09	0.01
0.37671875		4.11315252376e-09	0.01
0.37703125		4.11315252376e-09	0.01
0.37734375		4.11315252376e-09	0.01
0.37765625		4.11315252376e-09	0.01
0.37796875		4.11315252376e-09	0.01
0.37828125		4.11315252376e-09	0.01
0.37859375		4.11315252376e-09	0.01
0.37890625		4.11315252376e-09	0.01
0.37921875		4.11315252376e-09	0.01
0.37953125		4.11315252376e-09	0.01
0.37984375		4.11315252376e-09	0.01
0.38015625		4.11315252376e-09	0.01
0.38046875		4.11315252376e-09	0.01
0.38078125		4.11315252376e-09	0.01
0.38109375		4.11315252376e-09	0.01
0.38140625		4.11315252376e-09	0.01
0.38171875		4.11315252376e-09	0.01
0.38203125		4.11315252376e-09	0.01
0.38234375		4.11315252376e-09	0.01
0.38265625		4.11315252376e-09	0.01
0.38296875		4.11315252376e-09	0.01
0.38328125		4.11315252376e-09	0.01
0.38359375		4.11315252376e-09	0.01
0.38390625		4.11315252376e-09	0.01
0.38421875		4.11315252376e-09	0.01
0.38453125		4.11315252376e-09	0.01
0.38484375		4.11315252376e-09	0.01
0.38515625		4.11315252376e-09	0.01
0.38546875		4.11315252376e-09	0.01
0.38578125		4.11315252376e-09	0.01
0.38609375		4.11315252376e-09	0.01
0.38640625		4.11315252376e-09	0.01
0.38671875		4.11315252376e-09	0.01
0.38703125		4.11315252376e-09	0.01
0.38734375		4.11315252376e-09	0.01
0.38765625		4.11315252376e-09	0.01
0.38796875		4.11315252376e-09	0.01
0.38828125		4.11315252376e-09	0.01
0.38859375		4.11315252376e-09	0.01
0.38890625		4.11315252376e-09	0.01
0.38921875		4.11315252376e-09	0.01
0.38953125		4.11315252376e-09	0.01
0.38984375		4.11315252376e-09	0.01
0.39015625		4.11315252376e-09	0.01
0.39046875		4.11315252376e-09	0.01
0.39078125		4.11315252376e-09	0.01
0.39109375		4.11315252376e-09	0.01
0.39140625		4.11315252376e-09	0.01
0.39171875		4.11315252376e-09	0.01
0.39203125		4.11315252376e-09	0.01
0.39234375		4.11315252376e-09	0.01
0.39265625		4.11315252376e-09	0.01
0.39296875		4.11315252376e-09	0.01
0.39328125		4.11315252376e-09	0.01
0.39359375		4.11315252376e-09	0.01
0.39390625		4.11315252376e-09	0.01
0.39421875		4.11315252376e-09	0.01
0.39453125		4.11315252376e-09	0.01
0.39484375		4.11315252376e-09	0.01
0.39515625		4.11315252376e-09	0.01
0.39546875		4.11315252376e-09	0.01
0.39578125		4.11315252376e-09	0.01
0.39609375		4.11315252376e-09	0.01
0.39640625		4.11315252376e-09	0.01
0.39671875		4.11315252376e-09	0.01
0.39703125		4.11315252376e-09	0.01
0.39734375		4.11315252376e-09	0.01
0.39765625		4.11315252376e-09	0.01
0.39796875		4.11315252376e-09	0.01
0.39828125		4.11315252376e-09	0.01
0.39859375		4.11315252376e-09	0.01
0.39890625		4.11315252376e-09	0.01
0.39921875		4.11315252376e-09	0.01
0.39953125		4.11315252376e-09	0.01
0.39984375		4.11315252376e-09	0.01
0.40015625		4.11315252376e-09	0.01
0.40046875		4.11315252376e-09	0.01
0.40078125		4.11315252376e-09	0.01
0.40109375		4.11315252376e-09	0.01
0.40140625		4.11315252376e-09	0.01
0.40171875		4.11315252376e-09	0.01
0.40203125		4.11315252376e-09	0.01
0.40234375		4.11315252376e-09	0.01
0.40265625		4.11315252376e-09	0.01
0.40296875		4.11315252376e-09	0.01
0.40328125		4.11315252376e-09	0.01
0.40359375		4.11315252376e-09	0.01
0.40390625		4.11315252376e-09	0.01
0.40421875		4.11315252376e-09	0.01
0.40453125		4.11315252376e-09	0.01
0.40484375		4.11315252376e-09	0.01
0.40515625		4.11315252376e-09	0.01
0.40546875		4.11315252376e-09	0.01
0.40578125		4.11315252376e-09	0.01
0.40609375		4.11315252376e-09	0.01
0.40640625		4.11315252376e-09	0.01
0.40671875		4.11315252376e-09	0.01
0.40703125		4.11315252376e-09	0.01
0.40734375		4.11315252376e-09	0.01
0.40765625		4.11315252376e-09	0.01
0.40796875		4.11315252376e-09	0.01
0.40828125		4.11315252376e-09	0.01
0.40859375		4.11315252376e-09	0.01
0.40890625		4.11315252376e-09	0.01
0.40921875		4.11315252376e-09	0.01
0.40953125		4.11315252376e-09	0.01
0.40984375		4.11315252376e-09	0.01
0.41015625		4.11315252376e-09	0.01
0.41046875		4.11315252376e-09	0.01
0.41078125		4.11315252376e-09	0.01
0.41109375		4.11315252376e-09	0.01
0.41140625		4.11315252376e-09	0.01
0.41171875		4.11315252376e-09	0.01
0.41203125		4.11315252376e-09	0.01
0.41234375		4.11315252376e-09	0.01
0.41265625		4.11315252376e-09	0.01
0.41296875		4.11315252376e-09	0.01
0.41328125		4.11315252376e-09	0.01
0.41359375		4.11315252376e-09	0.01
0.41390625		4.11315252376e-09	0.01
0.41421875		4.11315252376e-09	0.01
0.41453125		4.11315252376e-09	0.01
0.41484375		4.11315252376e-09	0.01
0.41515625		4.11315252376e-09	0.01
0.41546875		4.11315252376e-09	0.01
0.41578125		4.11315252376e-09	0.01
0.41609375		4.11315252376e-09	0.01
0.41640625		4.11315252376e-09	0.01
0.41671875		4.11315252376e-09	0.01
0.41703125		4.11315252376e-09	0.01
0.41734375		4.11315252376e-09	0.01
0.41765625		4.11315252376e-09	0.01
0.41796875		4.11315252376e-09	0.01
0.41828125		4.11315252376e-09	0.01
0.41859375		4.11315252376e-09	0.01
0.41890625		4.11315252376e-09	0.01
0.41921875		4.11315252376e-09	0.01
0.41953125		4.11315252376e-09	0.01
0.41984375		4.11315252376e-09	0.01
0.42015625		4.11315252376e-09	0.01
0.42046875		4.11315252376e-09	0.01
0.42078125		4.11315252376e-09	0.01
0.42109375		4.11315252376e-09	0.01
0.42140625		4.11315252376e-09	0.01
0.42171875		4.11315252376e-09	0.01
0.42203125		4.11315252376e-09	0.01
0.42234375		4.11315252376e-09	0.01
0.42265625		4.11315252376e-09	0.01
0.42296875		4.11315252376e-09	0.01
0.42328125		4.11315252376e-09	0.01
0.42359375		4.11315252376e-09	0.01
0.42390625		4.11315252376e-09	0.01
0.42421875		4.11315252376e-09	0.01
0.42453125		4.11315252376e-09	0.01
0.42484375		4.11315252376e-09	0.01
0.42515625		4.11315252376e-09	0.01
0.42546875		4.11315252376e-09	0.01
0.42578125		4.11315252376e-09	0.01
0.42609375		4.11315252376e-09	0.01
0.42640625		4.11315252376e-09	0.01
0.42671875		4.11315252376e-09	0.01
0.42703125		4.11315252376e-09	0.01
0.42734375		4.11315252376e-09	0.01
0.42765625		4.11315252376e-09	0.01
0.42796875		4.11315252376e-09	0.01
0.42828125		4.11315252376e-09	0.01
0.42859375		4.11315252376e-09	0.01
0.42890625		4.11315252376e-09	0.01
0.42921875		4.11315252376e-09	0.01
0.42953125		4.11315252376e-09	0.01
0.42984375		4.11315252376e-09	0.01
0.43015625		4.11315252376e-09	0.01
0.43046875		4.11315252376e-09	0.01
0.43078125		4.11315252376e-09	0.01
0.43109375		4.11315252376e-09	0.01
0.43140625		4.11315252376e-09	0.01
0.43171875		4.11315252376e-09	0.01
0.43203125		4.11315252376e-09	0.01
0.43234375		4.11315252376e-09	0.01
0.43265625		4.11315252376e-09	0.01
0.43296875		4.11315252376e-09	0.01
0.43328125		4.11315252376e-09	0.01
0.43359375		4.11315252376e-09	0.01
0.43390625		4.11315252376e-09	0.01
0.43421875		4.11315252376e-09	0.01
0.43453125		4.11315252376e-09	0.01
0.43484375		4.11315252376e-09	0.01
0.43515625		4.11315252376e-09	0.01
0.43546875		4.11315252376e-09	0.01
0.43578125		4.11315252376e-09	0.01
0.43609375		4.11315252376e-09	0.01
0.43640625		4.11315252376e-09	0.01
0.43671875		4.11315252376e-09	0.01
0.43703125		4.11315252376e-09	0.01
0.43734375		4.11315252376e-09	0.01
0.43765625		4.11315252376e-09	0.01
0.43796875		4.11315252376e-09	0.01
0.43828125		4.11315252376e-09	0.01
0.43859375		4.11315252376e-09	0.01
0.43890625		4.11315252376e-09	0.01
0.43921875		4.11315252376e-09	0.01
0.43953125		4.11315252376e-09	0.01
0.43984375		4.11315252376e-09	0.01
0.44015625		4.11315252376e-09	0.01
0.44046875		4.11315252376e-09	0.01
0.44078125		4.11315252376e-09	0.01
0.44109375		4.11315252376e-09	0.01
0.44140625		4.11315252376e-09	0.01
0.44171875		4.11315252376e-09	0.01
0.44203125		4.11315252376e-09	0.01
0.44234375		4.11315252376e-09	0.01
0.44265625		4.11315252376e-09	0.01
0.44296875		4.11315252376e-09	0.01
0.44328125		4.11315252376e-09	0.01
0.44359375		4.11315252376e-09	0.01
0.44390625		4.11315252376e-09	0.01
0.44421875		4.11315252376e-09	0.01
0.44453125		4.11315252376e-09	0.01
0.44484375		4.11315252376e-09	0.01
0.44515625		4.11315252376e-09	0.01
0.44546875		4.11315252376e-09	0.01
0.44578125		4.11315252376e-09	0.01
0.44609375		4.11315252376e-09	0.01
0.44640625		4.11315252376e-09	0.01
0.44671875		4.11315252376e-09	0.01
0.44703125		4.11315252376e-09	0.01
0.44734375		4.11315252376e-09	0.01
0.44765625		4.11315252376e-09	0.01
0.44796875		4.11315252376e-09	0.01
0.44828125		4.11315252376e-09	0.01
0.44859375		4.11315252376e-09	0.01
0.44890625		4.11315252376e-09	0.01
0.44921875		4.11315252376e-09	0.01
0.44953125		4.11315252376e-09	0.01
0.44984375		4.11315252376e-09	0.01
0.45015625		4.11315252376e-09	0.01
0.45046875		4.11315252376e-09	0.01
0.45078125		4.11315252376e-09	0.01
0.45109375		4.11315252376e-09	0.01
0.45140625		4.11315252376e-09	0.01
0.45171875		4.11315252376e-09	0.01
0.45203125		4.11315252376e-09	0.01
0.45234375		4.11315252376e-09	0.01
0.45265625		4.11315252376e-09	0.01
0.45296875		4.11315252376e-09	0.01
0.45328125		4.11315252376e-09	0.01
0.45359375		4.11315252376e-09	0.01
0.45390625		4.11315252376e-09	0.01
0.45421875		4.11315252376e-09	0.01
0.45453125		4.11315252376e-09	0.01
0.45484375		4.11315252376e-09	0.01
0.45515625		4.11315252376e-09	0.01
0.45546875		4.11315252376e-09	0.01
0.45578125		4.11315252376e-09	0.01
0.45609375		4.11315252376e-09	0.01
0.45640625		4.11315252376e-09	0.01
0.45671875		4.11315252376e-09	0.01
0.45703125		4.11315252376e-09	0.01
0.45734375		4.11315252376e-09	0.01
0.45765625		4.11315252376e-09	0.01
0.45796875		4.11315252376e-09	0.01
0.45828125		4.11315252376e-09	0.01
0.45859375		4.11315252376e-09	0.01
0.45890625		4.11315252376e-09	0.01
0.45921875		4.11315252376e-09	0.01
0.45953125		4.11315252376e-09	0.01
0.45984375		4.11315252376e-09	0.01
0.46015625		4.11315252376e-09	0.01
0.46046875		4.11315252376e-09	0.01
0.46078125		4.11315252376e-09	0.01
0.46109375		4.11315252376e-09	0.01
0.46140625		4.11315252376e-09	0.01
0.46171875		4.11315252376e-09	0.01
0.46203125		4.11315252376e-09	0.01
0.46234375		4.11315252376e-09	0.01
0.46265625		4.11315252376e-09	0.01
0.46296875		4.11315252376e-09	0.01
0.46328125		4.11315252376e-09	0.01
0.46359375		4.11315252376e-09	0.01
0.46390625		4.11315252376e-09	0.01
0.46421875		4.11315252376e-09	0.01
0.46453125		4.11315252376e-09	0.01
0.46484375		4.11315252376e-09	0.01
0.46515625		4.11315252376e-09	0.01
0.46546875		4.11315252376e-09	0.01
0.46578125		4.11315252376e-09	0.01
0.46609375		4.11315252376e-09	0.01
0.46640625		4.11315252376e-09	0.01
0.46671875		4.11315252376e-09	0.01
0.46703125		4.11315252376e-09	0.01
0.46734375		4.11315252376e-09	0.01
0.46765625		4.11315252376e-09	0.01
0.46796875		4.11315252376e-09	0.01
0.46828125		4.11315252376e-09	0.01
0.46859375		4.11315252376e-09	0.01
0.46890625		4.11315252376e-09	0.01
0.46921875		4.11315252376e-09	0.01
0.46953125		4.11315252376e-09	0.01
0.46984375		4.11315252376e-09	0.01
0.47015625		4.11315252376e-09	0.01
0.47046875		4.11315252376e-09	0.01
0.47078125		4.11315252376e-09	0.01
0.47109375		4.11315252376e-09	0.01
0.47140625		4.11315252376e-09	0.01
0.47171875		4.11315252376e-09	0.01
0.47203125		4.11315252376e-09	0.01
0.47234375		4.11315252376e-09	0.01
0.47265625		4.11315252376e-09	0.01
0.47296875		4.11315252376e-09	0.01
0.47328125		4.11315252376e-09	0.01
0.47359375		4.11315252376e-09	0.01
0.47390625		4.11315252376e-09	0.01
0.47421875		4.11315252376e-09	0.01
0.47453125		4.11315252376e-09	0.01
0.47484375		4.11315252376e-09	0.01
0.47515625		4.11315252376e-09	0.01
0.47546875		4.11315252376e-09	0.01
0.47578125		4.11315252376e-09	0.01
0.47609375		4.11315252376e-09	0.01
0.47640625		4.11315252376e-09	0.01
0.47671875		4.11315252376e-09	0.01
0.47703125		4.11315252376e-09	0.01
0.47734375		4.11315252376e-09	0.01
0.47765625		4.11315252376e-09	0.01
0.47796875		4.11315252376e-09	0.01
0.47828125		4.11315252376e-09	0.01
0.47859375		4.11315252376e-09	0.01
0.47890625		4.11315252376e-09	0.01
0.47921875		4.11315252376e-09	0.01
0.47953125		4.11315252376e-09	0.01
0.47984375		4.11315252376e-09	0.01
0.48015625		4.11315252376e-09	0.01
0.48046875		4.11315252376e-09	0.01
0.48078125		4.11315252376e-09	0.01
0.48109375		4.11315252376e-09	0.01
0.48140625		4.11315252376e-09	0.01
0.48171875		4.11315252376e-09	0.01
0.48203125		4.11315252376e-09	0.01
0.48234375		4.11315252376e-09	0.01
0.48265625		4.11315252376e-09	0.01
0.48296875		4.11315252376e-09	0.01
0.48328125		4.11315252376e-09	0.01
0.48359375		4.11315252376e-09	0.01
0.48390625		4.11315252376e-09	0.01
0.48421875		4.11315252376e-09	0.01
0.48453125		4.11315252376e-09	0.01
0.48484375		4.11315252376e-09	0.01
0.48515625		4.11315252376e-09	0.01
0.48546875		4.11315252376e-09	0.01
0.48578125		4.11315252376e-09	0.01
0.48609375		4.11315252376e-09	0.01
0.48640625		4.11315252376e-09	0.01
0.48671875		4.11315252376e-09	0.01
0.48703125		4.11315252376e-09	0.01
0.48734375		4.11315252376e-09	0.01
0.48765625		4.11315252376e-09	0.01
0.48796875		4.11315252376e-09	0.01
0.48828125		4.11315252376e-09	0.01
0.48859375		4.11315252376e-09	0.01
0.48890625		4.11315252376e-09	0.01
0.48921875		4.11315252376e-09	0.01
0.48953125		4.11315252376e-09	0.01
0.48984375		4.11315252376e-09	0.01
0.49015625		4.11315252376e-09	0.01
0.49046875		4.11315252376e-09	0.01
0.49078125		4.11315252376e-09	0.01
0.49109375		4.11315252376e-09	0.01
0.49140625		4.11315252376e-09	0.01
0.49171875		4.11315252376e-09	0.01
0.49203125		4.11315252376e-09	0.01
0.49234375		4.11315252376e-09	0.01
0.49265625		4.11315252376e-09	0.01
0.49296875		4.11315252376e-09	0.01
0.49328125		4.11315252376e-09	0.01
0.49359375		4.11315252376e-09	0.01
0.49390625		4.11315252376e-09	0.01
0.49421875		4.11315252376e-09	0.01
0.49453125		4.11315252376e-09	0.01
0.49484375		4.11315252376e-09	0.01
0.49515625		4.11315252376e-09	0.01
0.49546875		4.11315252376e-09	0.01
0.49578125		4.11315252376e-09	0.01
0.49609375		4.11315252376e-09	0.01
0.49640625		4.11315252376e-09	0.01
0.49671875		4.11315252376e-09	0.01
0.49703125		4.11315252376e-09	0.01
0.49734375		4.11315252376e-09	0.01
0.49765625		4.11315252376e-09	0.01
0.49796875		4.11315252376e-09	0.01
0.49828125		4.11315252376e-09	0.01
0.49859375		4.11315252376e-09	0.01
0.49890625		4.11315252376e-09	0.01
0.49921875		4.11315252376e-09	0.01
0.49953125		4.11315252376e-09	0.01
0.49984375		4.11315252376e-09	0.01
