    0.2181265717E-02    0.1142610647E+01    0.1073423203E+01
    0.1036755352E-01    0.1142943225E+01    0.1073996936E+01
    0.2104837301E-01    0.1143376874E+01    0.1074744119E+01
    0.2923466082E-01    0.1143709004E+01    0.1075315693E+01
    0.3359719225E-01    0.1143885905E+01    0.1075619884E+01
    0.4178348006E-01    0.1144217672E+01    0.1076189916E+01
    0.5246429955E-01    0.1144650133E+01    0.1076932062E+01
    0.6065058736E-01    0.1144981255E+01    0.1077499617E+01
    0.6501311879E-01    0.1145157584E+01    0.1077801610E+01
    0.7319940660E-01    0.1145488213E+01    0.1078367413E+01
    0.8388022608E-01    0.1145919062E+01    0.1079103839E+01
    0.9206651389E-01    0.1146248852E+01    0.1079666855E+01
    0.9642904532E-01    0.1146424437E+01    0.1079966375E+01
    0.1046153331E+00    0.1146753605E+01    0.1080527436E+01
    0.1152961526E+00    0.1147182422E+01    0.1081257476E+01
    0.1234824404E+00    0.1147510558E+01    0.1081815448E+01
    0.1278449719E+00    0.1147685228E+01    0.1082112227E+01
    0.1360312597E+00    0.1148012615E+01    0.1082668046E+01
    0.1467120792E+00    0.1148438984E+01    0.1083391054E+01
    0.1548983670E+00    0.1148765149E+01    0.1083943490E+01
    0.1592608984E+00    0.1148938735E+01    0.1084237268E+01
    0.1674471862E+00    0.1149264024E+01    0.1084787358E+01
    0.1781280057E+00    0.1149687534E+01    0.1085502706E+01
    0.1863142935E+00    0.1150011413E+01    0.1086049129E+01
    0.1906768249E+00    0.1150183748E+01    0.1086339652E+01
    0.1988631127E+00    0.1150506627E+01    0.1086883542E+01
    0.2095439322E+00    0.1150926871E+01    0.1087590620E+01
    0.2177302200E+00    0.1151248155E+01    0.1088130566E+01
    0.2220927515E+00    0.1151419073E+01    0.1088417589E+01
    0.2302790393E+00    0.1151739234E+01    0.1088954821E+01
    0.2409598588E+00    0.1152155811E+01    0.1089653036E+01
    0.2491461466E+00    0.1152474193E+01    0.1090186056E+01
    0.2535086780E+00    0.1152643533E+01    0.1090469342E+01
    0.2616949658E+00    0.1152960671E+01    0.1090999473E+01
    0.2723757853E+00    0.1153373186E+01    0.1091688253E+01
    0.2805620731E+00    0.1153688364E+01    0.1092213912E+01
    0.2849246045E+00    0.1153855965E+01    0.1092493229E+01
    0.2931108923E+00    0.1154169781E+01    0.1093015830E+01
    0.3037917118E+00    0.1154577844E+01    0.1093694619E+01
    0.3119779996E+00    0.1154889522E+01    0.1094212497E+01
    0.3163405311E+00    0.1155055227E+01    0.1094487623E+01
    0.3245268189E+00    0.1155365425E+01    0.1095002278E+01
    0.3352076384E+00    0.1155768655E+01    0.1095670541E+01
    0.3433939262E+00    0.1156076540E+01    0.1096180231E+01
    0.3477564576E+00    0.1156240193E+01    0.1096450951E+01
    0.3559427454E+00    0.1156546484E+01    0.1096957259E+01
    0.3666235649E+00    0.1156944503E+01    0.1097614479E+01
    0.3748098527E+00    0.1157248310E+01    0.1098115587E+01
    0.3791723841E+00    0.1157409759E+01    0.1098381694E+01
    0.3873586720E+00    0.1157711858E+01    0.1098879268E+01
    0.3980394914E+00    0.1158104297E+01    0.1099524945E+01
    0.4062257792E+00    0.1158403744E+01    0.1100017094E+01
    0.4105883107E+00    0.1158562840E+01    0.1100278387E+01
    0.4187745985E+00    0.1158860467E+01    0.1100766854E+01
    0.4294554180E+00    0.1159246965E+01    0.1101400507E+01
    0.4376417058E+00    0.1159541776E+01    0.1101883331E+01
    0.4420042372E+00    0.1159698372E+01    0.1102139617E+01
    0.4501905250E+00    0.1159991255E+01    0.1102618618E+01
    0.4608713445E+00    0.1160371457E+01    0.1103239783E+01
    0.4690576323E+00    0.1160661361E+01    0.1103712932E+01
    0.4734201638E+00    0.1160815315E+01    0.1103964026E+01
    0.4816064516E+00    0.1161103185E+01    0.1104433216E+01
    0.4922872711E+00    0.1161476744E+01    0.1105041447E+01
    0.5004735589E+00    0.1161761479E+01    0.1105504583E+01
    0.5048360903E+00    0.1161912649E+01    0.1105750306E+01
    0.5130223781E+00    0.1162195245E+01    0.1106209351E+01
    0.5237031976E+00    0.1162561823E+01    0.1106804221E+01
    0.5318894854E+00    0.1162841129E+01    0.1107257020E+01
    0.5362520168E+00    0.1162989380E+01    0.1107497200E+01
    0.5444383046E+00    0.1163266447E+01    0.1107945783E+01
    0.5551191241E+00    0.1163625712E+01    0.1108526880E+01
    0.5633054119E+00    0.1163899338E+01    0.1108969031E+01
    0.5676679434E+00    0.1164044536E+01    0.1109203504E+01
    0.5758542312E+00    0.1164315825E+01    0.1109641318E+01
    0.5865350507E+00    0.1164667454E+01    0.1110208248E+01
    0.5947213385E+00    0.1164935156E+01    0.1110639453E+01
    0.5990838699E+00    0.1165077171E+01    0.1110868061E+01
    0.6072701577E+00    0.1165342439E+01    0.1111294813E+01
    0.6179509772E+00    0.1165686119E+01    0.1111847198E+01
    0.6261372650E+00    0.1165947658E+01    0.1112267171E+01
    0.6304997964E+00    0.1166086363E+01    0.1112489765E+01
    0.6386860842E+00    0.1166345374E+01    0.1112905174E+01
    0.6493669037E+00    0.1166680800E+01    0.1113442653E+01
    0.6575531915E+00    0.1166935943E+01    0.1113851120E+01
    0.6619157230E+00    0.1167071216E+01    0.1114067555E+01
    0.6701020108E+00    0.1167323741E+01    0.1114471353E+01
    0.6807828303E+00    0.1167650617E+01    0.1114993581E+01
    0.6889691181E+00    0.1167899140E+01    0.1115390282E+01
    0.6933316495E+00    0.1168030861E+01    0.1115600419E+01
    0.7015179373E+00    0.1168276678E+01    0.1115992349E+01
    0.7121987568E+00    0.1168594717E+01    0.1116498997E+01
    0.7203850446E+00    0.1168836401E+01    0.1116883682E+01
    0.7247475760E+00    0.1168964455E+01    0.1117087390E+01
    0.7329338638E+00    0.1169203349E+01    0.1117467209E+01
    0.7436146833E+00    0.1169512271E+01    0.1117957962E+01
    0.7518009711E+00    0.1169746906E+01    0.1118330394E+01
    0.7561635026E+00    0.1169871182E+01    0.1118527548E+01
    0.7643497904E+00    0.1170102943E+01    0.1118895023E+01
    0.7750306099E+00    0.1170402482E+01    0.1119369580E+01
    0.7832168977E+00    0.1170629863E+01    0.1119729534E+01
    0.7875794291E+00    0.1170750252E+01    0.1119920014E+01
    0.7957657169E+00    0.1170974681E+01    0.1120274922E+01
    0.8064465364E+00    0.1171264575E+01    0.1120733001E+01
    0.8146328242E+00    0.1171484507E+01    0.1121080260E+01
    0.8189953557E+00    0.1171600905E+01    0.1121263954E+01
    0.8271816435E+00    0.1171817808E+01    0.1121606085E+01
    0.8378624629E+00    0.1172097808E+01    0.1122047414E+01
    0.8460487508E+00    0.1172310101E+01    0.1122381775E+01
    0.8504112822E+00    0.1172422408E+01    0.1122558574E+01
    0.8585975700E+00    0.1172631598E+01    0.1122887729E+01
    0.8692783895E+00    0.1172901464E+01    0.1123312051E+01
    0.8774646773E+00    0.1173105936E+01    0.1123633321E+01
    0.8818272087E+00    0.1173214057E+01    0.1123803123E+01
    0.8900134965E+00    0.1173415355E+01    0.1124119113E+01
    0.9006943160E+00    0.1173674856E+01    0.1124526185E+01
    0.9088806038E+00    0.1173871332E+01    0.1124834181E+01
    0.9132431353E+00    0.1173975174E+01    0.1124996890E+01
    0.9214294231E+00    0.1174168409E+01    0.1125299534E+01
    0.9321102426E+00    0.1174417325E+01    0.1125689128E+01
    0.9402965304E+00    0.1174605639E+01    0.1125983676E+01
    0.9446590618E+00    0.1174705113E+01    0.1126139201E+01
    0.9528453496E+00    0.1174890121E+01    0.1126428332E+01
    0.9635261691E+00    0.1175128241E+01    0.1126800230E+01
    0.9717124569E+00    0.1175308233E+01    0.1127081168E+01
    0.9760749883E+00    0.1175403257E+01    0.1127229423E+01
    0.9842612761E+00    0.1175579881E+01    0.1127504880E+01
    0.9949420956E+00    0.1175807004E+01    0.1127858879E+01
    0.1003128383E+01    0.1175978523E+01    0.1128126052E+01
    0.1007490915E+01    0.1176069015E+01    0.1128266957E+01
    0.1015677203E+01    0.1176237108E+01    0.1128528591E+01
    0.1026358022E+01    0.1176453043E+01    0.1128864499E+01
    0.1034544310E+01    0.1176615944E+01    0.1129117764E+01
    0.1038906841E+01    0.1176701829E+01    0.1129251242E+01
    0.1047093129E+01    0.1176861249E+01    0.1129498913E+01
    0.1057773949E+01    0.1177065815E+01    0.1129816551E+01
    0.1065960237E+01    0.1177219962E+01    0.1130055773E+01
    0.1070322768E+01    0.1177301169E+01    0.1130181753E+01
    0.1078509056E+01    0.1177451783E+01    0.1130415330E+01
    0.1089189875E+01    0.1177644810E+01    0.1130714530E+01
    0.1097376163E+01    0.1177790075E+01    0.1130939583E+01
    0.1101738694E+01    0.1177866534E+01    0.1131058000E+01
    0.1109924982E+01    0.1178008217E+01    0.1131277360E+01
    0.1120605802E+01    0.1178189544E+01    0.1131557965E+01
    0.1128792090E+01    0.1178325806E+01    0.1131768732E+01
    0.1133154621E+01    0.1178397456E+01    0.1131879524E+01
    0.1141340909E+01    0.1178530090E+01    0.1132084555E+01
    0.1152021728E+01    0.1178699566E+01    0.1132346420E+01
    0.1160208016E+01    0.1178826713E+01    0.1132542793E+01
    0.1164570548E+01    0.1178893493E+01    0.1132645903E+01
    0.1172756835E+01    0.1179016969E+01    0.1132836498E+01
    0.1183437655E+01    0.1179174455E+01    0.1133079490E+01
    0.1191623943E+01    0.1179292380E+01    0.1133261369E+01
    0.1195986474E+01    0.1179354236E+01    0.1133356745E+01
    0.1204172762E+01    0.1179468451E+01    0.1133532808E+01
    0.1214853581E+01    0.1179613817E+01    0.1133756804E+01
    0.1223039869E+01    0.1179722425E+01    0.1133924097E+01
    0.1227402401E+01    0.1179779305E+01    0.1134011690E+01
    0.1235588688E+01    0.1179884166E+01    0.1134173132E+01
    0.1246269508E+01    0.1180017292E+01    0.1134378020E+01
    0.1254455796E+01    0.1180116493E+01    0.1134530643E+01
    0.1258818327E+01    0.1180168351E+01    0.1134610410E+01
    0.1267004615E+01    0.1180263771E+01    0.1134757151E+01
    0.1277685434E+01    0.1180384549E+01    0.1134942829E+01
    0.1285871722E+01    0.1180474261E+01    0.1135080706E+01
    0.1290234254E+01    0.1180521055E+01    0.1135152608E+01
    0.1298420541E+01    0.1180606956E+01    0.1135284575E+01
    0.1309101361E+01    0.1180715286E+01    0.1135450951E+01
    0.1317287649E+01    0.1180795436E+01    0.1135574014E+01
    0.1321650180E+01    0.1180837127E+01    0.1135638015E+01
    0.1329836468E+01    0.1180913439E+01    0.1135755144E+01
    0.1340517288E+01    0.1181009233E+01    0.1135902136E+01
    0.1348703575E+01    0.1181079756E+01    0.1136010325E+01
    0.1353066107E+01    0.1181116310E+01    0.1136066394E+01
    0.1361252395E+01    0.1181182972E+01    0.1136168627E+01
    0.1371933214E+01    0.1181266150E+01    0.1136296164E+01
    0.1380119502E+01    0.1181326989E+01    0.1136389427E+01
    0.1384482033E+01    0.1181358376E+01    0.1136437536E+01
    0.1392668321E+01    0.1181415332E+01    0.1136524824E+01
    0.1403349141E+01    0.1181485829E+01    0.1136632843E+01
    0.1411535428E+01    0.1181536934E+01    0.1136711135E+01
    0.1415897960E+01    0.1181563129E+01    0.1136751261E+01
    0.1424084248E+01    0.1181610333E+01    0.1136823561E+01
    0.1434765067E+01    0.1181668090E+01    0.1136912012E+01
    0.1442951355E+01    0.1181709419E+01    0.1136975294E+01
    0.1447313886E+01    0.1181730401E+01    0.1137007418E+01
    0.1455500174E+01    0.1181767815E+01    0.1137064696E+01
    0.1466180994E+01    0.1181812786E+01    0.1137133535E+01
    0.1474367281E+01    0.1181844305E+01    0.1137181777E+01
    0.1478729813E+01    0.1181860057E+01    0.1137205884E+01
    0.1486916101E+01    0.1181887650E+01    0.1137248112E+01
    0.1497596920E+01    0.1181919799E+01    0.1137297306E+01
    0.1505783208E+01    0.1181941483E+01    0.1137330486E+01
    0.1510145739E+01    0.1181951991E+01    0.1137346563E+01
    0.1518332027E+01    0.1181969742E+01    0.1137373721E+01
    0.1529012847E+01    0.1181989041E+01    0.1137403247E+01
    0.1537199135E+01    0.1182000873E+01    0.1137421348E+01
    0.1541561666E+01    0.1182006129E+01    0.1137429388E+01
    0.1549747954E+01    0.1182014023E+01    0.1137441464E+01
    0.1560428773E+01    0.1182020458E+01    0.1137451307E+01
    0.1568615061E+01    0.1182022428E+01    0.1137454321E+01
    0.1572977593E+01    0.1182022428E+01    0.1137454321E+01
    0.1581163880E+01    0.1182020458E+01    0.1137451307E+01
    0.1591844700E+01    0.1182014023E+01    0.1137441464E+01
    0.1600030988E+01    0.1182006129E+01    0.1137429388E+01
    0.1604393519E+01    0.1182000873E+01    0.1137421348E+01
    0.1612579807E+01    0.1181989041E+01    0.1137403247E+01
    0.1623260626E+01    0.1181969742E+01    0.1137373721E+01
    0.1631446914E+01    0.1181951991E+01    0.1137346563E+01
    0.1635809446E+01    0.1181941483E+01    0.1137330486E+01
    0.1643995733E+01    0.1181919799E+01    0.1137297306E+01
    0.1654676553E+01    0.1181887650E+01    0.1137248112E+01
    0.1662862841E+01    0.1181860057E+01    0.1137205884E+01
    0.1667225372E+01    0.1181844306E+01    0.1137181777E+01
    0.1675411660E+01    0.1181812786E+01    0.1137133535E+01
    0.1686092479E+01    0.1181767815E+01    0.1137064696E+01
    0.1694278767E+01    0.1181730401E+01    0.1137007418E+01
    0.1698641299E+01    0.1181709419E+01    0.1136975294E+01
    0.1706827586E+01    0.1181668090E+01    0.1136912012E+01
    0.1717508406E+01    0.1181610333E+01    0.1136823561E+01
    0.1725694694E+01    0.1181563129E+01    0.1136751261E+01
    0.1730057225E+01    0.1181536934E+01    0.1136711135E+01
    0.1738243513E+01    0.1181485829E+01    0.1136632843E+01
    0.1748924332E+01    0.1181415332E+01    0.1136524824E+01
    0.1757110620E+01    0.1181358376E+01    0.1136437536E+01
    0.1761473152E+01    0.1181326989E+01    0.1136389427E+01
    0.1769659440E+01    0.1181266150E+01    0.1136296164E+01
    0.1780340259E+01    0.1181182972E+01    0.1136168627E+01
    0.1788526547E+01    0.1181116310E+01    0.1136066394E+01
    0.1792889078E+01    0.1181079756E+01    0.1136010325E+01
    0.1801075366E+01    0.1181009233E+01    0.1135902136E+01
    0.1811756186E+01    0.1180913440E+01    0.1135755144E+01
    0.1819942473E+01    0.1180837127E+01    0.1135638015E+01
    0.1824305005E+01    0.1180795436E+01    0.1135574014E+01
    0.1832491293E+01    0.1180715286E+01    0.1135450951E+01
    0.1843172112E+01    0.1180606956E+01    0.1135284575E+01
    0.1851358400E+01    0.1180521055E+01    0.1135152608E+01
    0.1855720931E+01    0.1180474261E+01    0.1135080706E+01
    0.1863907219E+01    0.1180384549E+01    0.1134942829E+01
    0.1874588039E+01    0.1180263771E+01    0.1134757151E+01
    0.1882774326E+01    0.1180168351E+01    0.1134610410E+01
    0.1887136858E+01    0.1180116493E+01    0.1134530643E+01
    0.1895323146E+01    0.1180017292E+01    0.1134378020E+01
    0.1906003965E+01    0.1179884166E+01    0.1134173132E+01
    0.1914190253E+01    0.1179779305E+01    0.1134011690E+01
    0.1918552784E+01    0.1179722425E+01    0.1133924097E+01
    0.1926739072E+01    0.1179613817E+01    0.1133756804E+01
    0.1937419892E+01    0.1179468451E+01    0.1133532808E+01
    0.1945606180E+01    0.1179354236E+01    0.1133356745E+01
    0.1949968711E+01    0.1179292380E+01    0.1133261369E+01
    0.1958154999E+01    0.1179174455E+01    0.1133079490E+01
    0.1968835818E+01    0.1179016969E+01    0.1132836498E+01
    0.1977022106E+01    0.1178893493E+01    0.1132645903E+01
    0.1981384637E+01    0.1178826713E+01    0.1132542793E+01
    0.1989570925E+01    0.1178699566E+01    0.1132346420E+01
    0.2000251745E+01    0.1178530090E+01    0.1132084555E+01
    0.2008438033E+01    0.1178397456E+01    0.1131879524E+01
    0.2012800564E+01    0.1178325806E+01    0.1131768732E+01
    0.2020986852E+01    0.1178189544E+01    0.1131557965E+01
    0.2031667671E+01    0.1178008217E+01    0.1131277360E+01
    0.2039853959E+01    0.1177866534E+01    0.1131058000E+01
    0.2044216491E+01    0.1177790075E+01    0.1130939583E+01
    0.2052402778E+01    0.1177644810E+01    0.1130714530E+01
    0.2063083598E+01    0.1177451783E+01    0.1130415330E+01
    0.2071269886E+01    0.1177301169E+01    0.1130181753E+01
    0.2075632417E+01    0.1177219962E+01    0.1130055773E+01
    0.2083818705E+01    0.1177065815E+01    0.1129816551E+01
    0.2094499524E+01    0.1176861249E+01    0.1129498913E+01
    0.2102685812E+01    0.1176701829E+01    0.1129251242E+01
    0.2107048344E+01    0.1176615944E+01    0.1129117764E+01
    0.2115234631E+01    0.1176453043E+01    0.1128864499E+01
    0.2125915451E+01    0.1176237108E+01    0.1128528591E+01
    0.2134101739E+01    0.1176069015E+01    0.1128266957E+01
    0.2138464270E+01    0.1175978523E+01    0.1128126052E+01
    0.2146650558E+01    0.1175807004E+01    0.1127858879E+01
    0.2157331377E+01    0.1175579881E+01    0.1127504880E+01
    0.2165517665E+01    0.1175403257E+01    0.1127229423E+01
    0.2169880197E+01    0.1175308233E+01    0.1127081168E+01
    0.2178066485E+01    0.1175128241E+01    0.1126800230E+01
    0.2188747304E+01    0.1174890121E+01    0.1126428332E+01
    0.2196933592E+01    0.1174705113E+01    0.1126139201E+01
    0.2201296123E+01    0.1174605639E+01    0.1125983676E+01
    0.2209482411E+01    0.1174417325E+01    0.1125689128E+01
    0.2220163231E+01    0.1174168409E+01    0.1125299534E+01
    0.2228349518E+01    0.1173975174E+01    0.1124996890E+01
    0.2232712050E+01    0.1173871332E+01    0.1124834181E+01
    0.2240898338E+01    0.1173674856E+01    0.1124526185E+01
    0.2251579157E+01    0.1173415355E+01    0.1124119113E+01
    0.2259765445E+01    0.1173214057E+01    0.1123803123E+01
    0.2264127976E+01    0.1173105936E+01    0.1123633321E+01
    0.2272314264E+01    0.1172901464E+01    0.1123312051E+01
    0.2282995084E+01    0.1172631598E+01    0.1122887729E+01
    0.2291181371E+01    0.1172422408E+01    0.1122558574E+01
    0.2295543903E+01    0.1172310101E+01    0.1122381775E+01
    0.2303730191E+01    0.1172097808E+01    0.1122047414E+01
    0.2314411010E+01    0.1171817808E+01    0.1121606085E+01
    0.2322597298E+01    0.1171600905E+01    0.1121263954E+01
    0.2326959829E+01    0.1171484507E+01    0.1121080260E+01
    0.2335146117E+01    0.1171264575E+01    0.1120733001E+01
    0.2345826937E+01    0.1170974681E+01    0.1120274922E+01
    0.2354013224E+01    0.1170750252E+01    0.1119920014E+01
    0.2358375756E+01    0.1170629863E+01    0.1119729534E+01
    0.2366562044E+01    0.1170402482E+01    0.1119369580E+01
    0.2377242863E+01    0.1170102943E+01    0.1118895023E+01
    0.2385429151E+01    0.1169871182E+01    0.1118527548E+01
    0.2389791682E+01    0.1169746906E+01    0.1118330394E+01
    0.2397977970E+01    0.1169512271E+01    0.1117957962E+01
    0.2408658790E+01    0.1169203349E+01    0.1117467209E+01
    0.2416845078E+01    0.1168964455E+01    0.1117087390E+01
    0.2421207609E+01    0.1168836401E+01    0.1116883683E+01
    0.2429393897E+01    0.1168594717E+01    0.1116498997E+01
    0.2440074716E+01    0.1168276678E+01    0.1115992349E+01
    0.2448261004E+01    0.1168030861E+01    0.1115600419E+01
    0.2452623536E+01    0.1167899140E+01    0.1115390282E+01
    0.2460809823E+01    0.1167650617E+01    0.1114993581E+01
    0.2471490643E+01    0.1167323741E+01    0.1114471353E+01
    0.2479676931E+01    0.1167071216E+01    0.1114067555E+01
    0.2484039462E+01    0.1166935943E+01    0.1113851120E+01
    0.2492225750E+01    0.1166680800E+01    0.1113442653E+01
    0.2502906569E+01    0.1166345374E+01    0.1112905174E+01
    0.2511092857E+01    0.1166086363E+01    0.1112489765E+01
    0.2515455389E+01    0.1165947658E+01    0.1112267171E+01
    0.2523641676E+01    0.1165686119E+01    0.1111847198E+01
    0.2534322496E+01    0.1165342439E+01    0.1111294813E+01
    0.2542508784E+01    0.1165077171E+01    0.1110868061E+01
    0.2546871315E+01    0.1164935156E+01    0.1110639453E+01
    0.2555057603E+01    0.1164667454E+01    0.1110208248E+01
    0.2565738422E+01    0.1164315825E+01    0.1109641318E+01
    0.2573924710E+01    0.1164044536E+01    0.1109203504E+01
    0.2578287242E+01    0.1163899338E+01    0.1108969031E+01
    0.2586473529E+01    0.1163625712E+01    0.1108526880E+01
    0.2597154349E+01    0.1163266447E+01    0.1107945783E+01
    0.2605340637E+01    0.1162989380E+01    0.1107497200E+01
    0.2609703168E+01    0.1162841129E+01    0.1107257020E+01
    0.2617889456E+01    0.1162561823E+01    0.1106804221E+01
    0.2628570275E+01    0.1162195245E+01    0.1106209351E+01
    0.2636756563E+01    0.1161912649E+01    0.1105750306E+01
    0.2641119095E+01    0.1161761479E+01    0.1105504583E+01
    0.2649305383E+01    0.1161476744E+01    0.1105041447E+01
    0.2659986202E+01    0.1161103185E+01    0.1104433216E+01
    0.2668172490E+01    0.1160815315E+01    0.1103964026E+01
    0.2672535021E+01    0.1160661361E+01    0.1103712932E+01
    0.2680721309E+01    0.1160371457E+01    0.1103239783E+01
    0.2691402129E+01    0.1159991255E+01    0.1102618618E+01
    0.2699588416E+01    0.1159698372E+01    0.1102139617E+01
    0.2703950948E+01    0.1159541776E+01    0.1101883331E+01
    0.2712137236E+01    0.1159246965E+01    0.1101400506E+01
    0.2722818055E+01    0.1158860467E+01    0.1100766854E+01
    0.2731004343E+01    0.1158562840E+01    0.1100278387E+01
    0.2735366874E+01    0.1158403744E+01    0.1100017094E+01
    0.2743553162E+01    0.1158104297E+01    0.1099524945E+01
    0.2754233982E+01    0.1157711858E+01    0.1098879268E+01
    0.2762420269E+01    0.1157409759E+01    0.1098381694E+01
    0.2766782801E+01    0.1157248310E+01    0.1098115587E+01
    0.2774969089E+01    0.1156944503E+01    0.1097614479E+01
    0.2785649908E+01    0.1156546484E+01    0.1096957259E+01
    0.2793836196E+01    0.1156240193E+01    0.1096450951E+01
    0.2798198727E+01    0.1156076540E+01    0.1096180231E+01
    0.2806385015E+01    0.1155768655E+01    0.1095670541E+01
    0.2817065835E+01    0.1155365425E+01    0.1095002278E+01
    0.2825252123E+01    0.1155055227E+01    0.1094487623E+01
    0.2829614654E+01    0.1154889522E+01    0.1094212497E+01
    0.2837800942E+01    0.1154577844E+01    0.1093694619E+01
    0.2848481761E+01    0.1154169781E+01    0.1093015830E+01
    0.2856668049E+01    0.1153855965E+01    0.1092493229E+01
    0.2861030580E+01    0.1153688364E+01    0.1092213912E+01
    0.2869216868E+01    0.1153373186E+01    0.1091688253E+01
    0.2879897688E+01    0.1152960671E+01    0.1090999473E+01
    0.2888083976E+01    0.1152643533E+01    0.1090469342E+01
    0.2892446507E+01    0.1152474193E+01    0.1090186056E+01
    0.2900632795E+01    0.1152155811E+01    0.1089653036E+01
    0.2911313614E+01    0.1151739234E+01    0.1088954821E+01
    0.2919499902E+01    0.1151419073E+01    0.1088417589E+01
    0.2923862434E+01    0.1151248155E+01    0.1088130566E+01
    0.2932048721E+01    0.1150926871E+01    0.1087590620E+01
    0.2942729541E+01    0.1150506627E+01    0.1086883542E+01
    0.2950915829E+01    0.1150183748E+01    0.1086339652E+01
    0.2955278360E+01    0.1150011413E+01    0.1086049129E+01
    0.2963464648E+01    0.1149687534E+01    0.1085502706E+01
    0.2974145467E+01    0.1149264024E+01    0.1084787358E+01
    0.2982331755E+01    0.1148938735E+01    0.1084237268E+01
    0.2986694287E+01    0.1148765149E+01    0.1083943490E+01
    0.2994880574E+01    0.1148438984E+01    0.1083391054E+01
    0.3005561394E+01    0.1148012615E+01    0.1082668046E+01
    0.3013747682E+01    0.1147685228E+01    0.1082112227E+01
    0.3018110213E+01    0.1147510558E+01    0.1081815448E+01
    0.3026296501E+01    0.1147182422E+01    0.1081257476E+01
    0.3036977320E+01    0.1146753605E+01    0.1080527436E+01
    0.3045163608E+01    0.1146424437E+01    0.1079966375E+01
    0.3049526140E+01    0.1146248852E+01    0.1079666855E+01
    0.3057712428E+01    0.1145919062E+01    0.1079103839E+01
    0.3068393247E+01    0.1145488213E+01    0.1078367413E+01
    0.3076579535E+01    0.1145157584E+01    0.1077801610E+01
    0.3080942066E+01    0.1144981255E+01    0.1077499617E+01
    0.3089128354E+01    0.1144650133E+01    0.1076932062E+01
    0.3099809174E+01    0.1144217672E+01    0.1076189916E+01
    0.3107995461E+01    0.1143885905E+01    0.1075619884E+01
    0.3112357993E+01    0.1143709004E+01    0.1075315693E+01
    0.3120544281E+01    0.1143376874E+01    0.1074744119E+01
    0.3131225100E+01    0.1142943225E+01    0.1073996936E+01
    0.3139411388E+01    0.1142610647E+01    0.1073423203E+01
    0.3143773919E+01    0.1142433347E+01    0.1073117096E+01
    0.3151960207E+01    0.1142100536E+01    0.1072542035E+01
    0.3162641027E+01    0.1141666128E+01    0.1071790515E+01
    0.3170827314E+01    0.1141333066E+01    0.1071213622E+01
    0.3175189846E+01    0.1141155544E+01    0.1070905889E+01
    0.3183376134E+01    0.1140822381E+01    0.1070327887E+01
    0.3194056953E+01    0.1140387644E+01    0.1069572747E+01
    0.3202243241E+01    0.1140054429E+01    0.1068993247E+01
    0.3206605772E+01    0.1139876861E+01    0.1068684185E+01
    0.3214792060E+01    0.1139543678E+01    0.1068103801E+01
    0.3225472880E+01    0.1139109045E+01    0.1067345774E+01
    0.3233659167E+01    0.1138776010E+01    0.1066764233E+01
    0.3238021699E+01    0.1138598573E+01    0.1066454145E+01
    0.3246207987E+01    0.1138265704E+01    0.1065871950E+01
    0.3256888806E+01    0.1137831610E+01    0.1065111788E+01
    0.3265075094E+01    0.1137499089E+01    0.1064528785E+01
    0.3269437625E+01    0.1137321962E+01    0.1064217980E+01
    0.3277623913E+01    0.1136989740E+01    0.1063634558E+01
    0.3288304733E+01    0.1136556623E+01    0.1062873026E+01
    0.3296491021E+01    0.1136224951E+01    0.1062289151E+01
    0.3300853552E+01    0.1136048312E+01    0.1061977945E+01
    0.3309039840E+01    0.1135717074E+01    0.1061393890E+01
    0.3319720659E+01    0.1135285372E+01    0.1060631768E+01
    0.3327906947E+01    0.1134954886E+01    0.1060047623E+01
    0.3332269479E+01    0.1134778915E+01    0.1059736338E+01
    0.3340455766E+01    0.1134448996E+01    0.1059152256E+01
    0.3351136586E+01    0.1134019148E+01    0.1058390339E+01
    0.3359322874E+01    0.1133690184E+01    0.1057806537E+01
    0.3363685405E+01    0.1133515060E+01    0.1057495499E+01
    0.3371871693E+01    0.1133186798E+01    0.1056912007E+01
    0.3382552512E+01    0.1132759243E+01    0.1056151103E+01
    0.3390738800E+01    0.1132432138E+01    0.1055568265E+01
    0.3395101332E+01    0.1132258040E+01    0.1055257808E+01
    0.3403287619E+01    0.1131931771E+01    0.1054675531E+01
    0.3413968439E+01    0.1131506949E+01    0.1053916461E+01
    0.3422154727E+01    0.1131182039E+01    0.1053335218E+01
    0.3426517258E+01    0.1131009147E+01    0.1053025679E+01
    0.3434703546E+01    0.1130685207E+01    0.1052445253E+01
    0.3445384365E+01    0.1130263556E+01    0.1051688848E+01
    0.3453570653E+01    0.1129941177E+01    0.1051109841E+01
    0.3457933185E+01    0.1129769669E+01    0.1050801562E+01
    0.3466119472E+01    0.1129448394E+01    0.1050223629E+01
    0.3476800292E+01    0.1129030350E+01    0.1049470732E+01
    0.3484986580E+01    0.1128710836E+01    0.1048894609E+01
    0.3489349111E+01    0.1128540891E+01    0.1048587936E+01
    0.3497535399E+01    0.1128222614E+01    0.1048013147E+01
    0.3508216218E+01    0.1127808613E+01    0.1047264609E+01
    0.3516402506E+01    0.1127492298E+01    0.1046692024E+01
    0.3520765038E+01    0.1127324092E+01    0.1046387307E+01
    0.3528951326E+01    0.1127009147E+01    0.1045816320E+01
    0.3539632145E+01    0.1126599622E+01    0.1045073000E+01
    0.3547818433E+01    0.1126286836E+01    0.1044504614E+01
    0.3552180964E+01    0.1126120546E+01    0.1044202206E+01
    0.3560367252E+01    0.1125809262E+01    0.1043635683E+01
    0.3571048072E+01    0.1125404643E+01    0.1042898448E+01
    0.3579234359E+01    0.1125095715E+01    0.1042334927E+01
    0.3583596891E+01    0.1124931517E+01    0.1042035181E+01
    0.3591783179E+01    0.1124624222E+01    0.1041473790E+01
    0.3602463998E+01    0.1124224934E+01    0.1040743513E+01
    0.3610650286E+01    0.1123920192E+01    0.1040185525E+01
    0.3615012817E+01    0.1123758258E+01    0.1039888800E+01
    0.3623199105E+01    0.1123455277E+01    0.1039333210E+01
    0.3633879925E+01    0.1123061744E+01    0.1038610767E+01
    0.3642066212E+01    0.1122761509E+01    0.1038058985E+01
    0.3646428744E+01    0.1122602012E+01    0.1037765640E+01
    0.3654615032E+01    0.1122303666E+01    0.1037216525E+01
    0.3665295851E+01    0.1121916307E+01    0.1036502795E+01
    0.3673482139E+01    0.1121620899E+01    0.1035957893E+01
    0.3677844670E+01    0.1121464008E+01    0.1035668286E+01
    0.3686030958E+01    0.1121170616E+01    0.1035126321E+01
    0.3696711778E+01    0.1120789843E+01    0.1034422183E+01
    0.3704898066E+01    0.1120499578E+01    0.1033884836E+01
    0.3709260597E+01    0.1120345460E+01    0.1033599327E+01
    0.3717446885E+01    0.1120057336E+01    0.1033065186E+01
    0.3728127704E+01    0.1119683558E+01    0.1032371521E+01
    0.3736313992E+01    0.1119398746E+01    0.1031842403E+01
    0.3740676523E+01    0.1119247567E+01    0.1031561350E+01
    0.3748862811E+01    0.1118965020E+01    0.1031035707E+01
    0.3759543631E+01    0.1118598638E+01    0.1030353392E+01
    0.3767729919E+01    0.1118319586E+01    0.1029833175E+01
    0.3772092450E+01    0.1118171509E+01    0.1029556937E+01
    0.3780278738E+01    0.1117894843E+01    0.1029040462E+01
    0.3790959557E+01    0.1117536252E+01    0.1028370371E+01
    0.3799145845E+01    0.1117263261E+01    0.1027859724E+01
    0.3803508377E+01    0.1117118446E+01    0.1027588656E+01
    0.3811694664E+01    0.1116847960E+01    0.1027082017E+01
    0.3822375484E+01    0.1116497548E+01    0.1026425019E+01
    0.3830561772E+01    0.1116230915E+01    0.1025924605E+01
    0.3834924303E+01    0.1116089519E+01    0.1025659062E+01
    0.3843110591E+01    0.1115825506E+01    0.1025162921E+01
    0.3853791410E+01    0.1115483653E+01    0.1024519877E+01
    0.3861977698E+01    0.1115223667E+01    0.1024030356E+01
    0.3866340230E+01    0.1115085843E+01    0.1023770687E+01
    0.3874526517E+01    0.1114828591E+01    0.1023285700E+01
    0.3885207337E+01    0.1114495670E+01    0.1022657463E+01
    0.3893393625E+01    0.1114242614E+01    0.1022179486E+01
    0.3897756156E+01    0.1114108513E+01    0.1021926037E+01
    0.3905942444E+01    0.1113858302E+01    0.1021452851E+01
    0.3916623263E+01    0.1113534677E+01    0.1020840264E+01
    0.3924809551E+01    0.1113288827E+01    0.1020374473E+01
    0.3929172083E+01    0.1113158596E+01    0.1020127586E+01
    0.3937358371E+01    0.1112915700E+01    0.1019666841E+01
    0.3948039190E+01    0.1112601724E+01    0.1019070732E+01
    0.3956225478E+01    0.1112363351E+01    0.1018617760E+01
    0.3960588009E+01    0.1112237132E+01    0.1018377772E+01
    0.3968774297E+01    0.1112001818E+01    0.1017930095E+01
    0.3979455117E+01    0.1111697837E+01    0.1017351281E+01
    0.3987641404E+01    0.1111467202E+01    0.1016911749E+01
    0.3992003936E+01    0.1111345134E+01    0.1016678989E+01
    0.4000190224E+01    0.1111117661E+01    0.1016244997E+01
    0.4010871043E+01    0.1110824009E+01    0.1015684276E+01
    0.4019057331E+01    0.1110601366E+01    0.1015258794E+01
    0.4023419862E+01    0.1110483584E+01    0.1015033584E+01
    0.4031606150E+01    0.1110264203E+01    0.1014613880E+01
    0.4042286970E+01    0.1109981205E+01    0.1014072034E+01
    0.4050473257E+01    0.1109766800E+01    0.1013661195E+01
    0.4054835789E+01    0.1109653434E+01    0.1013443851E+01
    0.4063022077E+01    0.1109442388E+01    0.1013039024E+01
    0.4073702896E+01    0.1109170356E+01    0.1012516814E+01
    0.4081889184E+01    0.1108964427E+01    0.1012121198E+01
    0.4086251715E+01    0.1108855603E+01    0.1011912026E+01
    0.4094438003E+01    0.1108653124E+01    0.1011522648E+01
    0.4105118823E+01    0.1108392362E+01    0.1011020815E+01
    0.4113305110E+01    0.1108195137E+01    0.1010640982E+01
    0.4117667642E+01    0.1108090975E+01    0.1010440282E+01
    0.4125853930E+01    0.1107897290E+01    0.1010066907E+01
    0.4136534749E+01    0.1107648086E+01    0.1009586167E+01
    0.4144721037E+01    0.1107459785E+01    0.1009222663E+01
    0.4149083568E+01    0.1107360402E+01    0.1009030720E+01
    0.4157269856E+01    0.1107175725E+01    0.1008673886E+01
    0.4167950676E+01    0.1106938357E+01    0.1008214930E+01
    0.4176136964E+01    0.1106759190E+01    0.1007868279E+01
    0.4180499495E+01    0.1106664696E+01    0.1007685371E+01
    0.4188685783E+01    0.1106489234E+01    0.1007345593E+01
    0.4199366602E+01    0.1106263967E+01    0.1006909088E+01
    0.4207552890E+01    0.1106094134E+01    0.1006579792E+01
    0.4211915422E+01    0.1106004634E+01    0.1006406186E+01
    0.4220101709E+01    0.1105838584E+01    0.1006083958E+01
    0.4230782529E+01    0.1105625669E+01    0.1005670540E+01
    0.4238968817E+01    0.1105465360E+01    0.1005359082E+01
    0.4243331348E+01    0.1105380956E+01    0.1005195031E+01
    0.4251517636E+01    0.1105224502E+01    0.1004890826E+01
    0.4262198455E+01    0.1105024179E+01    0.1004501102E+01
    0.4270384743E+01    0.1104873574E+01    0.1004207939E+01
    0.4274747275E+01    0.1104794359E+01    0.1004053685E+01
    0.4282933562E+01    0.1104647677E+01    0.1003767952E+01
    0.4293614382E+01    0.1104460170E+01    0.1003402497E+01
    0.4301800670E+01    0.1104319438E+01    0.1003128063E+01
    0.4306163201E+01    0.1104245501E+01    0.1002983834E+01
    0.4314349489E+01    0.1104108757E+01    0.1002716996E+01
    0.4325030308E+01    0.1103934277E+01    0.1002376354E+01
    0.4333216596E+01    0.1103803575E+01    0.1002121056E+01
    0.4337579128E+01    0.1103735000E+01    0.1001987067E+01
    0.4345765415E+01    0.1103608347E+01    0.1001739522E+01
    0.4356446235E+01    0.1103447091E+01    0.1001424200E+01
    0.4364632523E+01    0.1103326567E+01    0.1001188421E+01
    0.4368995054E+01    0.1103263431E+01    0.1001064873E+01
    0.4377181342E+01    0.1103147011E+01    0.1000836991E+01
    0.4387862162E+01    0.1102999159E+01    0.1000547462E+01
    0.4396048449E+01    0.1102888949E+01    0.1000331556E+01
    0.4400410981E+01    0.1102831323E+01    0.1000218634E+01
    0.4408597269E+01    0.1102725269E+01    0.1000010758E+01
    0.4419278088E+01    0.1102590989E+01    0.9997474582E+00
    0.4427464376E+01    0.1102491217E+01    0.9995517498E+00
    0.4431826907E+01    0.1102439166E+01    0.9994496242E+00
    0.4440013195E+01    0.1102343596E+01    0.9992620681E+00
    0.4450694015E+01    0.1102223040E+01    0.9990253955E+00
    0.4458880302E+01    0.1102133819E+01    0.9988501812E+00
    0.4463242834E+01    0.1102087402E+01    0.9987590067E+00
    0.4471429122E+01    0.1102002425E+01    0.9985920547E+00
    0.4482109941E+01    0.1101895728E+01    0.9983823682E+00
    0.4490296229E+01    0.1101817159E+01    0.9982279141E+00
    0.4494658760E+01    0.1101776429E+01    0.9981478292E+00
    0.4502845048E+01    0.1101702140E+01    0.9980017350E+00
    0.4513525868E+01    0.1101609424E+01    0.9978193536E+00
    0.4521712155E+01    0.1101541596E+01    0.9976858948E+00
    0.4526074687E+01    0.1101506598E+01    0.9976170215E+00
    0.4534260975E+01    0.1101443082E+01    0.9974920079E+00
    0.4544941794E+01    0.1101364451E+01    0.9973372099E+00
    0.4553128082E+01    0.1101307440E+01    0.9972249502E+00
    0.4557490613E+01    0.1101278215E+01    0.9971673937E+00
    0.4565676901E+01    0.1101225544E+01    0.9970636516E+00
    0.4576357721E+01    0.1101161087E+01    0.9969366737E+00
    0.4584544009E+01    0.1101114959E+01    0.9968457848E+00
    0.4588906540E+01    0.1101091538E+01    0.9967996333E+00
    0.4597092828E+01    0.1101049772E+01    0.9967173217E+00
    0.4607773647E+01    0.1100999563E+01    0.9966183583E+00
    0.4615959935E+01    0.1100964369E+01    0.9965489796E+00
    0.4620322466E+01    0.1100946781E+01    0.9965143038E+00
    0.4628508754E+01    0.1100915966E+01    0.9964535488E+00
    0.4639189574E+01    0.1100880062E+01    0.9963827519E+00
    0.4647375862E+01    0.1100855842E+01    0.9963349898E+00
    0.4651738393E+01    0.1100844105E+01    0.9963118430E+00
    0.4659924681E+01    0.1100824278E+01    0.9962727380E+00
    0.4670605500E+01    0.1100802719E+01    0.9962302162E+00
    0.4678791788E+01    0.1100789501E+01    0.9962041442E+00
    0.4683154320E+01    0.1100783629E+01    0.9961925619E+00
    0.4691340607E+01    0.1100774811E+01    0.9961751669E+00
    0.4702021427E+01    0.1100767622E+01    0.9961609857E+00
    0.4710207715E+01    0.1100765421E+01    0.9961566439E+00
    0.4714570246E+01    0.1100765421E+01    0.9961566439E+00
    0.4722756534E+01    0.1100767622E+01    0.9961609857E+00
    0.4733437353E+01    0.1100774811E+01    0.9961751669E+00
    0.4741623641E+01    0.1100783629E+01    0.9961925619E+00
    0.4745986173E+01    0.1100789501E+01    0.9962041442E+00
    0.4754172460E+01    0.1100802719E+01    0.9962302162E+00
    0.4764853280E+01    0.1100824278E+01    0.9962727379E+00
    0.4773039568E+01    0.1100844106E+01    0.9963118430E+00
    0.4777402099E+01    0.1100855842E+01    0.9963349898E+00
    0.4785588387E+01    0.1100880062E+01    0.9963827519E+00
    0.4796269206E+01    0.1100915966E+01    0.9964535488E+00
    0.4804455494E+01    0.1100946781E+01    0.9965143038E+00
    0.4808818026E+01    0.1100964369E+01    0.9965489796E+00
    0.4817004314E+01    0.1100999563E+01    0.9966183583E+00
    0.4827685133E+01    0.1101049772E+01    0.9967173216E+00
    0.4835871421E+01    0.1101091538E+01    0.9967996334E+00
    0.4840233952E+01    0.1101114959E+01    0.9968457848E+00
    0.4848420240E+01    0.1101161087E+01    0.9969366737E+00
    0.4859101060E+01    0.1101225544E+01    0.9970636516E+00
    0.4867287347E+01    0.1101278215E+01    0.9971673938E+00
    0.4871649879E+01    0.1101307440E+01    0.9972249501E+00
    0.4879836167E+01    0.1101364451E+01    0.9973372099E+00
    0.4890516986E+01    0.1101443082E+01    0.9974920079E+00
    0.4898703274E+01    0.1101506598E+01    0.9976170216E+00
    0.4903065805E+01    0.1101541596E+01    0.9976858948E+00
    0.4911252093E+01    0.1101609424E+01    0.9978193536E+00
    0.4921932913E+01    0.1101702140E+01    0.9980017349E+00
    0.4930119200E+01    0.1101776429E+01    0.9981478292E+00
    0.4934481732E+01    0.1101817159E+01    0.9982279140E+00
    0.4942668020E+01    0.1101895728E+01    0.9983823682E+00
    0.4953348839E+01    0.1102002425E+01    0.9985920547E+00
    0.4961535127E+01    0.1102087402E+01    0.9987590067E+00
    0.4965897658E+01    0.1102133819E+01    0.9988501812E+00
    0.4974083946E+01    0.1102223040E+01    0.9990253955E+00
    0.4984764766E+01    0.1102343596E+01    0.9992620681E+00
    0.4992951053E+01    0.1102439166E+01    0.9994496242E+00
    0.4997313585E+01    0.1102491217E+01    0.9995517498E+00
    0.5005499873E+01    0.1102590989E+01    0.9997474582E+00
    0.5016180692E+01    0.1102725269E+01    0.1000010758E+01
    0.5024366980E+01    0.1102831323E+01    0.1000218634E+01
    0.5028729511E+01    0.1102888949E+01    0.1000331556E+01
    0.5036915799E+01    0.1102999159E+01    0.1000547462E+01
    0.5047596619E+01    0.1103147011E+01    0.1000836991E+01
    0.5055782907E+01    0.1103263431E+01    0.1001064873E+01
    0.5060145438E+01    0.1103326567E+01    0.1001188421E+01
    0.5068331726E+01    0.1103447091E+01    0.1001424200E+01
    0.5079012545E+01    0.1103608347E+01    0.1001739522E+01
    0.5087198833E+01    0.1103735000E+01    0.1001987067E+01
    0.5091561365E+01    0.1103803575E+01    0.1002121056E+01
    0.5099747652E+01    0.1103934277E+01    0.1002376354E+01
    0.5110428472E+01    0.1104108757E+01    0.1002716996E+01
    0.5118614760E+01    0.1104245501E+01    0.1002983834E+01
    0.5122977291E+01    0.1104319438E+01    0.1003128063E+01
    0.5131163579E+01    0.1104460170E+01    0.1003402497E+01
    0.5141844398E+01    0.1104647677E+01    0.1003767952E+01
    0.5150030686E+01    0.1104794359E+01    0.1004053685E+01
    0.5154393218E+01    0.1104873574E+01    0.1004207939E+01
    0.5162579505E+01    0.1105024179E+01    0.1004501102E+01
    0.5173260325E+01    0.1105224502E+01    0.1004890826E+01
    0.5181446613E+01    0.1105380956E+01    0.1005195031E+01
    0.5185809144E+01    0.1105465360E+01    0.1005359082E+01
    0.5193995432E+01    0.1105625669E+01    0.1005670540E+01
    0.5204676251E+01    0.1105838584E+01    0.1006083958E+01
    0.5212862539E+01    0.1106004634E+01    0.1006406186E+01
    0.5217225071E+01    0.1106094134E+01    0.1006579792E+01
    0.5225411358E+01    0.1106263967E+01    0.1006909088E+01
    0.5236092178E+01    0.1106489234E+01    0.1007345593E+01
    0.5244278466E+01    0.1106664696E+01    0.1007685371E+01
    0.5248640997E+01    0.1106759190E+01    0.1007868279E+01
    0.5256827285E+01    0.1106938357E+01    0.1008214931E+01
    0.5267508105E+01    0.1107175725E+01    0.1008673886E+01
    0.5275694392E+01    0.1107360402E+01    0.1009030720E+01
    0.5280056924E+01    0.1107459785E+01    0.1009222663E+01
    0.5288243212E+01    0.1107648086E+01    0.1009586167E+01
    0.5298924031E+01    0.1107897290E+01    0.1010066907E+01
    0.5307110319E+01    0.1108090976E+01    0.1010440282E+01
    0.5311472850E+01    0.1108195137E+01    0.1010640982E+01
    0.5319659138E+01    0.1108392362E+01    0.1011020815E+01
    0.5330339958E+01    0.1108653124E+01    0.1011522648E+01
    0.5338526245E+01    0.1108855603E+01    0.1011912026E+01
    0.5342888777E+01    0.1108964427E+01    0.1012121198E+01
    0.5351075065E+01    0.1109170356E+01    0.1012516814E+01
    0.5361755884E+01    0.1109442388E+01    0.1013039024E+01
    0.5369942172E+01    0.1109653434E+01    0.1013443851E+01
    0.5374304703E+01    0.1109766800E+01    0.1013661195E+01
    0.5382490991E+01    0.1109981205E+01    0.1014072034E+01
    0.5393171811E+01    0.1110264203E+01    0.1014613880E+01
    0.5401358098E+01    0.1110483584E+01    0.1015033584E+01
    0.5405720630E+01    0.1110601366E+01    0.1015258794E+01
    0.5413906918E+01    0.1110824009E+01    0.1015684276E+01
    0.5424587737E+01    0.1111117661E+01    0.1016244997E+01
    0.5432774025E+01    0.1111345134E+01    0.1016678989E+01
    0.5437136556E+01    0.1111467202E+01    0.1016911749E+01
    0.5445322844E+01    0.1111697837E+01    0.1017351281E+01
    0.5456003664E+01    0.1112001818E+01    0.1017930095E+01
    0.5464189952E+01    0.1112237132E+01    0.1018377772E+01
    0.5468552483E+01    0.1112363351E+01    0.1018617760E+01
    0.5476738771E+01    0.1112601724E+01    0.1019070732E+01
    0.5487419590E+01    0.1112915700E+01    0.1019666841E+01
    0.5495605878E+01    0.1113158596E+01    0.1020127586E+01
    0.5499968409E+01    0.1113288827E+01    0.1020374473E+01
    0.5508154697E+01    0.1113534677E+01    0.1020840264E+01
    0.5518835517E+01    0.1113858302E+01    0.1021452851E+01
    0.5527021805E+01    0.1114108513E+01    0.1021926037E+01
    0.5531384336E+01    0.1114242613E+01    0.1022179486E+01
    0.5539570624E+01    0.1114495670E+01    0.1022657463E+01
    0.5550251443E+01    0.1114828591E+01    0.1023285699E+01
    0.5558437731E+01    0.1115085843E+01    0.1023770687E+01
    0.5562800263E+01    0.1115223667E+01    0.1024030356E+01
    0.5570986550E+01    0.1115483653E+01    0.1024519877E+01
    0.5581667370E+01    0.1115825506E+01    0.1025162921E+01
    0.5589853658E+01    0.1116089519E+01    0.1025659062E+01
    0.5594216189E+01    0.1116230915E+01    0.1025924605E+01
    0.5602402477E+01    0.1116497548E+01    0.1026425019E+01
    0.5613083296E+01    0.1116847960E+01    0.1027082017E+01
    0.5621269584E+01    0.1117118446E+01    0.1027588656E+01
    0.5625632116E+01    0.1117263261E+01    0.1027859723E+01
    0.5633818403E+01    0.1117536252E+01    0.1028370371E+01
    0.5644499223E+01    0.1117894843E+01    0.1029040462E+01
    0.5652685511E+01    0.1118171509E+01    0.1029556937E+01
    0.5657048042E+01    0.1118319586E+01    0.1029833175E+01
    0.5665234330E+01    0.1118598638E+01    0.1030353392E+01
    0.5675915149E+01    0.1118965020E+01    0.1031035707E+01
    0.5684101437E+01    0.1119247567E+01    0.1031561350E+01
    0.5688463969E+01    0.1119398746E+01    0.1031842403E+01
    0.5696650257E+01    0.1119683558E+01    0.1032371521E+01
    0.5707331076E+01    0.1120057336E+01    0.1033065186E+01
    0.5715517364E+01    0.1120345460E+01    0.1033599327E+01
    0.5719879895E+01    0.1120499578E+01    0.1033884836E+01
    0.5728066183E+01    0.1120789843E+01    0.1034422183E+01
    0.5738747003E+01    0.1121170616E+01    0.1035126321E+01
    0.5746933290E+01    0.1121464008E+01    0.1035668286E+01
    0.5751295822E+01    0.1121620899E+01    0.1035957893E+01
    0.5759482110E+01    0.1121916307E+01    0.1036502795E+01
    0.5770162929E+01    0.1122303666E+01    0.1037216525E+01
    0.5778349217E+01    0.1122602012E+01    0.1037765640E+01
    0.5782711748E+01    0.1122761509E+01    0.1038058985E+01
    0.5790898036E+01    0.1123061744E+01    0.1038610767E+01
    0.5801578856E+01    0.1123455277E+01    0.1039333210E+01
    0.5809765143E+01    0.1123758258E+01    0.1039888800E+01
    0.5814127675E+01    0.1123920192E+01    0.1040185525E+01
    0.5822313963E+01    0.1124224934E+01    0.1040743513E+01
    0.5832994782E+01    0.1124624222E+01    0.1041473789E+01
    0.5841181070E+01    0.1124931517E+01    0.1042035181E+01
    0.5845543601E+01    0.1125095715E+01    0.1042334926E+01
    0.5853729889E+01    0.1125404643E+01    0.1042898448E+01
    0.5864410709E+01    0.1125809262E+01    0.1043635683E+01
    0.5872596996E+01    0.1126120546E+01    0.1044202206E+01
    0.5876959528E+01    0.1126286836E+01    0.1044504614E+01
    0.5885145816E+01    0.1126599622E+01    0.1045073001E+01
    0.5895826635E+01    0.1127009147E+01    0.1045816320E+01
    0.5904012923E+01    0.1127324092E+01    0.1046387307E+01
    0.5908375454E+01    0.1127492298E+01    0.1046692024E+01
    0.5916561742E+01    0.1127808613E+01    0.1047264609E+01
    0.5927242562E+01    0.1128222614E+01    0.1048013147E+01
    0.5935428850E+01    0.1128540891E+01    0.1048587936E+01
    0.5939791381E+01    0.1128710836E+01    0.1048894609E+01
    0.5947977669E+01    0.1129030350E+01    0.1049470732E+01
    0.5958658488E+01    0.1129448394E+01    0.1050223629E+01
    0.5966844776E+01    0.1129769669E+01    0.1050801562E+01
    0.5971207308E+01    0.1129941177E+01    0.1051109841E+01
    0.5979393595E+01    0.1130263556E+01    0.1051688848E+01
    0.5990074415E+01    0.1130685207E+01    0.1052445253E+01
    0.5998260703E+01    0.1131009147E+01    0.1053025679E+01
    0.6002623234E+01    0.1131182039E+01    0.1053335218E+01
    0.6010809522E+01    0.1131506949E+01    0.1053916461E+01
    0.6021490341E+01    0.1131931771E+01    0.1054675531E+01
    0.6029676629E+01    0.1132258040E+01    0.1055257808E+01
    0.6034039161E+01    0.1132432138E+01    0.1055568265E+01
    0.6042225448E+01    0.1132759243E+01    0.1056151103E+01
    0.6052906268E+01    0.1133186798E+01    0.1056912007E+01
    0.6061092556E+01    0.1133515060E+01    0.1057495499E+01
    0.6065455087E+01    0.1133690184E+01    0.1057806537E+01
    0.6073641375E+01    0.1134019148E+01    0.1058390339E+01
    0.6084322194E+01    0.1134448996E+01    0.1059152256E+01
    0.6092508482E+01    0.1134778915E+01    0.1059736338E+01
    0.6096871014E+01    0.1134954886E+01    0.1060047623E+01
    0.6105057301E+01    0.1135285372E+01    0.1060631768E+01
    0.6115738121E+01    0.1135717074E+01    0.1061393890E+01
    0.6123924409E+01    0.1136048312E+01    0.1061977945E+01
    0.6128286940E+01    0.1136224951E+01    0.1062289151E+01
    0.6136473228E+01    0.1136556623E+01    0.1062873026E+01
    0.6147154048E+01    0.1136989740E+01    0.1063634558E+01
    0.6155340335E+01    0.1137321962E+01    0.1064217980E+01
    0.6159702867E+01    0.1137499089E+01    0.1064528785E+01
    0.6167889155E+01    0.1137831610E+01    0.1065111788E+01
    0.6178569974E+01    0.1138265704E+01    0.1065871950E+01
    0.6186756262E+01    0.1138598573E+01    0.1066454145E+01
    0.6191118793E+01    0.1138776010E+01    0.1066764233E+01
    0.6199305081E+01    0.1139109045E+01    0.1067345774E+01
    0.6209985901E+01    0.1139543678E+01    0.1068103801E+01
    0.6218172188E+01    0.1139876861E+01    0.1068684185E+01
    0.6222534720E+01    0.1140054429E+01    0.1068993247E+01
    0.6230721008E+01    0.1140387644E+01    0.1069572747E+01
    0.6241401827E+01    0.1140822381E+01    0.1070327887E+01
    0.6249588115E+01    0.1141155544E+01    0.1070905889E+01
    0.6253950646E+01    0.1141333066E+01    0.1071213622E+01
    0.6262136934E+01    0.1141666128E+01    0.1071790515E+01
    0.6272817754E+01    0.1142100536E+01    0.1072542035E+01
    0.6281004041E+01    0.1142433347E+01    0.1073117096E+01
