    0.2181265717E-02    0.1136079511E+01    0.1115111323E+01
    0.1036755352E-01    0.1137151671E+01    0.1116440736E+01
    0.2104837301E-01    0.1138548328E+01    0.1118170808E+01
    0.2923466082E-01    0.1139617006E+01    0.1119493309E+01
    0.3359719225E-01    0.1140185852E+01    0.1120196803E+01
    0.4178348006E-01    0.1141252007E+01    0.1121514464E+01
    0.5246429955E-01    0.1142640422E+01    0.1123228730E+01
    0.6065058736E-01    0.1143702475E+01    0.1124538758E+01
    0.6501311879E-01    0.1144267680E+01    0.1125235480E+01
    0.7319940660E-01    0.1145326801E+01    0.1126540199E+01
    0.8388022608E-01    0.1146705640E+01    0.1128237127E+01
    0.9206651389E-01    0.1147760051E+01    0.1129533522E+01
    0.9642904532E-01    0.1148321077E+01    0.1130222859E+01
    0.1046153331E+00    0.1149372156E+01    0.1131513495E+01
    0.1152961526E+00    0.1150740116E+01    0.1133191612E+01
    0.1234824404E+00    0.1151785892E+01    0.1134473262E+01
    0.1278449719E+00    0.1152342213E+01    0.1135154625E+01
    0.1360312597E+00    0.1153384267E+01    0.1136430084E+01
    0.1467120792E+00    0.1154740073E+01    0.1138087984E+01
    0.1548983670E+00    0.1155776244E+01    0.1139353822E+01
    0.1592608984E+00    0.1156327346E+01    0.1140026649E+01
    0.1674471862E+00    0.1157359415E+01    0.1141285884E+01
    0.1781280057E+00    0.1158701825E+01    0.1142922219E+01
    0.1863142935E+00    0.1159727447E+01    0.1144171227E+01
    0.1906768249E+00    0.1160272828E+01    0.1144834979E+01
    0.1988631127E+00    0.1161293979E+01    0.1146076990E+01
    0.2095439322E+00    0.1162621781E+01    0.1147690471E+01
    0.2177302200E+00    0.1163635935E+01    0.1148921677E+01
    0.2220927515E+00    0.1164175108E+01    0.1149575841E+01
    0.2302790393E+00    0.1165184429E+01    0.1150799673E+01
    0.2409598588E+00    0.1166496448E+01    0.1152389074E+01
    0.2491461466E+00    0.1167498239E+01    0.1153601548E+01
    0.2535086780E+00    0.1168030730E+01    0.1154245635E+01
    0.2616949658E+00    0.1169027338E+01    0.1155450379E+01
    0.2723757853E+00    0.1170322430E+01    0.1157014529E+01
    0.2805620731E+00    0.1171310989E+01    0.1158207389E+01
    0.2849246045E+00    0.1171836338E+01    0.1158840932E+01
    0.2931108923E+00    0.1172819375E+01    0.1160025721E+01
    0.3037917118E+00    0.1174096432E+01    0.1161563508E+01
    0.3119779996E+00    0.1175070918E+01    0.1162735914E+01
    0.3163405311E+00    0.1175588679E+01    0.1163358470E+01
    0.3245268189E+00    0.1176557314E+01    0.1164522481E+01
    0.3352076384E+00    0.1177815261E+01    0.1166032846E+01
    0.3433939262E+00    0.1178774858E+01    0.1167184000E+01
    0.3477564576E+00    0.1179284600E+01    0.1167795149E+01
    0.3559427454E+00    0.1180238028E+01    0.1168937600E+01
    0.3666235649E+00    0.1181475826E+01    0.1170419540E+01
    0.3748098527E+00    0.1182419746E+01    0.1171548684E+01
    0.3791723841E+00    0.1182921051E+01    0.1172148024E+01
    0.3873586720E+00    0.1183858495E+01    0.1173268174E+01
    0.3980394914E+00    0.1185075140E+01    0.1174720736E+01
    0.4062257792E+00    0.1186002622E+01    0.1175827152E+01
    0.4105883107E+00    0.1186495087E+01    0.1176414307E+01
    0.4187745985E+00    0.1187415796E+01    0.1177511453E+01
    0.4294554180E+00    0.1188610320E+01    0.1178933735E+01
    0.4376417058E+00    0.1189520629E+01    0.1180016743E+01
    0.4420042372E+00    0.1190003866E+01    0.1180591354E+01
    0.4501905250E+00    0.1190907117E+01    0.1181664829E+01
    0.4608713445E+00    0.1192078585E+01    0.1183055979E+01
    0.4690576323E+00    0.1192971014E+01    0.1184114935E+01
    0.4734201638E+00    0.1193444650E+01    0.1184676662E+01
    0.4816064516E+00    0.1194329746E+01    0.1185725839E+01
    0.4922872711E+00    0.1195477262E+01    0.1187085048E+01
    0.5004735589E+00    0.1196351130E+01    0.1188119345E+01
    0.5048360903E+00    0.1196814805E+01    0.1188667868E+01
    0.5130223781E+00    0.1197681076E+01    0.1189692152E+01
    0.5237031976E+00    0.1198803776E+01    0.1191018658E+01
    0.5318894854E+00    0.1199658432E+01    0.1192027720E+01
    0.5362520168E+00    0.1200111799E+01    0.1192562737E+01
    0.5444383046E+00    0.1200958603E+01    0.1193561566E+01
    0.5551191241E+00    0.1202055660E+01    0.1194854650E+01
    0.5633054119E+00    0.1202890475E+01    0.1195837936E+01
    0.5676679434E+00    0.1203333204E+01    0.1196359161E+01
    0.5758542312E+00    0.1204159926E+01    0.1197332007E+01
    0.5865350507E+00    0.1205230545E+01    0.1198590990E+01
    0.5947213385E+00    0.1206044920E+01    0.1199547989E+01
    0.5990838699E+00    0.1206476694E+01    0.1200055153E+01
    0.6072701577E+00    0.1207282743E+01    0.1201001516E+01
    0.6179509772E+00    0.1208326165E+01    0.1202225759E+01
    0.6261372650E+00    0.1209119525E+01    0.1203155990E+01
    0.6304997964E+00    0.1209540042E+01    0.1203648839E+01
    0.6386860842E+00    0.1210324853E+01    0.1204568250E+01
    0.6493669037E+00    0.1211340354E+01    0.1205757151E+01
    0.6575531915E+00    0.1212112151E+01    0.1206660161E+01
    0.6619157230E+00    0.1212521120E+01    0.1207138458E+01
    0.6701020108E+00    0.1213284156E+01    0.1208030475E+01
    0.6807828303E+00    0.1214271042E+01    0.1209183468E+01
    0.6889691181E+00    0.1215020754E+01    0.1210058831E+01
    0.6933316495E+00    0.1215417898E+01    0.1210522351E+01
    0.7015179373E+00    0.1216158647E+01    0.1211386559E+01
    0.7121987568E+00    0.1217116259E+01    0.1212503111E+01
    0.7203850446E+00    0.1217843386E+01    0.1213350429E+01
    0.7247475760E+00    0.1218228444E+01    0.1213798961E+01
    0.7329338638E+00    0.1218946416E+01    0.1214634969E+01
    0.7436146833E+00    0.1219874127E+01    0.1215714583E+01
    0.7518009711E+00    0.1220578196E+01    0.1216533478E+01
    0.7561635026E+00    0.1220950917E+01    0.1216966825E+01
    0.7643497904E+00    0.1221645650E+01    0.1217774268E+01
    0.7750306099E+00    0.1222542862E+01    0.1218816474E+01
    0.7832168977E+00    0.1223223424E+01    0.1219606595E+01
    0.7875794291E+00    0.1223583572E+01    0.1220024572E+01
    0.7957657169E+00    0.1224254623E+01    0.1220803106E+01
    0.8064465364E+00    0.1225120773E+01    0.1221807466E+01
    0.8146328242E+00    0.1225777401E+01    0.1222568483E+01
    0.8189953557E+00    0.1226124750E+01    0.1222970917E+01
    0.8271816435E+00    0.1226771704E+01    0.1223720221E+01
    0.8378624629E+00    0.1227606255E+01    0.1224686324E+01
    0.8460487508E+00    0.1228238547E+01    0.1225417928E+01
    0.8504112822E+00    0.1228572885E+01    0.1225804657E+01
    0.8585975700E+00    0.1229195347E+01    0.1226524430E+01
    0.8692783895E+00    0.1229997794E+01    0.1227451892E+01
    0.8774646773E+00    0.1230605367E+01    0.1228153795E+01
    0.8818272087E+00    0.1230926494E+01    0.1228524667E+01
    0.8900134965E+00    0.1231524092E+01    0.1229214630E+01
    0.9006943160E+00    0.1232293958E+01    0.1230103092E+01
    0.9088806038E+00    0.1232876454E+01    0.1230775025E+01
    0.9132431353E+00    0.1233184180E+01    0.1231129897E+01
    0.9214294231E+00    0.1233756563E+01    0.1231789787E+01
    0.9321102426E+00    0.1234493399E+01    0.1232638915E+01
    0.9402965304E+00    0.1235050479E+01    0.1233280627E+01
    0.9446590618E+00    0.1235344626E+01    0.1233619368E+01
    0.9528453496E+00    0.1235891465E+01    0.1234248942E+01
    0.9635261691E+00    0.1236594849E+01    0.1235058424E+01
    0.9717124569E+00    0.1237126197E+01    0.1235669681E+01
    0.9760749883E+00    0.1237406598E+01    0.1235992170E+01
    0.9842612761E+00    0.1237927583E+01    0.1236591200E+01
    0.9949420956E+00    0.1238597119E+01    0.1237360747E+01
    0.1003128383E+01    0.1239102437E+01    0.1237941332E+01
    0.1007490915E+01    0.1239368936E+01    0.1238247453E+01
    0.1015677203E+01    0.1239863778E+01    0.1238815730E+01
    0.1026358022E+01    0.1240499096E+01    0.1239545073E+01
    0.1034544310E+01    0.1240978106E+01    0.1240094785E+01
    0.1038906841E+01    0.1241230557E+01    0.1240384433E+01
    0.1047093129E+01    0.1241698986E+01    0.1240921760E+01
    0.1057773949E+01    0.1242299740E+01    0.1241610650E+01
    0.1065960237E+01    0.1242752184E+01    0.1242129303E+01
    0.1070322768E+01    0.1242990452E+01    0.1242402381E+01
    0.1078509056E+01    0.1243432215E+01    0.1242908579E+01
    0.1089189875E+01    0.1243998086E+01    0.1243556786E+01
    0.1097376163E+01    0.1244423722E+01    0.1244044208E+01
    0.1101738694E+01    0.1244647680E+01    0.1244300625E+01
    0.1109924982E+01    0.1245062545E+01    0.1244775527E+01
    0.1120605802E+01    0.1245593235E+01    0.1245382841E+01
    0.1128792090E+01    0.1245991841E+01    0.1245838873E+01
    0.1133154621E+01    0.1246201372E+01    0.1246078546E+01
    0.1141340909E+01    0.1246589123E+01    0.1246522000E+01
    0.1152021728E+01    0.1247084356E+01    0.1247088225E+01
    0.1160208016E+01    0.1247455728E+01    0.1247512723E+01
    0.1164570548E+01    0.1247650724E+01    0.1247735577E+01
    0.1172756835E+01    0.1248011163E+01    0.1248147442E+01
    0.1183437655E+01    0.1248470687E+01    0.1248672401E+01
    0.1191623943E+01    0.1248814635E+01    0.1249065232E+01
    0.1195986474E+01    0.1248994998E+01    0.1249271197E+01
    0.1204172762E+01    0.1249327942E+01    0.1249651345E+01
    0.1214853581E+01    0.1249751527E+01    0.1250134876E+01
    0.1223039869E+01    0.1250067879E+01    0.1250495920E+01
    0.1227402401E+01    0.1250233518E+01    0.1250684933E+01
    0.1235588688E+01    0.1250538802E+01    0.1251033249E+01
    0.1246269508E+01    0.1250926237E+01    0.1251475206E+01
    0.1254455796E+01    0.1251214836E+01    0.1251804354E+01
    0.1258818327E+01    0.1251365670E+01    0.1251976358E+01
    0.1267004615E+01    0.1251643143E+01    0.1252292738E+01
    0.1277685434E+01    0.1251994238E+01    0.1252692988E+01
    0.1285871722E+01    0.1252254944E+01    0.1252990142E+01
    0.1290234254E+01    0.1252390899E+01    0.1253145086E+01
    0.1298420541E+01    0.1252640427E+01    0.1253429435E+01
    0.1309101361E+01    0.1252955011E+01    0.1253787861E+01
    0.1317287649E+01    0.1253187698E+01    0.1254052934E+01
    0.1321650180E+01    0.1253308709E+01    0.1254190774E+01
    0.1329836468E+01    0.1253530171E+01    0.1254443010E+01
    0.1340517288E+01    0.1253808095E+01    0.1254759507E+01
    0.1348703575E+01    0.1254012651E+01    0.1254992422E+01
    0.1353066107E+01    0.1254118660E+01    0.1255113117E+01
    0.1361252395E+01    0.1254311951E+01    0.1255333167E+01
    0.1371933214E+01    0.1254553081E+01    0.1255607645E+01
    0.1380119502E+01    0.1254729409E+01    0.1255808336E+01
    0.1384482033E+01    0.1254820366E+01    0.1255911852E+01
    0.1392668321E+01    0.1254985395E+01    0.1256099654E+01
    0.1403349141E+01    0.1255189619E+01    0.1256332034E+01
    0.1411535428E+01    0.1255337636E+01    0.1256500443E+01
    0.1415897960E+01    0.1255413498E+01    0.1256586751E+01
    0.1424084248E+01    0.1255550187E+01    0.1256742251E+01
    0.1434765067E+01    0.1255717409E+01    0.1256932469E+01
    0.1442951355E+01    0.1255837047E+01    0.1257068549E+01
    0.1447313886E+01    0.1255897778E+01    0.1257137624E+01
    0.1455500174E+01    0.1256006064E+01    0.1257260779E+01
    0.1466180994E+01    0.1256136205E+01    0.1257408781E+01
    0.1474367281E+01    0.1256227408E+01    0.1257512495E+01
    0.1478729813E+01    0.1256272981E+01    0.1257564318E+01
    0.1486916101E+01    0.1256352813E+01    0.1257655094E+01
    0.1497596920E+01    0.1256445814E+01    0.1257760839E+01
    0.1505783208E+01    0.1256508539E+01    0.1257832156E+01
    0.1510145739E+01    0.1256538933E+01    0.1257866713E+01
    0.1518332027E+01    0.1256590275E+01    0.1257925085E+01
    0.1529012847E+01    0.1256646092E+01    0.1257988543E+01
    0.1537199135E+01    0.1256680312E+01    0.1258027446E+01
    0.1541561666E+01    0.1256695512E+01    0.1258044727E+01
    0.1549747954E+01    0.1256718339E+01    0.1258070678E+01
    0.1560428773E+01    0.1256736948E+01    0.1258091833E+01
    0.1568615061E+01    0.1256742645E+01    0.1258098309E+01
    0.1572977593E+01    0.1256742645E+01    0.1258098309E+01
    0.1581163880E+01    0.1256736948E+01    0.1258091832E+01
    0.1591844700E+01    0.1256718339E+01    0.1258070678E+01
    0.1600030988E+01    0.1256695512E+01    0.1258044726E+01
    0.1604393519E+01    0.1256680312E+01    0.1258027446E+01
    0.1612579807E+01    0.1256646092E+01    0.1257988543E+01
    0.1623260626E+01    0.1256590275E+01    0.1257925085E+01
    0.1631446914E+01    0.1256538933E+01    0.1257866713E+01
    0.1635809446E+01    0.1256508539E+01    0.1257832157E+01
    0.1643995733E+01    0.1256445814E+01    0.1257760839E+01
    0.1654676553E+01    0.1256352813E+01    0.1257655094E+01
    0.1662862841E+01    0.1256272981E+01    0.1257564317E+01
    0.1667225372E+01    0.1256227408E+01    0.1257512495E+01
    0.1675411660E+01    0.1256136205E+01    0.1257408781E+01
    0.1686092479E+01    0.1256006064E+01    0.1257260779E+01
    0.1694278767E+01    0.1255897778E+01    0.1257137624E+01
    0.1698641299E+01    0.1255837047E+01    0.1257068549E+01
    0.1706827586E+01    0.1255717409E+01    0.1256932469E+01
    0.1717508406E+01    0.1255550187E+01    0.1256742251E+01
    0.1725694694E+01    0.1255413498E+01    0.1256586751E+01
    0.1730057225E+01    0.1255337636E+01    0.1256500443E+01
    0.1738243513E+01    0.1255189619E+01    0.1256332034E+01
    0.1748924332E+01    0.1254985395E+01    0.1256099654E+01
    0.1757110620E+01    0.1254820366E+01    0.1255911852E+01
    0.1761473152E+01    0.1254729409E+01    0.1255808336E+01
    0.1769659440E+01    0.1254553081E+01    0.1255607645E+01
    0.1780340259E+01    0.1254311951E+01    0.1255333167E+01
    0.1788526547E+01    0.1254118660E+01    0.1255113117E+01
    0.1792889078E+01    0.1254012651E+01    0.1254992422E+01
    0.1801075366E+01    0.1253808095E+01    0.1254759507E+01
    0.1811756186E+01    0.1253530172E+01    0.1254443010E+01
    0.1819942473E+01    0.1253308709E+01    0.1254190774E+01
    0.1824305005E+01    0.1253187698E+01    0.1254052934E+01
    0.1832491293E+01    0.1252955011E+01    0.1253787861E+01
    0.1843172112E+01    0.1252640427E+01    0.1253429435E+01
    0.1851358400E+01    0.1252390899E+01    0.1253145086E+01
    0.1855720931E+01    0.1252254944E+01    0.1252990142E+01
    0.1863907219E+01    0.1251994238E+01    0.1252692988E+01
    0.1874588039E+01    0.1251643143E+01    0.1252292738E+01
    0.1882774326E+01    0.1251365670E+01    0.1251976358E+01
    0.1887136858E+01    0.1251214836E+01    0.1251804354E+01
    0.1895323146E+01    0.1250926236E+01    0.1251475206E+01
    0.1906003965E+01    0.1250538802E+01    0.1251033249E+01
    0.1914190253E+01    0.1250233518E+01    0.1250684933E+01
    0.1918552784E+01    0.1250067879E+01    0.1250495921E+01
    0.1926739072E+01    0.1249751527E+01    0.1250134876E+01
    0.1937419892E+01    0.1249327942E+01    0.1249651345E+01
    0.1945606180E+01    0.1248994998E+01    0.1249271197E+01
    0.1949968711E+01    0.1248814635E+01    0.1249065232E+01
    0.1958154999E+01    0.1248470687E+01    0.1248672401E+01
    0.1968835818E+01    0.1248011163E+01    0.1248147442E+01
    0.1977022106E+01    0.1247650724E+01    0.1247735577E+01
    0.1981384637E+01    0.1247455728E+01    0.1247512723E+01
    0.1989570925E+01    0.1247084356E+01    0.1247088225E+01
    0.2000251745E+01    0.1246589123E+01    0.1246522000E+01
    0.2008438033E+01    0.1246201372E+01    0.1246078546E+01
    0.2012800564E+01    0.1245991841E+01    0.1245838873E+01
    0.2020986852E+01    0.1245593235E+01    0.1245382841E+01
    0.2031667671E+01    0.1245062545E+01    0.1244775527E+01
    0.2039853959E+01    0.1244647680E+01    0.1244300625E+01
    0.2044216491E+01    0.1244423723E+01    0.1244044208E+01
    0.2052402778E+01    0.1243998086E+01    0.1243556786E+01
    0.2063083598E+01    0.1243432215E+01    0.1242908579E+01
    0.2071269886E+01    0.1242990452E+01    0.1242402381E+01
    0.2075632417E+01    0.1242752184E+01    0.1242129303E+01
    0.2083818705E+01    0.1242299740E+01    0.1241610650E+01
    0.2094499524E+01    0.1241698986E+01    0.1240921760E+01
    0.2102685812E+01    0.1241230557E+01    0.1240384433E+01
    0.2107048344E+01    0.1240978106E+01    0.1240094785E+01
    0.2115234631E+01    0.1240499096E+01    0.1239545072E+01
    0.2125915451E+01    0.1239863778E+01    0.1238815730E+01
    0.2134101739E+01    0.1239368936E+01    0.1238247453E+01
    0.2138464270E+01    0.1239102437E+01    0.1237941332E+01
    0.2146650558E+01    0.1238597119E+01    0.1237360747E+01
    0.2157331377E+01    0.1237927583E+01    0.1236591200E+01
    0.2165517665E+01    0.1237406598E+01    0.1235992170E+01
    0.2169880197E+01    0.1237126197E+01    0.1235669681E+01
    0.2178066485E+01    0.1236594849E+01    0.1235058424E+01
    0.2188747304E+01    0.1235891465E+01    0.1234248942E+01
    0.2196933592E+01    0.1235344626E+01    0.1233619368E+01
    0.2201296123E+01    0.1235050479E+01    0.1233280627E+01
    0.2209482411E+01    0.1234493399E+01    0.1232638915E+01
    0.2220163231E+01    0.1233756563E+01    0.1231789787E+01
    0.2228349518E+01    0.1233184180E+01    0.1231129897E+01
    0.2232712050E+01    0.1232876454E+01    0.1230775025E+01
    0.2240898338E+01    0.1232293958E+01    0.1230103092E+01
    0.2251579157E+01    0.1231524092E+01    0.1229214630E+01
    0.2259765445E+01    0.1230926494E+01    0.1228524666E+01
    0.2264127976E+01    0.1230605367E+01    0.1228153795E+01
    0.2272314264E+01    0.1229997794E+01    0.1227451892E+01
    0.2282995084E+01    0.1229195347E+01    0.1226524431E+01
    0.2291181371E+01    0.1228572885E+01    0.1225804657E+01
    0.2295543903E+01    0.1228238547E+01    0.1225417928E+01
    0.2303730191E+01    0.1227606255E+01    0.1224686324E+01
    0.2314411010E+01    0.1226771704E+01    0.1223720221E+01
    0.2322597298E+01    0.1226124750E+01    0.1222970917E+01
    0.2326959829E+01    0.1225777401E+01    0.1222568483E+01
    0.2335146117E+01    0.1225120773E+01    0.1221807466E+01
    0.2345826937E+01    0.1224254623E+01    0.1220803106E+01
    0.2354013224E+01    0.1223583571E+01    0.1220024572E+01
    0.2358375756E+01    0.1223223424E+01    0.1219606595E+01
    0.2366562044E+01    0.1222542862E+01    0.1218816474E+01
    0.2377242863E+01    0.1221645650E+01    0.1217774268E+01
    0.2385429151E+01    0.1220950917E+01    0.1216966825E+01
    0.2389791682E+01    0.1220578196E+01    0.1216533478E+01
    0.2397977970E+01    0.1219874126E+01    0.1215714583E+01
    0.2408658790E+01    0.1218946417E+01    0.1214634969E+01
    0.2416845078E+01    0.1218228444E+01    0.1213798961E+01
    0.2421207609E+01    0.1217843386E+01    0.1213350429E+01
    0.2429393897E+01    0.1217116259E+01    0.1212503111E+01
    0.2440074716E+01    0.1216158647E+01    0.1211386559E+01
    0.2448261004E+01    0.1215417898E+01    0.1210522351E+01
    0.2452623536E+01    0.1215020754E+01    0.1210058831E+01
    0.2460809823E+01    0.1214271042E+01    0.1209183468E+01
    0.2471490643E+01    0.1213284156E+01    0.1208030475E+01
    0.2479676931E+01    0.1212521120E+01    0.1207138458E+01
    0.2484039462E+01    0.1212112151E+01    0.1206660161E+01
    0.2492225750E+01    0.1211340354E+01    0.1205757151E+01
    0.2502906569E+01    0.1210324853E+01    0.1204568250E+01
    0.2511092857E+01    0.1209540042E+01    0.1203648839E+01
    0.2515455389E+01    0.1209119526E+01    0.1203155990E+01
    0.2523641676E+01    0.1208326165E+01    0.1202225758E+01
    0.2534322496E+01    0.1207282743E+01    0.1201001516E+01
    0.2542508784E+01    0.1206476694E+01    0.1200055153E+01
    0.2546871315E+01    0.1206044920E+01    0.1199547989E+01
    0.2555057603E+01    0.1205230545E+01    0.1198590990E+01
    0.2565738422E+01    0.1204159926E+01    0.1197332007E+01
    0.2573924710E+01    0.1203333204E+01    0.1196359161E+01
    0.2578287242E+01    0.1202890475E+01    0.1195837936E+01
    0.2586473529E+01    0.1202055660E+01    0.1194854650E+01
    0.2597154349E+01    0.1200958603E+01    0.1193561566E+01
    0.2605340637E+01    0.1200111799E+01    0.1192562737E+01
    0.2609703168E+01    0.1199658432E+01    0.1192027720E+01
    0.2617889456E+01    0.1198803776E+01    0.1191018658E+01
    0.2628570275E+01    0.1197681076E+01    0.1189692152E+01
    0.2636756563E+01    0.1196814805E+01    0.1188667868E+01
    0.2641119095E+01    0.1196351131E+01    0.1188119345E+01
    0.2649305383E+01    0.1195477262E+01    0.1187085048E+01
    0.2659986202E+01    0.1194329746E+01    0.1185725839E+01
    0.2668172490E+01    0.1193444650E+01    0.1184676662E+01
    0.2672535021E+01    0.1192971014E+01    0.1184114935E+01
    0.2680721309E+01    0.1192078585E+01    0.1183055979E+01
    0.2691402129E+01    0.1190907117E+01    0.1181664829E+01
    0.2699588416E+01    0.1190003866E+01    0.1180591354E+01
    0.2703950948E+01    0.1189520629E+01    0.1180016743E+01
    0.2712137236E+01    0.1188610320E+01    0.1178933735E+01
    0.2722818055E+01    0.1187415796E+01    0.1177511453E+01
    0.2731004343E+01    0.1186495087E+01    0.1176414307E+01
    0.2735366874E+01    0.1186002622E+01    0.1175827152E+01
    0.2743553162E+01    0.1185075140E+01    0.1174720736E+01
    0.2754233982E+01    0.1183858495E+01    0.1173268174E+01
    0.2762420269E+01    0.1182921051E+01    0.1172148025E+01
    0.2766782801E+01    0.1182419746E+01    0.1171548684E+01
    0.2774969089E+01    0.1181475826E+01    0.1170419540E+01
    0.2785649908E+01    0.1180238028E+01    0.1168937600E+01
    0.2793836196E+01    0.1179284600E+01    0.1167795149E+01
    0.2798198727E+01    0.1178774858E+01    0.1167184000E+01
    0.2806385015E+01    0.1177815261E+01    0.1166032846E+01
    0.2817065835E+01    0.1176557314E+01    0.1164522481E+01
    0.2825252123E+01    0.1175588679E+01    0.1163358470E+01
    0.2829614654E+01    0.1175070918E+01    0.1162735914E+01
    0.2837800942E+01    0.1174096432E+01    0.1161563508E+01
    0.2848481761E+01    0.1172819375E+01    0.1160025721E+01
    0.2856668049E+01    0.1171836338E+01    0.1158840932E+01
    0.2861030580E+01    0.1171310989E+01    0.1158207389E+01
    0.2869216868E+01    0.1170322430E+01    0.1157014529E+01
    0.2879897688E+01    0.1169027338E+01    0.1155450379E+01
    0.2888083976E+01    0.1168030730E+01    0.1154245635E+01
    0.2892446507E+01    0.1167498239E+01    0.1153601548E+01
    0.2900632795E+01    0.1166496448E+01    0.1152389074E+01
    0.2911313614E+01    0.1165184429E+01    0.1150799673E+01
    0.2919499902E+01    0.1164175108E+01    0.1149575841E+01
    0.2923862434E+01    0.1163635935E+01    0.1148921677E+01
    0.2932048721E+01    0.1162621781E+01    0.1147690471E+01
    0.2942729541E+01    0.1161293979E+01    0.1146076990E+01
    0.2950915829E+01    0.1160272828E+01    0.1144834979E+01
    0.2955278360E+01    0.1159727447E+01    0.1144171227E+01
    0.2963464648E+01    0.1158701825E+01    0.1142922219E+01
    0.2974145467E+01    0.1157359415E+01    0.1141285884E+01
    0.2982331755E+01    0.1156327346E+01    0.1140026649E+01
    0.2986694287E+01    0.1155776244E+01    0.1139353822E+01
    0.2994880574E+01    0.1154740073E+01    0.1138087984E+01
    0.3005561394E+01    0.1153384267E+01    0.1136430084E+01
    0.3013747682E+01    0.1152342213E+01    0.1135154625E+01
    0.3018110213E+01    0.1151785892E+01    0.1134473262E+01
    0.3026296501E+01    0.1150740116E+01    0.1133191613E+01
    0.3036977320E+01    0.1149372156E+01    0.1131513495E+01
    0.3045163608E+01    0.1148321077E+01    0.1130222859E+01
    0.3049526140E+01    0.1147760051E+01    0.1129533522E+01
    0.3057712428E+01    0.1146705640E+01    0.1128237127E+01
    0.3068393247E+01    0.1145326801E+01    0.1126540199E+01
    0.3076579535E+01    0.1144267680E+01    0.1125235480E+01
    0.3080942066E+01    0.1143702474E+01    0.1124538758E+01
    0.3089128354E+01    0.1142640422E+01    0.1123228730E+01
    0.3099809174E+01    0.1141252007E+01    0.1121514464E+01
    0.3107995461E+01    0.1140185852E+01    0.1120196803E+01
    0.3112357993E+01    0.1139617006E+01    0.1119493309E+01
    0.3120544281E+01    0.1138548328E+01    0.1118170808E+01
    0.3131225100E+01    0.1137151671E+01    0.1116440736E+01
    0.3139411388E+01    0.1136079511E+01    0.1115111323E+01
    0.3143773919E+01    0.1135507576E+01    0.1114401694E+01
    0.3151960207E+01    0.1134433309E+01    0.1113067930E+01
    0.3162641027E+01    0.1133029773E+01    0.1111323646E+01
    0.3170827314E+01    0.1131952658E+01    0.1109983716E+01
    0.3175189846E+01    0.1131378195E+01    0.1109268619E+01
    0.3183376134E+01    0.1130299399E+01    0.1107924845E+01
    0.3194056953E+01    0.1128890373E+01    0.1106168007E+01
    0.3202243241E+01    0.1127809374E+01    0.1104818845E+01
    0.3206605772E+01    0.1127232956E+01    0.1104098967E+01
    0.3214792060E+01    0.1126150709E+01    0.1102746487E+01
    0.3225472880E+01    0.1124737607E+01    0.1100978812E+01
    0.3233659167E+01    0.1123653814E+01    0.1099621749E+01
    0.3238021699E+01    0.1123076024E+01    0.1098897805E+01
    0.3246207987E+01    0.1121991423E+01    0.1097537968E+01
    0.3256888806E+01    0.1120575686E+01    0.1095761235E+01
    0.3265075094E+01    0.1119490206E+01    0.1094397647E+01
    0.3269437625E+01    0.1118911637E+01    0.1093670375E+01
    0.3277623913E+01    0.1117825797E+01    0.1092304576E+01
    0.3288304733E+01    0.1116408884E+01    0.1090520621E+01
    0.3296491021E+01    0.1115322843E+01    0.1089151930E+01
    0.3300853552E+01    0.1114744095E+01    0.1088422093E+01
    0.3309039840E+01    0.1113658148E+01    0.1087051771E+01
    0.3319720659E+01    0.1112241542E+01    0.1085262489E+01
    0.3327906947E+01    0.1111156079E+01    0.1083890160E+01
    0.3332269479E+01    0.1110577763E+01    0.1083158543E+01
    0.3340455766E+01    0.1109492853E+01    0.1081785179E+01
    0.3351136586E+01    0.1108078054E+01    0.1079992521E+01
    0.3359322874E+01    0.1106994325E+01    0.1078618061E+01
    0.3363685405E+01    0.1106417056E+01    0.1077885470E+01
    0.3371871693E+01    0.1105334344E+01    0.1076510589E+01
    0.3382552512E+01    0.1103922870E+01    0.1074716557E+01
    0.3390738800E+01    0.1102842041E+01    0.1073341512E+01
    0.3395101332E+01    0.1102266442E+01    0.1072608777E+01
    0.3403287619E+01    0.1101187099E+01    0.1071233939E+01
    0.3413968439E+01    0.1099780482E+01    0.1069440586E+01
    0.3422154727E+01    0.1098703731E+01    0.1068066540E+01
    0.3426517258E+01    0.1098130431E+01    0.1067334509E+01
    0.3434703546E+01    0.1097055639E+01    0.1065961313E+01
    0.3445384365E+01    0.1095655425E+01    0.1064170737E+01
    0.3453570653E+01    0.1094583938E+01    0.1062799310E+01
    0.3457933185E+01    0.1094013571E+01    0.1062068849E+01
    0.3466119472E+01    0.1092944520E+01    0.1060698928E+01
    0.3476800292E+01    0.1091552265E+01    0.1058913272E+01
    0.3484986580E+01    0.1090487238E+01    0.1057546115E+01
    0.3489349111E+01    0.1089920441E+01    0.1056818107E+01
    0.3497535399E+01    0.1088858329E+01    0.1055453123E+01
    0.3508216218E+01    0.1087475598E+01    0.1053674569E+01
    0.3516402506E+01    0.1086418231E+01    0.1052313362E+01
    0.3520765038E+01    0.1085855644E+01    0.1051588705E+01
    0.3528951326E+01    0.1084801674E+01    0.1050230350E+01
    0.3539632145E+01    0.1083430038E+01    0.1048461112E+01
    0.3547818433E+01    0.1082381537E+01    0.1047107561E+01
    0.3552180964E+01    0.1081823802E+01    0.1046387167E+01
    0.3560367252E+01    0.1080779181E+01    0.1045037155E+01
    0.3571048072E+01    0.1079420214E+01    0.1043279481E+01
    0.3579234359E+01    0.1078381786E+01    0.1041935312E+01
    0.3583596891E+01    0.1077829549E+01    0.1041220103E+01
    0.3591783179E+01    0.1076795483E+01    0.1039880170E+01
    0.3602463998E+01    0.1075450762E+01    0.1038136330E+01
    0.3610650286E+01    0.1074423617E+01    0.1036803290E+01
    0.3615012817E+01    0.1073877520E+01    0.1036094198E+01
    0.3623199105E+01    0.1072855219E+01    0.1034766095E+01
    0.3633879925E+01    0.1071526320E+01    0.1033038379E+01
    0.3642066212E+01    0.1070511663E+01    0.1031718228E+01
    0.3646428744E+01    0.1069972350E+01    0.1031016192E+01
    0.3654615032E+01    0.1068963019E+01    0.1029701683E+01
    0.3665295851E+01    0.1067651515E+01    0.1027992396E+01
    0.3673482139E+01    0.1066650551E+01    0.1026686902E+01
    0.3677844670E+01    0.1066118663E+01    0.1025992866E+01
    0.3686030958E+01    0.1065123505E+01    0.1024693722E+01
    0.3696711778E+01    0.1063830962E+01    0.1023005179E+01
    0.3704898066E+01    0.1062844891E+01    0.1021716117E+01
    0.3709260597E+01    0.1062321066E+01    0.1021031027E+01
    0.3717446885E+01    0.1061341277E+01    0.1019749024E+01
    0.3728127704E+01    0.1060069254E+01    0.1018083541E+01
    0.3736313992E+01    0.1059099267E+01    0.1016812685E+01
    0.3740676523E+01    0.1058584140E+01    0.1016137486E+01
    0.3748862811E+01    0.1057620910E+01    0.1014874399E+01
    0.3759543631E+01    0.1056370954E+01    0.1013234289E+01
    0.3767729919E+01    0.1055418235E+01    0.1011983413E+01
    0.3772092450E+01    0.1054912436E+01    0.1011319049E+01
    0.3780278738E+01    0.1053966942E+01    0.1010076646E+01
    0.3790959557E+01    0.1052740589E+01    0.1008464214E+01
    0.3799145845E+01    0.1051806310E+01    0.1007235079E+01
    0.3803508377E+01    0.1051310462E+01    0.1006582489E+01
    0.3811694664E+01    0.1050383874E+01    0.1005362529E+01
    0.3822375484E+01    0.1049182641E+01    0.1003780065E+01
    0.3830561772E+01    0.1048267963E+01    0.1002574422E+01
    0.3834924303E+01    0.1047782683E+01    0.1001934537E+01
    0.3843110591E+01    0.1046876155E+01    0.1000738764E+01
    0.3853791410E+01    0.1045701542E+01    0.9991885353E+00
    0.3861977698E+01    0.1044807609E+01    0.9980081186E+00
    0.3866340230E+01    0.1044333505E+01    0.9973818587E+00
    0.3874526517E+01    0.1043448175E+01    0.9962119977E+00
    0.3885207337E+01    0.1042301662E+01    0.9946962469E+00
    0.3893393625E+01    0.1041429603E+01    0.9935427666E+00
    0.3897756156E+01    0.1040967275E+01    0.9929310419E+00
    0.3905942444E+01    0.1040104264E+01    0.9917887936E+00
    0.3916623263E+01    0.1038987306E+01    0.9903097290E+00
    0.3924809551E+01    0.1038138231E+01    0.9891848697E+00
    0.3929172083E+01    0.1037688267E+01    0.9885885747E+00
    0.3937358371E+01    0.1036848678E+01    0.9874756119E+00
    0.3948039190E+01    0.1035762704E+01    0.9860354038E+00
    0.3956225478E+01    0.1034937701E+01    0.9849408191E+00
    0.3960588009E+01    0.1034500680E+01    0.9843608316E+00
    0.3968774297E+01    0.1033685592E+01    0.9832787943E+00
    0.3979455117E+01    0.1032632002E+01    0.9818795690E+00
    0.3987641404E+01    0.1031832138E+01    0.9808168776E+00
    0.3992003936E+01    0.1031408626E+01    0.9802540561E+00
    0.4000190224E+01    0.1030619096E+01    0.9792045480E+00
    0.4010871043E+01    0.1029599259E+01    0.9778483821E+00
    0.4019057331E+01    0.1028825575E+01    0.9768191636E+00
    0.4023419862E+01    0.1028416123E+01    0.9762743455E+00
    0.4031606150E+01    0.1027653182E+01    0.9752589295E+00
    0.4042286970E+01    0.1026668433E+01    0.9739478452E+00
    0.4050473257E+01    0.1025921944E+01    0.9729536361E+00
    0.4054835789E+01    0.1025527091E+01    0.9724276356E+00
    0.4063022077E+01    0.1024791742E+01    0.9714478299E+00
    0.4073702896E+01    0.1023843379E+01    0.9701837900E+00
    0.4081889184E+01    0.1023125070E+01    0.9692260804E+00
    0.4086251715E+01    0.1022745339E+01    0.9687196861E+00
    0.4094438003E+01    0.1022038556E+01    0.9677769612E+00
    0.4105118823E+01    0.1021127838E+01    0.9665618642E+00
    0.4113305110E+01    0.1020438666E+01    0.9656420938E+00
    0.4117667642E+01    0.1020074561E+01    0.9651560675E+00
    0.4125853930E+01    0.1019397287E+01    0.9642518421E+00
    0.4136534749E+01    0.1018525432E+01    0.9630875182E+00
    0.4144721037E+01    0.1017866319E+01    0.9622070733E+00
    0.4149083568E+01    0.1017518329E+01    0.9617421479E+00
    0.4157269856E+01    0.1016871474E+01    0.9608777861E+00
    0.4167950676E+01    0.1016039653E+01    0.9597659929E+00
    0.4176136964E+01    0.1015411488E+01    0.9589262032E+00
    0.4180499495E+01    0.1015080083E+01    0.9584830812E+00
    0.4188685783E+01    0.1014464520E+01    0.9576598895E+00
    0.4199366602E+01    0.1013673861E+01    0.9566023080E+00
    0.4207552890E+01    0.1013077496E+01    0.9558044441E+00
    0.4211915422E+01    0.1012763125E+01    0.9553837959E+00
    0.4220101709E+01    0.1012179692E+01    0.9546030202E+00
    0.4230782529E+01    0.1011431271E+01    0.9536012518E+00
    0.4238968817E+01    0.1010867519E+01    0.9528465220E+00
    0.4243331348E+01    0.1010570613E+01    0.9524489850E+00
    0.4251517636E+01    0.1010020107E+01    0.9517118081E+00
    0.4262198455E+01    0.1009314949E+01    0.9507673711E+00
    0.4270384743E+01    0.1008784585E+01    0.9500569194E+00
    0.4274747275E+01    0.1008505551E+01    0.9496830961E+00
    0.4282933562E+01    0.1007988730E+01    0.9489906360E+00
    0.4293614382E+01    0.1007327807E+01    0.9481049623E+00
    0.4301800670E+01    0.1006831563E+01    0.9474398662E+00
    0.4306163201E+01    0.1006570786E+01    0.9470903236E+00
    0.4314349489E+01    0.1006088365E+01    0.9464436304E+00
    0.4325030308E+01    0.1005472593E+01    0.9456180635E+00
    0.4333216596E+01    0.1005011156E+01    0.9449993319E+00
    0.4337579128E+01    0.1004768999E+01    0.9446746003E+00
    0.4345765415E+01    0.1004321648E+01    0.9440746549E+00
    0.4356446235E+01    0.1003751883E+01    0.9433104470E+00
    0.4364632523E+01    0.1003325897E+01    0.9427390184E+00
    0.4368995054E+01    0.1003102698E+01    0.9424395903E+00
    0.4377181342E+01    0.1002691042E+01    0.9418873028E+00
    0.4387862162E+01    0.1002168083E+01    0.9411856131E+00
    0.4396048449E+01    0.1001778144E+01    0.9406623541E+00
    0.4400410981E+01    0.1001574216E+01    0.9403886835E+00
    0.4408597269E+01    0.1001198832E+01    0.9398848913E+00
    0.4419278088E+01    0.1000723412E+01    0.9392467837E+00
    0.4427464376E+01    0.1000370070E+01    0.9387724876E+00
    0.4431826907E+01    0.1000185699E+01    0.9385249895E+00
    0.4440013195E+01    0.9998471174E+00    0.9380704562E+00
    0.4450694015E+01    0.9994199072E+00    0.9374968977E+00
    0.4458880302E+01    0.9991036604E+00    0.9370722832E+00
    0.4463242834E+01    0.9989391074E+00    0.9368513325E+00
    0.4471429122E+01    0.9986378061E+00    0.9364467469E+00
    0.4482109941E+01    0.9982594108E+00    0.9359386064E+00
    0.4490296229E+01    0.9979807073E+00    0.9355643166E+00
    0.4494658760E+01    0.9978362059E+00    0.9353702480E+00
    0.4502845048E+01    0.9975726124E+00    0.9350162227E+00
    0.4513525868E+01    0.9972435695E+00    0.9345742695E+00
    0.4521712155E+01    0.9970028056E+00    0.9342508711E+00
    0.4526074687E+01    0.9968785613E+00    0.9340839783E+00
    0.4534260975E+01    0.9966530510E+00    0.9337810490E+00
    0.4544941794E+01    0.9963738292E+00    0.9334059519E+00
    0.4553128082E+01    0.9961713481E+00    0.9331339341E+00
    0.4557490613E+01    0.9960675382E+00    0.9329944696E+00
    0.4565676901E+01    0.9958804328E+00    0.9327430947E+00
    0.4576357721E+01    0.9956514310E+00    0.9324354210E+00
    0.4584544009E+01    0.9954875222E+00    0.9322151951E+00
    0.4588906540E+01    0.9954042950E+00    0.9321033698E+00
    0.4597092828E+01    0.9952558623E+00    0.9319039292E+00
    0.4607773647E+01    0.9950774081E+00    0.9316641441E+00
    0.4615959935E+01    0.9949523063E+00    0.9314960430E+00
    0.4620322466E+01    0.9948897811E+00    0.9314120259E+00
    0.4628508754E+01    0.9947802337E+00    0.9312648211E+00
    0.4639189574E+01    0.9946525831E+00    0.9310932868E+00
    0.4647375862E+01    0.9945664676E+00    0.9309775646E+00
    0.4651738393E+01    0.9945247343E+00    0.9309214825E+00
    0.4659924681E+01    0.9944542293E+00    0.9308267359E+00
    0.4670605500E+01    0.9943775655E+00    0.9307237116E+00
    0.4678791788E+01    0.9943305602E+00    0.9306605430E+00
    0.4683154320E+01    0.9943096785E+00    0.9306324808E+00
    0.4691340607E+01    0.9942783173E+00    0.9305903354E+00
    0.4702021427E+01    0.9942527505E+00    0.9305559767E+00
    0.4710207715E+01    0.9942449227E+00    0.9305454572E+00
    0.4714570246E+01    0.9942449227E+00    0.9305454572E+00
    0.4722756534E+01    0.9942527505E+00    0.9305559767E+00
    0.4733437353E+01    0.9942783173E+00    0.9305903354E+00
    0.4741623641E+01    0.9943096785E+00    0.9306324808E+00
    0.4745986173E+01    0.9943305601E+00    0.9306605430E+00
    0.4754172460E+01    0.9943775655E+00    0.9307237116E+00
    0.4764853280E+01    0.9944542293E+00    0.9308267359E+00
    0.4773039568E+01    0.9945247343E+00    0.9309214825E+00
    0.4777402099E+01    0.9945664676E+00    0.9309775646E+00
    0.4785588387E+01    0.9946525831E+00    0.9310932868E+00
    0.4796269206E+01    0.9947802337E+00    0.9312648211E+00
    0.4804455494E+01    0.9948897812E+00    0.9314120259E+00
    0.4808818026E+01    0.9949523062E+00    0.9314960430E+00
    0.4817004314E+01    0.9950774081E+00    0.9316641441E+00
    0.4827685133E+01    0.9952558622E+00    0.9319039292E+00
    0.4835871421E+01    0.9954042950E+00    0.9321033698E+00
    0.4840233952E+01    0.9954875222E+00    0.9322151951E+00
    0.4848420240E+01    0.9956514310E+00    0.9324354210E+00
    0.4859101060E+01    0.9958804328E+00    0.9327430947E+00
    0.4867287347E+01    0.9960675382E+00    0.9329944696E+00
    0.4871649879E+01    0.9961713481E+00    0.9331339341E+00
    0.4879836167E+01    0.9963738292E+00    0.9334059519E+00
    0.4890516986E+01    0.9966530510E+00    0.9337810490E+00
    0.4898703274E+01    0.9968785613E+00    0.9340839783E+00
    0.4903065805E+01    0.9970028056E+00    0.9342508711E+00
    0.4911252093E+01    0.9972435695E+00    0.9345742695E+00
    0.4921932913E+01    0.9975726124E+00    0.9350162227E+00
    0.4930119200E+01    0.9978362059E+00    0.9353702481E+00
    0.4934481732E+01    0.9979807073E+00    0.9355643166E+00
    0.4942668020E+01    0.9982594108E+00    0.9359386064E+00
    0.4953348839E+01    0.9986378060E+00    0.9364467469E+00
    0.4961535127E+01    0.9989391074E+00    0.9368513326E+00
    0.4965897658E+01    0.9991036604E+00    0.9370722832E+00
    0.4974083946E+01    0.9994199072E+00    0.9374968977E+00
    0.4984764766E+01    0.9998471174E+00    0.9380704562E+00
    0.4992951053E+01    0.1000185699E+01    0.9385249895E+00
    0.4997313585E+01    0.1000370070E+01    0.9387724875E+00
    0.5005499873E+01    0.1000723412E+01    0.9392467837E+00
    0.5016180692E+01    0.1001198832E+01    0.9398848913E+00
    0.5024366980E+01    0.1001574216E+01    0.9403886836E+00
    0.5028729511E+01    0.1001778144E+01    0.9406623541E+00
    0.5036915799E+01    0.1002168083E+01    0.9411856131E+00
    0.5047596619E+01    0.1002691042E+01    0.9418873028E+00
    0.5055782907E+01    0.1003102698E+01    0.9424395903E+00
    0.5060145438E+01    0.1003325897E+01    0.9427390184E+00
    0.5068331726E+01    0.1003751883E+01    0.9433104470E+00
    0.5079012545E+01    0.1004321648E+01    0.9440746548E+00
    0.5087198833E+01    0.1004768999E+01    0.9446746003E+00
    0.5091561365E+01    0.1005011156E+01    0.9449993319E+00
    0.5099747652E+01    0.1005472593E+01    0.9456180635E+00
    0.5110428472E+01    0.1006088365E+01    0.9464436303E+00
    0.5118614760E+01    0.1006570786E+01    0.9470903237E+00
    0.5122977291E+01    0.1006831563E+01    0.9474398662E+00
    0.5131163579E+01    0.1007327807E+01    0.9481049623E+00
    0.5141844398E+01    0.1007988730E+01    0.9489906359E+00
    0.5150030686E+01    0.1008505551E+01    0.9496830962E+00
    0.5154393218E+01    0.1008784585E+01    0.9500569194E+00
    0.5162579505E+01    0.1009314949E+01    0.9507673711E+00
    0.5173260325E+01    0.1010020107E+01    0.9517118081E+00
    0.5181446613E+01    0.1010570613E+01    0.9524489850E+00
    0.5185809144E+01    0.1010867519E+01    0.9528465220E+00
    0.5193995432E+01    0.1011431271E+01    0.9536012519E+00
    0.5204676251E+01    0.1012179692E+01    0.9546030201E+00
    0.5212862539E+01    0.1012763125E+01    0.9553837960E+00
    0.5217225071E+01    0.1013077496E+01    0.9558044441E+00
    0.5225411358E+01    0.1013673861E+01    0.9566023081E+00
    0.5236092178E+01    0.1014464520E+01    0.9576598894E+00
    0.5244278466E+01    0.1015080083E+01    0.9584830812E+00
    0.5248640997E+01    0.1015411488E+01    0.9589262032E+00
    0.5256827285E+01    0.1016039653E+01    0.9597659930E+00
    0.5267508105E+01    0.1016871474E+01    0.9608777861E+00
    0.5275694392E+01    0.1017518329E+01    0.9617421479E+00
    0.5280056924E+01    0.1017866319E+01    0.9622070733E+00
    0.5288243212E+01    0.1018525432E+01    0.9630875183E+00
    0.5298924031E+01    0.1019397287E+01    0.9642518421E+00
    0.5307110319E+01    0.1020074561E+01    0.9651560675E+00
    0.5311472850E+01    0.1020438666E+01    0.9656420937E+00
    0.5319659138E+01    0.1021127838E+01    0.9665618643E+00
    0.5330339958E+01    0.1022038556E+01    0.9677769611E+00
    0.5338526245E+01    0.1022745339E+01    0.9687196861E+00
    0.5342888777E+01    0.1023125070E+01    0.9692260803E+00
    0.5351075065E+01    0.1023843379E+01    0.9701837901E+00
    0.5361755884E+01    0.1024791742E+01    0.9714478299E+00
    0.5369942172E+01    0.1025527091E+01    0.9724276356E+00
    0.5374304703E+01    0.1025921943E+01    0.9729536361E+00
    0.5382490991E+01    0.1026668433E+01    0.9739478452E+00
    0.5393171811E+01    0.1027653182E+01    0.9752589294E+00
    0.5401358098E+01    0.1028416123E+01    0.9762743456E+00
    0.5405720630E+01    0.1028825575E+01    0.9768191635E+00
    0.5413906918E+01    0.1029599259E+01    0.9778483822E+00
    0.5424587737E+01    0.1030619096E+01    0.9792045480E+00
    0.5432774025E+01    0.1031408626E+01    0.9802540562E+00
    0.5437136556E+01    0.1031832138E+01    0.9808168775E+00
    0.5445322844E+01    0.1032632002E+01    0.9818795690E+00
    0.5456003664E+01    0.1033685592E+01    0.9832787943E+00
    0.5464189952E+01    0.1034500680E+01    0.9843608316E+00
    0.5468552483E+01    0.1034937701E+01    0.9849408191E+00
    0.5476738771E+01    0.1035762704E+01    0.9860354039E+00
    0.5487419590E+01    0.1036848678E+01    0.9874756118E+00
    0.5495605878E+01    0.1037688267E+01    0.9885885748E+00
    0.5499968409E+01    0.1038138231E+01    0.9891848696E+00
    0.5508154697E+01    0.1038987306E+01    0.9903097291E+00
    0.5518835517E+01    0.1040104264E+01    0.9917887935E+00
    0.5527021805E+01    0.1040967275E+01    0.9929310420E+00
    0.5531384336E+01    0.1041429603E+01    0.9935427665E+00
    0.5539570624E+01    0.1042301662E+01    0.9946962469E+00
    0.5550251443E+01    0.1043448175E+01    0.9962119977E+00
    0.5558437731E+01    0.1044333505E+01    0.9973818588E+00
    0.5562800263E+01    0.1044807609E+01    0.9980081185E+00
    0.5570986550E+01    0.1045701542E+01    0.9991885354E+00
    0.5581667370E+01    0.1046876154E+01    0.1000738764E+01
    0.5589853658E+01    0.1047782683E+01    0.1001934537E+01
    0.5594216189E+01    0.1048267963E+01    0.1002574422E+01
    0.5602402477E+01    0.1049182641E+01    0.1003780065E+01
    0.5613083296E+01    0.1050383874E+01    0.1005362529E+01
    0.5621269584E+01    0.1051310462E+01    0.1006582489E+01
    0.5625632116E+01    0.1051806310E+01    0.1007235079E+01
    0.5633818403E+01    0.1052740589E+01    0.1008464214E+01
    0.5644499223E+01    0.1053966942E+01    0.1010076646E+01
    0.5652685511E+01    0.1054912436E+01    0.1011319049E+01
    0.5657048042E+01    0.1055418235E+01    0.1011983413E+01
    0.5665234330E+01    0.1056370954E+01    0.1013234289E+01
    0.5675915149E+01    0.1057620909E+01    0.1014874399E+01
    0.5684101437E+01    0.1058584140E+01    0.1016137486E+01
    0.5688463969E+01    0.1059099267E+01    0.1016812685E+01
    0.5696650257E+01    0.1060069254E+01    0.1018083541E+01
    0.5707331076E+01    0.1061341277E+01    0.1019749024E+01
    0.5715517364E+01    0.1062321066E+01    0.1021031027E+01
    0.5719879895E+01    0.1062844891E+01    0.1021716117E+01
    0.5728066183E+01    0.1063830962E+01    0.1023005180E+01
    0.5738747003E+01    0.1065123505E+01    0.1024693722E+01
    0.5746933290E+01    0.1066118664E+01    0.1025992866E+01
    0.5751295822E+01    0.1066650551E+01    0.1026686902E+01
    0.5759482110E+01    0.1067651515E+01    0.1027992396E+01
    0.5770162929E+01    0.1068963019E+01    0.1029701683E+01
    0.5778349217E+01    0.1069972350E+01    0.1031016192E+01
    0.5782711748E+01    0.1070511663E+01    0.1031718228E+01
    0.5790898036E+01    0.1071526320E+01    0.1033038379E+01
    0.5801578856E+01    0.1072855218E+01    0.1034766095E+01
    0.5809765143E+01    0.1073877520E+01    0.1036094198E+01
    0.5814127675E+01    0.1074423617E+01    0.1036803290E+01
    0.5822313963E+01    0.1075450763E+01    0.1038136330E+01
    0.5832994782E+01    0.1076795483E+01    0.1039880170E+01
    0.5841181070E+01    0.1077829549E+01    0.1041220103E+01
    0.5845543601E+01    0.1078381786E+01    0.1041935312E+01
    0.5853729889E+01    0.1079420214E+01    0.1043279481E+01
    0.5864410709E+01    0.1080779180E+01    0.1045037155E+01
    0.5872596996E+01    0.1081823803E+01    0.1046387167E+01
    0.5876959528E+01    0.1082381537E+01    0.1047107561E+01
    0.5885145816E+01    0.1083430038E+01    0.1048461113E+01
    0.5895826635E+01    0.1084801674E+01    0.1050230350E+01
    0.5904012923E+01    0.1085855644E+01    0.1051588705E+01
    0.5908375454E+01    0.1086418231E+01    0.1052313362E+01
    0.5916561742E+01    0.1087475598E+01    0.1053674569E+01
    0.5927242562E+01    0.1088858329E+01    0.1055453123E+01
    0.5935428850E+01    0.1089920441E+01    0.1056818107E+01
    0.5939791381E+01    0.1090487238E+01    0.1057546115E+01
    0.5947977669E+01    0.1091552265E+01    0.1058913272E+01
    0.5958658488E+01    0.1092944520E+01    0.1060698928E+01
    0.5966844776E+01    0.1094013571E+01    0.1062068849E+01
    0.5971207308E+01    0.1094583938E+01    0.1062799310E+01
    0.5979393595E+01    0.1095655425E+01    0.1064170737E+01
    0.5990074415E+01    0.1097055639E+01    0.1065961313E+01
    0.5998260703E+01    0.1098130431E+01    0.1067334509E+01
    0.6002623234E+01    0.1098703731E+01    0.1068066540E+01
    0.6010809522E+01    0.1099780483E+01    0.1069440586E+01
    0.6021490341E+01    0.1101187099E+01    0.1071233939E+01
    0.6029676629E+01    0.1102266442E+01    0.1072608777E+01
    0.6034039161E+01    0.1102842041E+01    0.1073341512E+01
    0.6042225448E+01    0.1103922870E+01    0.1074716557E+01
    0.6052906268E+01    0.1105334344E+01    0.1076510589E+01
    0.6061092556E+01    0.1106417056E+01    0.1077885471E+01
    0.6065455087E+01    0.1106994325E+01    0.1078618061E+01
    0.6073641375E+01    0.1108078054E+01    0.1079992521E+01
    0.6084322194E+01    0.1109492853E+01    0.1081785179E+01
    0.6092508482E+01    0.1110577763E+01    0.1083158543E+01
    0.6096871014E+01    0.1111156079E+01    0.1083890160E+01
    0.6105057301E+01    0.1112241542E+01    0.1085262489E+01
    0.6115738121E+01    0.1113658148E+01    0.1087051771E+01
    0.6123924409E+01    0.1114744095E+01    0.1088422093E+01
    0.6128286940E+01    0.1115322843E+01    0.1089151930E+01
    0.6136473228E+01    0.1116408884E+01    0.1090520621E+01
    0.6147154048E+01    0.1117825797E+01    0.1092304576E+01
    0.6155340335E+01    0.1118911637E+01    0.1093670375E+01
    0.6159702867E+01    0.1119490206E+01    0.1094397647E+01
    0.6167889155E+01    0.1120575686E+01    0.1095761235E+01
    0.6178569974E+01    0.1121991423E+01    0.1097537968E+01
    0.6186756262E+01    0.1123076024E+01    0.1098897805E+01
    0.6191118793E+01    0.1123653814E+01    0.1099621749E+01
    0.6199305081E+01    0.1124737607E+01    0.1100978812E+01
    0.6209985901E+01    0.1126150709E+01    0.1102746487E+01
    0.6218172188E+01    0.1127232956E+01    0.1104098967E+01
    0.6222534720E+01    0.1127809374E+01    0.1104818845E+01
    0.6230721008E+01    0.1128890373E+01    0.1106168007E+01
    0.6241401827E+01    0.1130299399E+01    0.1107924845E+01
    0.6249588115E+01    0.1131378195E+01    0.1109268619E+01
    0.6253950646E+01    0.1131952658E+01    0.1109983716E+01
    0.6262136934E+01    0.1133029773E+01    0.1111323646E+01
    0.6272817754E+01    0.1134433309E+01    0.1113067930E+01
    0.6281004041E+01    0.1135507576E+01    0.1114401695E+01
