    0.2181265717E-02    0.1139079281E+01    0.1132224658E+01
    0.1036755352E-01    0.1139407026E+01    0.1132598641E+01
    0.2104837301E-01    0.1139834239E+01    0.1133085861E+01
    0.2923466082E-01    0.1140161338E+01    0.1133458704E+01
    0.3359719225E-01    0.1140335524E+01    0.1133657178E+01
    0.4178348006E-01    0.1140662131E+01    0.1134029194E+01
    0.5246429955E-01    0.1141087735E+01    0.1134513712E+01
    0.6065058736E-01    0.1141413507E+01    0.1134884382E+01
    0.6501311879E-01    0.1141586953E+01    0.1135081662E+01
    0.7319940660E-01    0.1141912107E+01    0.1135451369E+01
    0.8388022608E-01    0.1142335694E+01    0.1135932744E+01
    0.9206651389E-01    0.1142659826E+01    0.1136300903E+01
    0.9642904532E-01    0.1142832365E+01    0.1136496811E+01
    0.1046153331E+00    0.1143155756E+01    0.1136863875E+01
    0.1152961526E+00    0.1143576922E+01    0.1137341672E+01
    0.1234824404E+00    0.1143899107E+01    0.1137706991E+01
    0.1278449719E+00    0.1144070575E+01    0.1137901350E+01
    0.1360312597E+00    0.1144391897E+01    0.1138265444E+01
    0.1467120792E+00    0.1144810243E+01    0.1138739239E+01
    0.1548983670E+00    0.1145130177E+01    0.1139101394E+01
    0.1592608984E+00    0.1145300414E+01    0.1139294033E+01
    0.1674471862E+00    0.1145619364E+01    0.1139654836E+01
    0.1781280057E+00    0.1146034500E+01    0.1140124213E+01
    0.1863142935E+00    0.1146351883E+01    0.1140482888E+01
    0.1906768249E+00    0.1146520729E+01    0.1140673639E+01
    0.1988631127E+00    0.1146837012E+01    0.1141030838E+01
    0.2095439322E+00    0.1147248551E+01    0.1141495390E+01
    0.2177302200E+00    0.1147563091E+01    0.1141850277E+01
    0.2220927515E+00    0.1147730390E+01    0.1142038975E+01
    0.2302790393E+00    0.1148043712E+01    0.1142392263E+01
    0.2409598588E+00    0.1148451276E+01    0.1142851595E+01
    0.2491461466E+00    0.1148762682E+01    0.1143202390E+01
    0.2535086780E+00    0.1148928281E+01    0.1143388877E+01
    0.2616949658E+00    0.1149238356E+01    0.1143737954E+01
    0.2723757853E+00    0.1149641572E+01    0.1144191678E+01
    0.2805620731E+00    0.1149949562E+01    0.1144538086E+01
    0.2849246045E+00    0.1150113310E+01    0.1144722205E+01
    0.2931108923E+00    0.1150419856E+01    0.1145066780E+01
    0.3037917118E+00    0.1150818359E+01    0.1145514518E+01
    0.3119779996E+00    0.1151122653E+01    0.1145856253E+01
    0.3163405311E+00    0.1151284403E+01    0.1146037850E+01
    0.3245268189E+00    0.1151587145E+01    0.1146377639E+01
    0.3352076384E+00    0.1151980577E+01    0.1146819022E+01
    0.3433939262E+00    0.1152280903E+01    0.1147155803E+01
    0.3477564576E+00    0.1152440509E+01    0.1147334731E+01
    0.3559427454E+00    0.1152739175E+01    0.1147669457E+01
    0.3666235649E+00    0.1153127186E+01    0.1148104126E+01
    0.3748098527E+00    0.1153423277E+01    0.1148435680E+01
    0.3791723841E+00    0.1153580599E+01    0.1148611795E+01
    0.3873586720E+00    0.1153874925E+01    0.1148941187E+01
    0.3980394914E+00    0.1154257171E+01    0.1149368793E+01
    0.4062257792E+00    0.1154548766E+01    0.1149694855E+01
    0.4105883107E+00    0.1154703664E+01    0.1149868015E+01
    0.4187745985E+00    0.1154993391E+01    0.1150191811E+01
    0.4294554180E+00    0.1155369537E+01    0.1150612015E+01
    0.4376417058E+00    0.1155656381E+01    0.1150932327E+01
    0.4420042372E+00    0.1155808720E+01    0.1151102396E+01
    0.4501905250E+00    0.1156093596E+01    0.1151420340E+01
    0.4608713445E+00    0.1156463315E+01    0.1151832813E+01
    0.4690576323E+00    0.1156745158E+01    0.1152147124E+01
    0.4734201638E+00    0.1156894807E+01    0.1152313968E+01
    0.4816064516E+00    0.1157174585E+01    0.1152625814E+01
    0.4922872711E+00    0.1157537557E+01    0.1153030234E+01
    0.5004735589E+00    0.1157814157E+01    0.1153338301E+01
    0.5048360903E+00    0.1157960986E+01    0.1153501792E+01
    0.5130223781E+00    0.1158235426E+01    0.1153807299E+01
    0.5237031976E+00    0.1158591340E+01    0.1154203356E+01
    0.5318894854E+00    0.1158862461E+01    0.1154504943E+01
    0.5362520168E+00    0.1159006345E+01    0.1154664956E+01
    0.5444383046E+00    0.1159275212E+01    0.1154963891E+01
    0.5551191241E+00    0.1159623766E+01    0.1155351283E+01
    0.5633054119E+00    0.1159889177E+01    0.1155646162E+01
    0.5676679434E+00    0.1160029994E+01    0.1155802576E+01
    0.5758542312E+00    0.1160293061E+01    0.1156094713E+01
    0.5865350507E+00    0.1160633961E+01    0.1156473150E+01
    0.5947213385E+00    0.1160893438E+01    0.1156761098E+01
    0.5990838699E+00    0.1161031070E+01    0.1156913797E+01
    0.6072701577E+00    0.1161288116E+01    0.1157198918E+01
    0.6179509772E+00    0.1161621075E+01    0.1157568117E+01
    0.6261372650E+00    0.1161874401E+01    0.1157848922E+01
    0.6304997964E+00    0.1162008733E+01    0.1157997791E+01
    0.6386860842E+00    0.1162259544E+01    0.1158275685E+01
    0.6493669037E+00    0.1162584285E+01    0.1158635374E+01
    0.6575531915E+00    0.1162831250E+01    0.1158908829E+01
    0.6619157230E+00    0.1162962170E+01    0.1159053760E+01
    0.6701020108E+00    0.1163206537E+01    0.1159324222E+01
    0.6807828303E+00    0.1163522792E+01    0.1159674138E+01
    0.6889691181E+00    0.1163763193E+01    0.1159940043E+01
    0.6933316495E+00    0.1163890593E+01    0.1160080931E+01
    0.7015179373E+00    0.1164128316E+01    0.1160343766E+01
    0.7121987568E+00    0.1164435825E+01    0.1160683655E+01
    0.7203850446E+00    0.1164669464E+01    0.1160941819E+01
    0.7247475760E+00    0.1164793240E+01    0.1161078560E+01
    0.7329338638E+00    0.1165024124E+01    0.1161333579E+01
    0.7436146833E+00    0.1165322635E+01    0.1161663198E+01
    0.7518009711E+00    0.1165549322E+01    0.1161913435E+01
    0.7561635026E+00    0.1165669373E+01    0.1162045933E+01
    0.7643497904E+00    0.1165893231E+01    0.1162292953E+01
    0.7750306099E+00    0.1166182504E+01    0.1162612067E+01
    0.7832168977E+00    0.1166402055E+01    0.1162854199E+01
    0.7875794291E+00    0.1166518284E+01    0.1162982359E+01
    0.7957657169E+00    0.1166734935E+01    0.1163221206E+01
    0.8064465364E+00    0.1167014735E+01    0.1163529589E+01
    0.8146328242E+00    0.1167226974E+01    0.1163763446E+01
    0.8189953557E+00    0.1167339288E+01    0.1163887180E+01
    0.8271816435E+00    0.1167548558E+01    0.1164117685E+01
    0.8378624629E+00    0.1167818662E+01    0.1164415121E+01
    0.8460487508E+00    0.1168023418E+01    0.1164640540E+01
    0.8504112822E+00    0.1168131728E+01    0.1164759759E+01
    0.8585975700E+00    0.1168333450E+01    0.1164981763E+01
    0.8692783895E+00    0.1168593642E+01    0.1165268045E+01
    0.8774646773E+00    0.1168790753E+01    0.1165484869E+01
    0.8818272087E+00    0.1168894972E+01    0.1165599491E+01
    0.8900134965E+00    0.1169088986E+01    0.1165812839E+01
    0.9006943160E+00    0.1169339060E+01    0.1166087770E+01
    0.9088806038E+00    0.1169528371E+01    0.1166295849E+01
    0.9132431353E+00    0.1169628416E+01    0.1166405796E+01
    0.9214294231E+00    0.1169814569E+01    0.1166610342E+01
    0.9321102426E+00    0.1170054328E+01    0.1166873733E+01
    0.9402965304E+00    0.1170235689E+01    0.1167072925E+01
    0.9446590618E+00    0.1170331482E+01    0.1167178122E+01
    0.9528453496E+00    0.1170509628E+01    0.1167373726E+01
    0.9635261691E+00    0.1170738885E+01    0.1167625397E+01
    0.9717124569E+00    0.1170912154E+01    0.1167815567E+01
    0.9760749883E+00    0.1171003620E+01    0.1167915942E+01
    0.9842612761E+00    0.1171173619E+01    0.1168102471E+01
    0.9949420956E+00    0.1171392194E+01    0.1168342253E+01
    0.1003128383E+01    0.1171557237E+01    0.1168523272E+01
    0.1007490915E+01    0.1171644306E+01    0.1168618756E+01
    0.1015677203E+01    0.1171806026E+01    0.1168796086E+01
    0.1026358022E+01    0.1172013750E+01    0.1169023815E+01
    0.1034544310E+01    0.1172170437E+01    0.1169195562E+01
    0.1038906841E+01    0.1172253041E+01    0.1169286093E+01
    0.1047093129E+01    0.1172406357E+01    0.1169454103E+01
    0.1057773949E+01    0.1172603069E+01    0.1169669629E+01
    0.1065960237E+01    0.1172751281E+01    0.1169831988E+01
    0.1070322768E+01    0.1172829355E+01    0.1169917505E+01
    0.1078509056E+01    0.1172974150E+01    0.1170076083E+01
    0.1089189875E+01    0.1173159698E+01    0.1170279262E+01
    0.1097376163E+01    0.1173299321E+01    0.1170432126E+01
    0.1101738694E+01    0.1173372806E+01    0.1170512571E+01
    0.1109924982E+01    0.1173508967E+01    0.1170661614E+01
    0.1120605802E+01    0.1173683210E+01    0.1170852311E+01
    0.1128792090E+01    0.1173814136E+01    0.1170995579E+01
    0.1133154621E+01    0.1173882976E+01    0.1171070899E+01
    0.1141340909E+01    0.1174010400E+01    0.1171210307E+01
    0.1152021728E+01    0.1174173205E+01    0.1171388397E+01
    0.1160208016E+01    0.1174295334E+01    0.1171521973E+01
    0.1164570548E+01    0.1174359476E+01    0.1171592120E+01
    0.1172756835E+01    0.1174478066E+01    0.1171721802E+01
    0.1183437655E+01    0.1174629308E+01    0.1171887167E+01
    0.1191623943E+01    0.1174742548E+01    0.1172010965E+01
    0.1195986474E+01    0.1174801944E+01    0.1172075892E+01
    0.1204172762E+01    0.1174911609E+01    0.1172195762E+01
    0.1214853581E+01    0.1175051174E+01    0.1172348294E+01
    0.1223039869E+01    0.1175155439E+01    0.1172462234E+01
    0.1227402401E+01    0.1175210043E+01    0.1172521899E+01
    0.1235588688E+01    0.1175310701E+01    0.1172631879E+01
    0.1246269508E+01    0.1175438483E+01    0.1172771479E+01
    0.1254455796E+01    0.1175533695E+01    0.1172875486E+01
    0.1258818327E+01    0.1175583466E+01    0.1172929850E+01
    0.1267004615E+01    0.1175675040E+01    0.1173029869E+01
    0.1277685434E+01    0.1175790943E+01    0.1173156447E+01
    0.1285871722E+01    0.1175877029E+01    0.1173250452E+01
    0.1290234254E+01    0.1175921930E+01    0.1173299480E+01
    0.1298420541E+01    0.1176004352E+01    0.1173389473E+01
    0.1309101361E+01    0.1176108289E+01    0.1173502946E+01
    0.1317287649E+01    0.1176185185E+01    0.1173586890E+01
    0.1321650180E+01    0.1176225181E+01    0.1173630550E+01
    0.1329836468E+01    0.1176298390E+01    0.1173710460E+01
    0.1340517288E+01    0.1176390282E+01    0.1173810755E+01
    0.1348703575E+01    0.1176457930E+01    0.1173884584E+01
    0.1353066107E+01    0.1176492992E+01    0.1173922848E+01
    0.1361252395E+01    0.1176556932E+01    0.1173992622E+01
    0.1371933214E+01    0.1176636711E+01    0.1174079675E+01
    0.1380119502E+01    0.1176695060E+01    0.1174143340E+01
    0.1384482033E+01    0.1176725163E+01    0.1174176183E+01
    0.1392668321E+01    0.1176779785E+01    0.1174235777E+01
    0.1403349141E+01    0.1176847392E+01    0.1174309532E+01
    0.1411535428E+01    0.1176896399E+01    0.1174362993E+01
    0.1415897960E+01    0.1176921518E+01    0.1174390395E+01
    0.1424084248E+01    0.1176966783E+01    0.1174439770E+01
    0.1434765067E+01    0.1177022166E+01    0.1174500179E+01
    0.1442951355E+01    0.1177061795E+01    0.1174543402E+01
    0.1447313886E+01    0.1177081913E+01    0.1174565345E+01
    0.1455500174E+01    0.1177117787E+01    0.1174604470E+01
    0.1466180994E+01    0.1177160905E+01    0.1174651495E+01
    0.1474367281E+01    0.1177191126E+01    0.1174684452E+01
    0.1478729813E+01    0.1177206227E+01    0.1174700921E+01
    0.1486916101E+01    0.1177232683E+01    0.1174729771E+01
    0.1497596920E+01    0.1177263505E+01    0.1174763382E+01
    0.1505783208E+01    0.1177284294E+01    0.1174786052E+01
    0.1510145739E+01    0.1177294368E+01    0.1174797037E+01
    0.1518332027E+01    0.1177311386E+01    0.1174815594E+01
    0.1529012847E+01    0.1177329888E+01    0.1174835769E+01
    0.1537199135E+01    0.1177341232E+01    0.1174848138E+01
    0.1541561666E+01    0.1177346271E+01    0.1174853632E+01
    0.1549747954E+01    0.1177353838E+01    0.1174861884E+01
    0.1560428773E+01    0.1177360007E+01    0.1174868610E+01
    0.1568615061E+01    0.1177361896E+01    0.1174870669E+01
    0.1572977593E+01    0.1177361896E+01    0.1174870669E+01
    0.1581163880E+01    0.1177360007E+01    0.1174868610E+01
    0.1591844700E+01    0.1177353838E+01    0.1174861884E+01
    0.1600030988E+01    0.1177346271E+01    0.1174853632E+01
    0.1604393519E+01    0.1177341232E+01    0.1174848138E+01
    0.1612579807E+01    0.1177329888E+01    0.1174835769E+01
    0.1623260626E+01    0.1177311386E+01    0.1174815594E+01
    0.1631446914E+01    0.1177294368E+01    0.1174797037E+01
    0.1635809446E+01    0.1177284294E+01    0.1174786052E+01
    0.1643995733E+01    0.1177263505E+01    0.1174763382E+01
    0.1654676553E+01    0.1177232683E+01    0.1174729771E+01
    0.1662862841E+01    0.1177206227E+01    0.1174700921E+01
    0.1667225372E+01    0.1177191126E+01    0.1174684452E+01
    0.1675411660E+01    0.1177160905E+01    0.1174651495E+01
    0.1686092479E+01    0.1177117787E+01    0.1174604470E+01
    0.1694278767E+01    0.1177081913E+01    0.1174565345E+01
    0.1698641299E+01    0.1177061795E+01    0.1174543402E+01
    0.1706827586E+01    0.1177022166E+01    0.1174500179E+01
    0.1717508406E+01    0.1176966783E+01    0.1174439770E+01
    0.1725694694E+01    0.1176921518E+01    0.1174390395E+01
    0.1730057225E+01    0.1176896399E+01    0.1174362993E+01
    0.1738243513E+01    0.1176847392E+01    0.1174309532E+01
    0.1748924332E+01    0.1176779785E+01    0.1174235777E+01
    0.1757110620E+01    0.1176725163E+01    0.1174176183E+01
    0.1761473152E+01    0.1176695060E+01    0.1174143340E+01
    0.1769659440E+01    0.1176636711E+01    0.1174079675E+01
    0.1780340259E+01    0.1176556932E+01    0.1173992622E+01
    0.1788526547E+01    0.1176492992E+01    0.1173922848E+01
    0.1792889078E+01    0.1176457930E+01    0.1173884584E+01
    0.1801075366E+01    0.1176390282E+01    0.1173810755E+01
    0.1811756186E+01    0.1176298390E+01    0.1173710460E+01
    0.1819942473E+01    0.1176225181E+01    0.1173630550E+01
    0.1824305005E+01    0.1176185185E+01    0.1173586890E+01
    0.1832491293E+01    0.1176108289E+01    0.1173502946E+01
    0.1843172112E+01    0.1176004352E+01    0.1173389473E+01
    0.1851358400E+01    0.1175921930E+01    0.1173299480E+01
    0.1855720931E+01    0.1175877029E+01    0.1173250452E+01
    0.1863907219E+01    0.1175790943E+01    0.1173156447E+01
    0.1874588039E+01    0.1175675040E+01    0.1173029869E+01
    0.1882774326E+01    0.1175583466E+01    0.1172929850E+01
    0.1887136858E+01    0.1175533695E+01    0.1172875486E+01
    0.1895323146E+01    0.1175438483E+01    0.1172771479E+01
    0.1906003965E+01    0.1175310701E+01    0.1172631879E+01
    0.1914190253E+01    0.1175210043E+01    0.1172521899E+01
    0.1918552784E+01    0.1175155439E+01    0.1172462234E+01
    0.1926739072E+01    0.1175051174E+01    0.1172348294E+01
    0.1937419892E+01    0.1174911609E+01    0.1172195762E+01
    0.1945606180E+01    0.1174801944E+01    0.1172075892E+01
    0.1949968711E+01    0.1174742548E+01    0.1172010965E+01
    0.1958154999E+01    0.1174629308E+01    0.1171887167E+01
    0.1968835818E+01    0.1174478066E+01    0.1171721802E+01
    0.1977022106E+01    0.1174359476E+01    0.1171592120E+01
    0.1981384637E+01    0.1174295334E+01    0.1171521973E+01
    0.1989570925E+01    0.1174173205E+01    0.1171388397E+01
    0.2000251745E+01    0.1174010400E+01    0.1171210307E+01
    0.2008438033E+01    0.1173882976E+01    0.1171070899E+01
    0.2012800564E+01    0.1173814136E+01    0.1170995579E+01
    0.2020986852E+01    0.1173683210E+01    0.1170852311E+01
    0.2031667671E+01    0.1173508967E+01    0.1170661614E+01
    0.2039853959E+01    0.1173372806E+01    0.1170512571E+01
    0.2044216491E+01    0.1173299321E+01    0.1170432126E+01
    0.2052402778E+01    0.1173159698E+01    0.1170279262E+01
    0.2063083598E+01    0.1172974150E+01    0.1170076083E+01
    0.2071269886E+01    0.1172829355E+01    0.1169917504E+01
    0.2075632417E+01    0.1172751281E+01    0.1169831988E+01
    0.2083818705E+01    0.1172603069E+01    0.1169669629E+01
    0.2094499524E+01    0.1172406357E+01    0.1169454103E+01
    0.2102685812E+01    0.1172253041E+01    0.1169286093E+01
    0.2107048344E+01    0.1172170437E+01    0.1169195562E+01
    0.2115234631E+01    0.1172013750E+01    0.1169023815E+01
    0.2125915451E+01    0.1171806026E+01    0.1168796086E+01
    0.2134101739E+01    0.1171644306E+01    0.1168618756E+01
    0.2138464270E+01    0.1171557237E+01    0.1168523272E+01
    0.2146650558E+01    0.1171392194E+01    0.1168342253E+01
    0.2157331377E+01    0.1171173619E+01    0.1168102471E+01
    0.2165517665E+01    0.1171003620E+01    0.1167915942E+01
    0.2169880197E+01    0.1170912154E+01    0.1167815567E+01
    0.2178066485E+01    0.1170738885E+01    0.1167625397E+01
    0.2188747304E+01    0.1170509628E+01    0.1167373726E+01
    0.2196933592E+01    0.1170331482E+01    0.1167178122E+01
    0.2201296123E+01    0.1170235689E+01    0.1167072925E+01
    0.2209482411E+01    0.1170054328E+01    0.1166873733E+01
    0.2220163231E+01    0.1169814569E+01    0.1166610342E+01
    0.2228349518E+01    0.1169628416E+01    0.1166405796E+01
    0.2232712050E+01    0.1169528371E+01    0.1166295849E+01
    0.2240898338E+01    0.1169339060E+01    0.1166087770E+01
    0.2251579157E+01    0.1169088986E+01    0.1165812839E+01
    0.2259765445E+01    0.1168894972E+01    0.1165599491E+01
    0.2264127976E+01    0.1168790753E+01    0.1165484869E+01
    0.2272314264E+01    0.1168593642E+01    0.1165268045E+01
    0.2282995084E+01    0.1168333450E+01    0.1164981763E+01
    0.2291181371E+01    0.1168131728E+01    0.1164759759E+01
    0.2295543903E+01    0.1168023418E+01    0.1164640540E+01
    0.2303730191E+01    0.1167818662E+01    0.1164415121E+01
    0.2314411010E+01    0.1167548558E+01    0.1164117685E+01
    0.2322597298E+01    0.1167339288E+01    0.1163887180E+01
    0.2326959829E+01    0.1167226974E+01    0.1163763446E+01
    0.2335146117E+01    0.1167014735E+01    0.1163529589E+01
    0.2345826937E+01    0.1166734935E+01    0.1163221206E+01
    0.2354013224E+01    0.1166518284E+01    0.1162982359E+01
    0.2358375756E+01    0.1166402055E+01    0.1162854199E+01
    0.2366562044E+01    0.1166182504E+01    0.1162612067E+01
    0.2377242863E+01    0.1165893231E+01    0.1162292953E+01
    0.2385429151E+01    0.1165669373E+01    0.1162045933E+01
    0.2389791682E+01    0.1165549322E+01    0.1161913435E+01
    0.2397977970E+01    0.1165322635E+01    0.1161663198E+01
    0.2408658790E+01    0.1165024124E+01    0.1161333579E+01
    0.2416845078E+01    0.1164793240E+01    0.1161078560E+01
    0.2421207609E+01    0.1164669464E+01    0.1160941819E+01
    0.2429393897E+01    0.1164435825E+01    0.1160683655E+01
    0.2440074716E+01    0.1164128316E+01    0.1160343766E+01
    0.2448261004E+01    0.1163890593E+01    0.1160080931E+01
    0.2452623536E+01    0.1163763193E+01    0.1159940043E+01
    0.2460809823E+01    0.1163522792E+01    0.1159674138E+01
    0.2471490643E+01    0.1163206537E+01    0.1159324222E+01
    0.2479676931E+01    0.1162962170E+01    0.1159053760E+01
    0.2484039462E+01    0.1162831250E+01    0.1158908829E+01
    0.2492225750E+01    0.1162584285E+01    0.1158635374E+01
    0.2502906569E+01    0.1162259544E+01    0.1158275685E+01
    0.2511092857E+01    0.1162008733E+01    0.1157997791E+01
    0.2515455389E+01    0.1161874401E+01    0.1157848922E+01
    0.2523641676E+01    0.1161621075E+01    0.1157568117E+01
    0.2534322496E+01    0.1161288116E+01    0.1157198918E+01
    0.2542508784E+01    0.1161031070E+01    0.1156913797E+01
    0.2546871315E+01    0.1160893438E+01    0.1156761098E+01
    0.2555057603E+01    0.1160633960E+01    0.1156473150E+01
    0.2565738422E+01    0.1160293061E+01    0.1156094713E+01
    0.2573924710E+01    0.1160029994E+01    0.1155802576E+01
    0.2578287242E+01    0.1159889177E+01    0.1155646162E+01
    0.2586473529E+01    0.1159623766E+01    0.1155351283E+01
    0.2597154349E+01    0.1159275212E+01    0.1154963891E+01
    0.2605340637E+01    0.1159006345E+01    0.1154664956E+01
    0.2609703168E+01    0.1158862461E+01    0.1154504943E+01
    0.2617889456E+01    0.1158591340E+01    0.1154203356E+01
    0.2628570275E+01    0.1158235426E+01    0.1153807299E+01
    0.2636756563E+01    0.1157960986E+01    0.1153501792E+01
    0.2641119095E+01    0.1157814157E+01    0.1153338301E+01
    0.2649305383E+01    0.1157537557E+01    0.1153030234E+01
    0.2659986202E+01    0.1157174585E+01    0.1152625814E+01
    0.2668172490E+01    0.1156894807E+01    0.1152313968E+01
    0.2672535021E+01    0.1156745158E+01    0.1152147124E+01
    0.2680721309E+01    0.1156463315E+01    0.1151832813E+01
    0.2691402129E+01    0.1156093596E+01    0.1151420340E+01
    0.2699588416E+01    0.1155808720E+01    0.1151102396E+01
    0.2703950948E+01    0.1155656381E+01    0.1150932327E+01
    0.2712137236E+01    0.1155369537E+01    0.1150612015E+01
    0.2722818055E+01    0.1154993391E+01    0.1150191811E+01
    0.2731004343E+01    0.1154703664E+01    0.1149868015E+01
    0.2735366874E+01    0.1154548766E+01    0.1149694855E+01
    0.2743553162E+01    0.1154257171E+01    0.1149368793E+01
    0.2754233982E+01    0.1153874925E+01    0.1148941187E+01
    0.2762420269E+01    0.1153580599E+01    0.1148611795E+01
    0.2766782801E+01    0.1153423277E+01    0.1148435680E+01
    0.2774969089E+01    0.1153127186E+01    0.1148104126E+01
    0.2785649908E+01    0.1152739175E+01    0.1147669457E+01
    0.2793836196E+01    0.1152440509E+01    0.1147334731E+01
    0.2798198727E+01    0.1152280903E+01    0.1147155803E+01
    0.2806385015E+01    0.1151980577E+01    0.1146819022E+01
    0.2817065835E+01    0.1151587145E+01    0.1146377639E+01
    0.2825252123E+01    0.1151284403E+01    0.1146037850E+01
    0.2829614654E+01    0.1151122653E+01    0.1145856253E+01
    0.2837800942E+01    0.1150818359E+01    0.1145514518E+01
    0.2848481761E+01    0.1150419856E+01    0.1145066780E+01
    0.2856668049E+01    0.1150113310E+01    0.1144722205E+01
    0.2861030580E+01    0.1149949562E+01    0.1144538086E+01
    0.2869216868E+01    0.1149641572E+01    0.1144191678E+01
    0.2879897688E+01    0.1149238356E+01    0.1143737954E+01
    0.2888083976E+01    0.1148928281E+01    0.1143388877E+01
    0.2892446507E+01    0.1148762682E+01    0.1143202390E+01
    0.2900632795E+01    0.1148451276E+01    0.1142851595E+01
    0.2911313614E+01    0.1148043712E+01    0.1142392263E+01
    0.2919499902E+01    0.1147730390E+01    0.1142038975E+01
    0.2923862434E+01    0.1147563091E+01    0.1141850277E+01
    0.2932048721E+01    0.1147248551E+01    0.1141495390E+01
    0.2942729541E+01    0.1146837012E+01    0.1141030838E+01
    0.2950915829E+01    0.1146520729E+01    0.1140673639E+01
    0.2955278360E+01    0.1146351883E+01    0.1140482888E+01
    0.2963464648E+01    0.1146034500E+01    0.1140124213E+01
    0.2974145467E+01    0.1145619364E+01    0.1139654836E+01
    0.2982331755E+01    0.1145300414E+01    0.1139294033E+01
    0.2986694287E+01    0.1145130177E+01    0.1139101394E+01
    0.2994880574E+01    0.1144810243E+01    0.1138739239E+01
    0.3005561394E+01    0.1144391897E+01    0.1138265444E+01
    0.3013747682E+01    0.1144070575E+01    0.1137901350E+01
    0.3018110213E+01    0.1143899107E+01    0.1137706991E+01
    0.3026296501E+01    0.1143576922E+01    0.1137341672E+01
    0.3036977320E+01    0.1143155756E+01    0.1136863875E+01
    0.3045163608E+01    0.1142832365E+01    0.1136496811E+01
    0.3049526140E+01    0.1142659826E+01    0.1136300903E+01
    0.3057712428E+01    0.1142335694E+01    0.1135932744E+01
    0.3068393247E+01    0.1141912107E+01    0.1135451369E+01
    0.3076579535E+01    0.1141586953E+01    0.1135081662E+01
    0.3080942066E+01    0.1141413507E+01    0.1134884382E+01
    0.3089128354E+01    0.1141087735E+01    0.1134513712E+01
    0.3099809174E+01    0.1140662131E+01    0.1134029194E+01
    0.3107995461E+01    0.1140335524E+01    0.1133657178E+01
    0.3112357993E+01    0.1140161338E+01    0.1133458704E+01
    0.3120544281E+01    0.1139834239E+01    0.1133085861E+01
    0.3131225100E+01    0.1139407026E+01    0.1132598641E+01
    0.3139411388E+01    0.1139079281E+01    0.1132224658E+01
    0.3143773919E+01    0.1138904522E+01    0.1132025172E+01
    0.3151960207E+01    0.1138576412E+01    0.1131650500E+01
    0.3162641027E+01    0.1138148005E+01    0.1131161031E+01
    0.3170827314E+01    0.1137819440E+01    0.1130785428E+01
    0.3175189846E+01    0.1137644279E+01    0.1130585117E+01
    0.3183376134E+01    0.1137315477E+01    0.1130208966E+01
    0.3194056953E+01    0.1136886294E+01    0.1129717706E+01
    0.3202243241E+01    0.1136557233E+01    0.1129340838E+01
    0.3206605772E+01    0.1136381841E+01    0.1129139891E+01
    0.3214792060E+01    0.1136052671E+01    0.1128762618E+01
    0.3225472880E+01    0.1135623136E+01    0.1128270035E+01
    0.3233659167E+01    0.1135293902E+01    0.1127892263E+01
    0.3238021699E+01    0.1135118453E+01    0.1127690872E+01
    0.3246207987E+01    0.1134789241E+01    0.1127312840E+01
    0.3256888806E+01    0.1134359781E+01    0.1126819411E+01
    0.3265075094E+01    0.1134030703E+01    0.1126441100E+01
    0.3269437625E+01    0.1133855372E+01    0.1126239461E+01
    0.3277623913E+01    0.1133526448E+01    0.1125861039E+01
    0.3288304733E+01    0.1133097493E+01    0.1125367247E+01
    0.3296491021E+01    0.1132768902E+01    0.1124988770E+01
    0.3300853552E+01    0.1132593866E+01    0.1124787083E+01
    0.3309039840E+01    0.1132265562E+01    0.1124408645E+01
    0.3319720659E+01    0.1131837545E+01    0.1123914980E+01
    0.3327906947E+01    0.1131509774E+01    0.1123536715E+01
    0.3332269479E+01    0.1131335210E+01    0.1123335181E+01
    0.3340455766E+01    0.1131007860E+01    0.1122957108E+01
    0.3351136586E+01    0.1130581219E+01    0.1122464069E+01
    0.3359322874E+01    0.1130254603E+01    0.1122086399E+01
    0.3363685405E+01    0.1130080690E+01    0.1121885223E+01
    0.3371871693E+01    0.1129754629E+01    0.1121507899E+01
    0.3382552512E+01    0.1129329803E+01    0.1121015990E+01
    0.3390738800E+01    0.1129004678E+01    0.1120639303E+01
    0.3395101332E+01    0.1128831596E+01    0.1120438693E+01
    0.3403287619E+01    0.1128507162E+01    0.1120062508E+01
    0.3413968439E+01    0.1128084590E+01    0.1119572240E+01
    0.3422154727E+01    0.1127761295E+01    0.1119196929E+01
    0.3426517258E+01    0.1127589224E+01    0.1118997094E+01
    0.3434703546E+01    0.1127266755E+01    0.1118622443E+01
    0.3445384365E+01    0.1126846879E+01    0.1118134332E+01
    0.3453570653E+01    0.1126525752E+01    0.1117760793E+01
    0.3457933185E+01    0.1126354873E+01    0.1117561946E+01
    0.3466119472E+01    0.1126034708E+01    0.1117189227E+01
    0.3476800292E+01    0.1125617971E+01    0.1116703794E+01
    0.3484986580E+01    0.1125299351E+01    0.1116332430E+01
    0.3489349111E+01    0.1125129845E+01    0.1116134783E+01
    0.3497535399E+01    0.1124812323E+01    0.1115764400E+01
    0.3508216218E+01    0.1124399167E+01    0.1115282171E+01
    0.3516402506E+01    0.1124083395E+01    0.1114913384E+01
    0.3520765038E+01    0.1123915442E+01    0.1114717155E+01
    0.3528951326E+01    0.1123600901E+01    0.1114349511E+01
    0.3539632145E+01    0.1123191770E+01    0.1113871018E+01
    0.3547818433E+01    0.1122879183E+01    0.1113505216E+01
    0.3552180964E+01    0.1122712964E+01    0.1113310621E+01
    0.3560367252E+01    0.1122401744E+01    0.1112946126E+01
    0.3571048072E+01    0.1121997078E+01    0.1112471901E+01
    0.3579234359E+01    0.1121688015E+01    0.1112109494E+01
    0.3583596891E+01    0.1121523710E+01    0.1111916752E+01
    0.3591783179E+01    0.1121216149E+01    0.1111555816E+01
    0.3602463998E+01    0.1120816388E+01    0.1111086396E+01
    0.3610650286E+01    0.1120511186E+01    0.1110727795E+01
    0.3615012817E+01    0.1120348973E+01    0.1110537126E+01
    0.3623199105E+01    0.1120045407E+01    0.1110180161E+01
    0.3633879925E+01    0.1119650989E+01    0.1109716085E+01
    0.3642066212E+01    0.1119349983E+01    0.1109361704E+01
    0.3646428744E+01    0.1119190042E+01    0.1109173327E+01
    0.3654615032E+01    0.1118890805E+01    0.1108820747E+01
    0.3665295851E+01    0.1118502166E+01    0.1108362554E+01
    0.3673482139E+01    0.1118205688E+01    0.1108012807E+01
    0.3677844670E+01    0.1118048196E+01    0.1107826944E+01
    0.3686030958E+01    0.1117753620E+01    0.1107479163E+01
    0.3696711778E+01    0.1117371191E+01    0.1107027394E+01
    0.3704898066E+01    0.1117079572E+01    0.1106682695E+01
    0.3709260597E+01    0.1116924704E+01    0.1106499565E+01
    0.3717446885E+01    0.1116635118E+01    0.1106156998E+01
    0.3728127704E+01    0.1116259328E+01    0.1105712192E+01
    0.3736313992E+01    0.1115972895E+01    0.1105372955E+01
    0.3740676523E+01    0.1115820826E+01    0.1105192780E+01
    0.3748862811E+01    0.1115536555E+01    0.1104855839E+01
    0.3759543631E+01    0.1115167828E+01    0.1104418536E+01
    0.3767729919E+01    0.1114886905E+01    0.1104085173E+01
    0.3772092450E+01    0.1114737805E+01    0.1103908172E+01
    0.3780278738E+01    0.1114459173E+01    0.1103577271E+01
    0.3790959557E+01    0.1114097926E+01    0.1103148007E+01
    0.3799145845E+01    0.1113822832E+01    0.1102820929E+01
    0.3803508377E+01    0.1113676873E+01    0.1102647322E+01
    0.3811694664E+01    0.1113404196E+01    0.1102322868E+01
    0.3822375484E+01    0.1113050843E+01    0.1101902179E+01
    0.3830561772E+01    0.1112781893E+01    0.1101581794E+01
    0.3834924303E+01    0.1112639241E+01    0.1101411797E+01
    0.3843110591E+01    0.1112372832E+01    0.1101094199E+01
    0.3853791410E+01    0.1112027779E+01    0.1100682613E+01
    0.3861977698E+01    0.1111765283E+01    0.1100369327E+01
    0.3866340230E+01    0.1111626103E+01    0.1100203156E+01
    0.3874526517E+01    0.1111366270E+01    0.1099892817E+01
    0.3885207337E+01    0.1111029916E+01    0.1099490860E+01
    0.3893393625E+01    0.1110774178E+01    0.1099185073E+01
    0.3897756156E+01    0.1110638631E+01    0.1099022941E+01
    0.3905942444E+01    0.1110385677E+01    0.1098720261E+01
    0.3916623263E+01    0.1110058412E+01    0.1098328451E+01
    0.3924809551E+01    0.1109809731E+01    0.1098030560E+01
    0.3929172083E+01    0.1109677976E+01    0.1097872677E+01
    0.3937358371E+01    0.1109432195E+01    0.1097578050E+01
    0.3948039190E+01    0.1109114404E+01    0.1097196899E+01
    0.3956225478E+01    0.1108873071E+01    0.1096907294E+01
    0.3960588009E+01    0.1108745262E+01    0.1096753868E+01
    0.3968774297E+01    0.1108506943E+01    0.1096467682E+01
    0.3979455117E+01    0.1108199001E+01    0.1096097693E+01
    0.3987641404E+01    0.1107965299E+01    0.1095816760E+01
    0.3992003936E+01    0.1107841588E+01    0.1095667994E+01
    0.4000190224E+01    0.1107611013E+01    0.1095390630E+01
    0.4010871043E+01    0.1107313283E+01    0.1095032299E+01
    0.4019057331E+01    0.1107087491E+01    0.1094760412E+01
    0.4023419862E+01    0.1106968024E+01    0.1094616507E+01
    0.4031606150E+01    0.1106745467E+01    0.1094348338E+01
    0.4042286970E+01    0.1106458303E+01    0.1094002148E+01
    0.4050473257E+01    0.1106240690E+01    0.1093739677E+01
    0.4054835789E+01    0.1106125610E+01    0.1093600829E+01
    0.4063022077E+01    0.1105911337E+01    0.1093342219E+01
    0.4073702896E+01    0.1105635082E+01    0.1093008644E+01
    0.4081889184E+01    0.1105425909E+01    0.1092755947E+01
    0.4086251715E+01    0.1105315352E+01    0.1092622346E+01
    0.4094438003E+01    0.1105109620E+01    0.1092373653E+01
    0.4105118823E+01    0.1104844608E+01    0.1092053151E+01
    0.4113305110E+01    0.1104644125E+01    0.1091810579E+01
    0.4117667642E+01    0.1104538227E+01    0.1091682410E+01
    0.4125853930E+01    0.1104341284E+01    0.1091443978E+01
    0.4136534749E+01    0.1104087833E+01    0.1091136997E+01
    0.4144721037E+01    0.1103896283E+01    0.1090904888E+01
    0.4149083568E+01    0.1103795171E+01    0.1090782330E+01
    0.4157269856E+01    0.1103607255E+01    0.1090554493E+01
    0.4167950676E+01    0.1103365673E+01    0.1090261464E+01
    0.4176136964E+01    0.1103183289E+01    0.1090040146E+01
    0.4180499495E+01    0.1103087085E+01    0.1089923372E+01
    0.4188685783E+01    0.1102908425E+01    0.1089706453E+01
    0.4199366602E+01    0.1102679007E+01    0.1089427791E+01
    0.4207552890E+01    0.1102506011E+01    0.1089217578E+01
    0.4211915422E+01    0.1102414833E+01    0.1089106755E+01
    0.4220101709E+01    0.1102245647E+01    0.1088901063E+01
    0.4230782529E+01    0.1102028672E+01    0.1088637167E+01
    0.4238968817E+01    0.1101865276E+01    0.1088438361E+01
    0.4243331348E+01    0.1101779235E+01    0.1088333648E+01
    0.4251517636E+01    0.1101619730E+01    0.1088139478E+01
    0.4262198455E+01    0.1101415465E+01    0.1087890730E+01
    0.4270384743E+01    0.1101261869E+01    0.1087703617E+01
    0.4274747275E+01    0.1101181072E+01    0.1087605165E+01
    0.4282933562E+01    0.1101031444E+01    0.1087422800E+01
    0.4293614382E+01    0.1100840140E+01    0.1087189560E+01
    0.4301800670E+01    0.1100696534E+01    0.1087014413E+01
    0.4306163201E+01    0.1100621080E+01    0.1086922366E+01
    0.4314349489E+01    0.1100481514E+01    0.1086752072E+01
    0.4325030308E+01    0.1100303407E+01    0.1086534681E+01
    0.4333216596E+01    0.1100169968E+01    0.1086371757E+01
    0.4337579128E+01    0.1100099950E+01    0.1086286251E+01
    0.4345765415E+01    0.1099970619E+01    0.1086128278E+01
    0.4356446235E+01    0.1099805930E+01    0.1085927056E+01
    0.4364632523E+01    0.1099682824E+01    0.1085776596E+01
    0.4368995054E+01    0.1099618329E+01    0.1085697756E+01
    0.4377181342E+01    0.1099499393E+01    0.1085552338E+01
    0.4387862162E+01    0.1099348327E+01    0.1085367583E+01
    0.4396048449E+01    0.1099235706E+01    0.1085229810E+01
    0.4400410981E+01    0.1099176814E+01    0.1085157754E+01
    0.4408597269E+01    0.1099068421E+01    0.1085025107E+01
    0.4419278088E+01    0.1098931165E+01    0.1084857095E+01
    0.4427464376E+01    0.1098829170E+01    0.1084732215E+01
    0.4431826907E+01    0.1098775956E+01    0.1084667050E+01
    0.4440013195E+01    0.1098678241E+01    0.1084547373E+01
    0.4450694015E+01    0.1098554967E+01    0.1084396356E+01
    0.4458880302E+01    0.1098463725E+01    0.1084284556E+01
    0.4463242834E+01    0.1098416254E+01    0.1084226380E+01
    0.4471429122E+01    0.1098329340E+01    0.1084119852E+01
    0.4482109941E+01    0.1098220202E+01    0.1083986058E+01
    0.4490296229E+01    0.1098139827E+01    0.1083887506E+01
    0.4494658760E+01    0.1098098158E+01    0.1083836407E+01
    0.4502845048E+01    0.1098022154E+01    0.1083743190E+01
    0.4513525868E+01    0.1097927288E+01    0.1083626820E+01
    0.4521712155E+01    0.1097857882E+01    0.1083541666E+01
    0.4526074687E+01    0.1097822068E+01    0.1083497721E+01
    0.4534260975E+01    0.1097757068E+01    0.1083417956E+01
    0.4544941794E+01    0.1097676594E+01    0.1083319187E+01
    0.4553128082E+01    0.1097618244E+01    0.1083247559E+01
    0.4557490613E+01    0.1097588329E+01    0.1083210836E+01
    0.4565676901E+01    0.1097534416E+01    0.1083144643E+01
    0.4576357721E+01    0.1097468435E+01    0.1083063626E+01
    0.4584544009E+01    0.1097421213E+01    0.1083005635E+01
    0.4588906540E+01    0.1097397236E+01    0.1082976188E+01
    0.4597092828E+01    0.1097354477E+01    0.1082923670E+01
    0.4607773647E+01    0.1097303072E+01    0.1082860527E+01
    0.4615959935E+01    0.1097267038E+01    0.1082816261E+01
    0.4620322466E+01    0.1097249029E+01    0.1082794136E+01
    0.4628508754E+01    0.1097217477E+01    0.1082755372E+01
    0.4639189574E+01    0.1097180713E+01    0.1082710201E+01
    0.4647375862E+01    0.1097155913E+01    0.1082679727E+01
    0.4651738393E+01    0.1097143894E+01    0.1082664959E+01
    0.4659924681E+01    0.1097123590E+01    0.1082640008E+01
    0.4670605500E+01    0.1097101513E+01    0.1082612878E+01
    0.4678791788E+01    0.1097087977E+01    0.1082596243E+01
    0.4683154320E+01    0.1097081964E+01    0.1082588853E+01
    0.4691340607E+01    0.1097072934E+01    0.1082577754E+01
    0.4702021427E+01    0.1097065572E+01    0.1082568706E+01
    0.4710207715E+01    0.1097063318E+01    0.1082565936E+01
    0.4714570246E+01    0.1097063318E+01    0.1082565936E+01
    0.4722756534E+01    0.1097065572E+01    0.1082568706E+01
    0.4733437353E+01    0.1097072934E+01    0.1082577754E+01
    0.4741623641E+01    0.1097081964E+01    0.1082588853E+01
    0.4745986173E+01    0.1097087977E+01    0.1082596243E+01
    0.4754172460E+01    0.1097101513E+01    0.1082612878E+01
    0.4764853280E+01    0.1097123590E+01    0.1082640008E+01
    0.4773039568E+01    0.1097143894E+01    0.1082664959E+01
    0.4777402099E+01    0.1097155913E+01    0.1082679727E+01
    0.4785588387E+01    0.1097180713E+01    0.1082710201E+01
    0.4796269206E+01    0.1097217477E+01    0.1082755372E+01
    0.4804455494E+01    0.1097249029E+01    0.1082794136E+01
    0.4808818026E+01    0.1097267038E+01    0.1082816261E+01
    0.4817004314E+01    0.1097303072E+01    0.1082860527E+01
    0.4827685133E+01    0.1097354477E+01    0.1082923670E+01
    0.4835871421E+01    0.1097397236E+01    0.1082976188E+01
    0.4840233952E+01    0.1097421213E+01    0.1083005635E+01
    0.4848420240E+01    0.1097468435E+01    0.1083063626E+01
    0.4859101060E+01    0.1097534416E+01    0.1083144643E+01
    0.4867287347E+01    0.1097588329E+01    0.1083210836E+01
    0.4871649879E+01    0.1097618243E+01    0.1083247559E+01
    0.4879836167E+01    0.1097676594E+01    0.1083319187E+01
    0.4890516986E+01    0.1097757068E+01    0.1083417956E+01
    0.4898703274E+01    0.1097822068E+01    0.1083497721E+01
    0.4903065805E+01    0.1097857882E+01    0.1083541666E+01
    0.4911252093E+01    0.1097927288E+01    0.1083626820E+01
    0.4921932913E+01    0.1098022154E+01    0.1083743190E+01
    0.4930119200E+01    0.1098098158E+01    0.1083836407E+01
    0.4934481732E+01    0.1098139827E+01    0.1083887506E+01
    0.4942668020E+01    0.1098220202E+01    0.1083986058E+01
    0.4953348839E+01    0.1098329340E+01    0.1084119852E+01
    0.4961535127E+01    0.1098416254E+01    0.1084226380E+01
    0.4965897658E+01    0.1098463725E+01    0.1084284556E+01
    0.4974083946E+01    0.1098554967E+01    0.1084396356E+01
    0.4984764766E+01    0.1098678241E+01    0.1084547373E+01
    0.4992951053E+01    0.1098775956E+01    0.1084667050E+01
    0.4997313585E+01    0.1098829170E+01    0.1084732215E+01
    0.5005499873E+01    0.1098931165E+01    0.1084857095E+01
    0.5016180692E+01    0.1099068421E+01    0.1085025107E+01
    0.5024366980E+01    0.1099176814E+01    0.1085157754E+01
    0.5028729511E+01    0.1099235706E+01    0.1085229810E+01
    0.5036915799E+01    0.1099348327E+01    0.1085367583E+01
    0.5047596619E+01    0.1099499393E+01    0.1085552338E+01
    0.5055782907E+01    0.1099618329E+01    0.1085697756E+01
    0.5060145438E+01    0.1099682824E+01    0.1085776596E+01
    0.5068331726E+01    0.1099805930E+01    0.1085927056E+01
    0.5079012545E+01    0.1099970619E+01    0.1086128278E+01
    0.5087198833E+01    0.1100099950E+01    0.1086286251E+01
    0.5091561365E+01    0.1100169968E+01    0.1086371757E+01
    0.5099747652E+01    0.1100303407E+01    0.1086534681E+01
    0.5110428472E+01    0.1100481514E+01    0.1086752072E+01
    0.5118614760E+01    0.1100621080E+01    0.1086922366E+01
    0.5122977291E+01    0.1100696534E+01    0.1087014413E+01
    0.5131163579E+01    0.1100840140E+01    0.1087189560E+01
    0.5141844398E+01    0.1101031444E+01    0.1087422800E+01
    0.5150030686E+01    0.1101181072E+01    0.1087605165E+01
    0.5154393218E+01    0.1101261869E+01    0.1087703617E+01
    0.5162579505E+01    0.1101415465E+01    0.1087890730E+01
    0.5173260325E+01    0.1101619730E+01    0.1088139478E+01
    0.5181446613E+01    0.1101779235E+01    0.1088333648E+01
    0.5185809144E+01    0.1101865276E+01    0.1088438361E+01
    0.5193995432E+01    0.1102028672E+01    0.1088637167E+01
    0.5204676251E+01    0.1102245647E+01    0.1088901063E+01
    0.5212862539E+01    0.1102414833E+01    0.1089106755E+01
    0.5217225071E+01    0.1102506011E+01    0.1089217578E+01
    0.5225411358E+01    0.1102679007E+01    0.1089427791E+01
    0.5236092178E+01    0.1102908425E+01    0.1089706453E+01
    0.5244278466E+01    0.1103087085E+01    0.1089923372E+01
    0.5248640997E+01    0.1103183289E+01    0.1090040146E+01
    0.5256827285E+01    0.1103365673E+01    0.1090261464E+01
    0.5267508105E+01    0.1103607255E+01    0.1090554493E+01
    0.5275694392E+01    0.1103795171E+01    0.1090782330E+01
    0.5280056924E+01    0.1103896283E+01    0.1090904888E+01
    0.5288243212E+01    0.1104087833E+01    0.1091136997E+01
    0.5298924031E+01    0.1104341284E+01    0.1091443978E+01
    0.5307110319E+01    0.1104538227E+01    0.1091682410E+01
    0.5311472850E+01    0.1104644125E+01    0.1091810579E+01
    0.5319659138E+01    0.1104844608E+01    0.1092053151E+01
    0.5330339958E+01    0.1105109620E+01    0.1092373653E+01
    0.5338526245E+01    0.1105315352E+01    0.1092622346E+01
    0.5342888777E+01    0.1105425909E+01    0.1092755947E+01
    0.5351075065E+01    0.1105635082E+01    0.1093008644E+01
    0.5361755884E+01    0.1105911337E+01    0.1093342219E+01
    0.5369942172E+01    0.1106125610E+01    0.1093600829E+01
    0.5374304703E+01    0.1106240690E+01    0.1093739677E+01
    0.5382490991E+01    0.1106458303E+01    0.1094002148E+01
    0.5393171811E+01    0.1106745467E+01    0.1094348338E+01
    0.5401358098E+01    0.1106968024E+01    0.1094616507E+01
    0.5405720630E+01    0.1107087491E+01    0.1094760412E+01
    0.5413906918E+01    0.1107313283E+01    0.1095032299E+01
    0.5424587737E+01    0.1107611013E+01    0.1095390630E+01
    0.5432774025E+01    0.1107841588E+01    0.1095667994E+01
    0.5437136556E+01    0.1107965299E+01    0.1095816760E+01
    0.5445322844E+01    0.1108199001E+01    0.1096097694E+01
    0.5456003664E+01    0.1108506943E+01    0.1096467682E+01
    0.5464189952E+01    0.1108745262E+01    0.1096753868E+01
    0.5468552483E+01    0.1108873071E+01    0.1096907294E+01
    0.5476738771E+01    0.1109114404E+01    0.1097196899E+01
    0.5487419590E+01    0.1109432195E+01    0.1097578050E+01
    0.5495605878E+01    0.1109677976E+01    0.1097872677E+01
    0.5499968409E+01    0.1109809731E+01    0.1098030560E+01
    0.5508154697E+01    0.1110058412E+01    0.1098328451E+01
    0.5518835517E+01    0.1110385677E+01    0.1098720261E+01
    0.5527021805E+01    0.1110638631E+01    0.1099022941E+01
    0.5531384336E+01    0.1110774178E+01    0.1099185073E+01
    0.5539570624E+01    0.1111029916E+01    0.1099490860E+01
    0.5550251443E+01    0.1111366270E+01    0.1099892817E+01
    0.5558437731E+01    0.1111626103E+01    0.1100203156E+01
    0.5562800263E+01    0.1111765283E+01    0.1100369327E+01
    0.5570986550E+01    0.1112027779E+01    0.1100682613E+01
    0.5581667370E+01    0.1112372832E+01    0.1101094199E+01
    0.5589853658E+01    0.1112639241E+01    0.1101411797E+01
    0.5594216189E+01    0.1112781893E+01    0.1101581794E+01
    0.5602402477E+01    0.1113050843E+01    0.1101902179E+01
    0.5613083296E+01    0.1113404196E+01    0.1102322868E+01
    0.5621269584E+01    0.1113676873E+01    0.1102647322E+01
    0.5625632116E+01    0.1113822832E+01    0.1102820929E+01
    0.5633818403E+01    0.1114097926E+01    0.1103148007E+01
    0.5644499223E+01    0.1114459173E+01    0.1103577271E+01
    0.5652685511E+01    0.1114737805E+01    0.1103908172E+01
    0.5657048042E+01    0.1114886905E+01    0.1104085173E+01
    0.5665234330E+01    0.1115167828E+01    0.1104418536E+01
    0.5675915149E+01    0.1115536555E+01    0.1104855839E+01
    0.5684101437E+01    0.1115820826E+01    0.1105192780E+01
    0.5688463969E+01    0.1115972895E+01    0.1105372955E+01
    0.5696650257E+01    0.1116259328E+01    0.1105712192E+01
    0.5707331076E+01    0.1116635118E+01    0.1106156998E+01
    0.5715517364E+01    0.1116924704E+01    0.1106499565E+01
    0.5719879895E+01    0.1117079572E+01    0.1106682695E+01
    0.5728066183E+01    0.1117371191E+01    0.1107027394E+01
    0.5738747003E+01    0.1117753620E+01    0.1107479163E+01
    0.5746933290E+01    0.1118048196E+01    0.1107826944E+01
    0.5751295822E+01    0.1118205688E+01    0.1108012807E+01
    0.5759482110E+01    0.1118502166E+01    0.1108362554E+01
    0.5770162929E+01    0.1118890805E+01    0.1108820747E+01
    0.5778349217E+01    0.1119190042E+01    0.1109173327E+01
    0.5782711748E+01    0.1119349983E+01    0.1109361704E+01
    0.5790898036E+01    0.1119650989E+01    0.1109716085E+01
    0.5801578856E+01    0.1120045407E+01    0.1110180161E+01
    0.5809765143E+01    0.1120348973E+01    0.1110537126E+01
    0.5814127675E+01    0.1120511186E+01    0.1110727795E+01
    0.5822313963E+01    0.1120816388E+01    0.1111086396E+01
    0.5832994782E+01    0.1121216149E+01    0.1111555816E+01
    0.5841181070E+01    0.1121523710E+01    0.1111916752E+01
    0.5845543601E+01    0.1121688015E+01    0.1112109494E+01
    0.5853729889E+01    0.1121997078E+01    0.1112471901E+01
    0.5864410709E+01    0.1122401744E+01    0.1112946126E+01
    0.5872596996E+01    0.1122712964E+01    0.1113310621E+01
    0.5876959528E+01    0.1122879183E+01    0.1113505216E+01
    0.5885145816E+01    0.1123191770E+01    0.1113871018E+01
    0.5895826635E+01    0.1123600901E+01    0.1114349511E+01
    0.5904012923E+01    0.1123915442E+01    0.1114717155E+01
    0.5908375454E+01    0.1124083395E+01    0.1114913384E+01
    0.5916561742E+01    0.1124399167E+01    0.1115282171E+01
    0.5927242562E+01    0.1124812323E+01    0.1115764400E+01
    0.5935428850E+01    0.1125129845E+01    0.1116134783E+01
    0.5939791381E+01    0.1125299351E+01    0.1116332430E+01
    0.5947977669E+01    0.1125617971E+01    0.1116703794E+01
    0.5958658488E+01    0.1126034708E+01    0.1117189227E+01
    0.5966844776E+01    0.1126354873E+01    0.1117561946E+01
    0.5971207308E+01    0.1126525752E+01    0.1117760793E+01
    0.5979393595E+01    0.1126846879E+01    0.1118134332E+01
    0.5990074415E+01    0.1127266755E+01    0.1118622443E+01
    0.5998260703E+01    0.1127589224E+01    0.1118997094E+01
    0.6002623234E+01    0.1127761295E+01    0.1119196929E+01
    0.6010809522E+01    0.1128084590E+01    0.1119572240E+01
    0.6021490341E+01    0.1128507162E+01    0.1120062508E+01
    0.6029676629E+01    0.1128831596E+01    0.1120438693E+01
    0.6034039161E+01    0.1129004678E+01    0.1120639303E+01
    0.6042225448E+01    0.1129329803E+01    0.1121015990E+01
    0.6052906268E+01    0.1129754629E+01    0.1121507899E+01
    0.6061092556E+01    0.1130080690E+01    0.1121885223E+01
    0.6065455087E+01    0.1130254603E+01    0.1122086399E+01
    0.6073641375E+01    0.1130581219E+01    0.1122464069E+01
    0.6084322194E+01    0.1131007860E+01    0.1122957108E+01
    0.6092508482E+01    0.1131335210E+01    0.1123335181E+01
    0.6096871014E+01    0.1131509774E+01    0.1123536715E+01
    0.6105057301E+01    0.1131837545E+01    0.1123914980E+01
    0.6115738121E+01    0.1132265562E+01    0.1124408645E+01
    0.6123924409E+01    0.1132593866E+01    0.1124787083E+01
    0.6128286940E+01    0.1132768902E+01    0.1124988770E+01
    0.6136473228E+01    0.1133097493E+01    0.1125367247E+01
    0.6147154048E+01    0.1133526448E+01    0.1125861039E+01
    0.6155340335E+01    0.1133855372E+01    0.1126239461E+01
    0.6159702867E+01    0.1134030703E+01    0.1126441100E+01
    0.6167889155E+01    0.1134359781E+01    0.1126819411E+01
    0.6178569974E+01    0.1134789241E+01    0.1127312840E+01
    0.6186756262E+01    0.1135118453E+01    0.1127690872E+01
    0.6191118793E+01    0.1135293902E+01    0.1127892263E+01
    0.6199305081E+01    0.1135623136E+01    0.1128270035E+01
    0.6209985901E+01    0.1136052671E+01    0.1128762618E+01
    0.6218172188E+01    0.1136381841E+01    0.1129139891E+01
    0.6222534720E+01    0.1136557233E+01    0.1129340838E+01
    0.6230721008E+01    0.1136886294E+01    0.1129717706E+01
    0.6241401827E+01    0.1137315477E+01    0.1130208966E+01
    0.6249588115E+01    0.1137644279E+01    0.1130585117E+01
    0.6253950646E+01    0.1137819440E+01    0.1130785428E+01
    0.6262136934E+01    0.1138148005E+01    0.1131161031E+01
    0.6272817754E+01    0.1138576412E+01    0.1131650500E+01
    0.6281004041E+01    0.1138904522E+01    0.1132025172E+01
