    0.2181265717E-02    0.1160832905E+01    0.9398910249E+00
    0.1036755352E-01    0.1161142706E+01    0.9406289182E+00
    0.2104837301E-01    0.1161546645E+01    0.9415906001E+00
    0.2923466082E-01    0.1161856017E+01    0.9423268018E+00
    0.3359719225E-01    0.1162020794E+01    0.9427187992E+00
    0.4178348006E-01    0.1162329820E+01    0.9434537313E+00
    0.5246429955E-01    0.1162732632E+01    0.9444112669E+00
    0.6065058736E-01    0.1163041049E+01    0.9451440746E+00
    0.6501311879E-01    0.1163205286E+01    0.9455341870E+00
    0.7319940660E-01    0.1163513238E+01    0.9462654395E+00
    0.8388022608E-01    0.1163914532E+01    0.9472178954E+00
    0.9206651389E-01    0.1164221696E+01    0.9479465972E+00
    0.9642904532E-01    0.1164385234E+01    0.9483344464E+00
    0.1046153331E+00    0.1164691815E+01    0.9490613116E+00
    0.1152961526E+00    0.1165091205E+01    0.9500077693E+00
    0.1234824404E+00    0.1165396822E+01    0.9507316645E+00
    0.1278449719E+00    0.1165559504E+01    0.9511168785E+00
    0.1360312597E+00    0.1165864420E+01    0.9518386607E+00
    0.1467120792E+00    0.1166261524E+01    0.9527782170E+00
    0.1548983670E+00    0.1166565300E+01    0.9534966172E+00
    0.1592608984E+00    0.1166726971E+01    0.9538788303E+00
    0.1674471862E+00    0.1167029932E+01    0.9545948460E+00
    0.1781280057E+00    0.1167424370E+01    0.9555266139E+00
    0.1863142935E+00    0.1167726018E+01    0.9562388432E+00
    0.1906768249E+00    0.1167886524E+01    0.9566176967E+00
    0.1988631127E+00    0.1168187241E+01    0.9573272750E+00
    0.2095439322E+00    0.1168578641E+01    0.9582503847E+00
    0.2177302200E+00    0.1168877874E+01    0.9589557803E+00
    0.2220927515E+00    0.1169037063E+01    0.9593309224E+00
    0.2302790393E+00    0.1169335253E+01    0.9600334061E+00
    0.2409598588E+00    0.1169723245E+01    0.9609470053E+00
    0.2491461466E+00    0.1170019783E+01    0.9616449181E+00
    0.2535086780E+00    0.1170177505E+01    0.9620160044E+00
    0.2616949658E+00    0.1170472887E+01    0.9627107500E+00
    0.2723757853E+00    0.1170857107E+01    0.9636140046E+00
    0.2805620731E+00    0.1171150671E+01    0.9643037996E+00
    0.2849246045E+00    0.1171306779E+01    0.9646704932E+00
    0.2931108923E+00    0.1171599077E+01    0.9653568714E+00
    0.3037917118E+00    0.1171979167E+01    0.9662489662E+00
    0.3119779996E+00    0.1172269482E+01    0.9669300230E+00
    0.3163405311E+00    0.1172423831E+01    0.9672919947E+00
    0.3245268189E+00    0.1172712773E+01    0.9679693910E+00
    0.3352076384E+00    0.1173088379E+01    0.9688495298E+00
    0.3433939262E+00    0.1173375177E+01    0.9695212428E+00
    0.3477564576E+00    0.1173527623E+01    0.9698781716E+00
    0.3559427454E+00    0.1173812942E+01    0.9705459863E+00
    0.3666235649E+00    0.1174183716E+01    0.9714133930E+00
    0.3748098527E+00    0.1174466732E+01    0.9720751717E+00
    0.3791723841E+00    0.1174617135E+01    0.9724267446E+00
    0.3873586720E+00    0.1174898567E+01    0.9730843935E+00
    0.3980394914E+00    0.1175264168E+01    0.9739383117E+00
    0.4062257792E+00    0.1175543142E+01    0.9745895812E+00
    0.4105883107E+00    0.1175691363E+01    0.9749354935E+00
    0.4187745985E+00    0.1175968651E+01    0.9755824079E+00
    0.4294554180E+00    0.1176328744E+01    0.9764221019E+00
    0.4376417058E+00    0.1176603421E+01    0.9770623029E+00
    0.4420042372E+00    0.1176749325E+01    0.9774022583E+00
    0.4501905250E+00    0.1177022214E+01    0.9780378854E+00
    0.4608713445E+00    0.1177376471E+01    0.9788626400E+00
    0.4690576323E+00    0.1177646600E+01    0.9794912294E+00
    0.4734201638E+00    0.1177790054E+01    0.9798249400E+00
    0.4816064516E+00    0.1178058297E+01    0.9804487429E+00
    0.4922872711E+00    0.1178406396E+01    0.9812578641E+00
    0.5004735589E+00    0.1178671732E+01    0.9818743146E+00
    0.5048360903E+00    0.1178812606E+01    0.9822015012E+00
    0.5130223781E+00    0.1179075960E+01    0.9828129593E+00
    0.5237031976E+00    0.1179417587E+01    0.9836057741E+00
    0.5318894854E+00    0.1179677890E+01    0.9842095748E+00
    0.5362520168E+00    0.1179816057E+01    0.9845299669E+00
    0.5444383046E+00    0.1180074285E+01    0.9851285757E+00
    0.5551191241E+00    0.1180409131E+01    0.9859044324E+00
    0.5633054119E+00    0.1180664168E+01    0.9864950888E+00
    0.5676679434E+00    0.1180799504E+01    0.9868084246E+00
    0.5758542312E+00    0.1181052373E+01    0.9873936960E+00
    0.5865350507E+00    0.1181380138E+01    0.9881519643E+00
    0.5947213385E+00    0.1181629680E+01    0.9887289982E+00
    0.5990838699E+00    0.1181762064E+01    0.9890350246E+00
    0.6072701577E+00    0.1182009348E+01    0.9896064872E+00
    0.6179509772E+00    0.1182329740E+01    0.9903465583E+00
    0.6261372650E+00    0.1182573565E+01    0.9909095080E+00
    0.6304997964E+00    0.1182702878E+01    0.9912079808E+00
    0.6386860842E+00    0.1182944358E+01    0.9917651794E+00
    0.6493669037E+00    0.1183257092E+01    0.9924864659E+00
    0.6575531915E+00    0.1183494982E+01    0.9930348863E+00
    0.6619157230E+00    0.1183621111E+01    0.9933255699E+00
    0.6701020108E+00    0.1183856571E+01    0.9938680659E+00
    0.6807828303E+00    0.1184161370E+01    0.9945700020E+00
    0.6889691181E+00    0.1184393115E+01    0.9951034644E+00
    0.6933316495E+00    0.1184515947E+01    0.9953861321E+00
    0.7015179373E+00    0.1184745181E+01    0.9959135034E+00
    0.7121987568E+00    0.1185041775E+01    0.9965955448E+00
    0.7203850446E+00    0.1185267172E+01    0.9971136367E+00
    0.7247475760E+00    0.1185386599E+01    0.9973880706E+00
    0.7329338638E+00    0.1185609404E+01    0.9978999114E+00
    0.7436146833E+00    0.1185897532E+01    0.9985615351E+00
    0.7518009711E+00    0.1186116382E+01    0.9990638608E+00
    0.7561635026E+00    0.1186232300E+01    0.9993298516E+00
    0.7643497904E+00    0.1186448480E+01    0.9998257726E+00
    0.7750306099E+00    0.1186727891E+01    0.1000466477E+01
    0.7832168977E+00    0.1186940002E+01    0.1000952657E+01
    0.7875794291E+00    0.1187052309E+01    0.1001210004E+01
    0.7957657169E+00    0.1187261676E+01    0.1001689632E+01
    0.8064465364E+00    0.1187532126E+01    0.1002308936E+01
    0.8146328242E+00    0.1187737313E+01    0.1002778607E+01
    0.8189953557E+00    0.1187845911E+01    0.1003027119E+01
    0.8271816435E+00    0.1188048282E+01    0.1003490097E+01
    0.8378624629E+00    0.1188309535E+01    0.1004087542E+01
    0.8460487508E+00    0.1188507620E+01    0.1004540356E+01
    0.8504112822E+00    0.1188612414E+01    0.1004779849E+01
    0.8585975700E+00    0.1188807615E+01    0.1005225836E+01
    0.8692783895E+00    0.1189059443E+01    0.1005800984E+01
    0.8774646773E+00    0.1189250255E+01    0.1006236610E+01
    0.8818272087E+00    0.1189351155E+01    0.1006466909E+01
    0.8900134965E+00    0.1189539015E+01    0.1006895581E+01
    0.9006943160E+00    0.1189781202E+01    0.1007448013E+01
    0.9088806038E+00    0.1189964575E+01    0.1007866136E+01
    0.9132431353E+00    0.1190061495E+01    0.1008087075E+01
    0.9214294231E+00    0.1190241852E+01    0.1008498122E+01
    0.9321102426E+00    0.1190474189E+01    0.1009027442E+01
    0.9402965304E+00    0.1190649966E+01    0.1009427762E+01
    0.9446590618E+00    0.1190742820E+01    0.1009639182E+01
    0.9528453496E+00    0.1190915520E+01    0.1010032311E+01
    0.9635261691E+00    0.1191137807E+01    0.1010538141E+01
    0.9717124569E+00    0.1191305836E+01    0.1010920374E+01
    0.9760749883E+00    0.1191394546E+01    0.1011122127E+01
    0.9842612761E+00    0.1191559440E+01    0.1011497059E+01
    0.9949420956E+00    0.1191771486E+01    0.1011979043E+01
    0.1003128383E+01    0.1191931624E+01    0.1012342920E+01
    0.1007490915E+01    0.1192016114E+01    0.1012534863E+01
    0.1015677203E+01    0.1192173061E+01    0.1012891337E+01
    0.1026358022E+01    0.1192374685E+01    0.1013349138E+01
    0.1034544310E+01    0.1192526795E+01    0.1013694406E+01
    0.1038906841E+01    0.1192606993E+01    0.1013876406E+01
    0.1047093129E+01    0.1192755859E+01    0.1014214173E+01
    0.1057773949E+01    0.1192946889E+01    0.1014647475E+01
    0.1065960237E+01    0.1193090841E+01    0.1014973894E+01
    0.1070322768E+01    0.1193166678E+01    0.1015145826E+01
    0.1078509056E+01    0.1193307336E+01    0.1015464654E+01
    0.1089189875E+01    0.1193487610E+01    0.1015873158E+01
    0.1097376163E+01    0.1193623282E+01    0.1016180507E+01
    0.1101738694E+01    0.1193694693E+01    0.1016342252E+01
    0.1109924982E+01    0.1193827025E+01    0.1016641924E+01
    0.1120605802E+01    0.1193996389E+01    0.1017025353E+01
    0.1128792090E+01    0.1194123666E+01    0.1017313422E+01
    0.1133154621E+01    0.1194190592E+01    0.1017464871E+01
    0.1141340909E+01    0.1194314484E+01    0.1017745183E+01
    0.1152021728E+01    0.1194472795E+01    0.1018103278E+01
    0.1160208016E+01    0.1194591568E+01    0.1018371872E+01
    0.1164570548E+01    0.1194653952E+01    0.1018512924E+01
    0.1172756835E+01    0.1194769300E+01    0.1018773688E+01
    0.1183437655E+01    0.1194916425E+01    0.1019106209E+01
    0.1191623943E+01    0.1195026594E+01    0.1019355149E+01
    0.1195986474E+01    0.1195084383E+01    0.1019485709E+01
    0.1204172762E+01    0.1195191090E+01    0.1019726751E+01
    0.1214853581E+01    0.1195326903E+01    0.1020033476E+01
    0.1223039869E+01    0.1195428377E+01    0.1020262596E+01
    0.1227402401E+01    0.1195481522E+01    0.1020382577E+01
    0.1235588688E+01    0.1195579497E+01    0.1020603738E+01
    0.1246269508E+01    0.1195703885E+01    0.1020884464E+01
    0.1254455796E+01    0.1195796577E+01    0.1021093614E+01
    0.1258818327E+01    0.1195845034E+01    0.1021202937E+01
    0.1267004615E+01    0.1195934195E+01    0.1021404070E+01
    0.1277685434E+01    0.1196047053E+01    0.1021658612E+01
    0.1285871722E+01    0.1196130885E+01    0.1021847654E+01
    0.1290234254E+01    0.1196174613E+01    0.1021946247E+01
    0.1298420541E+01    0.1196254885E+01    0.1022127222E+01
    0.1309101361E+01    0.1196356119E+01    0.1022355413E+01
    0.1317287649E+01    0.1196431021E+01    0.1022524223E+01
    0.1321650180E+01    0.1196469982E+01    0.1022612023E+01
    0.1329836468E+01    0.1196541299E+01    0.1022772720E+01
    0.1340517288E+01    0.1196630823E+01    0.1022974414E+01
    0.1348703575E+01    0.1196696732E+01    0.1023122882E+01
    0.1353066107E+01    0.1196730895E+01    0.1023199831E+01
    0.1361252395E+01    0.1196793196E+01    0.1023340147E+01
    0.1371933214E+01    0.1196870935E+01    0.1023515211E+01
    0.1380119502E+01    0.1196927796E+01    0.1023643242E+01
    0.1384482033E+01    0.1196957132E+01    0.1023709290E+01
    0.1392668321E+01    0.1197010365E+01    0.1023829134E+01
    0.1403349141E+01    0.1197076254E+01    0.1023977455E+01
    0.1411535428E+01    0.1197124020E+01    0.1024084966E+01
    0.1415897960E+01    0.1197148503E+01    0.1024140071E+01
    0.1424084248E+01    0.1197192624E+01    0.1024239366E+01
    0.1434765067E+01    0.1197246609E+01    0.1024360849E+01
    0.1442951355E+01    0.1197285239E+01    0.1024447771E+01
    0.1447313886E+01    0.1197304850E+01    0.1024491898E+01
    0.1455500174E+01    0.1197339821E+01    0.1024570579E+01
    0.1466180994E+01    0.1197381857E+01    0.1024665147E+01
    0.1474367281E+01    0.1197411319E+01    0.1024731424E+01
    0.1478729813E+01    0.1197426042E+01    0.1024764544E+01
    0.1486916101E+01    0.1197451834E+01    0.1024822562E+01
    0.1497596920E+01    0.1197481884E+01    0.1024890154E+01
    0.1505783208E+01    0.1197502154E+01    0.1024935743E+01
    0.1510145739E+01    0.1197511976E+01    0.1024957835E+01
    0.1518332027E+01    0.1197528569E+01    0.1024995153E+01
    0.1529012847E+01    0.1197546609E+01    0.1025035725E+01
    0.1537199135E+01    0.1197557669E+01    0.1025060598E+01
    0.1541561666E+01    0.1197562582E+01    0.1025071648E+01
    0.1549747954E+01    0.1197569960E+01    0.1025088241E+01
    0.1560428773E+01    0.1197575976E+01    0.1025101768E+01
    0.1568615061E+01    0.1197577817E+01    0.1025105909E+01
    0.1572977593E+01    0.1197577817E+01    0.1025105909E+01
    0.1581163880E+01    0.1197575976E+01    0.1025101768E+01
    0.1591844700E+01    0.1197569961E+01    0.1025088241E+01
    0.1600030988E+01    0.1197562582E+01    0.1025071648E+01
    0.1604393519E+01    0.1197557669E+01    0.1025060598E+01
    0.1612579807E+01    0.1197546609E+01    0.1025035725E+01
    0.1623260626E+01    0.1197528569E+01    0.1024995153E+01
    0.1631446914E+01    0.1197511976E+01    0.1024957835E+01
    0.1635809446E+01    0.1197502154E+01    0.1024935743E+01
    0.1643995733E+01    0.1197481884E+01    0.1024890154E+01
    0.1654676553E+01    0.1197451834E+01    0.1024822562E+01
    0.1662862841E+01    0.1197426042E+01    0.1024764544E+01
    0.1667225372E+01    0.1197411319E+01    0.1024731424E+01
    0.1675411660E+01    0.1197381857E+01    0.1024665147E+01
    0.1686092479E+01    0.1197339822E+01    0.1024570579E+01
    0.1694278767E+01    0.1197304850E+01    0.1024491898E+01
    0.1698641299E+01    0.1197285239E+01    0.1024447771E+01
    0.1706827586E+01    0.1197246609E+01    0.1024360849E+01
    0.1717508406E+01    0.1197192624E+01    0.1024239366E+01
    0.1725694694E+01    0.1197148503E+01    0.1024140071E+01
    0.1730057225E+01    0.1197124020E+01    0.1024084966E+01
    0.1738243513E+01    0.1197076254E+01    0.1023977455E+01
    0.1748924332E+01    0.1197010365E+01    0.1023829134E+01
    0.1757110620E+01    0.1196957132E+01    0.1023709290E+01
    0.1761473152E+01    0.1196927796E+01    0.1023643242E+01
    0.1769659440E+01    0.1196870935E+01    0.1023515211E+01
    0.1780340259E+01    0.1196793196E+01    0.1023340147E+01
    0.1788526547E+01    0.1196730895E+01    0.1023199831E+01
    0.1792889078E+01    0.1196696732E+01    0.1023122882E+01
    0.1801075366E+01    0.1196630823E+01    0.1022974414E+01
    0.1811756186E+01    0.1196541299E+01    0.1022772720E+01
    0.1819942473E+01    0.1196469982E+01    0.1022612023E+01
    0.1824305005E+01    0.1196431021E+01    0.1022524223E+01
    0.1832491293E+01    0.1196356119E+01    0.1022355413E+01
    0.1843172112E+01    0.1196254886E+01    0.1022127222E+01
    0.1851358400E+01    0.1196174613E+01    0.1021946247E+01
    0.1855720931E+01    0.1196130885E+01    0.1021847654E+01
    0.1863907219E+01    0.1196047053E+01    0.1021658612E+01
    0.1874588039E+01    0.1195934195E+01    0.1021404070E+01
    0.1882774326E+01    0.1195845033E+01    0.1021202937E+01
    0.1887136858E+01    0.1195796577E+01    0.1021093614E+01
    0.1895323146E+01    0.1195703885E+01    0.1020884464E+01
    0.1906003965E+01    0.1195579497E+01    0.1020603738E+01
    0.1914190253E+01    0.1195481522E+01    0.1020382577E+01
    0.1918552784E+01    0.1195428377E+01    0.1020262596E+01
    0.1926739072E+01    0.1195326903E+01    0.1020033476E+01
    0.1937419892E+01    0.1195191090E+01    0.1019726751E+01
    0.1945606180E+01    0.1195084383E+01    0.1019485709E+01
    0.1949968711E+01    0.1195026594E+01    0.1019355149E+01
    0.1958154999E+01    0.1194916425E+01    0.1019106209E+01
    0.1968835818E+01    0.1194769300E+01    0.1018773688E+01
    0.1977022106E+01    0.1194653952E+01    0.1018512924E+01
    0.1981384637E+01    0.1194591568E+01    0.1018371872E+01
    0.1989570925E+01    0.1194472795E+01    0.1018103278E+01
    0.2000251745E+01    0.1194314484E+01    0.1017745183E+01
    0.2008438033E+01    0.1194190592E+01    0.1017464871E+01
    0.2012800564E+01    0.1194123666E+01    0.1017313422E+01
    0.2020986852E+01    0.1193996389E+01    0.1017025353E+01
    0.2031667671E+01    0.1193827025E+01    0.1016641924E+01
    0.2039853959E+01    0.1193694693E+01    0.1016342252E+01
    0.2044216491E+01    0.1193623282E+01    0.1016180507E+01
    0.2052402778E+01    0.1193487610E+01    0.1015873158E+01
    0.2063083598E+01    0.1193307336E+01    0.1015464654E+01
    0.2071269886E+01    0.1193166678E+01    0.1015145826E+01
    0.2075632417E+01    0.1193090841E+01    0.1014973894E+01
    0.2083818705E+01    0.1192946889E+01    0.1014647475E+01
    0.2094499524E+01    0.1192755859E+01    0.1014214173E+01
    0.2102685812E+01    0.1192606993E+01    0.1013876406E+01
    0.2107048344E+01    0.1192526795E+01    0.1013694406E+01
    0.2115234631E+01    0.1192374685E+01    0.1013349138E+01
    0.2125915451E+01    0.1192173061E+01    0.1012891337E+01
    0.2134101739E+01    0.1192016114E+01    0.1012534863E+01
    0.2138464270E+01    0.1191931624E+01    0.1012342920E+01
    0.2146650558E+01    0.1191771486E+01    0.1011979043E+01
    0.2157331377E+01    0.1191559440E+01    0.1011497059E+01
    0.2165517665E+01    0.1191394546E+01    0.1011122127E+01
    0.2169880197E+01    0.1191305836E+01    0.1010920374E+01
    0.2178066485E+01    0.1191137807E+01    0.1010538141E+01
    0.2188747304E+01    0.1190915520E+01    0.1010032311E+01
    0.2196933592E+01    0.1190742820E+01    0.1009639182E+01
    0.2201296123E+01    0.1190649966E+01    0.1009427762E+01
    0.2209482411E+01    0.1190474189E+01    0.1009027442E+01
    0.2220163231E+01    0.1190241852E+01    0.1008498122E+01
    0.2228349518E+01    0.1190061495E+01    0.1008087075E+01
    0.2232712050E+01    0.1189964575E+01    0.1007866136E+01
    0.2240898338E+01    0.1189781202E+01    0.1007448013E+01
    0.2251579157E+01    0.1189539015E+01    0.1006895581E+01
    0.2259765445E+01    0.1189351155E+01    0.1006466909E+01
    0.2264127976E+01    0.1189250255E+01    0.1006236610E+01
    0.2272314264E+01    0.1189059443E+01    0.1005800984E+01
    0.2282995084E+01    0.1188807615E+01    0.1005225836E+01
    0.2291181371E+01    0.1188612414E+01    0.1004779849E+01
    0.2295543903E+01    0.1188507620E+01    0.1004540356E+01
    0.2303730191E+01    0.1188309535E+01    0.1004087542E+01
    0.2314411010E+01    0.1188048282E+01    0.1003490097E+01
    0.2322597298E+01    0.1187845911E+01    0.1003027119E+01
    0.2326959829E+01    0.1187737313E+01    0.1002778607E+01
    0.2335146117E+01    0.1187532126E+01    0.1002308936E+01
    0.2345826937E+01    0.1187261676E+01    0.1001689632E+01
    0.2354013224E+01    0.1187052309E+01    0.1001210004E+01
    0.2358375756E+01    0.1186940002E+01    0.1000952657E+01
    0.2366562044E+01    0.1186727891E+01    0.1000466477E+01
    0.2377242863E+01    0.1186448480E+01    0.9998257726E+00
    0.2385429151E+01    0.1186232300E+01    0.9993298516E+00
    0.2389791682E+01    0.1186116382E+01    0.9990638608E+00
    0.2397977970E+01    0.1185897532E+01    0.9985615351E+00
    0.2408658790E+01    0.1185609404E+01    0.9978999114E+00
    0.2416845078E+01    0.1185386599E+01    0.9973880706E+00
    0.2421207609E+01    0.1185267172E+01    0.9971136367E+00
    0.2429393897E+01    0.1185041775E+01    0.9965955448E+00
    0.2440074716E+01    0.1184745181E+01    0.9959135034E+00
    0.2448261004E+01    0.1184515947E+01    0.9953861321E+00
    0.2452623536E+01    0.1184393115E+01    0.9951034644E+00
    0.2460809823E+01    0.1184161370E+01    0.9945700020E+00
    0.2471490643E+01    0.1183856571E+01    0.9938680660E+00
    0.2479676931E+01    0.1183621111E+01    0.9933255699E+00
    0.2484039462E+01    0.1183494982E+01    0.9930348863E+00
    0.2492225750E+01    0.1183257092E+01    0.9924864659E+00
    0.2502906569E+01    0.1182944358E+01    0.9917651794E+00
    0.2511092857E+01    0.1182702878E+01    0.9912079808E+00
    0.2515455389E+01    0.1182573565E+01    0.9909095080E+00
    0.2523641676E+01    0.1182329740E+01    0.9903465582E+00
    0.2534322496E+01    0.1182009348E+01    0.9896064872E+00
    0.2542508784E+01    0.1181762064E+01    0.9890350246E+00
    0.2546871315E+01    0.1181629680E+01    0.9887289982E+00
    0.2555057603E+01    0.1181380138E+01    0.9881519643E+00
    0.2565738422E+01    0.1181052373E+01    0.9873936960E+00
    0.2573924710E+01    0.1180799504E+01    0.9868084246E+00
    0.2578287242E+01    0.1180664168E+01    0.9864950888E+00
    0.2586473529E+01    0.1180409131E+01    0.9859044324E+00
    0.2597154349E+01    0.1180074285E+01    0.9851285757E+00
    0.2605340637E+01    0.1179816057E+01    0.9845299669E+00
    0.2609703168E+01    0.1179677890E+01    0.9842095748E+00
    0.2617889456E+01    0.1179417587E+01    0.9836057741E+00
    0.2628570275E+01    0.1179075960E+01    0.9828129593E+00
    0.2636756563E+01    0.1178812606E+01    0.9822015012E+00
    0.2641119095E+01    0.1178671732E+01    0.9818743146E+00
    0.2649305383E+01    0.1178406396E+01    0.9812578641E+00
    0.2659986202E+01    0.1178058297E+01    0.9804487429E+00
    0.2668172490E+01    0.1177790054E+01    0.9798249400E+00
    0.2672535021E+01    0.1177646600E+01    0.9794912294E+00
    0.2680721309E+01    0.1177376471E+01    0.9788626400E+00
    0.2691402129E+01    0.1177022214E+01    0.9780378854E+00
    0.2699588416E+01    0.1176749325E+01    0.9774022583E+00
    0.2703950948E+01    0.1176603421E+01    0.9770623029E+00
    0.2712137236E+01    0.1176328744E+01    0.9764221019E+00
    0.2722818055E+01    0.1175968651E+01    0.9755824079E+00
    0.2731004343E+01    0.1175691363E+01    0.9749354934E+00
    0.2735366874E+01    0.1175543142E+01    0.9745895812E+00
    0.2743553162E+01    0.1175264168E+01    0.9739383117E+00
    0.2754233982E+01    0.1174898567E+01    0.9730843935E+00
    0.2762420269E+01    0.1174617134E+01    0.9724267446E+00
    0.2766782801E+01    0.1174466732E+01    0.9720751717E+00
    0.2774969089E+01    0.1174183716E+01    0.9714133930E+00
    0.2785649908E+01    0.1173812942E+01    0.9705459863E+00
    0.2793836196E+01    0.1173527623E+01    0.9698781716E+00
    0.2798198727E+01    0.1173375177E+01    0.9695212428E+00
    0.2806385015E+01    0.1173088379E+01    0.9688495298E+00
    0.2817065835E+01    0.1172712773E+01    0.9679693910E+00
    0.2825252123E+01    0.1172423831E+01    0.9672919947E+00
    0.2829614654E+01    0.1172269482E+01    0.9669300230E+00
    0.2837800942E+01    0.1171979167E+01    0.9662489662E+00
    0.2848481761E+01    0.1171599077E+01    0.9653568714E+00
    0.2856668049E+01    0.1171306779E+01    0.9646704932E+00
    0.2861030580E+01    0.1171150671E+01    0.9643037996E+00
    0.2869216868E+01    0.1170857107E+01    0.9636140046E+00
    0.2879897688E+01    0.1170472887E+01    0.9627107500E+00
    0.2888083976E+01    0.1170177505E+01    0.9620160044E+00
    0.2892446507E+01    0.1170019783E+01    0.9616449181E+00
    0.2900632795E+01    0.1169723245E+01    0.9609470053E+00
    0.2911313614E+01    0.1169335253E+01    0.9600334061E+00
    0.2919499902E+01    0.1169037063E+01    0.9593309224E+00
    0.2923862434E+01    0.1168877874E+01    0.9589557803E+00
    0.2932048721E+01    0.1168578641E+01    0.9582503847E+00
    0.2942729541E+01    0.1168187241E+01    0.9573272750E+00
    0.2950915829E+01    0.1167886524E+01    0.9566176967E+00
    0.2955278360E+01    0.1167726018E+01    0.9562388432E+00
    0.2963464648E+01    0.1167424370E+01    0.9555266139E+00
    0.2974145467E+01    0.1167029932E+01    0.9545948460E+00
    0.2982331755E+01    0.1166726971E+01    0.9538788303E+00
    0.2986694287E+01    0.1166565300E+01    0.9534966172E+00
    0.2994880574E+01    0.1166261524E+01    0.9527782170E+00
    0.3005561394E+01    0.1165864420E+01    0.9518386608E+00
    0.3013747682E+01    0.1165559504E+01    0.9511168785E+00
    0.3018110213E+01    0.1165396822E+01    0.9507316645E+00
    0.3026296501E+01    0.1165091205E+01    0.9500077693E+00
    0.3036977320E+01    0.1164691815E+01    0.9490613116E+00
    0.3045163608E+01    0.1164385234E+01    0.9483344464E+00
    0.3049526140E+01    0.1164221696E+01    0.9479465972E+00
    0.3057712428E+01    0.1163914532E+01    0.9472178954E+00
    0.3068393247E+01    0.1163513238E+01    0.9462654395E+00
    0.3076579535E+01    0.1163205286E+01    0.9455341870E+00
    0.3080942066E+01    0.1163041049E+01    0.9451440746E+00
    0.3089128354E+01    0.1162732632E+01    0.9444112669E+00
    0.3099809174E+01    0.1162329820E+01    0.9434537313E+00
    0.3107995461E+01    0.1162020794E+01    0.9427187992E+00
    0.3112357993E+01    0.1161856017E+01    0.9423268018E+00
    0.3120544281E+01    0.1161546645E+01    0.9415906001E+00
    0.3131225100E+01    0.1161142706E+01    0.9406289182E+00
    0.3139411388E+01    0.1160832905E+01    0.9398910249E+00
    0.3143773919E+01    0.1160667747E+01    0.9394975267E+00
    0.3151960207E+01    0.1160357722E+01    0.9387586538E+00
    0.3162641027E+01    0.1159953047E+01    0.9377937724E+00
    0.3170827314E+01    0.1159642775E+01    0.9370536469E+00
    0.3175189846E+01    0.1159477397E+01    0.9366590373E+00
    0.3183376134E+01    0.1159167020E+01    0.9359182260E+00
    0.3194056953E+01    0.1158762006E+01    0.9349511052E+00
    0.3202243241E+01    0.1158451565E+01    0.9342094859E+00
    0.3206605772E+01    0.1158286130E+01    0.9338141594E+00
    0.3214792060E+01    0.1157975707E+01    0.9330721518E+00
    0.3225472880E+01    0.1157570752E+01    0.9321037631E+00
    0.3233659167E+01    0.1157260448E+01    0.9313613974E+00
    0.3238021699E+01    0.1157095118E+01    0.9309657532E+00
    0.3246207987E+01    0.1156784955E+01    0.9302233000E+00
    0.3256888806E+01    0.1156380459E+01    0.9292546259E+00
    0.3265075094E+01    0.1156070600E+01    0.9285122691E+00
    0.3269437625E+01    0.1155905540E+01    0.9281167105E+00
    0.3277623913E+01    0.1155595945E+01    0.9273745699E+00
    0.3288304733E+01    0.1155192310E+01    0.9264066028E+00
    0.3296491021E+01    0.1154883204E+01    0.9256650174E+00
    0.3300853552E+01    0.1154718579E+01    0.9252699514E+00
    0.3309039840E+01    0.1154409859E+01    0.9245288887E+00
    0.3319720659E+01    0.1154007490E+01    0.9235626291E+00
    0.3327906947E+01    0.1153699446E+01    0.9228225839E+00
    0.3332269479E+01    0.1153535420E+01    0.9224284210E+00
    0.3340455766E+01    0.1153227887E+01    0.9216892071E+00
    0.3351136586E+01    0.1152827187E+01    0.9207256632E+00
    0.3359322874E+01    0.1152520516E+01    0.9199879325E+00
    0.3363685405E+01    0.1152357254E+01    0.9195950855E+00
    0.3371871693E+01    0.1152051218E+01    0.9188584966E+00
    0.3382552512E+01    0.1151652592E+01    0.9178986826E+00
    0.3390738800E+01    0.1151347604E+01    0.9171640448E+00
    0.3395101332E+01    0.1151185272E+01    0.9167729293E+00
    0.3403287619E+01    0.1150881043E+01    0.9160397453E+00
    0.3413968439E+01    0.1150484897E+01    0.9150846803E+00
    0.3422154727E+01    0.1150181902E+01    0.9143539175E+00
    0.3426517258E+01    0.1150020666E+01    0.9139649503E+00
    0.3434703546E+01    0.1149718554E+01    0.9132359544E+00
    0.3445384365E+01    0.1149325292E+01    0.9122866609E+00
    0.3453570653E+01    0.1149024601E+01    0.9115605574E+00
    0.3457933185E+01    0.1148864625E+01    0.9111741568E+00
    0.3466119472E+01    0.1148564940E+01    0.9104501339E+00
    0.3476800292E+01    0.1148174967E+01    0.9095076368E+00
    0.3484986580E+01    0.1147876889E+01    0.9087869783E+00
    0.3489349111E+01    0.1147718338E+01    0.9084035631E+00
    0.3497535399E+01    0.1147421390E+01    0.9076852992E+00
    0.3508216218E+01    0.1147035108E+01    0.9067506240E+00
    0.3516402506E+01    0.1146739951E+01    0.9060361965E+00
    0.3520765038E+01    0.1146582990E+01    0.9056561855E+00
    0.3528951326E+01    0.1146289087E+01    0.9049444664E+00
    0.3539632145E+01    0.1145906897E+01    0.9040186380E+00
    0.3547818433E+01    0.1145614969E+01    0.9033112267E+00
    0.3552180964E+01    0.1145459762E+01    0.9029350381E+00
    0.3560367252E+01    0.1145169209E+01    0.9022306484E+00
    0.3571048072E+01    0.1144791511E+01    0.9013146895E+00
    0.3579234359E+01    0.1144503118E+01    0.9006150776E+00
    0.3583596891E+01    0.1144349826E+01    0.9002431286E+00
    0.3591783179E+01    0.1144062930E+01    0.8995468504E+00
    0.3602463998E+01    0.1143690120E+01    0.8986417803E+00
    0.3610650286E+01    0.1143405564E+01    0.8979507481E+00
    0.3615012817E+01    0.1143254350E+01    0.8975834539E+00
    0.3623199105E+01    0.1142971412E+01    0.8968960659E+00
    0.3633879925E+01    0.1142603884E+01    0.8960028988E+00
    0.3642066212E+01    0.1142323467E+01    0.8953212221E+00
    0.3646428744E+01    0.1142174490E+01    0.8949589959E+00
    0.3654615032E+01    0.1141895810E+01    0.8942812719E+00
    0.3665295851E+01    0.1141533956E+01    0.8934010155E+00
    0.3673482139E+01    0.1141257976E+01    0.8927294649E+00
    0.3677844670E+01    0.1141111395E+01    0.8923727166E+00
    0.3686030958E+01    0.1140837270E+01    0.8917054248E+00
    0.3696711778E+01    0.1140481475E+01    0.8908390787E+00
    0.3704898066E+01    0.1140210227E+01    0.8901784183E+00
    0.3709260597E+01    0.1140066199E+01    0.8898275543E+00
    0.3717446885E+01    0.1139796924E+01    0.8891714558E+00
    0.3728127704E+01    0.1139447569E+01    0.8883200099E+00
    0.3736313992E+01    0.1139181346E+01    0.8876709961E+00
    0.3740676523E+01    0.1139040026E+01    0.8873264185E+00
    0.3748862811E+01    0.1138775890E+01    0.8866822662E+00
    0.3759543631E+01    0.1138433353E+01    0.8858466995E+00
    0.3767729919E+01    0.1138172441E+01    0.8852100797E+00
    0.3772092450E+01    0.1138033982E+01    0.8848721860E+00
    0.3780278738E+01    0.1137775271E+01    0.8842407235E+00
    0.3790959557E+01    0.1137439924E+01    0.8834220022E+00
    0.3799145845E+01    0.1137184607E+01    0.8827985137E+00
    0.3803508377E+01    0.1137049160E+01    0.8824676957E+00
    0.3811694664E+01    0.1136796156E+01    0.8818496561E+00
    0.3822375484E+01    0.1136468364E+01    0.8810487322E+00
    0.3830561772E+01    0.1136218921E+01    0.8804391014E+00
    0.3834924303E+01    0.1136086633E+01    0.8801157447E+00
    0.3843110591E+01    0.1135839614E+01    0.8795118494E+00
    0.3853791410E+01    0.1135519736E+01    0.8787296593E+00
    0.3861977698E+01    0.1135276441E+01    0.8781346000E+00
    0.3866340230E+01    0.1135147458E+01    0.8778190837E+00
    0.3874526517E+01    0.1134906694E+01    0.8772300413E+00
    0.3885207337E+01    0.1134595083E+01    0.8764675042E+00
    0.3893393625E+01    0.1134358204E+01    0.8758877166E+00
    0.3897756156E+01    0.1134232669E+01    0.8755804124E+00
    0.3905942444E+01    0.1133998426E+01    0.8750069175E+00
    0.3916623263E+01    0.1133695427E+01    0.8742649338E+00
    0.3924809551E+01    0.1133465227E+01    0.8737011037E+00
    0.3929172083E+01    0.1133343278E+01    0.8734023753E+00
    0.3937358371E+01    0.1133115817E+01    0.8728451074E+00
    0.3948039190E+01    0.1132821767E+01    0.8721245575E+00
    0.3956225478E+01    0.1132598502E+01    0.8715773547E+00
    0.3960588009E+01    0.1132480276E+01    0.8712875573E+00
    0.3968774297E+01    0.1132259851E+01    0.8707471797E+00
    0.3979455117E+01    0.1131975078E+01    0.8700489222E+00
    0.3987641404E+01    0.1131758998E+01    0.8695189998E+00
    0.3992003936E+01    0.1131644627E+01    0.8692384796E+00
    0.4000190224E+01    0.1131431484E+01    0.8687156381E+00
    0.4010871043E+01    0.1131156309E+01    0.8680405089E+00
    0.4019057331E+01    0.1130947656E+01    0.8675285017E+00
    0.4023419862E+01    0.1130837269E+01    0.8672575952E+00
    0.4031606150E+01    0.1130631649E+01    0.8667529175E+00
    0.4042286970E+01    0.1130366381E+01    0.8661017277E+00
    0.4050473257E+01    0.1130165391E+01    0.8656082519E+00
    0.4054835789E+01    0.1130059113E+01    0.8653472852E+00
    0.4063022077E+01    0.1129861249E+01    0.8648613793E+00
    0.4073702896E+01    0.1129606188E+01    0.8642349147E+00
    0.4081889184E+01    0.1129413090E+01    0.8637605662E+00
    0.4086251715E+01    0.1129311040E+01    0.8635098547E+00
    0.4094438003E+01    0.1129121156E+01    0.8630433083E+00
    0.4105118823E+01    0.1128876593E+01    0.8624423272E+00
    0.4113305110E+01    0.1128691606E+01    0.8619876809E+00
    0.4117667642E+01    0.1128593902E+01    0.8617475287E+00
    0.4125853930E+01    0.1128412215E+01    0.8613009080E+00
    0.4136534749E+01    0.1128178429E+01    0.8607261406E+00
    0.4144721037E+01    0.1128001765E+01    0.8602917495E+00
    0.4149083568E+01    0.1127908518E+01    0.8600624487E+00
    0.4157269856E+01    0.1127735235E+01    0.8596362977E+00
    0.4167950676E+01    0.1127512494E+01    0.8590884445E+00
    0.4176136964E+01    0.1127344355E+01    0.8586748384E+00
    0.4180499495E+01    0.1127255673E+01    0.8584566691E+00
    0.4188685783E+01    0.1127090994E+01    0.8580515082E+00
    0.4199366602E+01    0.1126879554E+01    0.8575312390E+00
    0.4207552890E+01    0.1126720135E+01    0.8571389240E+00
    0.4211915422E+01    0.1126636118E+01    0.8569321533E+00
    0.4220101709E+01    0.1126480233E+01    0.8565484788E+00
    0.4230782529E+01    0.1126280339E+01    0.8560564315E+00
    0.4238968817E+01    0.1126129823E+01    0.8556858890E+00
    0.4243331348E+01    0.1126050570E+01    0.8554907707E+00
    0.4251517636E+01    0.1125903660E+01    0.8551290539E+00
    0.4262198455E+01    0.1125715543E+01    0.8546658333E+00
    0.4270384743E+01    0.1125574104E+01    0.8543175193E+00
    0.4274747275E+01    0.1125499707E+01    0.8541342935E+00
    0.4282933562E+01    0.1125361941E+01    0.8537949799E+00
    0.4293614382E+01    0.1125185820E+01    0.8533611569E+00
    0.4301800670E+01    0.1125053624E+01    0.8530355008E+00
    0.4306163201E+01    0.1124984169E+01    0.8528643936E+00
    0.4314349489E+01    0.1124855709E+01    0.8525479021E+00
    0.4325030308E+01    0.1124691788E+01    0.8521440126E+00
    0.4333216596E+01    0.1124568989E+01    0.8518414169E+00
    0.4337579128E+01    0.1124504558E+01    0.8516826399E+00
    0.4345765415E+01    0.1124385553E+01    0.8513893619E+00
    0.4356446235E+01    0.1124234025E+01    0.8510159058E+00
    0.4364632523E+01    0.1124120766E+01    0.8507367454E+00
    0.4368995054E+01    0.1124061434E+01    0.8505904953E+00
    0.4377181342E+01    0.1123952024E+01    0.8503207944E+00
    0.4387862162E+01    0.1123813066E+01    0.8499782348E+00
    0.4396048449E+01    0.1123709481E+01    0.8497228561E+00
    0.4400410981E+01    0.1123655317E+01    0.8495893145E+00
    0.4408597269E+01    0.1123555630E+01    0.8493435255E+00
    0.4419278088E+01    0.1123429406E+01    0.8490322881E+00
    0.4427464376E+01    0.1123335616E+01    0.8488010085E+00
    0.4431826907E+01    0.1123286684E+01    0.8486803414E+00
    0.4440013195E+01    0.1123196838E+01    0.8484587702E+00
    0.4450694015E+01    0.1123083497E+01    0.8481792423E+00
    0.4458880302E+01    0.1122999612E+01    0.8479723497E+00
    0.4463242834E+01    0.1122955970E+01    0.8478647075E+00
    0.4471429122E+01    0.1122876070E+01    0.8476676299E+00
    0.4482109941E+01    0.1122775745E+01    0.8474201598E+00
    0.4490296229E+01    0.1122701865E+01    0.8472379123E+00
    0.4494658760E+01    0.1122663564E+01    0.8471434290E+00
    0.4502845048E+01    0.1122593706E+01    0.8469710910E+00
    0.4513525868E+01    0.1122506515E+01    0.8467559876E+00
    0.4521712155E+01    0.1122442727E+01    0.8465986125E+00
    0.4526074687E+01    0.1122409813E+01    0.8465174063E+00
    0.4534260975E+01    0.1122350079E+01    0.8463700230E+00
    0.4544941794E+01    0.1122276126E+01    0.8461875549E+00
    0.4553128082E+01    0.1122222506E+01    0.8460552489E+00
    0.4557490613E+01    0.1122195018E+01    0.8459874212E+00
    0.4565676901E+01    0.1122145477E+01    0.8458651769E+00
    0.4576357721E+01    0.1122084851E+01    0.8457155723E+00
    0.4584544009E+01    0.1122041462E+01    0.8456085009E+00
    0.4588906540E+01    0.1122019432E+01    0.8455541366E+00
    0.4597092828E+01    0.1121980145E+01    0.8454571842E+00
    0.4607773647E+01    0.1121932916E+01    0.8453406303E+00
    0.4615959935E+01    0.1121899810E+01    0.8452589275E+00
    0.4620322466E+01    0.1121883264E+01    0.8452180945E+00
    0.4628508754E+01    0.1121854277E+01    0.8451465554E+00
    0.4639189574E+01    0.1121820502E+01    0.8450631982E+00
    0.4647375862E+01    0.1121797718E+01    0.8450069664E+00
    0.4651738393E+01    0.1121786677E+01    0.8449797159E+00
    0.4659924681E+01    0.1121768025E+01    0.8449336797E+00
    0.4670605500E+01    0.1121747743E+01    0.8448836235E+00
    0.4678791788E+01    0.1121735309E+01    0.8448529331E+00
    0.4683154320E+01    0.1121729785E+01    0.8448392993E+00
    0.4691340607E+01    0.1121721489E+01    0.8448188237E+00
    0.4702021427E+01    0.1121714726E+01    0.8448021313E+00
    0.4710207715E+01    0.1121712655E+01    0.8447970207E+00
    0.4714570246E+01    0.1121712655E+01    0.8447970207E+00
    0.4722756534E+01    0.1121714726E+01    0.8448021313E+00
    0.4733437353E+01    0.1121721489E+01    0.8448188237E+00
    0.4741623641E+01    0.1121729785E+01    0.8448392993E+00
    0.4745986173E+01    0.1121735309E+01    0.8448529331E+00
    0.4754172460E+01    0.1121747743E+01    0.8448836236E+00
    0.4764853280E+01    0.1121768025E+01    0.8449336797E+00
    0.4773039568E+01    0.1121786677E+01    0.8449797159E+00
    0.4777402099E+01    0.1121797718E+01    0.8450069664E+00
    0.4785588387E+01    0.1121820502E+01    0.8450631982E+00
    0.4796269206E+01    0.1121854277E+01    0.8451465554E+00
    0.4804455494E+01    0.1121883265E+01    0.8452180945E+00
    0.4808818026E+01    0.1121899810E+01    0.8452589275E+00
    0.4817004314E+01    0.1121932916E+01    0.8453406303E+00
    0.4827685133E+01    0.1121980145E+01    0.8454571841E+00
    0.4835871421E+01    0.1122019432E+01    0.8455541366E+00
    0.4840233952E+01    0.1122041462E+01    0.8456085009E+00
    0.4848420240E+01    0.1122084851E+01    0.8457155723E+00
    0.4859101060E+01    0.1122145477E+01    0.8458651769E+00
    0.4867287347E+01    0.1122195018E+01    0.8459874212E+00
    0.4871649879E+01    0.1122222506E+01    0.8460552489E+00
    0.4879836167E+01    0.1122276126E+01    0.8461875549E+00
    0.4890516986E+01    0.1122350079E+01    0.8463700229E+00
    0.4898703274E+01    0.1122409813E+01    0.8465174063E+00
    0.4903065805E+01    0.1122442727E+01    0.8465986125E+00
    0.4911252093E+01    0.1122506515E+01    0.8467559876E+00
    0.4921932913E+01    0.1122593706E+01    0.8469710910E+00
    0.4930119200E+01    0.1122663564E+01    0.8471434290E+00
    0.4934481732E+01    0.1122701865E+01    0.8472379122E+00
    0.4942668020E+01    0.1122775745E+01    0.8474201598E+00
    0.4953348839E+01    0.1122876070E+01    0.8476676299E+00
    0.4961535127E+01    0.1122955970E+01    0.8478647075E+00
    0.4965897658E+01    0.1122999612E+01    0.8479723497E+00
    0.4974083946E+01    0.1123083497E+01    0.8481792423E+00
    0.4984764766E+01    0.1123196838E+01    0.8484587701E+00
    0.4992951053E+01    0.1123286684E+01    0.8486803415E+00
    0.4997313585E+01    0.1123335616E+01    0.8488010085E+00
    0.5005499873E+01    0.1123429406E+01    0.8490322881E+00
    0.5016180692E+01    0.1123555630E+01    0.8493435255E+00
    0.5024366980E+01    0.1123655317E+01    0.8495893145E+00
    0.5028729511E+01    0.1123709481E+01    0.8497228561E+00
    0.5036915799E+01    0.1123813067E+01    0.8499782348E+00
    0.5047596619E+01    0.1123952024E+01    0.8503207944E+00
    0.5055782907E+01    0.1124061434E+01    0.8505904953E+00
    0.5060145438E+01    0.1124120766E+01    0.8507367454E+00
    0.5068331726E+01    0.1124234025E+01    0.8510159058E+00
    0.5079012545E+01    0.1124385553E+01    0.8513893619E+00
    0.5087198833E+01    0.1124504558E+01    0.8516826399E+00
    0.5091561365E+01    0.1124568989E+01    0.8518414169E+00
    0.5099747652E+01    0.1124691789E+01    0.8521440126E+00
    0.5110428472E+01    0.1124855709E+01    0.8525479021E+00
    0.5118614760E+01    0.1124984169E+01    0.8528643937E+00
    0.5122977291E+01    0.1125053624E+01    0.8530355008E+00
    0.5131163579E+01    0.1125185820E+01    0.8533611570E+00
    0.5141844398E+01    0.1125361941E+01    0.8537949799E+00
    0.5150030686E+01    0.1125499707E+01    0.8541342935E+00
    0.5154393218E+01    0.1125574104E+01    0.8543175193E+00
    0.5162579505E+01    0.1125715543E+01    0.8546658334E+00
    0.5173260325E+01    0.1125903660E+01    0.8551290539E+00
    0.5181446613E+01    0.1126050570E+01    0.8554907707E+00
    0.5185809144E+01    0.1126129823E+01    0.8556858890E+00
    0.5193995432E+01    0.1126280339E+01    0.8560564315E+00
    0.5204676251E+01    0.1126480233E+01    0.8565484788E+00
    0.5212862539E+01    0.1126636118E+01    0.8569321533E+00
    0.5217225071E+01    0.1126720135E+01    0.8571389240E+00
    0.5225411358E+01    0.1126879554E+01    0.8575312390E+00
    0.5236092178E+01    0.1127090994E+01    0.8580515082E+00
    0.5244278466E+01    0.1127255673E+01    0.8584566691E+00
    0.5248640997E+01    0.1127344355E+01    0.8586748384E+00
    0.5256827285E+01    0.1127512494E+01    0.8590884445E+00
    0.5267508105E+01    0.1127735235E+01    0.8596362977E+00
    0.5275694392E+01    0.1127908518E+01    0.8600624487E+00
    0.5280056924E+01    0.1128001765E+01    0.8602917494E+00
    0.5288243212E+01    0.1128178429E+01    0.8607261406E+00
    0.5298924031E+01    0.1128412215E+01    0.8613009080E+00
    0.5307110319E+01    0.1128593902E+01    0.8617475287E+00
    0.5311472850E+01    0.1128691606E+01    0.8619876809E+00
    0.5319659138E+01    0.1128876593E+01    0.8624423272E+00
    0.5330339958E+01    0.1129121156E+01    0.8630433083E+00
    0.5338526245E+01    0.1129311040E+01    0.8635098547E+00
    0.5342888777E+01    0.1129413090E+01    0.8637605662E+00
    0.5351075065E+01    0.1129606188E+01    0.8642349147E+00
    0.5361755884E+01    0.1129861249E+01    0.8648613793E+00
    0.5369942172E+01    0.1130059113E+01    0.8653472852E+00
    0.5374304703E+01    0.1130165391E+01    0.8656082519E+00
    0.5382490991E+01    0.1130366381E+01    0.8661017277E+00
    0.5393171811E+01    0.1130631649E+01    0.8667529174E+00
    0.5401358098E+01    0.1130837269E+01    0.8672575952E+00
    0.5405720630E+01    0.1130947656E+01    0.8675285017E+00
    0.5413906918E+01    0.1131156309E+01    0.8680405089E+00
    0.5424587737E+01    0.1131431484E+01    0.8687156381E+00
    0.5432774025E+01    0.1131644627E+01    0.8692384796E+00
    0.5437136556E+01    0.1131758998E+01    0.8695189997E+00
    0.5445322844E+01    0.1131975078E+01    0.8700489222E+00
    0.5456003664E+01    0.1132259851E+01    0.8707471797E+00
    0.5464189952E+01    0.1132480276E+01    0.8712875574E+00
    0.5468552483E+01    0.1132598502E+01    0.8715773547E+00
    0.5476738771E+01    0.1132821767E+01    0.8721245575E+00
    0.5487419590E+01    0.1133115817E+01    0.8728451074E+00
    0.5495605878E+01    0.1133343278E+01    0.8734023753E+00
    0.5499968409E+01    0.1133465227E+01    0.8737011037E+00
    0.5508154697E+01    0.1133695427E+01    0.8742649338E+00
    0.5518835517E+01    0.1133998426E+01    0.8750069175E+00
    0.5527021805E+01    0.1134232669E+01    0.8755804124E+00
    0.5531384336E+01    0.1134358204E+01    0.8758877166E+00
    0.5539570624E+01    0.1134595083E+01    0.8764675042E+00
    0.5550251443E+01    0.1134906694E+01    0.8772300413E+00
    0.5558437731E+01    0.1135147458E+01    0.8778190837E+00
    0.5562800263E+01    0.1135276441E+01    0.8781346000E+00
    0.5570986550E+01    0.1135519736E+01    0.8787296593E+00
    0.5581667370E+01    0.1135839614E+01    0.8795118494E+00
    0.5589853658E+01    0.1136086633E+01    0.8801157447E+00
    0.5594216189E+01    0.1136218921E+01    0.8804391014E+00
    0.5602402477E+01    0.1136468364E+01    0.8810487322E+00
    0.5613083296E+01    0.1136796156E+01    0.8818496561E+00
    0.5621269584E+01    0.1137049160E+01    0.8824676957E+00
    0.5625632116E+01    0.1137184607E+01    0.8827985137E+00
    0.5633818403E+01    0.1137439924E+01    0.8834220022E+00
    0.5644499223E+01    0.1137775271E+01    0.8842407235E+00
    0.5652685511E+01    0.1138033982E+01    0.8848721860E+00
    0.5657048042E+01    0.1138172441E+01    0.8852100797E+00
    0.5665234330E+01    0.1138433353E+01    0.8858466996E+00
    0.5675915149E+01    0.1138775890E+01    0.8866822662E+00
    0.5684101437E+01    0.1139040026E+01    0.8873264186E+00
    0.5688463969E+01    0.1139181346E+01    0.8876709960E+00
    0.5696650257E+01    0.1139447569E+01    0.8883200099E+00
    0.5707331076E+01    0.1139796924E+01    0.8891714557E+00
    0.5715517364E+01    0.1140066199E+01    0.8898275543E+00
    0.5719879895E+01    0.1140210227E+01    0.8901784183E+00
    0.5728066183E+01    0.1140481475E+01    0.8908390787E+00
    0.5738747003E+01    0.1140837270E+01    0.8917054248E+00
    0.5746933290E+01    0.1141111395E+01    0.8923727166E+00
    0.5751295822E+01    0.1141257976E+01    0.8927294649E+00
    0.5759482110E+01    0.1141533956E+01    0.8934010155E+00
    0.5770162929E+01    0.1141895810E+01    0.8942812719E+00
    0.5778349217E+01    0.1142174490E+01    0.8949589959E+00
    0.5782711748E+01    0.1142323467E+01    0.8953212221E+00
    0.5790898036E+01    0.1142603884E+01    0.8960028988E+00
    0.5801578856E+01    0.1142971411E+01    0.8968960659E+00
    0.5809765143E+01    0.1143254350E+01    0.8975834539E+00
    0.5814127675E+01    0.1143405564E+01    0.8979507481E+00
    0.5822313963E+01    0.1143690120E+01    0.8986417803E+00
    0.5832994782E+01    0.1144062930E+01    0.8995468504E+00
    0.5841181070E+01    0.1144349826E+01    0.9002431286E+00
    0.5845543601E+01    0.1144503118E+01    0.9006150776E+00
    0.5853729889E+01    0.1144791511E+01    0.9013146895E+00
    0.5864410709E+01    0.1145169209E+01    0.9022306484E+00
    0.5872596996E+01    0.1145459762E+01    0.9029350381E+00
    0.5876959528E+01    0.1145614969E+01    0.9033112267E+00
    0.5885145816E+01    0.1145906897E+01    0.9040186380E+00
    0.5895826635E+01    0.1146289087E+01    0.9049444664E+00
    0.5904012923E+01    0.1146582990E+01    0.9056561855E+00
    0.5908375454E+01    0.1146739951E+01    0.9060361965E+00
    0.5916561742E+01    0.1147035108E+01    0.9067506240E+00
    0.5927242562E+01    0.1147421390E+01    0.9076852992E+00
    0.5935428850E+01    0.1147718338E+01    0.9084035631E+00
    0.5939791381E+01    0.1147876889E+01    0.9087869783E+00
    0.5947977669E+01    0.1148174967E+01    0.9095076368E+00
    0.5958658488E+01    0.1148564940E+01    0.9104501339E+00
    0.5966844776E+01    0.1148864625E+01    0.9111741568E+00
    0.5971207308E+01    0.1149024601E+01    0.9115605574E+00
    0.5979393595E+01    0.1149325292E+01    0.9122866609E+00
    0.5990074415E+01    0.1149718554E+01    0.9132359544E+00
    0.5998260703E+01    0.1150020666E+01    0.9139649503E+00
    0.6002623234E+01    0.1150181902E+01    0.9143539174E+00
    0.6010809522E+01    0.1150484897E+01    0.9150846803E+00
    0.6021490341E+01    0.1150881043E+01    0.9160397453E+00
    0.6029676629E+01    0.1151185272E+01    0.9167729293E+00
    0.6034039161E+01    0.1151347604E+01    0.9171640448E+00
    0.6042225448E+01    0.1151652592E+01    0.9178986826E+00
    0.6052906268E+01    0.1152051218E+01    0.9188584966E+00
    0.6061092556E+01    0.1152357254E+01    0.9195950855E+00
    0.6065455087E+01    0.1152520516E+01    0.9199879325E+00
    0.6073641375E+01    0.1152827187E+01    0.9207256632E+00
    0.6084322194E+01    0.1153227887E+01    0.9216892071E+00
    0.6092508482E+01    0.1153535420E+01    0.9224284210E+00
    0.6096871014E+01    0.1153699446E+01    0.9228225839E+00
    0.6105057301E+01    0.1154007490E+01    0.9235626291E+00
    0.6115738121E+01    0.1154409859E+01    0.9245288887E+00
    0.6123924409E+01    0.1154718579E+01    0.9252699514E+00
    0.6128286940E+01    0.1154883204E+01    0.9256650174E+00
    0.6136473228E+01    0.1155192310E+01    0.9264066028E+00
    0.6147154048E+01    0.1155595945E+01    0.9273745699E+00
    0.6155340335E+01    0.1155905540E+01    0.9281167105E+00
    0.6159702867E+01    0.1156070600E+01    0.9285122691E+00
    0.6167889155E+01    0.1156380459E+01    0.9292546259E+00
    0.6178569974E+01    0.1156784955E+01    0.9302233000E+00
    0.6186756262E+01    0.1157095118E+01    0.9309657532E+00
    0.6191118793E+01    0.1157260448E+01    0.9313613974E+00
    0.6199305081E+01    0.1157570752E+01    0.9321037631E+00
    0.6209985901E+01    0.1157975707E+01    0.9330721518E+00
    0.6218172188E+01    0.1158286130E+01    0.9338141594E+00
    0.6222534720E+01    0.1158451565E+01    0.9342094859E+00
    0.6230721008E+01    0.1158762006E+01    0.9349511052E+00
    0.6241401827E+01    0.1159167020E+01    0.9359182260E+00
    0.6249588115E+01    0.1159477397E+01    0.9366590373E+00
    0.6253950646E+01    0.1159642775E+01    0.9370536469E+00
    0.6262136934E+01    0.1159953047E+01    0.9377937724E+00
    0.6272817754E+01    0.1160357722E+01    0.9387586538E+00
    0.6281004041E+01    0.1160667747E+01    0.9394975267E+00
