    0.2181265717E-02    0.1138500385E+01    0.1118038429E+01
    0.1036755352E-01    0.1138838558E+01    0.1118479469E+01
    0.2104837301E-01    0.1139279417E+01    0.1119053877E+01
    0.2923466082E-01    0.1139617006E+01    0.1119493309E+01
    0.3359719225E-01    0.1139796793E+01    0.1119727183E+01
    0.4178348006E-01    0.1140133927E+01    0.1120165464E+01
    0.5246429955E-01    0.1140573302E+01    0.1120736115E+01
    0.6065058736E-01    0.1140909655E+01    0.1121172548E+01
    0.6501311879E-01    0.1141088748E+01    0.1121404783E+01
    0.7319940660E-01    0.1141424515E+01    0.1121839909E+01
    0.8388022608E-01    0.1141861979E+01    0.1122406290E+01
    0.9206651389E-01    0.1142196769E+01    0.1122839334E+01
    0.9642904532E-01    0.1142374995E+01    0.1123069721E+01
    0.1046153331E+00    0.1142709070E+01    0.1123501304E+01
    0.1152961526E+00    0.1143144200E+01    0.1124062914E+01
    0.1234824404E+00    0.1143477105E+01    0.1124492189E+01
    0.1278449719E+00    0.1143654292E+01    0.1124720527E+01
    0.1360312597E+00    0.1143986355E+01    0.1125148191E+01
    0.1467120792E+00    0.1144418735E+01    0.1125704542E+01
    0.1548983670E+00    0.1144749437E+01    0.1126129676E+01
    0.1592608984E+00    0.1144925416E+01    0.1126355769E+01
    0.1674471862E+00    0.1145255151E+01    0.1126779146E+01
    0.1781280057E+00    0.1145684369E+01    0.1127329764E+01
    0.1863142935E+00    0.1146012554E+01    0.1127750395E+01
    0.1906768249E+00    0.1146187159E+01    0.1127974051E+01
    0.1988631127E+00    0.1146514252E+01    0.1128392785E+01
    0.2095439322E+00    0.1146939904E+01    0.1128937206E+01
    0.2177302200E+00    0.1147265263E+01    0.1129352984E+01
    0.2220927515E+00    0.1147438330E+01    0.1129574017E+01
    0.2302790393E+00    0.1147762476E+01    0.1129987760E+01
    0.2409598588E+00    0.1148184162E+01    0.1130525536E+01
    0.2491461466E+00    0.1148506392E+01    0.1130936119E+01
    0.2535086780E+00    0.1148677758E+01    0.1131154347E+01
    0.2616949658E+00    0.1148998654E+01    0.1131562762E+01
    0.2723757853E+00    0.1149415984E+01    0.1132093456E+01
    0.2805620731E+00    0.1149734785E+01    0.1132498513E+01
    0.2849246045E+00    0.1149904293E+01    0.1132713762E+01
    0.2931108923E+00    0.1150221642E+01    0.1133116520E+01
    0.3037917118E+00    0.1150634230E+01    0.1133639709E+01
    0.3119779996E+00    0.1150949309E+01    0.1134038917E+01
    0.3163405311E+00    0.1151116802E+01    0.1134251016E+01
    0.3245268189E+00    0.1151430314E+01    0.1134647801E+01
    0.3352076384E+00    0.1151837782E+01    0.1135163074E+01
    0.3433939262E+00    0.1152148851E+01    0.1135556122E+01
    0.3477564576E+00    0.1152314177E+01    0.1135764905E+01
    0.3559427454E+00    0.1152623565E+01    0.1136155408E+01
    0.3666235649E+00    0.1153025543E+01    0.1136662366E+01
    0.3748098527E+00    0.1153332320E+01    0.1137048952E+01
    0.3791723841E+00    0.1153495330E+01    0.1137254260E+01
    0.3873586720E+00    0.1153800315E+01    0.1137638182E+01
    0.3980394914E+00    0.1154196439E+01    0.1138136441E+01
    0.4062257792E+00    0.1154498648E+01    0.1138516272E+01
    0.4105883107E+00    0.1154659194E+01    0.1138717949E+01
    0.4187745985E+00    0.1154959503E+01    0.1139095002E+01
    0.4294554180E+00    0.1155349420E+01    0.1139584188E+01
    0.4376417058E+00    0.1155646790E+01    0.1139956981E+01
    0.4420042372E+00    0.1155804730E+01    0.1140154879E+01
    0.4501905250E+00    0.1156100094E+01    0.1140524783E+01
    0.4608713445E+00    0.1156483456E+01    0.1141004535E+01
    0.4690576323E+00    0.1156775725E+01    0.1141370017E+01
    0.4734201638E+00    0.1156930917E+01    0.1141563990E+01
    0.4816064516E+00    0.1157221075E+01    0.1141926476E+01
    0.4922872711E+00    0.1157597545E+01    0.1142396446E+01
    0.5004735589E+00    0.1157884454E+01    0.1142754352E+01
    0.5048360903E+00    0.1158036764E+01    0.1142944260E+01
    0.5130223781E+00    0.1158321461E+01    0.1143299068E+01
    0.5237031976E+00    0.1158690708E+01    0.1143758920E+01
    0.5318894854E+00    0.1158972007E+01    0.1144108995E+01
    0.5362520168E+00    0.1159121300E+01    0.1144294703E+01
    0.5444383046E+00    0.1159400289E+01    0.1144641581E+01
    0.5551191241E+00    0.1159761992E+01    0.1145090990E+01
    0.5633054119E+00    0.1160037435E+01    0.1145432989E+01
    0.5676679434E+00    0.1160183583E+01    0.1145614367E+01
    0.5758542312E+00    0.1160456621E+01    0.1145953073E+01
    0.5865350507E+00    0.1160810467E+01    0.1146391727E+01
    0.5947213385E+00    0.1161079818E+01    0.1146725412E+01
    0.5990838699E+00    0.1161222694E+01    0.1146902336E+01
    0.6072701577E+00    0.1161489546E+01    0.1147232636E+01
    0.6179509772E+00    0.1161835232E+01    0.1147660235E+01
    0.6261372650E+00    0.1162098259E+01    0.1147985378E+01
    0.6304997964E+00    0.1162237741E+01    0.1148157727E+01
    0.6386860842E+00    0.1162498180E+01    0.1148479397E+01
    0.6493669037E+00    0.1162835410E+01    0.1148895650E+01
    0.6575531915E+00    0.1163091890E+01    0.1149212034E+01
    0.6619157230E+00    0.1163227860E+01    0.1149379691E+01
    0.6701020108E+00    0.1163481664E+01    0.1149692515E+01
    0.6807828303E+00    0.1163810153E+01    0.1150097145E+01
    0.6889691181E+00    0.1164059869E+01    0.1150404557E+01
    0.6933316495E+00    0.1164192212E+01    0.1150567412E+01
    0.7015179373E+00    0.1164439167E+01    0.1150871184E+01
    0.7121987568E+00    0.1164758638E+01    0.1151263924E+01
    0.7203850446E+00    0.1165001380E+01    0.1151562163E+01
    0.7247475760E+00    0.1165129985E+01    0.1151720108E+01
    0.7329338638E+00    0.1165369884E+01    0.1152014629E+01
    0.7436146833E+00    0.1165680070E+01    0.1152395223E+01
    0.7518009711E+00    0.1165915636E+01    0.1152684095E+01
    0.7561635026E+00    0.1166040394E+01    0.1152837029E+01
    0.7643497904E+00    0.1166273038E+01    0.1153122108E+01
    0.7750306099E+00    0.1166573681E+01    0.1153490311E+01
    0.7832168977E+00    0.1166801875E+01    0.1153769632E+01
    0.7875794291E+00    0.1166922684E+01    0.1153917456E+01
    0.7957657169E+00    0.1167147880E+01    0.1154192911E+01
    0.8064465364E+00    0.1167438731E+01    0.1154548489E+01
    0.8146328242E+00    0.1167659364E+01    0.1154818080E+01
    0.8189953557E+00    0.1167776125E+01    0.1154960702E+01
    0.8271816435E+00    0.1167993687E+01    0.1155226360E+01
    0.8378624629E+00    0.1168274507E+01    0.1155569087E+01
    0.8460487508E+00    0.1168487399E+01    0.1155828781E+01
    0.8504112822E+00    0.1168600015E+01    0.1155966110E+01
    0.8585975700E+00    0.1168809766E+01    0.1156221804E+01
    0.8692783895E+00    0.1169080326E+01    0.1156551470E+01
    0.8774646773E+00    0.1169285303E+01    0.1156801104E+01
    0.8818272087E+00    0.1169393683E+01    0.1156933055E+01
    0.8900134965E+00    0.1169595451E+01    0.1157178628E+01
    0.9006943160E+00    0.1169855531E+01    0.1157495027E+01
    0.9088806038E+00    0.1170052426E+01    0.1157734449E+01
    0.9132431353E+00    0.1170156482E+01    0.1157860942E+01
    0.9214294231E+00    0.1170350104E+01    0.1158096243E+01
    0.9321102426E+00    0.1170599494E+01    0.1158399183E+01
    0.9402965304E+00    0.1170788148E+01    0.1158628246E+01
    0.9446590618E+00    0.1170887797E+01    0.1158749204E+01
    0.9528453496E+00    0.1171073117E+01    0.1158974090E+01
    0.9635261691E+00    0.1171311616E+01    0.1159263388E+01
    0.9717124569E+00    0.1171491878E+01    0.1159481954E+01
    0.9760749883E+00    0.1171587039E+01    0.1159597304E+01
    0.9842612761E+00    0.1171763908E+01    0.1159811641E+01
    0.9949420956E+00    0.1171991325E+01    0.1160087123E+01
    0.1003128383E+01    0.1172163051E+01    0.1160295062E+01
    0.1007490915E+01    0.1172253648E+01    0.1160404735E+01
    0.1015677203E+01    0.1172421925E+01    0.1160608394E+01
    0.1026358022E+01    0.1172638079E+01    0.1160869897E+01
    0.1034544310E+01    0.1172801132E+01    0.1161067085E+01
    0.1038906841E+01    0.1172887093E+01    0.1161171017E+01
    0.1047093129E+01    0.1173046645E+01    0.1161363878E+01
    0.1057773949E+01    0.1173251365E+01    0.1161611248E+01
    0.1065960237E+01    0.1173405616E+01    0.1161797569E+01
    0.1070322768E+01    0.1173486872E+01    0.1161895698E+01
    0.1078509056E+01    0.1173637573E+01    0.1162077648E+01
    0.1089189875E+01    0.1173830696E+01    0.1162310740E+01
    0.1097376163E+01    0.1173976023E+01    0.1162486086E+01
    0.1101738694E+01    0.1174052512E+01    0.1162578354E+01
    0.1109924982E+01    0.1174194242E+01    0.1162749288E+01
    0.1120605802E+01    0.1174375617E+01    0.1162967966E+01
    0.1128792090E+01    0.1174511905E+01    0.1163132235E+01
    0.1133154621E+01    0.1174583566E+01    0.1163218590E+01
    0.1141340909E+01    0.1174716215E+01    0.1163378408E+01
    0.1152021728E+01    0.1174885699E+01    0.1163582547E+01
    0.1160208016E+01    0.1175012843E+01    0.1163735644E+01
    0.1164570548E+01    0.1175079619E+01    0.1163816036E+01
    0.1172756835E+01    0.1175203082E+01    0.1163964647E+01
    0.1183437655E+01    0.1175360543E+01    0.1164154129E+01
    0.1191623943E+01    0.1175478443E+01    0.1164295967E+01
    0.1195986474E+01    0.1175540284E+01    0.1164370350E+01
    0.1204172762E+01    0.1175654465E+01    0.1164507668E+01
    0.1214853581E+01    0.1175799781E+01    0.1164682385E+01
    0.1223039869E+01    0.1175908345E+01    0.1164812884E+01
    0.1227402401E+01    0.1175965201E+01    0.1164881215E+01
    0.1235588688E+01    0.1176070012E+01    0.1165007163E+01
    0.1246269508E+01    0.1176203069E+01    0.1165167017E+01
    0.1254455796E+01    0.1176302213E+01    0.1165286101E+01
    0.1258818327E+01    0.1176354040E+01    0.1165348343E+01
    0.1267004615E+01    0.1176449400E+01    0.1165462850E+01
    0.1277685434E+01    0.1176570096E+01    0.1165607749E+01
    0.1285871722E+01    0.1176659744E+01    0.1165715353E+01
    0.1290234254E+01    0.1176706502E+01    0.1165771470E+01
    0.1298420541E+01    0.1176792337E+01    0.1165874470E+01
    0.1309101361E+01    0.1176900578E+01    0.1166004334E+01
    0.1317287649E+01    0.1176980660E+01    0.1166100397E+01
    0.1321650180E+01    0.1177022314E+01    0.1166150357E+01
    0.1329836468E+01    0.1177098557E+01    0.1166241794E+01
    0.1340517288E+01    0.1177194260E+01    0.1166356551E+01
    0.1348703575E+01    0.1177264714E+01    0.1166441018E+01
    0.1353066107E+01    0.1177301232E+01    0.1166484794E+01
    0.1361252395E+01    0.1177367825E+01    0.1166564617E+01
    0.1371933214E+01    0.1177450916E+01    0.1166664201E+01
    0.1380119502E+01    0.1177511689E+01    0.1166737027E+01
    0.1384482033E+01    0.1177543042E+01    0.1166774595E+01
    0.1392668321E+01    0.1177599934E+01    0.1166842758E+01
    0.1403349141E+01    0.1177670350E+01    0.1166927115E+01
    0.1411535428E+01    0.1177721394E+01    0.1166988259E+01
    0.1415897960E+01    0.1177747558E+01    0.1167019597E+01
    0.1424084248E+01    0.1177794706E+01    0.1167076064E+01
    0.1434765067E+01    0.1177852392E+01    0.1167145147E+01
    0.1442951355E+01    0.1177893669E+01    0.1167194574E+01
    0.1447313886E+01    0.1177914625E+01    0.1167219665E+01
    0.1455500174E+01    0.1177951991E+01    0.1167264404E+01
    0.1466180994E+01    0.1177996904E+01    0.1167318175E+01
    0.1474367281E+01    0.1178028383E+01    0.1167355859E+01
    0.1478729813E+01    0.1178044113E+01    0.1167374689E+01
    0.1486916101E+01    0.1178071670E+01    0.1167407676E+01
    0.1497596920E+01    0.1178103775E+01    0.1167446104E+01
    0.1505783208E+01    0.1178125431E+01    0.1167472024E+01
    0.1510145739E+01    0.1178135924E+01    0.1167484583E+01
    0.1518332027E+01    0.1178153651E+01    0.1167505799E+01
    0.1529012847E+01    0.1178172924E+01    0.1167528865E+01
    0.1537199135E+01    0.1178184740E+01    0.1167543006E+01
    0.1541561666E+01    0.1178189989E+01    0.1167549287E+01
    0.1549747954E+01    0.1178197871E+01    0.1167558720E+01
    0.1560428773E+01    0.1178204297E+01    0.1167566410E+01
    0.1568615061E+01    0.1178206265E+01    0.1167568765E+01
    0.1572977593E+01    0.1178206265E+01    0.1167568765E+01
    0.1581163880E+01    0.1178204297E+01    0.1167566410E+01
    0.1591844700E+01    0.1178197871E+01    0.1167558720E+01
    0.1600030988E+01    0.1178189989E+01    0.1167549287E+01
    0.1604393519E+01    0.1178184740E+01    0.1167543006E+01
    0.1612579807E+01    0.1178172924E+01    0.1167528865E+01
    0.1623260626E+01    0.1178153651E+01    0.1167505799E+01
    0.1631446914E+01    0.1178135924E+01    0.1167484583E+01
    0.1635809446E+01    0.1178125431E+01    0.1167472024E+01
    0.1643995733E+01    0.1178103775E+01    0.1167446104E+01
    0.1654676553E+01    0.1178071670E+01    0.1167407676E+01
    0.1662862841E+01    0.1178044113E+01    0.1167374689E+01
    0.1667225372E+01    0.1178028383E+01    0.1167355859E+01
    0.1675411660E+01    0.1177996904E+01    0.1167318175E+01
    0.1686092479E+01    0.1177951991E+01    0.1167264404E+01
    0.1694278767E+01    0.1177914625E+01    0.1167219665E+01
    0.1698641299E+01    0.1177893669E+01    0.1167194574E+01
    0.1706827586E+01    0.1177852392E+01    0.1167145147E+01
    0.1717508406E+01    0.1177794706E+01    0.1167076064E+01
    0.1725694694E+01    0.1177747558E+01    0.1167019597E+01
    0.1730057225E+01    0.1177721394E+01    0.1166988259E+01
    0.1738243513E+01    0.1177670350E+01    0.1166927115E+01
    0.1748924332E+01    0.1177599934E+01    0.1166842758E+01
    0.1757110620E+01    0.1177543042E+01    0.1166774595E+01
    0.1761473152E+01    0.1177511689E+01    0.1166737027E+01
    0.1769659440E+01    0.1177450916E+01    0.1166664201E+01
    0.1780340259E+01    0.1177367825E+01    0.1166564617E+01
    0.1788526547E+01    0.1177301232E+01    0.1166484794E+01
    0.1792889078E+01    0.1177264714E+01    0.1166441018E+01
    0.1801075366E+01    0.1177194260E+01    0.1166356551E+01
    0.1811756186E+01    0.1177098557E+01    0.1166241795E+01
    0.1819942473E+01    0.1177022314E+01    0.1166150357E+01
    0.1824305005E+01    0.1176980660E+01    0.1166100397E+01
    0.1832491293E+01    0.1176900578E+01    0.1166004334E+01
    0.1843172112E+01    0.1176792337E+01    0.1165874470E+01
    0.1851358400E+01    0.1176706502E+01    0.1165771470E+01
    0.1855720931E+01    0.1176659744E+01    0.1165715353E+01
    0.1863907219E+01    0.1176570096E+01    0.1165607749E+01
    0.1874588039E+01    0.1176449400E+01    0.1165462850E+01
    0.1882774326E+01    0.1176354040E+01    0.1165348343E+01
    0.1887136858E+01    0.1176302213E+01    0.1165286101E+01
    0.1895323146E+01    0.1176203069E+01    0.1165167017E+01
    0.1906003965E+01    0.1176070012E+01    0.1165007163E+01
    0.1914190253E+01    0.1175965201E+01    0.1164881215E+01
    0.1918552784E+01    0.1175908345E+01    0.1164812884E+01
    0.1926739072E+01    0.1175799781E+01    0.1164682385E+01
    0.1937419892E+01    0.1175654465E+01    0.1164507668E+01
    0.1945606180E+01    0.1175540284E+01    0.1164370350E+01
    0.1949968711E+01    0.1175478444E+01    0.1164295967E+01
    0.1958154999E+01    0.1175360543E+01    0.1164154129E+01
    0.1968835818E+01    0.1175203082E+01    0.1163964647E+01
    0.1977022106E+01    0.1175079619E+01    0.1163816036E+01
    0.1981384637E+01    0.1175012843E+01    0.1163735644E+01
    0.1989570925E+01    0.1174885699E+01    0.1163582547E+01
    0.2000251745E+01    0.1174716215E+01    0.1163378408E+01
    0.2008438033E+01    0.1174583566E+01    0.1163218590E+01
    0.2012800564E+01    0.1174511905E+01    0.1163132235E+01
    0.2020986852E+01    0.1174375617E+01    0.1162967966E+01
    0.2031667671E+01    0.1174194242E+01    0.1162749288E+01
    0.2039853959E+01    0.1174052512E+01    0.1162578354E+01
    0.2044216491E+01    0.1173976023E+01    0.1162486086E+01
    0.2052402778E+01    0.1173830696E+01    0.1162310740E+01
    0.2063083598E+01    0.1173637573E+01    0.1162077648E+01
    0.2071269886E+01    0.1173486872E+01    0.1161895698E+01
    0.2075632417E+01    0.1173405616E+01    0.1161797569E+01
    0.2083818705E+01    0.1173251365E+01    0.1161611248E+01
    0.2094499524E+01    0.1173046645E+01    0.1161363878E+01
    0.2102685812E+01    0.1172887093E+01    0.1161171017E+01
    0.2107048344E+01    0.1172801132E+01    0.1161067085E+01
    0.2115234631E+01    0.1172638079E+01    0.1160869897E+01
    0.2125915451E+01    0.1172421925E+01    0.1160608394E+01
    0.2134101739E+01    0.1172253648E+01    0.1160404735E+01
    0.2138464270E+01    0.1172163051E+01    0.1160295062E+01
    0.2146650558E+01    0.1171991325E+01    0.1160087123E+01
    0.2157331377E+01    0.1171763908E+01    0.1159811641E+01
    0.2165517665E+01    0.1171587039E+01    0.1159597304E+01
    0.2169880197E+01    0.1171491878E+01    0.1159481954E+01
    0.2178066485E+01    0.1171311616E+01    0.1159263388E+01
    0.2188747304E+01    0.1171073117E+01    0.1158974090E+01
    0.2196933592E+01    0.1170887797E+01    0.1158749204E+01
    0.2201296123E+01    0.1170788148E+01    0.1158628246E+01
    0.2209482411E+01    0.1170599494E+01    0.1158399183E+01
    0.2220163231E+01    0.1170350104E+01    0.1158096243E+01
    0.2228349518E+01    0.1170156482E+01    0.1157860942E+01
    0.2232712050E+01    0.1170052426E+01    0.1157734449E+01
    0.2240898338E+01    0.1169855531E+01    0.1157495027E+01
    0.2251579157E+01    0.1169595451E+01    0.1157178628E+01
    0.2259765445E+01    0.1169393683E+01    0.1156933055E+01
    0.2264127976E+01    0.1169285303E+01    0.1156801104E+01
    0.2272314264E+01    0.1169080326E+01    0.1156551470E+01
    0.2282995084E+01    0.1168809766E+01    0.1156221804E+01
    0.2291181371E+01    0.1168600015E+01    0.1155966110E+01
    0.2295543903E+01    0.1168487399E+01    0.1155828781E+01
    0.2303730191E+01    0.1168274507E+01    0.1155569087E+01
    0.2314411010E+01    0.1167993687E+01    0.1155226360E+01
    0.2322597298E+01    0.1167776125E+01    0.1154960702E+01
    0.2326959829E+01    0.1167659364E+01    0.1154818080E+01
    0.2335146117E+01    0.1167438731E+01    0.1154548489E+01
    0.2345826937E+01    0.1167147880E+01    0.1154192912E+01
    0.2354013224E+01    0.1166922684E+01    0.1153917456E+01
    0.2358375756E+01    0.1166801875E+01    0.1153769632E+01
    0.2366562044E+01    0.1166573681E+01    0.1153490311E+01
    0.2377242863E+01    0.1166273038E+01    0.1153122108E+01
    0.2385429151E+01    0.1166040394E+01    0.1152837029E+01
    0.2389791682E+01    0.1165915636E+01    0.1152684095E+01
    0.2397977970E+01    0.1165680070E+01    0.1152395223E+01
    0.2408658790E+01    0.1165369884E+01    0.1152014629E+01
    0.2416845078E+01    0.1165129985E+01    0.1151720108E+01
    0.2421207609E+01    0.1165001380E+01    0.1151562163E+01
    0.2429393897E+01    0.1164758638E+01    0.1151263924E+01
    0.2440074716E+01    0.1164439167E+01    0.1150871184E+01
    0.2448261004E+01    0.1164192212E+01    0.1150567412E+01
    0.2452623536E+01    0.1164059869E+01    0.1150404557E+01
    0.2460809823E+01    0.1163810153E+01    0.1150097145E+01
    0.2471490643E+01    0.1163481664E+01    0.1149692515E+01
    0.2479676931E+01    0.1163227860E+01    0.1149379691E+01
    0.2484039462E+01    0.1163091890E+01    0.1149212034E+01
    0.2492225750E+01    0.1162835410E+01    0.1148895650E+01
    0.2502906569E+01    0.1162498180E+01    0.1148479397E+01
    0.2511092857E+01    0.1162237741E+01    0.1148157727E+01
    0.2515455389E+01    0.1162098259E+01    0.1147985378E+01
    0.2523641676E+01    0.1161835232E+01    0.1147660235E+01
    0.2534322496E+01    0.1161489546E+01    0.1147232636E+01
    0.2542508784E+01    0.1161222694E+01    0.1146902336E+01
    0.2546871315E+01    0.1161079818E+01    0.1146725412E+01
    0.2555057603E+01    0.1160810467E+01    0.1146391727E+01
    0.2565738422E+01    0.1160456621E+01    0.1145953073E+01
    0.2573924710E+01    0.1160183583E+01    0.1145614367E+01
    0.2578287242E+01    0.1160037435E+01    0.1145432989E+01
    0.2586473529E+01    0.1159761992E+01    0.1145090990E+01
    0.2597154349E+01    0.1159400289E+01    0.1144641581E+01
    0.2605340637E+01    0.1159121300E+01    0.1144294703E+01
    0.2609703168E+01    0.1158972007E+01    0.1144108995E+01
    0.2617889456E+01    0.1158690708E+01    0.1143758920E+01
    0.2628570275E+01    0.1158321461E+01    0.1143299068E+01
    0.2636756563E+01    0.1158036764E+01    0.1142944260E+01
    0.2641119095E+01    0.1157884454E+01    0.1142754352E+01
    0.2649305383E+01    0.1157597545E+01    0.1142396446E+01
    0.2659986202E+01    0.1157221075E+01    0.1141926476E+01
    0.2668172490E+01    0.1156930917E+01    0.1141563990E+01
    0.2672535021E+01    0.1156775725E+01    0.1141370017E+01
    0.2680721309E+01    0.1156483456E+01    0.1141004535E+01
    0.2691402129E+01    0.1156100094E+01    0.1140524783E+01
    0.2699588416E+01    0.1155804730E+01    0.1140154879E+01
    0.2703950948E+01    0.1155646790E+01    0.1139956981E+01
    0.2712137236E+01    0.1155349420E+01    0.1139584188E+01
    0.2722818055E+01    0.1154959503E+01    0.1139095003E+01
    0.2731004343E+01    0.1154659194E+01    0.1138717949E+01
    0.2735366874E+01    0.1154498648E+01    0.1138516272E+01
    0.2743553162E+01    0.1154196439E+01    0.1138136441E+01
    0.2754233982E+01    0.1153800315E+01    0.1137638182E+01
    0.2762420269E+01    0.1153495330E+01    0.1137254260E+01
    0.2766782801E+01    0.1153332320E+01    0.1137048952E+01
    0.2774969089E+01    0.1153025543E+01    0.1136662366E+01
    0.2785649908E+01    0.1152623565E+01    0.1136155408E+01
    0.2793836196E+01    0.1152314177E+01    0.1135764905E+01
    0.2798198727E+01    0.1152148851E+01    0.1135556122E+01
    0.2806385015E+01    0.1151837782E+01    0.1135163074E+01
    0.2817065835E+01    0.1151430314E+01    0.1134647801E+01
    0.2825252123E+01    0.1151116802E+01    0.1134251016E+01
    0.2829614654E+01    0.1150949309E+01    0.1134038917E+01
    0.2837800942E+01    0.1150634230E+01    0.1133639709E+01
    0.2848481761E+01    0.1150221642E+01    0.1133116520E+01
    0.2856668049E+01    0.1149904293E+01    0.1132713762E+01
    0.2861030580E+01    0.1149734785E+01    0.1132498513E+01
    0.2869216868E+01    0.1149415984E+01    0.1132093456E+01
    0.2879897688E+01    0.1148998654E+01    0.1131562762E+01
    0.2888083976E+01    0.1148677758E+01    0.1131154347E+01
    0.2892446507E+01    0.1148506392E+01    0.1130936119E+01
    0.2900632795E+01    0.1148184162E+01    0.1130525536E+01
    0.2911313614E+01    0.1147762476E+01    0.1129987760E+01
    0.2919499902E+01    0.1147438330E+01    0.1129574017E+01
    0.2923862434E+01    0.1147265263E+01    0.1129352984E+01
    0.2932048721E+01    0.1146939904E+01    0.1128937206E+01
    0.2942729541E+01    0.1146514252E+01    0.1128392785E+01
    0.2950915829E+01    0.1146187159E+01    0.1127974051E+01
    0.2955278360E+01    0.1146012554E+01    0.1127750395E+01
    0.2963464648E+01    0.1145684369E+01    0.1127329764E+01
    0.2974145467E+01    0.1145255151E+01    0.1126779146E+01
    0.2982331755E+01    0.1144925416E+01    0.1126355769E+01
    0.2986694287E+01    0.1144749437E+01    0.1126129676E+01
    0.2994880574E+01    0.1144418735E+01    0.1125704542E+01
    0.3005561394E+01    0.1143986355E+01    0.1125148191E+01
    0.3013747682E+01    0.1143654292E+01    0.1124720527E+01
    0.3018110213E+01    0.1143477105E+01    0.1124492189E+01
    0.3026296501E+01    0.1143144200E+01    0.1124062914E+01
    0.3036977320E+01    0.1142709070E+01    0.1123501304E+01
    0.3045163608E+01    0.1142374995E+01    0.1123069721E+01
    0.3049526140E+01    0.1142196769E+01    0.1122839334E+01
    0.3057712428E+01    0.1141861979E+01    0.1122406290E+01
    0.3068393247E+01    0.1141424515E+01    0.1121839909E+01
    0.3076579535E+01    0.1141088748E+01    0.1121404783E+01
    0.3080942066E+01    0.1140909655E+01    0.1121172548E+01
    0.3089128354E+01    0.1140573302E+01    0.1120736115E+01
    0.3099809174E+01    0.1140133927E+01    0.1120165464E+01
    0.3107995461E+01    0.1139796793E+01    0.1119727183E+01
    0.3112357993E+01    0.1139617006E+01    0.1119493309E+01
    0.3120544281E+01    0.1139279417E+01    0.1119053877E+01
    0.3131225100E+01    0.1138838558E+01    0.1118479469E+01
    0.3139411388E+01    0.1138500385E+01    0.1118038429E+01
    0.3143773919E+01    0.1138320080E+01    0.1117803127E+01
    0.3151960207E+01    0.1137981585E+01    0.1117361097E+01
    0.3162641027E+01    0.1137539673E+01    0.1116783458E+01
    0.3170827314E+01    0.1137200793E+01    0.1116340064E+01
    0.3175189846E+01    0.1137020147E+01    0.1116103551E+01
    0.3183376134E+01    0.1136681079E+01    0.1115659333E+01
    0.3194056953E+01    0.1136238551E+01    0.1115079001E+01
    0.3202243241E+01    0.1135899299E+01    0.1114633669E+01
    0.3206605772E+01    0.1135718492E+01    0.1114396169E+01
    0.3214792060E+01    0.1135379186E+01    0.1113950180E+01
    0.3225472880E+01    0.1134936482E+01    0.1113367707E+01
    0.3233659167E+01    0.1134597197E+01    0.1112920861E+01
    0.3238021699E+01    0.1134416407E+01    0.1112682599E+01
    0.3246207987E+01    0.1134077204E+01    0.1112235270E+01
    0.3256888806E+01    0.1133634766E+01    0.1111651215E+01
    0.3265075094E+01    0.1133295788E+01    0.1111203290E+01
    0.3269437625E+01    0.1133115198E+01    0.1110964499E+01
    0.3277623913E+01    0.1132776439E+01    0.1110516265E+01
    0.3288304733E+01    0.1132334714E+01    0.1109931204E+01
    0.3296491021E+01    0.1131996385E+01    0.1109482640E+01
    0.3300853552E+01    0.1131816178E+01    0.1109243558E+01
    0.3309039840E+01    0.1131478205E+01    0.1108794865E+01
    0.3319720659E+01    0.1131037642E+01    0.1108209382E+01
    0.3327906947E+01    0.1130700307E+01    0.1107760631E+01
    0.3332269479E+01    0.1130520666E+01    0.1107521497E+01
    0.3340455766E+01    0.1130183825E+01    0.1107072799E+01
    0.3351136586E+01    0.1129744873E+01    0.1106487490E+01
    0.3359322874E+01    0.1129408878E+01    0.1106039011E+01
    0.3363685405E+01    0.1129229988E+01    0.1105800071E+01
    0.3371871693E+01    0.1128894624E+01    0.1105351830E+01
    0.3382552512E+01    0.1128457737E+01    0.1104767301E+01
    0.3390738800E+01    0.1128123428E+01    0.1104319560E+01
    0.3395101332E+01    0.1127945473E+01    0.1104081064E+01
    0.3403287619E+01    0.1127611934E+01    0.1103633750E+01
    0.3413968439E+01    0.1127177564E+01    0.1103050615E+01
    0.3422154727E+01    0.1126845288E+01    0.1102604086E+01
    0.3426517258E+01    0.1126668454E+01    0.1102366287E+01
    0.3434703546E+01    0.1126337088E+01    0.1101920376E+01
    0.3445384365E+01    0.1125905687E+01    0.1101339262E+01
    0.3453570653E+01    0.1125575792E+01    0.1100894426E+01
    0.3457933185E+01    0.1125400264E+01    0.1100657580E+01
    0.3466119472E+01    0.1125071417E+01    0.1100213557E+01
    0.3476800292E+01    0.1124643441E+01    0.1099635094E+01
    0.3484986580E+01    0.1124316274E+01    0.1099192439E+01
    0.3489349111E+01    0.1124142236E+01    0.1098956807E+01
    0.3497535399E+01    0.1123816256E+01    0.1098515160E+01
    0.3508216218E+01    0.1123392155E+01    0.1097939992E+01
    0.3516402506E+01    0.1123068063E+01    0.1097500009E+01
    0.3520765038E+01    0.1122895701E+01    0.1097265855E+01
    0.3528951326E+01    0.1122572934E+01    0.1096827079E+01
    0.3539632145E+01    0.1122153160E+01    0.1096255853E+01
    0.3547818433E+01    0.1121832489E+01    0.1095819042E+01
    0.3552180964E+01    0.1121661986E+01    0.1095586631E+01
    0.3560367252E+01    0.1121342776E+01    0.1095151227E+01
    0.3571048072E+01    0.1120927779E+01    0.1094584597E+01
    0.3579234359E+01    0.1120610871E+01    0.1094151460E+01
    0.3583596891E+01    0.1120442411E+01    0.1093921061E+01
    0.3591783179E+01    0.1120127102E+01    0.1093489533E+01
    0.3602463998E+01    0.1119717329E+01    0.1092928158E+01
    0.3610650286E+01    0.1119404527E+01    0.1092499202E+01
    0.3615012817E+01    0.1119238291E+01    0.1092271085E+01
    0.3623199105E+01    0.1118927224E+01    0.1091843941E+01
    0.3633879925E+01    0.1118523117E+01    0.1091288487E+01
    0.3642066212E+01    0.1118214761E+01    0.1090864221E+01
    0.3646428744E+01    0.1118050930E+01    0.1090638658E+01
    0.3654615032E+01    0.1117744443E+01    0.1090216409E+01
    0.3665295851E+01    0.1117346444E+01    0.1089667542E+01
    0.3673482139E+01    0.1117042869E+01    0.1089248479E+01
    0.3677844670E+01    0.1116881622E+01    0.1089025743E+01
    0.3686030958E+01    0.1116580051E+01    0.1088608902E+01
    0.3696711778E+01    0.1116188595E+01    0.1088067292E+01
    0.3704898066E+01    0.1115890136E+01    0.1087653946E+01
    0.3709260597E+01    0.1115731649E+01    0.1087434311E+01
    0.3717446885E+01    0.1115435325E+01    0.1087023392E+01
    0.3728127704E+01    0.1115050844E+01    0.1086489709E+01
    0.3736313992E+01    0.1114757828E+01    0.1086082594E+01
    0.3740676523E+01    0.1114602278E+01    0.1085866335E+01
    0.3748862811E+01    0.1114311528E+01    0.1085461852E+01
    0.3759543631E+01    0.1113934448E+01    0.1084936769E+01
    0.3767729919E+01    0.1113647201E+01    0.1084536398E+01
    0.3772092450E+01    0.1113494759E+01    0.1084323788E+01
    0.3780278738E+01    0.1113209907E+01    0.1083926255E+01
    0.3790959557E+01    0.1112840646E+01    0.1083410441E+01
    0.3799145845E+01    0.1112559488E+01    0.1083017328E+01
    0.3803508377E+01    0.1112410325E+01    0.1082808641E+01
    0.3811694664E+01    0.1112131688E+01    0.1082418570E+01
    0.3822375484E+01    0.1111770660E+01    0.1081912692E+01
    0.3830561772E+01    0.1111495906E+01    0.1081527349E+01
    0.3834924303E+01    0.1111350189E+01    0.1081322855E+01
    0.3843110591E+01    0.1111078080E+01    0.1080940756E+01
    0.3853791410E+01    0.1110725690E+01    0.1080445478E+01
    0.3861977698E+01    0.1110457649E+01    0.1080068411E+01
    0.3866340230E+01    0.1110315542E+01    0.1079868382E+01
    0.3874526517E+01    0.1110050267E+01    0.1079494761E+01
    0.3885207337E+01    0.1109706914E+01    0.1079010742E+01
    0.3893393625E+01    0.1109445888E+01    0.1078642454E+01
    0.3897756156E+01    0.1109307551E+01    0.1078447157E+01
    0.3905942444E+01    0.1109049412E+01    0.1078082516E+01
    0.3916623263E+01    0.1108715483E+01    0.1077610407E+01
    0.3924809551E+01    0.1108461769E+01    0.1077251397E+01
    0.3929172083E+01    0.1108327360E+01    0.1077061096E+01
    0.3937358371E+01    0.1108076649E+01    0.1076705930E+01
    0.3948039190E+01    0.1107752525E+01    0.1076246376E+01
    0.3956225478E+01    0.1107506412E+01    0.1075897135E+01
    0.3960588009E+01    0.1107376084E+01    0.1075712093E+01
    0.3968774297E+01    0.1107133087E+01    0.1075366890E+01
    0.3979455117E+01    0.1106819138E+01    0.1074920525E+01
    0.3987641404E+01    0.1106580908E+01    0.1074581538E+01
    0.3992003936E+01    0.1106454810E+01    0.1074402010E+01
    0.4000190224E+01    0.1106219805E+01    0.1074067252E+01
    0.4010871043E+01    0.1105916391E+01    0.1073634699E+01
    0.4019057331E+01    0.1105686317E+01    0.1073306441E+01
    0.4023419862E+01    0.1105564594E+01    0.1073132681E+01
    0.4031606150E+01    0.1105337853E+01    0.1072808838E+01
    0.4042286970E+01    0.1105045323E+01    0.1072390710E+01
    0.4050473257E+01    0.1104823670E+01    0.1072073646E+01
    0.4054835789E+01    0.1104706462E+01    0.1071905900E+01
    0.4063022077E+01    0.1104488245E+01    0.1071593435E+01
    0.4073702896E+01    0.1104206938E+01    0.1071190329E+01
    0.4081889184E+01    0.1103993963E+01    0.1070884913E+01
    0.4086251715E+01    0.1103881405E+01    0.1070723423E+01
    0.4094438003E+01    0.1103671965E+01    0.1070422784E+01
    0.4105118823E+01    0.1103402207E+01    0.1070035282E+01
    0.4113305110E+01    0.1103198155E+01    0.1069741957E+01
    0.4117667642E+01    0.1103090380E+01    0.1069586957E+01
    0.4125853930E+01    0.1102889960E+01    0.1069298583E+01
    0.4136534749E+01    0.1102632063E+01    0.1068927249E+01
    0.4144721037E+01    0.1102437173E+01    0.1068646445E+01
    0.4149083568E+01    0.1102334304E+01    0.1068498161E+01
    0.4157269856E+01    0.1102143138E+01    0.1068222475E+01
    0.4167950676E+01    0.1101897404E+01    0.1067867858E+01
    0.4176136964E+01    0.1101711903E+01    0.1067599988E+01
    0.4180499495E+01    0.1101614061E+01    0.1067458641E+01
    0.4188685783E+01    0.1101432372E+01    0.1067196051E+01
    0.4199366602E+01    0.1101199087E+01    0.1066858676E+01
    0.4207552890E+01    0.1101023193E+01    0.1066604141E+01
    0.4211915422E+01    0.1100930493E+01    0.1066469941E+01
    0.4220101709E+01    0.1100758493E+01    0.1066220840E+01
    0.4230782529E+01    0.1100537931E+01    0.1065901214E+01
    0.4238968817E+01    0.1100371849E+01    0.1065660396E+01
    0.4243331348E+01    0.1100284399E+01    0.1065533545E+01
    0.4251517636E+01    0.1100122291E+01    0.1065298308E+01
    0.4262198455E+01    0.1099914711E+01    0.1064996915E+01
    0.4270384743E+01    0.1099758637E+01    0.1064770178E+01
    0.4274747275E+01    0.1099676540E+01    0.1064650868E+01
    0.4282933562E+01    0.1099524515E+01    0.1064429854E+01
    0.4293614382E+01    0.1099330161E+01    0.1064147151E+01
    0.4301800670E+01    0.1099184278E+01    0.1063934842E+01
    0.4306163201E+01    0.1099107631E+01    0.1063823257E+01
    0.4314349489E+01    0.1098965868E+01    0.1063616802E+01
    0.4325030308E+01    0.1098784970E+01    0.1063353225E+01
    0.4333216596E+01    0.1098649450E+01    0.1063155669E+01
    0.4337579128E+01    0.1098578344E+01    0.1063051980E+01
    0.4345765415E+01    0.1098447010E+01    0.1062860404E+01
    0.4356446235E+01    0.1098279781E+01    0.1062616358E+01
    0.4364632523E+01    0.1098154786E+01    0.1062433862E+01
    0.4368995054E+01    0.1098089304E+01    0.1062338229E+01
    0.4377181342E+01    0.1097968554E+01    0.1062161829E+01
    0.4387862162E+01    0.1097815194E+01    0.1061937694E+01
    0.4396048449E+01    0.1097700870E+01    0.1061770542E+01
    0.4400410981E+01    0.1097641091E+01    0.1061683115E+01
    0.4408597269E+01    0.1097531068E+01    0.1061522166E+01
    0.4419278088E+01    0.1097391757E+01    0.1061318292E+01
    0.4427464376E+01    0.1097288241E+01    0.1061166745E+01
    0.4431826907E+01    0.1097234235E+01    0.1061087661E+01
    0.4440013195E+01    0.1097135071E+01    0.1060942415E+01
    0.4450694015E+01    0.1097009975E+01    0.1060759122E+01
    0.4458880302E+01    0.1096917390E+01    0.1060623419E+01
    0.4463242834E+01    0.1096869221E+01    0.1060552802E+01
    0.4471429122E+01    0.1096781034E+01    0.1060423488E+01
    0.4482109941E+01    0.1096670301E+01    0.1060261067E+01
    0.4490296229E+01    0.1096588757E+01    0.1060141422E+01
    0.4494658760E+01    0.1096546483E+01    0.1060079383E+01
    0.4502845048E+01    0.1096469376E+01    0.1059966207E+01
    0.4513525868E+01    0.1096373140E+01    0.1059824913E+01
    0.4521712155E+01    0.1096302734E+01    0.1059721516E+01
    0.4526074687E+01    0.1096266404E+01    0.1059668155E+01
    0.4534260975E+01    0.1096200471E+01    0.1059571296E+01
    0.4544941794E+01    0.1096118845E+01    0.1059451355E+01
    0.4553128082E+01    0.1096059661E+01    0.1059364371E+01
    0.4557490613E+01    0.1096029320E+01    0.1059319772E+01
    0.4565676901E+01    0.1095974638E+01    0.1059239384E+01
    0.4576357721E+01    0.1095907720E+01    0.1059140987E+01
    0.4584544009E+01    0.1095859828E+01    0.1059070555E+01
    0.4588906540E+01    0.1095835512E+01    0.1059034790E+01
    0.4597092828E+01    0.1095792147E+01    0.1058971001E+01
    0.4607773647E+01    0.1095740016E+01    0.1058894306E+01
    0.4615959935E+01    0.1095703474E+01    0.1058840538E+01
    0.4620322466E+01    0.1095685212E+01    0.1058813664E+01
    0.4628508754E+01    0.1095653216E+01    0.1058766577E+01
    0.4639189574E+01    0.1095615935E+01    0.1058711707E+01
    0.4647375862E+01    0.1095590786E+01    0.1058674689E+01
    0.4651738393E+01    0.1095578599E+01    0.1058656749E+01
    0.4659924681E+01    0.1095558010E+01    0.1058626440E+01
    0.4670605500E+01    0.1095535624E+01    0.1058593483E+01
    0.4678791788E+01    0.1095521899E+01    0.1058573275E+01
    0.4683154320E+01    0.1095515801E+01    0.1058564298E+01
    0.4691340607E+01    0.1095506644E+01    0.1058550815E+01
    0.4702021427E+01    0.1095499179E+01    0.1058539823E+01
    0.4710207715E+01    0.1095496894E+01    0.1058536458E+01
    0.4714570246E+01    0.1095496894E+01    0.1058536458E+01
    0.4722756534E+01    0.1095499179E+01    0.1058539823E+01
    0.4733437353E+01    0.1095506644E+01    0.1058550815E+01
    0.4741623641E+01    0.1095515801E+01    0.1058564298E+01
    0.4745986173E+01    0.1095521899E+01    0.1058573275E+01
    0.4754172460E+01    0.1095535624E+01    0.1058593483E+01
    0.4764853280E+01    0.1095558010E+01    0.1058626440E+01
    0.4773039568E+01    0.1095578599E+01    0.1058656749E+01
    0.4777402099E+01    0.1095590786E+01    0.1058674689E+01
    0.4785588387E+01    0.1095615935E+01    0.1058711707E+01
    0.4796269206E+01    0.1095653216E+01    0.1058766577E+01
    0.4804455494E+01    0.1095685212E+01    0.1058813664E+01
    0.4808818026E+01    0.1095703474E+01    0.1058840538E+01
    0.4817004314E+01    0.1095740016E+01    0.1058894306E+01
    0.4827685133E+01    0.1095792147E+01    0.1058971001E+01
    0.4835871421E+01    0.1095835512E+01    0.1059034790E+01
    0.4840233952E+01    0.1095859828E+01    0.1059070555E+01
    0.4848420240E+01    0.1095907720E+01    0.1059140987E+01
    0.4859101060E+01    0.1095974638E+01    0.1059239384E+01
    0.4867287347E+01    0.1096029320E+01    0.1059319772E+01
    0.4871649879E+01    0.1096059661E+01    0.1059364371E+01
    0.4879836167E+01    0.1096118845E+01    0.1059451355E+01
    0.4890516986E+01    0.1096200471E+01    0.1059571296E+01
    0.4898703274E+01    0.1096266404E+01    0.1059668155E+01
    0.4903065805E+01    0.1096302734E+01    0.1059721516E+01
    0.4911252093E+01    0.1096373140E+01    0.1059824913E+01
    0.4921932913E+01    0.1096469376E+01    0.1059966207E+01
    0.4930119200E+01    0.1096546483E+01    0.1060079383E+01
    0.4934481732E+01    0.1096588757E+01    0.1060141422E+01
    0.4942668020E+01    0.1096670301E+01    0.1060261067E+01
    0.4953348839E+01    0.1096781034E+01    0.1060423488E+01
    0.4961535127E+01    0.1096869221E+01    0.1060552802E+01
    0.4965897658E+01    0.1096917390E+01    0.1060623419E+01
    0.4974083946E+01    0.1097009975E+01    0.1060759122E+01
    0.4984764766E+01    0.1097135071E+01    0.1060942415E+01
    0.4992951053E+01    0.1097234235E+01    0.1061087661E+01
    0.4997313585E+01    0.1097288241E+01    0.1061166745E+01
    0.5005499873E+01    0.1097391757E+01    0.1061318292E+01
    0.5016180692E+01    0.1097531068E+01    0.1061522166E+01
    0.5024366980E+01    0.1097641091E+01    0.1061683115E+01
    0.5028729511E+01    0.1097700870E+01    0.1061770542E+01
    0.5036915799E+01    0.1097815194E+01    0.1061937694E+01
    0.5047596619E+01    0.1097968554E+01    0.1062161829E+01
    0.5055782907E+01    0.1098089304E+01    0.1062338230E+01
    0.5060145438E+01    0.1098154786E+01    0.1062433862E+01
    0.5068331726E+01    0.1098279781E+01    0.1062616358E+01
    0.5079012545E+01    0.1098447010E+01    0.1062860404E+01
    0.5087198833E+01    0.1098578344E+01    0.1063051980E+01
    0.5091561365E+01    0.1098649450E+01    0.1063155669E+01
    0.5099747652E+01    0.1098784970E+01    0.1063353225E+01
    0.5110428472E+01    0.1098965868E+01    0.1063616802E+01
    0.5118614760E+01    0.1099107631E+01    0.1063823257E+01
    0.5122977291E+01    0.1099184278E+01    0.1063934842E+01
    0.5131163579E+01    0.1099330161E+01    0.1064147151E+01
    0.5141844398E+01    0.1099524515E+01    0.1064429854E+01
    0.5150030686E+01    0.1099676540E+01    0.1064650869E+01
    0.5154393218E+01    0.1099758637E+01    0.1064770178E+01
    0.5162579505E+01    0.1099914711E+01    0.1064996915E+01
    0.5173260325E+01    0.1100122291E+01    0.1065298308E+01
    0.5181446613E+01    0.1100284399E+01    0.1065533545E+01
    0.5185809144E+01    0.1100371849E+01    0.1065660396E+01
    0.5193995432E+01    0.1100537931E+01    0.1065901215E+01
    0.5204676251E+01    0.1100758493E+01    0.1066220840E+01
    0.5212862539E+01    0.1100930493E+01    0.1066469941E+01
    0.5217225071E+01    0.1101023193E+01    0.1066604141E+01
    0.5225411358E+01    0.1101199087E+01    0.1066858677E+01
    0.5236092178E+01    0.1101432372E+01    0.1067196051E+01
    0.5244278466E+01    0.1101614061E+01    0.1067458641E+01
    0.5248640997E+01    0.1101711903E+01    0.1067599988E+01
    0.5256827285E+01    0.1101897404E+01    0.1067867858E+01
    0.5267508105E+01    0.1102143138E+01    0.1068222475E+01
    0.5275694392E+01    0.1102334304E+01    0.1068498161E+01
    0.5280056924E+01    0.1102437173E+01    0.1068646445E+01
    0.5288243212E+01    0.1102632063E+01    0.1068927249E+01
    0.5298924031E+01    0.1102889960E+01    0.1069298583E+01
    0.5307110319E+01    0.1103090380E+01    0.1069586957E+01
    0.5311472850E+01    0.1103198155E+01    0.1069741957E+01
    0.5319659138E+01    0.1103402207E+01    0.1070035282E+01
    0.5330339958E+01    0.1103671965E+01    0.1070422784E+01
    0.5338526245E+01    0.1103881405E+01    0.1070723423E+01
    0.5342888777E+01    0.1103993963E+01    0.1070884913E+01
    0.5351075065E+01    0.1104206938E+01    0.1071190329E+01
    0.5361755884E+01    0.1104488245E+01    0.1071593435E+01
    0.5369942172E+01    0.1104706462E+01    0.1071905900E+01
    0.5374304703E+01    0.1104823670E+01    0.1072073646E+01
    0.5382490991E+01    0.1105045323E+01    0.1072390710E+01
    0.5393171811E+01    0.1105337853E+01    0.1072808838E+01
    0.5401358098E+01    0.1105564594E+01    0.1073132681E+01
    0.5405720630E+01    0.1105686317E+01    0.1073306441E+01
    0.5413906918E+01    0.1105916391E+01    0.1073634699E+01
    0.5424587737E+01    0.1106219805E+01    0.1074067252E+01
    0.5432774025E+01    0.1106454810E+01    0.1074402010E+01
    0.5437136556E+01    0.1106580908E+01    0.1074581538E+01
    0.5445322844E+01    0.1106819138E+01    0.1074920525E+01
    0.5456003664E+01    0.1107133087E+01    0.1075366890E+01
    0.5464189952E+01    0.1107376084E+01    0.1075712093E+01
    0.5468552483E+01    0.1107506412E+01    0.1075897135E+01
    0.5476738771E+01    0.1107752525E+01    0.1076246376E+01
    0.5487419590E+01    0.1108076649E+01    0.1076705930E+01
    0.5495605878E+01    0.1108327360E+01    0.1077061096E+01
    0.5499968409E+01    0.1108461769E+01    0.1077251397E+01
    0.5508154697E+01    0.1108715483E+01    0.1077610407E+01
    0.5518835517E+01    0.1109049412E+01    0.1078082516E+01
    0.5527021805E+01    0.1109307551E+01    0.1078447157E+01
    0.5531384336E+01    0.1109445888E+01    0.1078642454E+01
    0.5539570624E+01    0.1109706914E+01    0.1079010742E+01
    0.5550251443E+01    0.1110050267E+01    0.1079494761E+01
    0.5558437731E+01    0.1110315542E+01    0.1079868382E+01
    0.5562800263E+01    0.1110457649E+01    0.1080068411E+01
    0.5570986550E+01    0.1110725690E+01    0.1080445478E+01
    0.5581667370E+01    0.1111078080E+01    0.1080940756E+01
    0.5589853658E+01    0.1111350189E+01    0.1081322855E+01
    0.5594216189E+01    0.1111495906E+01    0.1081527349E+01
    0.5602402477E+01    0.1111770660E+01    0.1081912692E+01
    0.5613083296E+01    0.1112131688E+01    0.1082418570E+01
    0.5621269584E+01    0.1112410325E+01    0.1082808641E+01
    0.5625632116E+01    0.1112559488E+01    0.1083017328E+01
    0.5633818403E+01    0.1112840646E+01    0.1083410441E+01
    0.5644499223E+01    0.1113209907E+01    0.1083926255E+01
    0.5652685511E+01    0.1113494759E+01    0.1084323788E+01
    0.5657048042E+01    0.1113647201E+01    0.1084536398E+01
    0.5665234330E+01    0.1113934448E+01    0.1084936769E+01
    0.5675915149E+01    0.1114311528E+01    0.1085461852E+01
    0.5684101437E+01    0.1114602278E+01    0.1085866335E+01
    0.5688463969E+01    0.1114757828E+01    0.1086082594E+01
    0.5696650257E+01    0.1115050844E+01    0.1086489709E+01
    0.5707331076E+01    0.1115435325E+01    0.1087023392E+01
    0.5715517364E+01    0.1115731649E+01    0.1087434311E+01
    0.5719879895E+01    0.1115890136E+01    0.1087653946E+01
    0.5728066183E+01    0.1116188595E+01    0.1088067292E+01
    0.5738747003E+01    0.1116580051E+01    0.1088608902E+01
    0.5746933290E+01    0.1116881622E+01    0.1089025743E+01
    0.5751295822E+01    0.1117042869E+01    0.1089248479E+01
    0.5759482110E+01    0.1117346444E+01    0.1089667542E+01
    0.5770162929E+01    0.1117744443E+01    0.1090216409E+01
    0.5778349217E+01    0.1118050930E+01    0.1090638658E+01
    0.5782711748E+01    0.1118214761E+01    0.1090864221E+01
    0.5790898036E+01    0.1118523117E+01    0.1091288487E+01
    0.5801578856E+01    0.1118927224E+01    0.1091843941E+01
    0.5809765143E+01    0.1119238291E+01    0.1092271085E+01
    0.5814127675E+01    0.1119404527E+01    0.1092499202E+01
    0.5822313963E+01    0.1119717329E+01    0.1092928158E+01
    0.5832994782E+01    0.1120127102E+01    0.1093489533E+01
    0.5841181070E+01    0.1120442411E+01    0.1093921061E+01
    0.5845543601E+01    0.1120610871E+01    0.1094151460E+01
    0.5853729889E+01    0.1120927779E+01    0.1094584597E+01
    0.5864410709E+01    0.1121342776E+01    0.1095151227E+01
    0.5872596996E+01    0.1121661986E+01    0.1095586631E+01
    0.5876959528E+01    0.1121832489E+01    0.1095819042E+01
    0.5885145816E+01    0.1122153160E+01    0.1096255853E+01
    0.5895826635E+01    0.1122572934E+01    0.1096827079E+01
    0.5904012923E+01    0.1122895701E+01    0.1097265855E+01
    0.5908375454E+01    0.1123068063E+01    0.1097500009E+01
    0.5916561742E+01    0.1123392156E+01    0.1097939992E+01
    0.5927242562E+01    0.1123816256E+01    0.1098515160E+01
    0.5935428850E+01    0.1124142236E+01    0.1098956807E+01
    0.5939791381E+01    0.1124316274E+01    0.1099192439E+01
    0.5947977669E+01    0.1124643441E+01    0.1099635094E+01
    0.5958658488E+01    0.1125071417E+01    0.1100213556E+01
    0.5966844776E+01    0.1125400264E+01    0.1100657580E+01
    0.5971207308E+01    0.1125575792E+01    0.1100894426E+01
    0.5979393595E+01    0.1125905687E+01    0.1101339262E+01
    0.5990074415E+01    0.1126337088E+01    0.1101920376E+01
    0.5998260703E+01    0.1126668454E+01    0.1102366287E+01
    0.6002623234E+01    0.1126845288E+01    0.1102604086E+01
    0.6010809522E+01    0.1127177564E+01    0.1103050615E+01
    0.6021490341E+01    0.1127611934E+01    0.1103633750E+01
    0.6029676629E+01    0.1127945473E+01    0.1104081064E+01
    0.6034039161E+01    0.1128123428E+01    0.1104319560E+01
    0.6042225448E+01    0.1128457737E+01    0.1104767301E+01
    0.6052906268E+01    0.1128894624E+01    0.1105351830E+01
    0.6061092556E+01    0.1129229988E+01    0.1105800071E+01
    0.6065455087E+01    0.1129408878E+01    0.1106039011E+01
    0.6073641375E+01    0.1129744873E+01    0.1106487490E+01
    0.6084322194E+01    0.1130183825E+01    0.1107072799E+01
    0.6092508482E+01    0.1130520666E+01    0.1107521497E+01
    0.6096871014E+01    0.1130700307E+01    0.1107760631E+01
    0.6105057301E+01    0.1131037642E+01    0.1108209382E+01
    0.6115738121E+01    0.1131478205E+01    0.1108794865E+01
    0.6123924409E+01    0.1131816178E+01    0.1109243558E+01
    0.6128286940E+01    0.1131996385E+01    0.1109482640E+01
    0.6136473228E+01    0.1132334714E+01    0.1109931204E+01
    0.6147154048E+01    0.1132776439E+01    0.1110516265E+01
    0.6155340335E+01    0.1133115198E+01    0.1110964499E+01
    0.6159702867E+01    0.1133295788E+01    0.1111203290E+01
    0.6167889155E+01    0.1133634766E+01    0.1111651215E+01
    0.6178569974E+01    0.1134077204E+01    0.1112235270E+01
    0.6186756262E+01    0.1134416407E+01    0.1112682599E+01
    0.6191118793E+01    0.1134597197E+01    0.1112920861E+01
    0.6199305081E+01    0.1134936482E+01    0.1113367707E+01
    0.6209985901E+01    0.1135379186E+01    0.1113950180E+01
    0.6218172188E+01    0.1135718492E+01    0.1114396169E+01
    0.6222534720E+01    0.1135899299E+01    0.1114633669E+01
    0.6230721008E+01    0.1136238551E+01    0.1115079001E+01
    0.6241401827E+01    0.1136681079E+01    0.1115659333E+01
    0.6249588115E+01    0.1137020147E+01    0.1116103551E+01
    0.6253950646E+01    0.1137200793E+01    0.1116340064E+01
    0.6262136934E+01    0.1137539673E+01    0.1116783458E+01
    0.6272817754E+01    0.1137981585E+01    0.1117361097E+01
    0.6281004041E+01    0.1138320080E+01    0.1117803127E+01
