    0.2181265717E-02    0.1136805998E+01    0.1129652054E+01
    0.1036755352E-01    0.1137823699E+01    0.1130807321E+01
    0.2104837301E-01    0.1139148437E+01    0.1132310240E+01
    0.2923466082E-01    0.1140161338E+01    0.1133458704E+01
    0.3359719225E-01    0.1140700230E+01    0.1134069482E+01
    0.4178348006E-01    0.1141709747E+01    0.1135213225E+01
    0.5246429955E-01    0.1143023437E+01    0.1136700727E+01
    0.6065058736E-01    0.1144027587E+01    0.1137837087E+01
    0.6501311879E-01    0.1144561717E+01    0.1138441313E+01
    0.7319940660E-01    0.1145562113E+01    0.1139572575E+01
    0.8388022608E-01    0.1146863543E+01    0.1141043426E+01
    0.9206651389E-01    0.1147858024E+01    0.1142166747E+01
    0.9642904532E-01    0.1148386904E+01    0.1142763928E+01
    0.1046153331E+00    0.1149377273E+01    0.1143881789E+01
    0.1152961526E+00    0.1150665271E+01    0.1145334807E+01
    0.1234824404E+00    0.1151649194E+01    0.1146444196E+01
    0.1278449719E+00    0.1152172356E+01    0.1147033861E+01
    0.1360312597E+00    0.1153151820E+01    0.1148137444E+01
    0.1467120792E+00    0.1154425257E+01    0.1149571500E+01
    0.1548983670E+00    0.1155397764E+01    0.1150666103E+01
    0.1592608984E+00    0.1155914753E+01    0.1151247800E+01
    0.1674471862E+00    0.1156882469E+01    0.1152336267E+01
    0.1781280057E+00    0.1158140253E+01    0.1153750283E+01
    0.1863142935E+00    0.1159100519E+01    0.1154829285E+01
    0.1906768249E+00    0.1159610898E+01    0.1155402584E+01
    0.1988631127E+00    0.1160566050E+01    0.1156475135E+01
    0.2095439322E+00    0.1161807132E+01    0.1157868083E+01
    0.2177302200E+00    0.1162754362E+01    0.1158930708E+01
    0.2220927515E+00    0.1163257711E+01    0.1159495198E+01
    0.2302790393E+00    0.1164199518E+01    0.1160551073E+01
    0.2409598588E+00    0.1165422890E+01    0.1161921972E+01
    0.2491461466E+00    0.1166356319E+01    0.1162967481E+01
    0.2535086780E+00    0.1166852235E+01    0.1163522773E+01
    0.2616949658E+00    0.1167779946E+01    0.1164561246E+01
    0.2723757853E+00    0.1168984639E+01    0.1165909166E+01
    0.2805620731E+00    0.1169903536E+01    0.1166936855E+01
    0.2849246045E+00    0.1170391632E+01    0.1167482579E+01
    0.2931108923E+00    0.1171304526E+01    0.1168502961E+01
    0.3037917118E+00    0.1172489615E+01    0.1169827017E+01
    0.3119779996E+00    0.1173393279E+01    0.1170836219E+01
    0.3163405311E+00    0.1173873184E+01    0.1171372022E+01
    0.3245268189E+00    0.1174770575E+01    0.1172373659E+01
    0.3352076384E+00    0.1175935173E+01    0.1173673012E+01
    0.3433939262E+00    0.1176822934E+01    0.1174663093E+01
    0.3477564576E+00    0.1177294295E+01    0.1175188641E+01
    0.3559427454E+00    0.1178175523E+01    0.1176170915E+01
    0.3666235649E+00    0.1179318785E+01    0.1177444769E+01
    0.3748098527E+00    0.1180190003E+01    0.1178415129E+01
    0.3791723841E+00    0.1180652483E+01    0.1178930106E+01
    0.3873586720E+00    0.1181516922E+01    0.1179892429E+01
    0.3980394914E+00    0.1182638041E+01    0.1181140030E+01
    0.4062257792E+00    0.1183492109E+01    0.1182090103E+01
    0.4105883107E+00    0.1183945386E+01    0.1182594210E+01
    0.4187745985E+00    0.1184792440E+01    0.1183536027E+01
    0.4294554180E+00    0.1185890650E+01    0.1184756664E+01
    0.4376417058E+00    0.1186726989E+01    0.1185685913E+01
    0.4420042372E+00    0.1187170758E+01    0.1186178867E+01
    0.4501905250E+00    0.1187999859E+01    0.1187099654E+01
    0.4608713445E+00    0.1189074432E+01    0.1188292656E+01
    0.4690576323E+00    0.1189892492E+01    0.1189200574E+01
    0.4734201638E+00    0.1190326463E+01    0.1189682110E+01
    0.4816064516E+00    0.1191137075E+01    0.1190581372E+01
    0.4922872711E+00    0.1192187321E+01    0.1191746106E+01
    0.5004735589E+00    0.1192986582E+01    0.1192632216E+01
    0.5048360903E+00    0.1193410482E+01    0.1193102082E+01
    0.5130223781E+00    0.1194202095E+01    0.1193979355E+01
    0.5237031976E+00    0.1195227360E+01    0.1195115223E+01
    0.5318894854E+00    0.1196007330E+01    0.1195979078E+01
    0.5362520168E+00    0.1196420900E+01    0.1196437037E+01
    0.5444383046E+00    0.1197193033E+01    0.1197291883E+01
    0.5551191241E+00    0.1198192702E+01    0.1198398325E+01
    0.5633054119E+00    0.1198952917E+01    0.1199239503E+01
    0.5676679434E+00    0.1199355911E+01    0.1199685335E+01
    0.5758542312E+00    0.1200108112E+01    0.1200517343E+01
    0.5865350507E+00    0.1201081604E+01    0.1201593833E+01
    0.5947213385E+00    0.1201821627E+01    0.1202411938E+01
    0.5990838699E+00    0.1202213815E+01    0.1202845433E+01
    0.6072701577E+00    0.1202945656E+01    0.1203654217E+01
    0.6179509772E+00    0.1203892424E+01    0.1204700263E+01
    0.6261372650E+00    0.1204611844E+01    0.1205494925E+01
    0.6304997964E+00    0.1204993010E+01    0.1205915889E+01
    0.6386860842E+00    0.1205704091E+01    0.1206701089E+01
    0.6493669037E+00    0.1206623622E+01    0.1207716229E+01
    0.6575531915E+00    0.1207322053E+01    0.1208487102E+01
    0.6619157230E+00    0.1207691995E+01    0.1208895353E+01
    0.6701020108E+00    0.1208381940E+01    0.1209656632E+01
    0.6807828303E+00    0.1209273753E+01    0.1210640434E+01
    0.6889691181E+00    0.1209950834E+01    0.1211387194E+01
    0.6933316495E+00    0.1210309362E+01    0.1211782562E+01
    0.7015179373E+00    0.1210977819E+01    0.1212519605E+01
    0.7121987568E+00    0.1211841466E+01    0.1213471669E+01
    0.7203850446E+00    0.1212496860E+01    0.1214194015E+01
    0.7247475760E+00    0.1212843796E+01    0.1214576342E+01
    0.7329338638E+00    0.1213490438E+01    0.1215288857E+01
    0.7436146833E+00    0.1214325499E+01    0.1216208808E+01
    0.7518009711E+00    0.1214958892E+01    0.1216906460E+01
    0.7561635026E+00    0.1215294071E+01    0.1217275598E+01
    0.7643497904E+00    0.1215918593E+01    0.1217963312E+01
    0.7750306099E+00    0.1216724678E+01    0.1218850804E+01
    0.7832168977E+00    0.1217335777E+01    0.1219523501E+01
    0.7875794291E+00    0.1217659046E+01    0.1219879314E+01
    0.7957657169E+00    0.1218261163E+01    0.1220541975E+01
    0.8064465364E+00    0.1219037912E+01    0.1221396685E+01
    0.8146328242E+00    0.1219626446E+01    0.1222044186E+01
    0.8189953557E+00    0.1219937662E+01    0.1222386548E+01
    0.8271816435E+00    0.1220517112E+01    0.1223023921E+01
    0.8378624629E+00    0.1221264187E+01    0.1223845552E+01
    0.8460487508E+00    0.1221829905E+01    0.1224467634E+01
    0.8504112822E+00    0.1222128938E+01    0.1224796428E+01
    0.8585975700E+00    0.1222685476E+01    0.1225408298E+01
    0.8692783895E+00    0.1223402570E+01    0.1226196574E+01
    0.8774646773E+00    0.1223945240E+01    0.1226793032E+01
    0.8818272087E+00    0.1224231966E+01    0.1227108149E+01
    0.8900134965E+00    0.1224765370E+01    0.1227694317E+01
    0.9006943160E+00    0.1225452195E+01    0.1228448985E+01
    0.9088806038E+00    0.1225971605E+01    0.1229019629E+01
    0.9132431353E+00    0.1226245913E+01    0.1229320971E+01
    0.9214294231E+00    0.1226755976E+01    0.1229881254E+01
    0.9321102426E+00    0.1227412270E+01    0.1230602081E+01
    0.9402965304E+00    0.1227908222E+01    0.1231146737E+01
    0.9446590618E+00    0.1228170011E+01    0.1231434212E+01
    0.9528453496E+00    0.1228656542E+01    0.1231968442E+01
    0.9635261691E+00    0.1229282066E+01    0.1232655215E+01
    0.9717124569E+00    0.1229754381E+01    0.1233173724E+01
    0.9760749883E+00    0.1230003555E+01    0.1233447249E+01
    0.9842612761E+00    0.1230466383E+01    0.1233955272E+01
    0.9949420956E+00    0.1231060915E+01    0.1234607796E+01
    0.1003128383E+01    0.1231509430E+01    0.1235100012E+01
    0.1007490915E+01    0.1231745904E+01    0.1235359511E+01
    0.1015677203E+01    0.1232184869E+01    0.1235841187E+01
    0.1026358022E+01    0.1232748210E+01    0.1236459283E+01
    0.1034544310E+01    0.1233172774E+01    0.1236925074E+01
    0.1038906841E+01    0.1233396470E+01    0.1237170477E+01
    0.1047093129E+01    0.1233811430E+01    0.1237625678E+01
    0.1057773949E+01    0.1234343397E+01    0.1238209186E+01
    0.1065960237E+01    0.1234743876E+01    0.1238648431E+01
    0.1070322768E+01    0.1234954723E+01    0.1238879675E+01
    0.1078509056E+01    0.1235345546E+01    0.1239308285E+01
    0.1089189875E+01    0.1235845974E+01    0.1239857057E+01
    0.1097376163E+01    0.1236222245E+01    0.1240269647E+01
    0.1101738694E+01    0.1236420178E+01    0.1240486676E+01
    0.1109924982E+01    0.1236786748E+01    0.1240888590E+01
    0.1120605802E+01    0.1237255488E+01    0.1241402494E+01
    0.1128792090E+01    0.1237607440E+01    0.1241788330E+01
    0.1133154621E+01    0.1237792403E+01    0.1241991092E+01
    0.1141340909E+01    0.1238134613E+01    0.1242366217E+01
    0.1152021728E+01    0.1238571532E+01    0.1242845132E+01
    0.1160208016E+01    0.1238899065E+01    0.1243204126E+01
    0.1164570548E+01    0.1239071006E+01    0.1243392575E+01
    0.1172756835E+01    0.1239388761E+01    0.1243740825E+01
    0.1183437655E+01    0.1239793739E+01    0.1244184645E+01
    0.1191623943E+01    0.1240096765E+01    0.1244516719E+01
    0.1195986474E+01    0.1240255637E+01    0.1244690813E+01
    0.1204172762E+01    0.1240548852E+01    0.1245012112E+01
    0.1214853581E+01    0.1240921782E+01    0.1245420742E+01
    0.1223039869E+01    0.1241200223E+01    0.1245725823E+01
    0.1227402401E+01    0.1241345985E+01    0.1245885527E+01
    0.1235588688E+01    0.1241614585E+01    0.1246179808E+01
    0.1246269508E+01    0.1241955373E+01    0.1246553163E+01
    0.1254455796E+01    0.1242209158E+01    0.1246831189E+01
    0.1258818327E+01    0.1242341774E+01    0.1246976469E+01
    0.1267004615E+01    0.1242585693E+01    0.1247243673E+01
    0.1277685434E+01    0.1242894254E+01    0.1247581677E+01
    0.1285871722E+01    0.1243123322E+01    0.1247832594E+01
    0.1290234254E+01    0.1243242760E+01    0.1247963421E+01
    0.1298420541E+01    0.1243461939E+01    0.1248203495E+01
    0.1309101361E+01    0.1243738202E+01    0.1248506083E+01
    0.1317287649E+01    0.1243942499E+01    0.1248729842E+01
    0.1321650180E+01    0.1244048731E+01    0.1248846192E+01
    0.1329836468E+01    0.1244243120E+01    0.1249059090E+01
    0.1340517288E+01    0.1244487021E+01    0.1249326206E+01
    0.1348703575E+01    0.1244666501E+01    0.1249522765E+01
    0.1353066107E+01    0.1244759503E+01    0.1249624616E+01
    0.1361252395E+01    0.1244929059E+01    0.1249810300E+01
    0.1371933214E+01    0.1245140543E+01    0.1250041894E+01
    0.1380119502E+01    0.1245295167E+01    0.1250211218E+01
    0.1384482033E+01    0.1245374919E+01    0.1250298551E+01
    0.1392668321E+01    0.1245519605E+01    0.1250456987E+01
    0.1403349141E+01    0.1245698627E+01    0.1250653019E+01
    0.1411535428E+01    0.1245828361E+01    0.1250795077E+01
    0.1415897960E+01    0.1245894846E+01    0.1250867877E+01
    0.1424084248E+01    0.1246014630E+01    0.1250999037E+01
    0.1434765067E+01    0.1246161153E+01    0.1251159472E+01
    0.1442951355E+01    0.1246265970E+01    0.1251274240E+01
    0.1447313886E+01    0.1246319175E+01    0.1251332495E+01
    0.1455500174E+01    0.1246414033E+01    0.1251436357E+01
    0.1466180994E+01    0.1246528025E+01    0.1251561167E+01
    0.1474367281E+01    0.1246607904E+01    0.1251648626E+01
    0.1478729813E+01    0.1246647817E+01    0.1251692325E+01
    0.1486916101E+01    0.1246717730E+01    0.1251768871E+01
    0.1497596920E+01    0.1246799169E+01    0.1251858036E+01
    0.1505783208E+01    0.1246854094E+01    0.1251918170E+01
    0.1510145739E+01    0.1246880707E+01    0.1251947308E+01
    0.1518332027E+01    0.1246925660E+01    0.1251996524E+01
    0.1529012847E+01    0.1246974530E+01    0.1252050030E+01
    0.1537199135E+01    0.1247004489E+01    0.1252082830E+01
    0.1541561666E+01    0.1247017797E+01    0.1252097399E+01
    0.1549747954E+01    0.1247037781E+01    0.1252119279E+01
    0.1560428773E+01    0.1247054073E+01    0.1252137115E+01
    0.1568615061E+01    0.1247059060E+01    0.1252142576E+01
    0.1572977593E+01    0.1247059060E+01    0.1252142576E+01
    0.1581163880E+01    0.1247054073E+01    0.1252137115E+01
    0.1591844700E+01    0.1247037781E+01    0.1252119279E+01
    0.1600030988E+01    0.1247017797E+01    0.1252097399E+01
    0.1604393519E+01    0.1247004489E+01    0.1252082830E+01
    0.1612579807E+01    0.1246974530E+01    0.1252050029E+01
    0.1623260626E+01    0.1246925660E+01    0.1251996524E+01
    0.1631446914E+01    0.1246880706E+01    0.1251947308E+01
    0.1635809446E+01    0.1246854094E+01    0.1251918171E+01
    0.1643995733E+01    0.1246799169E+01    0.1251858036E+01
    0.1654676553E+01    0.1246717730E+01    0.1251768871E+01
    0.1662862841E+01    0.1246647817E+01    0.1251692325E+01
    0.1667225372E+01    0.1246607904E+01    0.1251648626E+01
    0.1675411660E+01    0.1246528025E+01    0.1251561167E+01
    0.1686092479E+01    0.1246414033E+01    0.1251436357E+01
    0.1694278767E+01    0.1246319175E+01    0.1251332495E+01
    0.1698641299E+01    0.1246265970E+01    0.1251274240E+01
    0.1706827586E+01    0.1246161153E+01    0.1251159472E+01
    0.1717508406E+01    0.1246014630E+01    0.1250999037E+01
    0.1725694694E+01    0.1245894846E+01    0.1250867877E+01
    0.1730057225E+01    0.1245828361E+01    0.1250795077E+01
    0.1738243513E+01    0.1245698627E+01    0.1250653019E+01
    0.1748924332E+01    0.1245519605E+01    0.1250456987E+01
    0.1757110620E+01    0.1245374919E+01    0.1250298551E+01
    0.1761473152E+01    0.1245295167E+01    0.1250211218E+01
    0.1769659440E+01    0.1245140543E+01    0.1250041894E+01
    0.1780340259E+01    0.1244929059E+01    0.1249810300E+01
    0.1788526547E+01    0.1244759503E+01    0.1249624616E+01
    0.1792889078E+01    0.1244666501E+01    0.1249522765E+01
    0.1801075366E+01    0.1244487021E+01    0.1249326206E+01
    0.1811756186E+01    0.1244243121E+01    0.1249059090E+01
    0.1819942473E+01    0.1244048731E+01    0.1248846192E+01
    0.1824305005E+01    0.1243942499E+01    0.1248729842E+01
    0.1832491293E+01    0.1243738202E+01    0.1248506083E+01
    0.1843172112E+01    0.1243461939E+01    0.1248203495E+01
    0.1851358400E+01    0.1243242760E+01    0.1247963421E+01
    0.1855720931E+01    0.1243123322E+01    0.1247832594E+01
    0.1863907219E+01    0.1242894254E+01    0.1247581677E+01
    0.1874588039E+01    0.1242585693E+01    0.1247243673E+01
    0.1882774326E+01    0.1242341774E+01    0.1246976469E+01
    0.1887136858E+01    0.1242209158E+01    0.1246831189E+01
    0.1895323146E+01    0.1241955373E+01    0.1246553163E+01
    0.1906003965E+01    0.1241614585E+01    0.1246179808E+01
    0.1914190253E+01    0.1241345985E+01    0.1245885527E+01
    0.1918552784E+01    0.1241200223E+01    0.1245725823E+01
    0.1926739072E+01    0.1240921782E+01    0.1245420742E+01
    0.1937419892E+01    0.1240548852E+01    0.1245012113E+01
    0.1945606180E+01    0.1240255637E+01    0.1244690813E+01
    0.1949968711E+01    0.1240096765E+01    0.1244516719E+01
    0.1958154999E+01    0.1239793739E+01    0.1244184645E+01
    0.1968835818E+01    0.1239388761E+01    0.1243740825E+01
    0.1977022106E+01    0.1239071006E+01    0.1243392575E+01
    0.1981384637E+01    0.1238899066E+01    0.1243204126E+01
    0.1989570925E+01    0.1238571532E+01    0.1242845132E+01
    0.2000251745E+01    0.1238134613E+01    0.1242366217E+01
    0.2008438033E+01    0.1237792403E+01    0.1241991092E+01
    0.2012800564E+01    0.1237607440E+01    0.1241788330E+01
    0.2020986852E+01    0.1237255488E+01    0.1241402493E+01
    0.2031667671E+01    0.1236786748E+01    0.1240888590E+01
    0.2039853959E+01    0.1236420178E+01    0.1240486676E+01
    0.2044216491E+01    0.1236222245E+01    0.1240269647E+01
    0.2052402778E+01    0.1235845974E+01    0.1239857057E+01
    0.2063083598E+01    0.1235345546E+01    0.1239308285E+01
    0.2071269886E+01    0.1234954722E+01    0.1238879675E+01
    0.2075632417E+01    0.1234743876E+01    0.1238648431E+01
    0.2083818705E+01    0.1234343397E+01    0.1238209186E+01
    0.2094499524E+01    0.1233811430E+01    0.1237625678E+01
    0.2102685812E+01    0.1233396470E+01    0.1237170477E+01
    0.2107048344E+01    0.1233172775E+01    0.1236925074E+01
    0.2115234631E+01    0.1232748210E+01    0.1236459283E+01
    0.2125915451E+01    0.1232184869E+01    0.1235841187E+01
    0.2134101739E+01    0.1231745904E+01    0.1235359511E+01
    0.2138464270E+01    0.1231509430E+01    0.1235100012E+01
    0.2146650558E+01    0.1231060915E+01    0.1234607796E+01
    0.2157331377E+01    0.1230466383E+01    0.1233955272E+01
    0.2165517665E+01    0.1230003555E+01    0.1233447249E+01
    0.2169880197E+01    0.1229754381E+01    0.1233173724E+01
    0.2178066485E+01    0.1229282066E+01    0.1232655215E+01
    0.2188747304E+01    0.1228656542E+01    0.1231968442E+01
    0.2196933592E+01    0.1228170011E+01    0.1231434212E+01
    0.2201296123E+01    0.1227908222E+01    0.1231146737E+01
    0.2209482411E+01    0.1227412270E+01    0.1230602081E+01
    0.2220163231E+01    0.1226755976E+01    0.1229881254E+01
    0.2228349518E+01    0.1226245913E+01    0.1229320971E+01
    0.2232712050E+01    0.1225971605E+01    0.1229019629E+01
    0.2240898338E+01    0.1225452195E+01    0.1228448985E+01
    0.2251579157E+01    0.1224765370E+01    0.1227694317E+01
    0.2259765445E+01    0.1224231966E+01    0.1227108149E+01
    0.2264127976E+01    0.1223945240E+01    0.1226793032E+01
    0.2272314264E+01    0.1223402570E+01    0.1226196574E+01
    0.2282995084E+01    0.1222685476E+01    0.1225408298E+01
    0.2291181371E+01    0.1222128938E+01    0.1224796427E+01
    0.2295543903E+01    0.1221829905E+01    0.1224467634E+01
    0.2303730191E+01    0.1221264187E+01    0.1223845552E+01
    0.2314411010E+01    0.1220517112E+01    0.1223023921E+01
    0.2322597298E+01    0.1219937662E+01    0.1222386548E+01
    0.2326959829E+01    0.1219626446E+01    0.1222044186E+01
    0.2335146117E+01    0.1219037912E+01    0.1221396685E+01
    0.2345826937E+01    0.1218261163E+01    0.1220541975E+01
    0.2354013224E+01    0.1217659046E+01    0.1219879314E+01
    0.2358375756E+01    0.1217335777E+01    0.1219523501E+01
    0.2366562044E+01    0.1216724678E+01    0.1218850804E+01
    0.2377242863E+01    0.1215918593E+01    0.1217963312E+01
    0.2385429151E+01    0.1215294071E+01    0.1217275598E+01
    0.2389791682E+01    0.1214958892E+01    0.1216906460E+01
    0.2397977970E+01    0.1214325499E+01    0.1216208808E+01
    0.2408658790E+01    0.1213490438E+01    0.1215288857E+01
    0.2416845078E+01    0.1212843796E+01    0.1214576342E+01
    0.2421207609E+01    0.1212496860E+01    0.1214194015E+01
    0.2429393897E+01    0.1211841466E+01    0.1213471669E+01
    0.2440074716E+01    0.1210977819E+01    0.1212519606E+01
    0.2448261004E+01    0.1210309362E+01    0.1211782562E+01
    0.2452623536E+01    0.1209950834E+01    0.1211387194E+01
    0.2460809823E+01    0.1209273753E+01    0.1210640434E+01
    0.2471490643E+01    0.1208381940E+01    0.1209656632E+01
    0.2479676931E+01    0.1207691995E+01    0.1208895353E+01
    0.2484039462E+01    0.1207322053E+01    0.1208487102E+01
    0.2492225750E+01    0.1206623622E+01    0.1207716229E+01
    0.2502906569E+01    0.1205704091E+01    0.1206701089E+01
    0.2511092857E+01    0.1204993010E+01    0.1205915889E+01
    0.2515455389E+01    0.1204611844E+01    0.1205494925E+01
    0.2523641676E+01    0.1203892424E+01    0.1204700263E+01
    0.2534322496E+01    0.1202945656E+01    0.1203654218E+01
    0.2542508784E+01    0.1202213815E+01    0.1202845433E+01
    0.2546871315E+01    0.1201821627E+01    0.1202411938E+01
    0.2555057603E+01    0.1201081604E+01    0.1201593833E+01
    0.2565738422E+01    0.1200108112E+01    0.1200517343E+01
    0.2573924710E+01    0.1199355911E+01    0.1199685335E+01
    0.2578287242E+01    0.1198952918E+01    0.1199239504E+01
    0.2586473529E+01    0.1198192702E+01    0.1198398325E+01
    0.2597154349E+01    0.1197193033E+01    0.1197291884E+01
    0.2605340637E+01    0.1196420900E+01    0.1196437037E+01
    0.2609703168E+01    0.1196007331E+01    0.1195979078E+01
    0.2617889456E+01    0.1195227360E+01    0.1195115223E+01
    0.2628570275E+01    0.1194202095E+01    0.1193979355E+01
    0.2636756563E+01    0.1193410482E+01    0.1193102082E+01
    0.2641119095E+01    0.1192986582E+01    0.1192632216E+01
    0.2649305383E+01    0.1192187321E+01    0.1191746106E+01
    0.2659986202E+01    0.1191137075E+01    0.1190581373E+01
    0.2668172490E+01    0.1190326463E+01    0.1189682110E+01
    0.2672535021E+01    0.1189892492E+01    0.1189200574E+01
    0.2680721309E+01    0.1189074432E+01    0.1188292656E+01
    0.2691402129E+01    0.1187999859E+01    0.1187099654E+01
    0.2699588416E+01    0.1187170758E+01    0.1186178867E+01
    0.2703950948E+01    0.1186726989E+01    0.1185685913E+01
    0.2712137236E+01    0.1185890650E+01    0.1184756664E+01
    0.2722818055E+01    0.1184792440E+01    0.1183536027E+01
    0.2731004343E+01    0.1183945386E+01    0.1182594210E+01
    0.2735366874E+01    0.1183492109E+01    0.1182090103E+01
    0.2743553162E+01    0.1182638041E+01    0.1181140030E+01
    0.2754233982E+01    0.1181516922E+01    0.1179892429E+01
    0.2762420269E+01    0.1180652483E+01    0.1178930106E+01
    0.2766782801E+01    0.1180190003E+01    0.1178415129E+01
    0.2774969089E+01    0.1179318785E+01    0.1177444769E+01
    0.2785649908E+01    0.1178175523E+01    0.1176170915E+01
    0.2793836196E+01    0.1177294295E+01    0.1175188641E+01
    0.2798198727E+01    0.1176822934E+01    0.1174663093E+01
    0.2806385015E+01    0.1175935173E+01    0.1173673012E+01
    0.2817065835E+01    0.1174770575E+01    0.1172373659E+01
    0.2825252123E+01    0.1173873184E+01    0.1171372022E+01
    0.2829614654E+01    0.1173393279E+01    0.1170836219E+01
    0.2837800942E+01    0.1172489615E+01    0.1169827017E+01
    0.2848481761E+01    0.1171304526E+01    0.1168502961E+01
    0.2856668049E+01    0.1170391632E+01    0.1167482579E+01
    0.2861030580E+01    0.1169903536E+01    0.1166936855E+01
    0.2869216868E+01    0.1168984639E+01    0.1165909166E+01
    0.2879897688E+01    0.1167779946E+01    0.1164561246E+01
    0.2888083976E+01    0.1166852235E+01    0.1163522773E+01
    0.2892446507E+01    0.1166356319E+01    0.1162967481E+01
    0.2900632795E+01    0.1165422890E+01    0.1161921972E+01
    0.2911313614E+01    0.1164199518E+01    0.1160551073E+01
    0.2919499902E+01    0.1163257711E+01    0.1159495198E+01
    0.2923862434E+01    0.1162754362E+01    0.1158930708E+01
    0.2932048721E+01    0.1161807132E+01    0.1157868083E+01
    0.2942729541E+01    0.1160566050E+01    0.1156475135E+01
    0.2950915829E+01    0.1159610898E+01    0.1155402584E+01
    0.2955278360E+01    0.1159100519E+01    0.1154829285E+01
    0.2963464648E+01    0.1158140253E+01    0.1153750283E+01
    0.2974145467E+01    0.1156882469E+01    0.1152336267E+01
    0.2982331755E+01    0.1155914753E+01    0.1151247800E+01
    0.2986694287E+01    0.1155397764E+01    0.1150666103E+01
    0.2994880574E+01    0.1154425257E+01    0.1149571500E+01
    0.3005561394E+01    0.1153151820E+01    0.1148137444E+01
    0.3013747682E+01    0.1152172356E+01    0.1147033861E+01
    0.3018110213E+01    0.1151649194E+01    0.1146444196E+01
    0.3026296501E+01    0.1150665271E+01    0.1145334807E+01
    0.3036977320E+01    0.1149377273E+01    0.1143881789E+01
    0.3045163608E+01    0.1148386904E+01    0.1142763928E+01
    0.3049526140E+01    0.1147858024E+01    0.1142166747E+01
    0.3057712428E+01    0.1146863543E+01    0.1141043426E+01
    0.3068393247E+01    0.1145562113E+01    0.1139572575E+01
    0.3076579535E+01    0.1144561717E+01    0.1138441313E+01
    0.3080942066E+01    0.1144027587E+01    0.1137837087E+01
    0.3089128354E+01    0.1143023437E+01    0.1136700727E+01
    0.3099809174E+01    0.1141709747E+01    0.1135213225E+01
    0.3107995461E+01    0.1140700230E+01    0.1134069482E+01
    0.3112357993E+01    0.1140161338E+01    0.1133458704E+01
    0.3120544281E+01    0.1139148437E+01    0.1132310240E+01
    0.3131225100E+01    0.1137823699E+01    0.1130807321E+01
    0.3139411388E+01    0.1136805998E+01    0.1129652054E+01
    0.3143773919E+01    0.1136262846E+01    0.1129035239E+01
    0.3151960207E+01    0.1135242144E+01    0.1127875646E+01
    0.3162641027E+01    0.1133907607E+01    0.1126358599E+01
    0.3170827314E+01    0.1132882689E+01    0.1125192808E+01
    0.3175189846E+01    0.1132335796E+01    0.1124570494E+01
    0.3183376134E+01    0.1131308272E+01    0.1123400788E+01
    0.3194056953E+01    0.1129965225E+01    0.1121870956E+01
    0.3202243241E+01    0.1128934085E+01    0.1120695683E+01
    0.3206605772E+01    0.1128383986E+01    0.1120068429E+01
    0.3214792060E+01    0.1127350647E+01    0.1118889669E+01
    0.3225472880E+01    0.1126000414E+01    0.1117348448E+01
    0.3233659167E+01    0.1124964079E+01    0.1116164776E+01
    0.3238021699E+01    0.1124411321E+01    0.1115533165E+01
    0.3246207987E+01    0.1123373203E+01    0.1114346450E+01
    0.3256888806E+01    0.1122017148E+01    0.1112795294E+01
    0.3265075094E+01    0.1120976669E+01    0.1111604349E+01
    0.3269437625E+01    0.1120421816E+01    0.1110968984E+01
    0.3277623913E+01    0.1119379982E+01    0.1109775457E+01
    0.3288304733E+01    0.1118019502E+01    0.1108215872E+01
    0.3296491021E+01    0.1116975957E+01    0.1107018821E+01
    0.3300853552E+01    0.1116419587E+01    0.1106380330E+01
    0.3309039840E+01    0.1115375126E+01    0.1105181176E+01
    0.3319720659E+01    0.1114011650E+01    0.1103614723E+01
    0.3327906947E+01    0.1112966145E+01    0.1102412776E+01
    0.3332269479E+01    0.1112408849E+01    0.1101771807E+01
    0.3340455766E+01    0.1111362874E+01    0.1100568251E+01
    0.3351136586E+01    0.1109997867E+01    0.1098996547E+01
    0.3359322874E+01    0.1108951528E+01    0.1097790954E+01
    0.3363685405E+01    0.1108393910E+01    0.1097148178E+01
    0.3371871693E+01    0.1107347559E+01    0.1095941488E+01
    0.3382552512E+01    0.1105982513E+01    0.1094366200E+01
    0.3390738800E+01    0.1104936493E+01    0.1093158253E+01
    0.3395101332E+01    0.1104379168E+01    0.1092514362E+01
    0.3403287619E+01    0.1103333601E+01    0.1091305844E+01
    0.3413968439E+01    0.1101970038E+01    0.1089728695E+01
    0.3422154727E+01    0.1100925509E+01    0.1088519725E+01
    0.3426517258E+01    0.1100369105E+01    0.1087875432E+01
    0.3434703546E+01    0.1099325503E+01    0.1086666434E+01
    0.3445384365E+01    0.1097964971E+01    0.1085089194E+01
    0.3453570653E+01    0.1096923125E+01    0.1083880570E+01
    0.3457933185E+01    0.1096368279E+01    0.1083236610E+01
    0.3466119472E+01    0.1095327842E+01    0.1082028515E+01
    0.3476800292E+01    0.1093971914E+01    0.1080453006E+01
    0.3484986580E+01    0.1092933961E+01    0.1079246135E+01
    0.3489349111E+01    0.1092381320E+01    0.1078603261E+01
    0.3497535399E+01    0.1091345265E+01    0.1077397491E+01
    0.3508216218E+01    0.1089995536E+01    0.1075825580E+01
    0.3516402506E+01    0.1088962704E+01    0.1074621903E+01
    0.3520765038E+01    0.1088412923E+01    0.1073980887E+01
    0.3528951326E+01    0.1087382483E+01    0.1072778897E+01
    0.3539632145E+01    0.1086040566E+01    0.1071212498E+01
    0.3547818433E+01    0.1085014097E+01    0.1070013491E+01
    0.3552180964E+01    0.1084467839E+01    0.1069375123E+01
    0.3560367252E+01    0.1083444261E+01    0.1068178401E+01
    0.3571048072E+01    0.1082111788E+01    0.1066619467E+01
    0.3579234359E+01    0.1081092934E+01    0.1065426637E+01
    0.3583596891E+01    0.1080550869E+01    0.1064791723E+01
    0.3591783179E+01    0.1079535410E+01    0.1063601788E+01
    0.3602463998E+01    0.1078214026E+01    0.1062052311E+01
    0.3610650286E+01    0.1077204052E+01    0.1060867194E+01
    0.3615012817E+01    0.1076666855E+01    0.1060236555E+01
    0.3623199105E+01    0.1075660783E+01    0.1059054953E+01
    0.3633879925E+01    0.1074352146E+01    0.1057516961E+01
    0.3642066212E+01    0.1073352324E+01    0.1056341118E+01
    0.3646428744E+01    0.1072820672E+01    0.1055715589E+01
    0.3654615032E+01    0.1071825262E+01    0.1054543892E+01
    0.3665295851E+01    0.1070531037E+01    0.1053019444E+01
    0.3673482139E+01    0.1069542645E+01    0.1051854459E+01
    0.3677844670E+01    0.1069017220E+01    0.1051234887E+01
    0.3686030958E+01    0.1068033752E+01    0.1050074687E+01
    0.3696711778E+01    0.1066755609E+01    0.1048565868E+01
    0.3704898066E+01    0.1065779929E+01    0.1047413346E+01
    0.3709260597E+01    0.1065261415E+01    0.1046800587E+01
    0.3717446885E+01    0.1064291171E+01    0.1045653495E+01
    0.3728127704E+01    0.1063030783E+01    0.1044162413E+01
    0.3736313992E+01    0.1062069097E+01    0.1043023974E+01
    0.3740676523E+01    0.1061558177E+01    0.1042418893E+01
    0.3748862811E+01    0.1060602438E+01    0.1041286535E+01
    0.3759543631E+01    0.1059361479E+01    0.1039815317E+01
    0.3767729919E+01    0.1058415068E+01    0.1038692594E+01
    0.3772092450E+01    0.1057912424E+01    0.1038096062E+01
    0.3780278738E+01    0.1056972471E+01    0.1036980074E+01
    0.3790959557E+01    0.1055752608E+01    0.1035530857E+01
    0.3799145845E+01    0.1054822748E+01    0.1034425490E+01
    0.3803508377E+01    0.1054329060E+01    0.1033838382E+01
    0.3811694664E+01    0.1053406168E+01    0.1032740408E+01
    0.3822375484E+01    0.1052209061E+01    0.1031315338E+01
    0.3830561772E+01    0.1051297023E+01    0.1030228972E+01
    0.3834924303E+01    0.1050812968E+01    0.1029652165E+01
    0.3843110591E+01    0.1049908402E+01    0.1028573849E+01
    0.3853791410E+01    0.1048735700E+01    0.1027175072E+01
    0.3861977698E+01    0.1047842745E+01    0.1026109352E+01
    0.3866340230E+01    0.1047368993E+01    0.1025543723E+01
    0.3874526517E+01    0.1046484010E+01    0.1024486709E+01
    0.3885207337E+01    0.1045337348E+01    0.1023116367E+01
    0.3893393625E+01    0.1044464725E+01    0.1022072934E+01
    0.3897756156E+01    0.1044001940E+01    0.1021519355E+01
    0.3905942444E+01    0.1043137784E+01    0.1020485279E+01
    0.3916623263E+01    0.1042018779E+01    0.1019145506E+01
    0.3924809551E+01    0.1041167721E+01    0.1018125989E+01
    0.3929172083E+01    0.1040716559E+01    0.1017585328E+01
    0.3937358371E+01    0.1039874457E+01    0.1016575817E+01
    0.3948039190E+01    0.1038784702E+01    0.1015268727E+01
    0.3956225478E+01    0.1037956428E+01    0.1014274744E+01
    0.3960588009E+01    0.1037517534E+01    0.1013747861E+01
    0.3968774297E+01    0.1036698696E+01    0.1012764525E+01
    0.3979455117E+01    0.1035639760E+01    0.1011492211E+01
    0.3987641404E+01    0.1034835464E+01    0.1010525359E+01
    0.3992003936E+01    0.1034409476E+01    0.1010013104E+01
    0.4000190224E+01    0.1033615087E+01    0.1009057531E+01
    0.4010871043E+01    0.1032588512E+01    0.1007822057E+01
    0.4019057331E+01    0.1031809368E+01    0.1006883912E+01
    0.4023419862E+01    0.1031396907E+01    0.1006387120E+01
    0.4031606150E+01    0.1030628132E+01    0.1005460875E+01
    0.4042286970E+01    0.1029635424E+01    0.1004264271E+01
    0.4050473257E+01    0.1028882580E+01    0.1003356378E+01
    0.4054835789E+01    0.1028484254E+01    0.1002875871E+01
    0.4063022077E+01    0.1027742229E+01    0.1001980487E+01
    0.4073702896E+01    0.1026784861E+01    0.1000824740E+01
    0.4081889184E+01    0.1026059436E+01    0.9999486134E+00
    0.4086251715E+01    0.1025675838E+01    0.9994851934E+00
    0.4094438003E+01    0.1024961671E+01    0.9986221699E+00
    0.4105118823E+01    0.1024041074E+01    0.9975092214E+00
    0.4113305110E+01    0.1023344154E+01    0.9966663362E+00
    0.4117667642E+01    0.1022975862E+01    0.9962207855E+00
    0.4125853930E+01    0.1022290626E+01    0.9953915816E+00
    0.4136534749E+01    0.1021408188E+01    0.9943233191E+00
    0.4144721037E+01    0.1020740829E+01    0.9935151092E+00
    0.4149083568E+01    0.1020388399E+01    0.9930881869E+00
    0.4157269856E+01    0.1019733134E+01    0.9922942181E+00
    0.4167950676E+01    0.1018890198E+01    0.9912724699E+00
    0.4176136964E+01    0.1018253417E+01    0.9905003223E+00
    0.4180499495E+01    0.1017917388E+01    0.9900927623E+00
    0.4188685783E+01    0.1017293095E+01    0.9893353958E+00
    0.4199366602E+01    0.1016490953E+01    0.9883619257E+00
    0.4207552890E+01    0.1015885727E+01    0.9876271763E+00
    0.4211915422E+01    0.1015566615E+01    0.9872396850E+00
    0.4220101709E+01    0.1014974258E+01    0.9865202353E+00
    0.4230782529E+01    0.1014214147E+01    0.9855967367E+00
    0.4238968817E+01    0.1013641412E+01    0.9849006666E+00
    0.4243331348E+01    0.1013339713E+01    0.9845339204E+00
    0.4251517636E+01    0.1012780209E+01    0.9838536454E+00
    0.4262198455E+01    0.1012063311E+01    0.9829817363E+00
    0.4270384743E+01    0.1011523961E+01    0.9823255675E+00
    0.4274747275E+01    0.1011240144E+01    0.9819802112E+00
    0.4282933562E+01    0.1010714368E+01    0.9813403082E+00
    0.4293614382E+01    0.1010041805E+01    0.9805215261E+00
    0.4301800670E+01    0.1009536684E+01    0.9799064178E+00
    0.4306163201E+01    0.1009271196E+01    0.9795830621E+00
    0.4314349489E+01    0.1008779973E+01    0.9789846644E+00
    0.4325030308E+01    0.1008152805E+01    0.9782204616E+00
    0.4333216596E+01    0.1007682710E+01    0.9776475067E+00
    0.4337579128E+01    0.1007435969E+01    0.9773467269E+00
    0.4345765415E+01    0.1006980077E+01    0.9767908997E+00
    0.4356446235E+01    0.1006399297E+01    0.9760826391E+00
    0.4364632523E+01    0.1005964974E+01    0.9755528607E+00
    0.4368995054E+01    0.1005737372E+01    0.9752751944E+00
    0.4377181342E+01    0.1005317535E+01    0.9747629324E+00
    0.4387862162E+01    0.1004784067E+01    0.9741118829E+00
    0.4396048449E+01    0.1004386209E+01    0.9736262317E+00
    0.4400410981E+01    0.1004178110E+01    0.9733721775E+00
    0.4408597269E+01    0.1003794999E+01    0.9729044013E+00
    0.4419278088E+01    0.1003309696E+01    0.9723117345E+00
    0.4427464376E+01    0.1002948940E+01    0.9718710853E+00
    0.4431826907E+01    0.1002760677E+01    0.9716411013E+00
    0.4440013195E+01    0.1002414908E+01    0.9712186549E+00
    0.4450694015E+01    0.1001978551E+01    0.9706854413E+00
    0.4458880302E+01    0.1001655478E+01    0.9702905908E+00
    0.4463242834E+01    0.1001487355E+01    0.9700850931E+00
    0.4471429122E+01    0.1001179483E+01    0.9697087413E+00
    0.4482109941E+01    0.1000792776E+01    0.9692359471E+00
    0.4490296229E+01    0.1000507909E+01    0.9688876116E+00
    0.4494658760E+01    0.1000360197E+01    0.9687069731E+00
    0.4502845048E+01    0.1000090722E+01    0.9683773994E+00
    0.4513525868E+01    0.9997542917E+00    0.9679658839E+00
    0.4521712155E+01    0.9995080906E+00    0.9676646970E+00
    0.4526074687E+01    0.9993810299E+00    0.9675092464E+00
    0.4534260975E+01    0.9991503892E+00    0.9672270509E+00
    0.4544941794E+01    0.9988647825E+00    0.9668775638E+00
    0.4553128082E+01    0.9986576486E+00    0.9666240746E+00
    0.4557490613E+01    0.9985514458E+00    0.9664940955E+00
    0.4565676901E+01    0.9983600149E+00    0.9662597929E+00
    0.4576357721E+01    0.9981256969E+00    0.9659729724E+00
    0.4584544009E+01    0.9979579681E+00    0.9657676439E+00
    0.4588906540E+01    0.9978727965E+00    0.9656633738E+00
    0.4597092828E+01    0.9977208880E+00    0.9654773926E+00
    0.4607773647E+01    0.9975382415E+00    0.9652537631E+00
    0.4615959935E+01    0.9974101919E+00    0.9650969710E+00
    0.4620322466E+01    0.9973461908E+00    0.9650186007E+00
    0.4628508754E+01    0.9972340530E+00    0.9648812813E+00
    0.4639189574E+01    0.9971033769E+00    0.9647212524E+00
    0.4647375862E+01    0.9970152162E+00    0.9646132839E+00
    0.4651738393E+01    0.9969724904E+00    0.9645609571E+00
    0.4659924681E+01    0.9969003070E+00    0.9644725510E+00
    0.4670605500E+01    0.9968218155E+00    0.9643764162E+00
    0.4678791788E+01    0.9967736882E+00    0.9643174692E+00
    0.4683154320E+01    0.9967523077E+00    0.9642912818E+00
    0.4691340607E+01    0.9967201972E+00    0.9642519513E+00
    0.4702021427E+01    0.9966940190E+00    0.9642198867E+00
    0.4710207715E+01    0.9966860041E+00    0.9642100695E+00
    0.4714570246E+01    0.9966860041E+00    0.9642100695E+00
    0.4722756534E+01    0.9966940190E+00    0.9642198867E+00
    0.4733437353E+01    0.9967201972E+00    0.9642519513E+00
    0.4741623641E+01    0.9967523078E+00    0.9642912818E+00
    0.4745986173E+01    0.9967736882E+00    0.9643174692E+00
    0.4754172460E+01    0.9968218155E+00    0.9643764162E+00
    0.4764853280E+01    0.9969003070E+00    0.9644725510E+00
    0.4773039568E+01    0.9969724904E+00    0.9645609571E+00
    0.4777402099E+01    0.9970152162E+00    0.9646132839E+00
    0.4785588387E+01    0.9971033769E+00    0.9647212525E+00
    0.4796269206E+01    0.9972340529E+00    0.9648812813E+00
    0.4804455494E+01    0.9973461908E+00    0.9650186007E+00
    0.4808818026E+01    0.9974101919E+00    0.9650969710E+00
    0.4817004314E+01    0.9975382415E+00    0.9652537632E+00
    0.4827685133E+01    0.9977208879E+00    0.9654773926E+00
    0.4835871421E+01    0.9978727965E+00    0.9656633738E+00
    0.4840233952E+01    0.9979579681E+00    0.9657676439E+00
    0.4848420240E+01    0.9981256969E+00    0.9659729725E+00
    0.4859101060E+01    0.9983600149E+00    0.9662597929E+00
    0.4867287347E+01    0.9985514458E+00    0.9664940955E+00
    0.4871649879E+01    0.9986576486E+00    0.9666240746E+00
    0.4879836167E+01    0.9988647825E+00    0.9668775639E+00
    0.4890516986E+01    0.9991503892E+00    0.9672270509E+00
    0.4898703274E+01    0.9993810299E+00    0.9675092465E+00
    0.4903065805E+01    0.9995080906E+00    0.9676646970E+00
    0.4911252093E+01    0.9997542918E+00    0.9679658839E+00
    0.4921932913E+01    0.1000090722E+01    0.9683773994E+00
    0.4930119200E+01    0.1000360197E+01    0.9687069731E+00
    0.4934481732E+01    0.1000507908E+01    0.9688876116E+00
    0.4942668020E+01    0.1000792776E+01    0.9692359471E+00
    0.4953348839E+01    0.1001179483E+01    0.9697087413E+00
    0.4961535127E+01    0.1001487355E+01    0.9700850931E+00
    0.4965897658E+01    0.1001655478E+01    0.9702905908E+00
    0.4974083946E+01    0.1001978551E+01    0.9706854413E+00
    0.4984764766E+01    0.1002414908E+01    0.9712186549E+00
    0.4992951053E+01    0.1002760677E+01    0.9716411013E+00
    0.4997313585E+01    0.1002948940E+01    0.9718710853E+00
    0.5005499873E+01    0.1003309696E+01    0.9723117346E+00
    0.5016180692E+01    0.1003794999E+01    0.9729044013E+00
    0.5024366980E+01    0.1004178110E+01    0.9733721775E+00
    0.5028729511E+01    0.1004386209E+01    0.9736262317E+00
    0.5036915799E+01    0.1004784067E+01    0.9741118830E+00
    0.5047596619E+01    0.1005317535E+01    0.9747629324E+00
    0.5055782907E+01    0.1005737372E+01    0.9752751944E+00
    0.5060145438E+01    0.1005964974E+01    0.9755528607E+00
    0.5068331726E+01    0.1006399297E+01    0.9760826391E+00
    0.5079012545E+01    0.1006980077E+01    0.9767908997E+00
    0.5087198833E+01    0.1007435969E+01    0.9773467269E+00
    0.5091561365E+01    0.1007682710E+01    0.9776475066E+00
    0.5099747652E+01    0.1008152805E+01    0.9782204616E+00
    0.5110428472E+01    0.1008779973E+01    0.9789846643E+00
    0.5118614760E+01    0.1009271196E+01    0.9795830622E+00
    0.5122977291E+01    0.1009536684E+01    0.9799064178E+00
    0.5131163579E+01    0.1010041805E+01    0.9805215261E+00
    0.5141844398E+01    0.1010714368E+01    0.9813403082E+00
    0.5150030686E+01    0.1011240144E+01    0.9819802112E+00
    0.5154393218E+01    0.1011523961E+01    0.9823255675E+00
    0.5162579505E+01    0.1012063311E+01    0.9829817363E+00
    0.5173260325E+01    0.1012780209E+01    0.9838536454E+00
    0.5181446613E+01    0.1013339713E+01    0.9845339204E+00
    0.5185809144E+01    0.1013641412E+01    0.9849006666E+00
    0.5193995432E+01    0.1014214147E+01    0.9855967367E+00
    0.5204676251E+01    0.1014974258E+01    0.9865202352E+00
    0.5212862539E+01    0.1015566615E+01    0.9872396850E+00
    0.5217225071E+01    0.1015885727E+01    0.9876271763E+00
    0.5225411358E+01    0.1016490953E+01    0.9883619257E+00
    0.5236092178E+01    0.1017293095E+01    0.9893353958E+00
    0.5244278466E+01    0.1017917388E+01    0.9900927623E+00
    0.5248640997E+01    0.1018253417E+01    0.9905003222E+00
    0.5256827285E+01    0.1018890198E+01    0.9912724700E+00
    0.5267508105E+01    0.1019733134E+01    0.9922942181E+00
    0.5275694392E+01    0.1020388399E+01    0.9930881869E+00
    0.5280056924E+01    0.1020740829E+01    0.9935151091E+00
    0.5288243212E+01    0.1021408188E+01    0.9943233191E+00
    0.5298924031E+01    0.1022290626E+01    0.9953915816E+00
    0.5307110319E+01    0.1022975862E+01    0.9962207855E+00
    0.5311472850E+01    0.1023344154E+01    0.9966663362E+00
    0.5319659138E+01    0.1024041074E+01    0.9975092215E+00
    0.5330339958E+01    0.1024961671E+01    0.9986221699E+00
    0.5338526245E+01    0.1025675838E+01    0.9994851935E+00
    0.5342888777E+01    0.1026059436E+01    0.9999486134E+00
    0.5351075065E+01    0.1026784861E+01    0.1000824740E+01
    0.5361755884E+01    0.1027742229E+01    0.1001980487E+01
    0.5369942172E+01    0.1028484254E+01    0.1002875871E+01
    0.5374304703E+01    0.1028882580E+01    0.1003356378E+01
    0.5382490991E+01    0.1029635425E+01    0.1004264271E+01
    0.5393171811E+01    0.1030628132E+01    0.1005460875E+01
    0.5401358098E+01    0.1031396907E+01    0.1006387120E+01
    0.5405720630E+01    0.1031809368E+01    0.1006883912E+01
    0.5413906918E+01    0.1032588512E+01    0.1007822057E+01
    0.5424587737E+01    0.1033615087E+01    0.1009057531E+01
    0.5432774025E+01    0.1034409476E+01    0.1010013104E+01
    0.5437136556E+01    0.1034835464E+01    0.1010525359E+01
    0.5445322844E+01    0.1035639760E+01    0.1011492211E+01
    0.5456003664E+01    0.1036698695E+01    0.1012764525E+01
    0.5464189952E+01    0.1037517534E+01    0.1013747861E+01
    0.5468552483E+01    0.1037956428E+01    0.1014274744E+01
    0.5476738771E+01    0.1038784702E+01    0.1015268727E+01
    0.5487419590E+01    0.1039874457E+01    0.1016575817E+01
    0.5495605878E+01    0.1040716559E+01    0.1017585328E+01
    0.5499968409E+01    0.1041167721E+01    0.1018125989E+01
    0.5508154697E+01    0.1042018779E+01    0.1019145506E+01
    0.5518835517E+01    0.1043137784E+01    0.1020485279E+01
    0.5527021805E+01    0.1044001940E+01    0.1021519355E+01
    0.5531384336E+01    0.1044464725E+01    0.1022072934E+01
    0.5539570624E+01    0.1045337349E+01    0.1023116368E+01
    0.5550251443E+01    0.1046484010E+01    0.1024486708E+01
    0.5558437731E+01    0.1047368993E+01    0.1025543723E+01
    0.5562800263E+01    0.1047842745E+01    0.1026109352E+01
    0.5570986550E+01    0.1048735700E+01    0.1027175072E+01
    0.5581667370E+01    0.1049908402E+01    0.1028573849E+01
    0.5589853658E+01    0.1050812968E+01    0.1029652165E+01
    0.5594216189E+01    0.1051297023E+01    0.1030228972E+01
    0.5602402477E+01    0.1052209061E+01    0.1031315338E+01
    0.5613083296E+01    0.1053406168E+01    0.1032740408E+01
    0.5621269584E+01    0.1054329061E+01    0.1033838382E+01
    0.5625632116E+01    0.1054822748E+01    0.1034425490E+01
    0.5633818403E+01    0.1055752608E+01    0.1035530857E+01
    0.5644499223E+01    0.1056972471E+01    0.1036980074E+01
    0.5652685511E+01    0.1057912424E+01    0.1038096062E+01
    0.5657048042E+01    0.1058415067E+01    0.1038692594E+01
    0.5665234330E+01    0.1059361479E+01    0.1039815317E+01
    0.5675915149E+01    0.1060602438E+01    0.1041286535E+01
    0.5684101437E+01    0.1061558177E+01    0.1042418893E+01
    0.5688463969E+01    0.1062069097E+01    0.1043023974E+01
    0.5696650257E+01    0.1063030783E+01    0.1044162414E+01
    0.5707331076E+01    0.1064291170E+01    0.1045653495E+01
    0.5715517364E+01    0.1065261415E+01    0.1046800587E+01
    0.5719879895E+01    0.1065779929E+01    0.1047413346E+01
    0.5728066183E+01    0.1066755609E+01    0.1048565868E+01
    0.5738747003E+01    0.1068033752E+01    0.1050074687E+01
    0.5746933290E+01    0.1069017220E+01    0.1051234887E+01
    0.5751295822E+01    0.1069542645E+01    0.1051854459E+01
    0.5759482110E+01    0.1070531037E+01    0.1053019444E+01
    0.5770162929E+01    0.1071825262E+01    0.1054543892E+01
    0.5778349217E+01    0.1072820672E+01    0.1055715589E+01
    0.5782711748E+01    0.1073352324E+01    0.1056341118E+01
    0.5790898036E+01    0.1074352146E+01    0.1057516961E+01
    0.5801578856E+01    0.1075660783E+01    0.1059054953E+01
    0.5809765143E+01    0.1076666855E+01    0.1060236555E+01
    0.5814127675E+01    0.1077204052E+01    0.1060867194E+01
    0.5822313963E+01    0.1078214027E+01    0.1062052311E+01
    0.5832994782E+01    0.1079535410E+01    0.1063601788E+01
    0.5841181070E+01    0.1080550869E+01    0.1064791723E+01
    0.5845543601E+01    0.1081092934E+01    0.1065426637E+01
    0.5853729889E+01    0.1082111788E+01    0.1066619467E+01
    0.5864410709E+01    0.1083444261E+01    0.1068178401E+01
    0.5872596996E+01    0.1084467839E+01    0.1069375123E+01
    0.5876959528E+01    0.1085014097E+01    0.1070013491E+01
    0.5885145816E+01    0.1086040566E+01    0.1071212498E+01
    0.5895826635E+01    0.1087382483E+01    0.1072778897E+01
    0.5904012923E+01    0.1088412923E+01    0.1073980888E+01
    0.5908375454E+01    0.1088962704E+01    0.1074621903E+01
    0.5916561742E+01    0.1089995536E+01    0.1075825580E+01
    0.5927242562E+01    0.1091345265E+01    0.1077397491E+01
    0.5935428850E+01    0.1092381320E+01    0.1078603261E+01
    0.5939791381E+01    0.1092933961E+01    0.1079246135E+01
    0.5947977669E+01    0.1093971914E+01    0.1080453007E+01
    0.5958658488E+01    0.1095327842E+01    0.1082028515E+01
    0.5966844776E+01    0.1096368279E+01    0.1083236610E+01
    0.5971207308E+01    0.1096923125E+01    0.1083880570E+01
    0.5979393595E+01    0.1097964971E+01    0.1085089194E+01
    0.5990074415E+01    0.1099325503E+01    0.1086666434E+01
    0.5998260703E+01    0.1100369105E+01    0.1087875432E+01
    0.6002623234E+01    0.1100925509E+01    0.1088519725E+01
    0.6010809522E+01    0.1101970038E+01    0.1089728695E+01
    0.6021490341E+01    0.1103333601E+01    0.1091305844E+01
    0.6029676629E+01    0.1104379168E+01    0.1092514362E+01
    0.6034039161E+01    0.1104936493E+01    0.1093158253E+01
    0.6042225448E+01    0.1105982513E+01    0.1094366200E+01
    0.6052906268E+01    0.1107347559E+01    0.1095941487E+01
    0.6061092556E+01    0.1108393910E+01    0.1097148178E+01
    0.6065455087E+01    0.1108951528E+01    0.1097790954E+01
    0.6073641375E+01    0.1109997867E+01    0.1098996547E+01
    0.6084322194E+01    0.1111362874E+01    0.1100568251E+01
    0.6092508482E+01    0.1112408849E+01    0.1101771807E+01
    0.6096871014E+01    0.1112966145E+01    0.1102412776E+01
    0.6105057301E+01    0.1114011650E+01    0.1103614723E+01
    0.6115738121E+01    0.1115375126E+01    0.1105181176E+01
    0.6123924409E+01    0.1116419587E+01    0.1106380330E+01
    0.6128286940E+01    0.1116975957E+01    0.1107018821E+01
    0.6136473228E+01    0.1118019502E+01    0.1108215872E+01
    0.6147154048E+01    0.1119379982E+01    0.1109775457E+01
    0.6155340335E+01    0.1120421816E+01    0.1110968984E+01
    0.6159702867E+01    0.1120976669E+01    0.1111604349E+01
    0.6167889155E+01    0.1122017148E+01    0.1112795294E+01
    0.6178569974E+01    0.1123373203E+01    0.1114346450E+01
    0.6186756262E+01    0.1124411321E+01    0.1115533165E+01
    0.6191118793E+01    0.1124964079E+01    0.1116164776E+01
    0.6199305081E+01    0.1126000414E+01    0.1117348449E+01
    0.6209985901E+01    0.1127350647E+01    0.1118889669E+01
    0.6218172188E+01    0.1128383986E+01    0.1120068429E+01
    0.6222534720E+01    0.1128934085E+01    0.1120695683E+01
    0.6230721008E+01    0.1129965225E+01    0.1121870956E+01
    0.6241401827E+01    0.1131308272E+01    0.1123400788E+01
    0.6249588115E+01    0.1132335796E+01    0.1124570494E+01
    0.6253950646E+01    0.1132882689E+01    0.1125192808E+01
    0.6262136934E+01    0.1133907607E+01    0.1126358599E+01
    0.6272817754E+01    0.1135242144E+01    0.1127875646E+01
    0.6281004041E+01    0.1136262846E+01    0.1129035239E+01
