    0.2181265717E-02    0.1158136894E+01    0.9369922266E+00
    0.1036755352E-01    0.1159262849E+01    0.9386055275E+00
    0.2104837301E-01    0.1160731215E+01    0.9407117036E+00
    0.2923466082E-01    0.1161856017E+01    0.9423268019E+00
    0.3359719225E-01    0.1162455182E+01    0.9431877464E+00
    0.4178348006E-01    0.1163579001E+01    0.9448036965E+00
    0.5246429955E-01    0.1165044154E+01    0.9469126540E+00
    0.6065058736E-01    0.1166166169E+01    0.9485293655E+00
    0.6501311879E-01    0.1166763735E+01    0.9493909855E+00
    0.7319940660E-01    0.1167884335E+01    0.9510078569E+00
    0.8388022608E-01    0.1169344867E+01    0.9531173363E+00
    0.9206651389E-01    0.1170463017E+01    0.9547339254E+00
    0.9642904532E-01    0.1171058409E+01    0.9555952948E+00
    0.1046153331E+00    0.1172174715E+01    0.9572113474E+00
    0.1152961526E+00    0.1173629226E+01    0.9593190743E+00
    0.1234824404E+00    0.1174742441E+01    0.9609337948E+00
    0.1278449719E+00    0.1175335088E+01    0.9617939821E+00
    0.1360312597E+00    0.1176446033E+01    0.9634074665E+00
    0.1467120792E+00    0.1177893133E+01    0.9655111552E+00
    0.1548983670E+00    0.1179000348E+01    0.9671222535E+00
    0.1592608984E+00    0.1179589686E+01    0.9679803235E+00
    0.1674471862E+00    0.1180694210E+01    0.9695894837E+00
    0.1781280057E+00    0.1182132518E+01    0.9716868415E+00
    0.1863142935E+00    0.1183232680E+01    0.9732925594E+00
    0.1906768249E+00    0.1183818147E+01    0.9741475747E+00
    0.1988631127E+00    0.1184915199E+01    0.9757506515E+00
    0.2095439322E+00    0.1186343349E+01    0.9778393828E+00
    0.2177302200E+00    0.1187435412E+01    0.9794379604E+00
    0.2220927515E+00    0.1188016453E+01    0.9802889834E+00
    0.2302790393E+00    0.1189104991E+01    0.9818842173E+00
    0.2409598588E+00    0.1190521628E+01    0.9839620272E+00
    0.2491461466E+00    0.1191604558E+01    0.9855517065E+00
    0.2535086780E+00    0.1192180622E+01    0.9863978007E+00
    0.2616949658E+00    0.1193259616E+01    0.9879834352E+00
    0.2723757853E+00    0.1194663401E+01    0.9900480338E+00
    0.2805620731E+00    0.1195736173E+01    0.9916270615E+00
    0.2849246045E+00    0.1196306716E+01    0.9924672933E+00
    0.2931108923E+00    0.1197375147E+01    0.9940415780E+00
    0.3037917118E+00    0.1198764753E+01    0.9960906845E+00
    0.3119779996E+00    0.1199826356E+01    0.9976573153E+00
    0.3163405311E+00    0.1200390840E+01    0.9984907556E+00
    0.3245268189E+00    0.1201447701E+01    0.1000051949E+01
    0.3352076384E+00    0.1202821821E+01    0.1002083296E+01
    0.3433939262E+00    0.1203871255E+01    0.1003635795E+01
    0.3477564576E+00    0.1204429149E+01    0.1004461521E+01
    0.3559427454E+00    0.1205473446E+01    0.1006007894E+01
    0.3666235649E+00    0.1206830787E+01    0.1008019231E+01
    0.3748098527E+00    0.1207867067E+01    0.1009555878E+01
    0.3791723841E+00    0.1208417847E+01    0.1010372974E+01
    0.3873586720E+00    0.1209448600E+01    0.1011902813E+01
    0.3980394914E+00    0.1210787889E+01    0.1013891910E+01
    0.4062257792E+00    0.1211810042E+01    0.1015411002E+01
    0.4105883107E+00    0.1212353191E+01    0.1016218563E+01
    0.4187745985E+00    0.1213369434E+01    0.1017730171E+01
    0.4294554180E+00    0.1214689417E+01    0.1019694823E+01
    0.4376417058E+00    0.1215696487E+01    0.1021194676E+01
    0.4420042372E+00    0.1216231498E+01    0.1021991807E+01
    0.4501905250E+00    0.1217232280E+01    0.1023483510E+01
    0.4608713445E+00    0.1218531722E+01    0.1025421541E+01
    0.4690576323E+00    0.1219522769E+01    0.1026900494E+01
    0.4734201638E+00    0.1220049141E+01    0.1027686312E+01
    0.4816064516E+00    0.1221033527E+01    0.1029156459E+01
    0.4922872711E+00    0.1222311217E+01    0.1031065725E+01
    0.5004735589E+00    0.1223285314E+01    0.1032522143E+01
    0.5048360903E+00    0.1223802557E+01    0.1033295779E+01
    0.5130223781E+00    0.1224769630E+01    0.1034742744E+01
    0.5237031976E+00    0.1226024375E+01    0.1036621136E+01
    0.5318894854E+00    0.1226980617E+01    0.1038053412E+01
    0.5362520168E+00    0.1227488248E+01    0.1038814012E+01
    0.5444383046E+00    0.1228437108E+01    0.1040236201E+01
    0.5551191241E+00    0.1229667740E+01    0.1042081650E+01
    0.5633054119E+00    0.1230605236E+01    0.1043488205E+01
    0.5676679434E+00    0.1231102784E+01    0.1044234933E+01
    0.5758542312E+00    0.1232032547E+01    0.1045630781E+01
    0.5865350507E+00    0.1233237924E+01    0.1047441257E+01
    0.5947213385E+00    0.1234155803E+01    0.1048820548E+01
    0.5990838699E+00    0.1234642805E+01    0.1049552585E+01
    0.6072701577E+00    0.1235552609E+01    0.1050920561E+01
    0.6179509772E+00    0.1236731611E+01    0.1052694082E+01
    0.6261372650E+00    0.1237629021E+01    0.1054044599E+01
    0.6304997964E+00    0.1238105026E+01    0.1054761144E+01
    0.6386860842E+00    0.1238994026E+01    0.1056099753E+01
    0.6493669037E+00    0.1240145560E+01    0.1057834383E+01
    0.6575531915E+00    0.1241021669E+01    0.1059154654E+01
    0.6619157230E+00    0.1241486236E+01    0.1059854926E+01
    0.6701020108E+00    0.1242353609E+01    0.1061162713E+01
    0.6807828303E+00    0.1243476608E+01    0.1062856566E+01
    0.6889691181E+00    0.1244330605E+01    0.1064145157E+01
    0.6933316495E+00    0.1244783303E+01    0.1064828397E+01
    0.7015179373E+00    0.1245628246E+01    0.1066103943E+01
    0.7121987568E+00    0.1246721671E+01    0.1067755187E+01
    0.7203850446E+00    0.1247552766E+01    0.1069010706E+01
    0.7247475760E+00    0.1247993177E+01    0.1069676176E+01
    0.7329338638E+00    0.1248814909E+01    0.1070918105E+01
    0.7436146833E+00    0.1249877749E+01    0.1072524960E+01
    0.7518009711E+00    0.1250685175E+01    0.1073746057E+01
    0.7561635026E+00    0.1251112892E+01    0.1074393042E+01
    0.7643497904E+00    0.1251910653E+01    0.1075600022E+01
    0.7750306099E+00    0.1252941927E+01    0.1077160767E+01
    0.7832168977E+00    0.1253724938E+01    0.1078346135E+01
    0.7875794291E+00    0.1254139565E+01    0.1078973943E+01
    0.7957657169E+00    0.1254912620E+01    0.1080144685E+01
    0.8064465364E+00    0.1255911376E+01    0.1081657656E+01
    0.8146328242E+00    0.1256669249E+01    0.1082806033E+01
    0.8189953557E+00    0.1257070405E+01    0.1083413998E+01
    0.8271816435E+00    0.1257818041E+01    0.1084547258E+01
    0.8378624629E+00    0.1258783358E+01    0.1086010852E+01
    0.8460487508E+00    0.1259515395E+01    0.1087121024E+01
    0.8504112822E+00    0.1259902710E+01    0.1087708503E+01
    0.8585975700E+00    0.1260624237E+01    0.1088803085E+01
    0.8692783895E+00    0.1261555227E+01    0.1090215758E+01
    0.8774646773E+00    0.1262260753E+01    0.1091286557E+01
    0.8818272087E+00    0.1262633870E+01    0.1091852932E+01
    0.8900134965E+00    0.1263328624E+01    0.1092907688E+01
    0.9006943160E+00    0.1264224429E+01    0.1094267961E+01
    0.9088806038E+00    0.1264902796E+01    0.1095298267E+01
    0.9132431353E+00    0.1265261372E+01    0.1095842946E+01
    0.9214294231E+00    0.1265928714E+01    0.1096856775E+01
    0.9321102426E+00    0.1266788510E+01    0.1098163232E+01
    0.9402965304E+00    0.1267439093E+01    0.1099151974E+01
    0.9446590618E+00    0.1267782798E+01    0.1099674393E+01
    0.9528453496E+00    0.1268422114E+01    0.1100646244E+01
    0.9635261691E+00    0.1269245111E+01    0.1101897532E+01
    0.9717124569E+00    0.1269867312E+01    0.1102843688E+01
    0.9760749883E+00    0.1270195831E+01    0.1103343308E+01
    0.9842612761E+00    0.1270806533E+01    0.1104272179E+01
    0.9949420956E+00    0.1271591975E+01    0.1105467012E+01
    0.1003128383E+01    0.1272185222E+01    0.1106369611E+01
    0.1007490915E+01    0.1272498252E+01    0.1106845919E+01
    0.1015677203E+01    0.1273079781E+01    0.1107730860E+01
    0.1026358022E+01    0.1273826946E+01    0.1108868015E+01
    0.1034544310E+01    0.1274390696E+01    0.1109726137E+01
    0.1038906841E+01    0.1274687950E+01    0.1110178648E+01
    0.1047093129E+01    0.1275239771E+01    0.1111018757E+01
    0.1057773949E+01    0.1275947973E+01    0.1112097081E+01
    0.1065960237E+01    0.1276481707E+01    0.1112909855E+01
    0.1070322768E+01    0.1276762913E+01    0.1113338110E+01
    0.1078509056E+01    0.1277284520E+01    0.1114132538E+01
    0.1089189875E+01    0.1277953110E+01    0.1115150941E+01
    0.1097376163E+01    0.1278456340E+01    0.1115917548E+01
    0.1101738694E+01    0.1278721239E+01    0.1116321116E+01
    0.1109924982E+01    0.1279212153E+01    0.1117069064E+01
    0.1120605802E+01    0.1279840518E+01    0.1118026523E+01
    0.1128792090E+01    0.1280312782E+01    0.1118746195E+01
    0.1133154621E+01    0.1280561132E+01    0.1119124673E+01
    0.1141340909E+01    0.1281020904E+01    0.1119825394E+01
    0.1152021728E+01    0.1281608468E+01    0.1120720954E+01
    0.1160208016E+01    0.1282049333E+01    0.1121392974E+01
    0.1164570548E+01    0.1282280906E+01    0.1121745984E+01
    0.1172756835E+01    0.1282709115E+01    0.1122398781E+01
    0.1183437655E+01    0.1283255339E+01    0.1123231554E+01
    0.1191623943E+01    0.1283664402E+01    0.1123855256E+01
    0.1195986474E+01    0.1283878986E+01    0.1124182449E+01
    0.1204172762E+01    0.1284275239E+01    0.1124786676E+01
    0.1214853581E+01    0.1284779624E+01    0.1125555840E+01
    0.1223039869E+01    0.1285156510E+01    0.1126130609E+01
    0.1227402401E+01    0.1285353908E+01    0.1126431664E+01
    0.1235588688E+01    0.1285717843E+01    0.1126986727E+01
    0.1246269508E+01    0.1286179927E+01    0.1127691526E+01
    0.1254455796E+01    0.1286524291E+01    0.1128216799E+01
    0.1258818327E+01    0.1286704323E+01    0.1128491420E+01
    0.1267004615E+01    0.1287035606E+01    0.1128996776E+01
    0.1277685434E+01    0.1287454967E+01    0.1129636521E+01
    0.1285871722E+01    0.1287766493E+01    0.1130111786E+01
    0.1290234254E+01    0.1287928995E+01    0.1130359705E+01
    0.1298420541E+01    0.1288227324E+01    0.1130814862E+01
    0.1309101361E+01    0.1288603577E+01    0.1131388931E+01
    0.1317287649E+01    0.1288881981E+01    0.1131813725E+01
    0.1321650180E+01    0.1289026803E+01    0.1132034702E+01
    0.1329836468E+01    0.1289291904E+01    0.1132439218E+01
    0.1340517288E+01    0.1289624706E+01    0.1132947055E+01
    0.1348703575E+01    0.1289869733E+01    0.1133320967E+01
    0.1353066107E+01    0.1289996744E+01    0.1133514789E+01
    0.1361252395E+01    0.1290228375E+01    0.1133868273E+01
    0.1371933214E+01    0.1290517421E+01    0.1134309387E+01
    0.1380119502E+01    0.1290728848E+01    0.1134632057E+01
    0.1384482033E+01    0.1290837930E+01    0.1134798536E+01
    0.1392668321E+01    0.1291035880E+01    0.1135100648E+01
    0.1403349141E+01    0.1291280905E+01    0.1135474616E+01
    0.1411535428E+01    0.1291458539E+01    0.1135745733E+01
    0.1415897960E+01    0.1291549593E+01    0.1135884709E+01
    0.1424084248E+01    0.1291713681E+01    0.1136135159E+01
    0.1434765067E+01    0.1291914462E+01    0.1136441621E+01
    0.1442951355E+01    0.1292058139E+01    0.1136660926E+01
    0.1447313886E+01    0.1292131083E+01    0.1136772267E+01
    0.1455500174E+01    0.1292261158E+01    0.1136970814E+01
    0.1466180994E+01    0.1292417512E+01    0.1137209478E+01
    0.1474367281E+01    0.1292527101E+01    0.1137376761E+01
    0.1478729813E+01    0.1292581867E+01    0.1137460359E+01
    0.1486916101E+01    0.1292677811E+01    0.1137606815E+01
    0.1497596920E+01    0.1292789594E+01    0.1137777452E+01
    0.1505783208E+01    0.1292864996E+01    0.1137892553E+01
    0.1510145739E+01    0.1292901535E+01    0.1137948329E+01
    0.1518332027E+01    0.1292963259E+01    0.1138042553E+01
    0.1529012847E+01    0.1293030370E+01    0.1138145001E+01
    0.1537199135E+01    0.1293071515E+01    0.1138207810E+01
    0.1541561666E+01    0.1293089793E+01    0.1138235712E+01
    0.1549747954E+01    0.1293117242E+01    0.1138277615E+01
    0.1560428773E+01    0.1293139620E+01    0.1138311775E+01
    0.1568615061E+01    0.1293146471E+01    0.1138322233E+01
    0.1572977593E+01    0.1293146471E+01    0.1138322233E+01
    0.1581163880E+01    0.1293139620E+01    0.1138311774E+01
    0.1591844700E+01    0.1293117243E+01    0.1138277615E+01
    0.1600030988E+01    0.1293089793E+01    0.1138235712E+01
    0.1604393519E+01    0.1293071516E+01    0.1138207810E+01
    0.1612579807E+01    0.1293030370E+01    0.1138145000E+01
    0.1623260626E+01    0.1292963259E+01    0.1138042554E+01
    0.1631446914E+01    0.1292901535E+01    0.1137948329E+01
    0.1635809446E+01    0.1292864996E+01    0.1137892553E+01
    0.1643995733E+01    0.1292789594E+01    0.1137777451E+01
    0.1654676553E+01    0.1292677811E+01    0.1137606815E+01
    0.1662862841E+01    0.1292581867E+01    0.1137460359E+01
    0.1667225372E+01    0.1292527101E+01    0.1137376761E+01
    0.1675411660E+01    0.1292417511E+01    0.1137209478E+01
    0.1686092479E+01    0.1292261158E+01    0.1136970815E+01
    0.1694278767E+01    0.1292131083E+01    0.1136772267E+01
    0.1698641299E+01    0.1292058139E+01    0.1136660926E+01
    0.1706827586E+01    0.1291914462E+01    0.1136441621E+01
    0.1717508406E+01    0.1291713681E+01    0.1136135159E+01
    0.1725694694E+01    0.1291549593E+01    0.1135884709E+01
    0.1730057225E+01    0.1291458539E+01    0.1135745733E+01
    0.1738243513E+01    0.1291280905E+01    0.1135474616E+01
    0.1748924332E+01    0.1291035880E+01    0.1135100648E+01
    0.1757110620E+01    0.1290837930E+01    0.1134798536E+01
    0.1761473152E+01    0.1290728848E+01    0.1134632057E+01
    0.1769659440E+01    0.1290517421E+01    0.1134309387E+01
    0.1780340259E+01    0.1290228375E+01    0.1133868273E+01
    0.1788526547E+01    0.1289996744E+01    0.1133514789E+01
    0.1792889078E+01    0.1289869734E+01    0.1133320967E+01
    0.1801075366E+01    0.1289624706E+01    0.1132947055E+01
    0.1811756186E+01    0.1289291904E+01    0.1132439218E+01
    0.1819942473E+01    0.1289026803E+01    0.1132034702E+01
    0.1824305005E+01    0.1288881981E+01    0.1131813725E+01
    0.1832491293E+01    0.1288603576E+01    0.1131388931E+01
    0.1843172112E+01    0.1288227324E+01    0.1130814862E+01
    0.1851358400E+01    0.1287928995E+01    0.1130359705E+01
    0.1855720931E+01    0.1287766493E+01    0.1130111786E+01
    0.1863907219E+01    0.1287454967E+01    0.1129636521E+01
    0.1874588039E+01    0.1287035607E+01    0.1128996776E+01
    0.1882774326E+01    0.1286704323E+01    0.1128491420E+01
    0.1887136858E+01    0.1286524291E+01    0.1128216799E+01
    0.1895323146E+01    0.1286179927E+01    0.1127691526E+01
    0.1906003965E+01    0.1285717843E+01    0.1126986727E+01
    0.1914190253E+01    0.1285353908E+01    0.1126431664E+01
    0.1918552784E+01    0.1285156510E+01    0.1126130609E+01
    0.1926739072E+01    0.1284779624E+01    0.1125555840E+01
    0.1937419892E+01    0.1284275239E+01    0.1124786676E+01
    0.1945606180E+01    0.1283878986E+01    0.1124182449E+01
    0.1949968711E+01    0.1283664402E+01    0.1123855256E+01
    0.1958154999E+01    0.1283255339E+01    0.1123231554E+01
    0.1968835818E+01    0.1282709115E+01    0.1122398781E+01
    0.1977022106E+01    0.1282280906E+01    0.1121745984E+01
    0.1981384637E+01    0.1282049333E+01    0.1121392974E+01
    0.1989570925E+01    0.1281608468E+01    0.1120720954E+01
    0.2000251745E+01    0.1281020904E+01    0.1119825394E+01
    0.2008438033E+01    0.1280561132E+01    0.1119124673E+01
    0.2012800564E+01    0.1280312782E+01    0.1118746196E+01
    0.2020986852E+01    0.1279840518E+01    0.1118026523E+01
    0.2031667671E+01    0.1279212153E+01    0.1117069064E+01
    0.2039853959E+01    0.1278721239E+01    0.1116321116E+01
    0.2044216491E+01    0.1278456340E+01    0.1115917548E+01
    0.2052402778E+01    0.1277953110E+01    0.1115150941E+01
    0.2063083598E+01    0.1277284520E+01    0.1114132538E+01
    0.2071269886E+01    0.1276762913E+01    0.1113338110E+01
    0.2075632417E+01    0.1276481707E+01    0.1112909855E+01
    0.2083818705E+01    0.1275947973E+01    0.1112097081E+01
    0.2094499524E+01    0.1275239771E+01    0.1111018757E+01
    0.2102685812E+01    0.1274687950E+01    0.1110178648E+01
    0.2107048344E+01    0.1274390696E+01    0.1109726137E+01
    0.2115234631E+01    0.1273826946E+01    0.1108868015E+01
    0.2125915451E+01    0.1273079781E+01    0.1107730860E+01
    0.2134101739E+01    0.1272498252E+01    0.1106845919E+01
    0.2138464270E+01    0.1272185222E+01    0.1106369611E+01
    0.2146650558E+01    0.1271591975E+01    0.1105467012E+01
    0.2157331377E+01    0.1270806534E+01    0.1104272179E+01
    0.2165517665E+01    0.1270195830E+01    0.1103343308E+01
    0.2169880197E+01    0.1269867312E+01    0.1102843688E+01
    0.2178066485E+01    0.1269245111E+01    0.1101897532E+01
    0.2188747304E+01    0.1268422114E+01    0.1100646244E+01
    0.2196933592E+01    0.1267782798E+01    0.1099674393E+01
    0.2201296123E+01    0.1267439093E+01    0.1099151974E+01
    0.2209482411E+01    0.1266788510E+01    0.1098163232E+01
    0.2220163231E+01    0.1265928714E+01    0.1096856775E+01
    0.2228349518E+01    0.1265261372E+01    0.1095842946E+01
    0.2232712050E+01    0.1264902796E+01    0.1095298267E+01
    0.2240898338E+01    0.1264224429E+01    0.1094267961E+01
    0.2251579157E+01    0.1263328624E+01    0.1092907688E+01
    0.2259765445E+01    0.1262633870E+01    0.1091852932E+01
    0.2264127976E+01    0.1262260753E+01    0.1091286557E+01
    0.2272314264E+01    0.1261555227E+01    0.1090215758E+01
    0.2282995084E+01    0.1260624237E+01    0.1088803085E+01
    0.2291181371E+01    0.1259902710E+01    0.1087708502E+01
    0.2295543903E+01    0.1259515395E+01    0.1087121024E+01
    0.2303730191E+01    0.1258783358E+01    0.1086010852E+01
    0.2314411010E+01    0.1257818041E+01    0.1084547258E+01
    0.2322597298E+01    0.1257070405E+01    0.1083413998E+01
    0.2326959829E+01    0.1256669249E+01    0.1082806033E+01
    0.2335146117E+01    0.1255911376E+01    0.1081657656E+01
    0.2345826937E+01    0.1254912620E+01    0.1080144685E+01
    0.2354013224E+01    0.1254139565E+01    0.1078973943E+01
    0.2358375756E+01    0.1253724938E+01    0.1078346135E+01
    0.2366562044E+01    0.1252941927E+01    0.1077160767E+01
    0.2377242863E+01    0.1251910653E+01    0.1075600022E+01
    0.2385429151E+01    0.1251112892E+01    0.1074393042E+01
    0.2389791682E+01    0.1250685175E+01    0.1073746057E+01
    0.2397977970E+01    0.1249877749E+01    0.1072524960E+01
    0.2408658790E+01    0.1248814909E+01    0.1070918105E+01
    0.2416845078E+01    0.1247993177E+01    0.1069676176E+01
    0.2421207609E+01    0.1247552766E+01    0.1069010706E+01
    0.2429393897E+01    0.1246721671E+01    0.1067755187E+01
    0.2440074716E+01    0.1245628246E+01    0.1066103943E+01
    0.2448261004E+01    0.1244783303E+01    0.1064828397E+01
    0.2452623536E+01    0.1244330605E+01    0.1064145157E+01
    0.2460809823E+01    0.1243476608E+01    0.1062856566E+01
    0.2471490643E+01    0.1242353609E+01    0.1061162713E+01
    0.2479676931E+01    0.1241486236E+01    0.1059854926E+01
    0.2484039462E+01    0.1241021669E+01    0.1059154654E+01
    0.2492225750E+01    0.1240145560E+01    0.1057834383E+01
    0.2502906569E+01    0.1238994026E+01    0.1056099753E+01
    0.2511092857E+01    0.1238105026E+01    0.1054761144E+01
    0.2515455389E+01    0.1237629021E+01    0.1054044599E+01
    0.2523641676E+01    0.1236731611E+01    0.1052694082E+01
    0.2534322496E+01    0.1235552609E+01    0.1050920561E+01
    0.2542508784E+01    0.1234642805E+01    0.1049552585E+01
    0.2546871315E+01    0.1234155803E+01    0.1048820548E+01
    0.2555057603E+01    0.1233237924E+01    0.1047441257E+01
    0.2565738422E+01    0.1232032547E+01    0.1045630781E+01
    0.2573924710E+01    0.1231102784E+01    0.1044234933E+01
    0.2578287242E+01    0.1230605236E+01    0.1043488205E+01
    0.2586473529E+01    0.1229667740E+01    0.1042081650E+01
    0.2597154349E+01    0.1228437108E+01    0.1040236201E+01
    0.2605340637E+01    0.1227488248E+01    0.1038814012E+01
    0.2609703168E+01    0.1226980617E+01    0.1038053412E+01
    0.2617889456E+01    0.1226024375E+01    0.1036621136E+01
    0.2628570275E+01    0.1224769630E+01    0.1034742744E+01
    0.2636756563E+01    0.1223802557E+01    0.1033295779E+01
    0.2641119095E+01    0.1223285314E+01    0.1032522143E+01
    0.2649305383E+01    0.1222311217E+01    0.1031065725E+01
    0.2659986202E+01    0.1221033527E+01    0.1029156459E+01
    0.2668172490E+01    0.1220049141E+01    0.1027686312E+01
    0.2672535021E+01    0.1219522769E+01    0.1026900494E+01
    0.2680721309E+01    0.1218531722E+01    0.1025421541E+01
    0.2691402129E+01    0.1217232280E+01    0.1023483510E+01
    0.2699588416E+01    0.1216231498E+01    0.1021991807E+01
    0.2703950948E+01    0.1215696487E+01    0.1021194676E+01
    0.2712137236E+01    0.1214689417E+01    0.1019694823E+01
    0.2722818055E+01    0.1213369434E+01    0.1017730171E+01
    0.2731004343E+01    0.1212353191E+01    0.1016218563E+01
    0.2735366874E+01    0.1211810042E+01    0.1015411002E+01
    0.2743553162E+01    0.1210787889E+01    0.1013891910E+01
    0.2754233982E+01    0.1209448599E+01    0.1011902813E+01
    0.2762420269E+01    0.1208417847E+01    0.1010372974E+01
    0.2766782801E+01    0.1207867067E+01    0.1009555878E+01
    0.2774969089E+01    0.1206830787E+01    0.1008019231E+01
    0.2785649908E+01    0.1205473446E+01    0.1006007894E+01
    0.2793836196E+01    0.1204429149E+01    0.1004461521E+01
    0.2798198727E+01    0.1203871255E+01    0.1003635795E+01
    0.2806385015E+01    0.1202821821E+01    0.1002083296E+01
    0.2817065835E+01    0.1201447701E+01    0.1000051949E+01
    0.2825252123E+01    0.1200390840E+01    0.9984907556E+00
    0.2829614654E+01    0.1199826356E+01    0.9976573152E+00
    0.2837800942E+01    0.1198764753E+01    0.9960906846E+00
    0.2848481761E+01    0.1197375147E+01    0.9940415779E+00
    0.2856668049E+01    0.1196306716E+01    0.9924672934E+00
    0.2861030580E+01    0.1195736173E+01    0.9916270615E+00
    0.2869216868E+01    0.1194663401E+01    0.9900480339E+00
    0.2879897688E+01    0.1193259616E+01    0.9879834352E+00
    0.2888083976E+01    0.1192180622E+01    0.9863978008E+00
    0.2892446507E+01    0.1191604558E+01    0.9855517064E+00
    0.2900632795E+01    0.1190521628E+01    0.9839620272E+00
    0.2911313614E+01    0.1189104991E+01    0.9818842173E+00
    0.2919499902E+01    0.1188016453E+01    0.9802889835E+00
    0.2923862434E+01    0.1187435412E+01    0.9794379603E+00
    0.2932048721E+01    0.1186343349E+01    0.9778393829E+00
    0.2942729541E+01    0.1184915199E+01    0.9757506514E+00
    0.2950915829E+01    0.1183818147E+01    0.9741475748E+00
    0.2955278360E+01    0.1183232680E+01    0.9732925593E+00
    0.2963464648E+01    0.1182132518E+01    0.9716868416E+00
    0.2974145467E+01    0.1180694210E+01    0.9695894836E+00
    0.2982331755E+01    0.1179589686E+01    0.9679803235E+00
    0.2986694287E+01    0.1179000348E+01    0.9671222535E+00
    0.2994880574E+01    0.1177893133E+01    0.9655111553E+00
    0.3005561394E+01    0.1176446033E+01    0.9634074664E+00
    0.3013747682E+01    0.1175335088E+01    0.9617939822E+00
    0.3018110213E+01    0.1174742441E+01    0.9609337948E+00
    0.3026296501E+01    0.1173629226E+01    0.9593190743E+00
    0.3036977320E+01    0.1172174715E+01    0.9572113473E+00
    0.3045163608E+01    0.1171058409E+01    0.9555952948E+00
    0.3049526140E+01    0.1170463017E+01    0.9547339253E+00
    0.3057712428E+01    0.1169344867E+01    0.9531173364E+00
    0.3068393247E+01    0.1167884335E+01    0.9510078568E+00
    0.3076579535E+01    0.1166763735E+01    0.9493909855E+00
    0.3080942066E+01    0.1166166169E+01    0.9485293654E+00
    0.3089128354E+01    0.1165044154E+01    0.9469126541E+00
    0.3099809174E+01    0.1163579001E+01    0.9448036964E+00
    0.3107995461E+01    0.1162455182E+01    0.9431877465E+00
    0.3112357993E+01    0.1161856017E+01    0.9423268018E+00
    0.3120544281E+01    0.1160731215E+01    0.9407117037E+00
    0.3131225100E+01    0.1159262849E+01    0.9386055274E+00
    0.3139411388E+01    0.1158136894E+01    0.9369922266E+00
    0.3143773919E+01    0.1157536705E+01    0.9361328767E+00
    0.3151960207E+01    0.1156410200E+01    0.9345211137E+00
    0.3162641027E+01    0.1154940039E+01    0.9324199595E+00
    0.3170827314E+01    0.1153813035E+01    0.9308110204E+00
    0.3175189846E+01    0.1153212403E+01    0.9299541760E+00
    0.3183376134E+01    0.1152085285E+01    0.9283474538E+00
    0.3194056953E+01    0.1150614751E+01    0.9262535399E+00
    0.3202243241E+01    0.1149487789E+01    0.9246506569E+00
    0.3206605772E+01    0.1148887296E+01    0.9237972190E+00
    0.3214792060E+01    0.1147760658E+01    0.9221972241E+00
    0.3225472880E+01    0.1146291180E+01    0.9201127428E+00
    0.3233659167E+01    0.1145165357E+01    0.9185175896E+00
    0.3238021699E+01    0.1144565588E+01    0.9176684477E+00
    0.3246207987E+01    0.1143440527E+01    0.9160768449E+00
    0.3256888806E+01    0.1141973537E+01    0.9140039590E+00
    0.3265075094E+01    0.1140849952E+01    0.9124181862E+00
    0.3269437625E+01    0.1140251492E+01    0.9115742172E+00
    0.3277623913E+01    0.1139129108E+01    0.9099926469E+00
    0.3288304733E+01    0.1137666042E+01    0.9079334867E+00
    0.3296491021E+01    0.1136545795E+01    0.9063587189E+00
    0.3300853552E+01    0.1135949232E+01    0.9055207859E+00
    0.3309039840E+01    0.1134830626E+01    0.9039508619E+00
    0.3319720659E+01    0.1133372922E+01    0.9019075218E+00
    0.3327906947E+01    0.1132257115E+01    0.9003453559E+00
    0.3332269479E+01    0.1131663035E+01    0.8995143065E+00
    0.3340455766E+01    0.1130549309E+01    0.8979576138E+00
    0.3351136586E+01    0.1129098404E+01    0.8959321499E+00
    0.3359322874E+01    0.1127988139E+01    0.8943841522E+00
    0.3363685405E+01    0.1127397130E+01    0.8935608180E+00
    0.3371871693E+01    0.1126289387E+01    0.8920189105E+00
    0.3382552512E+01    0.1124846719E+01    0.8900133376E+00
    0.3390738800E+01    0.1123743098E+01    0.8884810427E+00
    0.3395101332E+01    0.1123155746E+01    0.8876662377E+00
    0.3403287619E+01    0.1122055086E+01    0.8861406364E+00
    0.3413968439E+01    0.1120622089E+01    0.8841569257E+00
    0.3422154727E+01    0.1119526211E+01    0.8826418339E+00
    0.3426517258E+01    0.1118943103E+01    0.8818363541E+00
    0.3434703546E+01    0.1117850624E+01    0.8803285454E+00
    0.3445384365E+01    0.1116428732E+01    0.8783686220E+00
    0.3453570653E+01    0.1115341693E+01    0.8768721981E+00
    0.3457933185E+01    0.1114763412E+01    0.8760768202E+00
    0.3466119472E+01    0.1113680210E+01    0.8745882541E+00
    0.3476800292E+01    0.1112270849E+01    0.8726539955E+00
    0.3484986580E+01    0.1111193743E+01    0.8711776671E+00
    0.3489349111E+01    0.1110620871E+01    0.8703931477E+00
    0.3497535399E+01    0.1109548037E+01    0.8689252366E+00
    0.3508216218E+01    0.1108152629E+01    0.8670184705E+00
    0.3516402506E+01    0.1107086543E+01    0.8655636266E+00
    0.3520765038E+01    0.1106519660E+01    0.8647907019E+00
    0.3528951326E+01    0.1105458279E+01    0.8633448193E+00
    0.3539632145E+01    0.1104078239E+01    0.8614673219E+00
    0.3547818433E+01    0.1103024256E+01    0.8600353121E+00
    0.3552180964E+01    0.1102463937E+01    0.8592746969E+00
    0.3560367252E+01    0.1101415089E+01    0.8578521761E+00
    0.3571048072E+01    0.1100051822E+01    0.8560056713E+00
    0.3579234359E+01    0.1099011017E+01    0.8545978044E+00
    0.3583596891E+01    0.1098457834E+01    0.8538501919E+00
    0.3591783179E+01    0.1097422591E+01    0.8524523252E+00
    0.3602463998E+01    0.1096077493E+01    0.8506384829E+00
    0.3610650286E+01    0.1095050933E+01    0.8492560263E+00
    0.3615012817E+01    0.1094505454E+01    0.8485220874E+00
    0.3623199105E+01    0.1093484880E+01    0.8471501256E+00
    0.3633879925E+01    0.1092159334E+01    0.8453705610E+00
    0.3642066212E+01    0.1091148076E+01    0.8440147401E+00
    0.3646428744E+01    0.1090610864E+01    0.8432951233E+00
    0.3654615032E+01    0.1089606012E+01    0.8419502746E+00
    0.3665295851E+01    0.1088301389E+01    0.8402065476E+00
    0.3673482139E+01    0.1087306481E+01    0.8388785449E+00
    0.3677844670E+01    0.1086778093E+01    0.8381738759E+00
    0.3686030958E+01    0.1085790007E+01    0.8368573060E+00
    0.3696711778E+01    0.1084507664E+01    0.8351509204E+00
    0.3704898066E+01    0.1083530142E+01    0.8338518758E+00
    0.3709260597E+01    0.1083011128E+01    0.8331627573E+00
    0.3717446885E+01    0.1082040837E+01    0.8318755886E+00
    0.3728127704E+01    0.1080782114E+01    0.8302079920E+00
    0.3736313992E+01    0.1079823001E+01    0.8289390020E+00
    0.3740676523E+01    0.1079313906E+01    0.8282660138E+00
    0.3748862811E+01    0.1078362429E+01    0.8270093256E+00
    0.3759543631E+01    0.1077128648E+01    0.8253819093E+00
    0.3767729919E+01    0.1076188953E+01    0.8241440271E+00
    0.3772092450E+01    0.1075690313E+01    0.8234877259E+00
    0.3780278738E+01    0.1074758653E+01    0.8222625543E+00
    0.3790959557E+01    0.1073551117E+01    0.8206766531E+00
    0.3799145845E+01    0.1072631835E+01    0.8194708889E+00
    0.3803508377E+01    0.1072144177E+01    0.8188318084E+00
    0.3811694664E+01    0.1071233323E+01    0.8176391462E+00
    0.3822375484E+01    0.1070053314E+01    0.8160960386E+00
    0.3830561772E+01    0.1069155423E+01    0.8149233596E+00
    0.3834924303E+01    0.1068679267E+01    0.8143020106E+00
    0.3843110591E+01    0.1067790188E+01    0.8131428078E+00
    0.3853791410E+01    0.1066638967E+01    0.8116437167E+00
    0.3861977698E+01    0.1065763425E+01    0.8105050471E+00
    0.3866340230E+01    0.1065299281E+01    0.8099019177E+00
    0.3874526517E+01    0.1064432932E+01    0.8087770818E+00
    0.3885207337E+01    0.1063311733E+01    0.8073231744E+00
    0.3893393625E+01    0.1062459483E+01    0.8062193963E+00
    0.3897756156E+01    0.1062007850E+01    0.8056349521E+00
    0.3905942444E+01    0.1061165162E+01    0.8045453483E+00
    0.3916623263E+01    0.1060075197E+01    0.8031377372E+00
    0.3924809551E+01    0.1059247159E+01    0.8020696908E+00
    0.3929172083E+01    0.1058808526E+01    0.8015043751E+00
    0.3937358371E+01    0.1057990413E+01    0.8004508270E+00
    0.3948039190E+01    0.1056932863E+01    0.7990905707E+00
    0.3956225478E+01    0.1056129938E+01    0.7980590549E+00
    0.3960588009E+01    0.1055704781E+01    0.7975132891E+00
    0.3968774297E+01    0.1054912134E+01    0.7964965793E+00
    0.3979455117E+01    0.1053888151E+01    0.7951846829E+00
    0.3987641404E+01    0.1053111215E+01    0.7941904559E+00
    0.3992003936E+01    0.1052700001E+01    0.7936646398E+00
    0.4000190224E+01    0.1051933686E+01    0.7926855105E+00
    0.4010871043E+01    0.1050944394E+01    0.7914229266E+00
    0.4019057331E+01    0.1050194301E+01    0.7904667068E+00
    0.4023419862E+01    0.1049797480E+01    0.7899612189E+00
    0.4031606150E+01    0.1049058341E+01    0.7890203727E+00
    0.4042286970E+01    0.1048104830E+01    0.7878080027E+00
    0.4050473257E+01    0.1047382406E+01    0.7868904691E+00
    0.4054835789E+01    0.1047000417E+01    0.7864056672E+00
    0.4063022077E+01    0.1046289271E+01    0.7855037676E+00
    0.4073702896E+01    0.1045372596E+01    0.7843424624E+00
    0.4081889184E+01    0.1044678643E+01    0.7834642556E+00
    0.4086251715E+01    0.1044311910E+01    0.7830004771E+00
    0.4094438003E+01    0.1043629547E+01    0.7821381497E+00
    0.4105118823E+01    0.1042750728E+01    0.7810287105E+00
    0.4113305110E+01    0.1042086020E+01    0.7801904337E+00
    0.4117667642E+01    0.1041734951E+01    0.7797479960E+00
    0.4125853930E+01    0.1041082133E+01    0.7789258291E+00
    0.4136534749E+01    0.1040242154E+01    0.7778690091E+00
    0.4144721037E+01    0.1039607433E+01    0.7770712285E+00
    0.4149083568E+01    0.1039272423E+01    0.7766504295E+00
    0.4157269856E+01    0.1038649882E+01    0.7758689749E+00
    0.4167950676E+01    0.1037849684E+01    0.7748654802E+00
    0.4176136964E+01    0.1037245666E+01    0.7741087261E+00
    0.4180499495E+01    0.1036927091E+01    0.7737098448E+00
    0.4188685783E+01    0.1036335529E+01    0.7729696188E+00
    0.4199366602E+01    0.1035576016E+01    0.7720201092E+00
    0.4207552890E+01    0.1035003382E+01    0.7713048771E+00
    0.4211915422E+01    0.1034701603E+01    0.7709281736E+00
    0.4220101709E+01    0.1034141689E+01    0.7702296579E+00
    0.4230782529E+01    0.1033423722E+01    0.7693347484E+00
    0.4238968817E+01    0.1032883122E+01    0.7686614995E+00
    0.4243331348E+01    0.1032598481E+01    0.7683072161E+00
    0.4251517636E+01    0.1032070851E+01    0.7676508584E+00
    0.4262198455E+01    0.1031395246E+01    0.7668111203E+00
    0.4270384743E+01    0.1030887296E+01    0.7661802823E+00
    0.4274747275E+01    0.1030620118E+01    0.7658486436E+00
    0.4282933562E+01    0.1030125375E+01    0.7652348587E+00
    0.4293614382E+01    0.1029492904E+01    0.7644508204E+00
    0.4301800670E+01    0.1029018185E+01    0.7638627888E+00
    0.4306163201E+01    0.1028768776E+01    0.7635540020E+00
    0.4314349489E+01    0.1028307485E+01    0.7629831726E+00
    0.4325030308E+01    0.1027718874E+01    0.7622553209E+00
    0.4333216596E+01    0.1027277930E+01    0.7617104595E+00
    0.4337579128E+01    0.1027046576E+01    0.7614247151E+00
    0.4345765415E+01    0.1026619268E+01    0.7608971924E+00
    0.4356446235E+01    0.1026075194E+01    0.7602259736E+00
    0.4364632523E+01    0.1025668534E+01    0.7597246152E+00
    0.4368995054E+01    0.1025455501E+01    0.7594620873E+00
    0.4377181342E+01    0.1025062669E+01    0.7589781920E+00
    0.4387862162E+01    0.1024563760E+01    0.7583640128E+00
    0.4396048449E+01    0.1024191854E+01    0.7579064600E+00
    0.4400410981E+01    0.1023997389E+01    0.7576673068E+00
    0.4408597269E+01    0.1023639488E+01    0.7572273297E+00
    0.4419278088E+01    0.1023186321E+01    0.7566705579E+00
    0.4427464376E+01    0.1022849599E+01    0.7562570839E+00
    0.4431826907E+01    0.1022673928E+01    0.7560414480E+00
    0.4440013195E+01    0.1022351372E+01    0.7556456508E+00
    0.4450694015E+01    0.1021944474E+01    0.7551466165E+00
    0.4458880302E+01    0.1021643329E+01    0.7547774657E+00
    0.4463242834E+01    0.1021486655E+01    0.7545854742E+00
    0.4471429122E+01    0.1021199821E+01    0.7542340900E+00
    0.4482109941E+01    0.1020839665E+01    0.7537930863E+00
    0.4490296229E+01    0.1020574446E+01    0.7534684751E+00
    0.4494658760E+01    0.1020436953E+01    0.7533002402E+00
    0.4502845048E+01    0.1020186174E+01    0.7529934741E+00
    0.4513525868E+01    0.1019873182E+01    0.7526107579E+00
    0.4521712155E+01    0.1019644199E+01    0.7523308747E+00
    0.4526074687E+01    0.1019526048E+01    0.7521864941E+00
    0.4534260975E+01    0.1019311617E+01    0.7519245237E+00
    0.4544941794E+01    0.1019046153E+01    0.7516003161E+00
    0.4553128082E+01    0.1018853676E+01    0.7513653224E+00
    0.4557490613E+01    0.1018755003E+01    0.7512448793E+00
    0.4565676901E+01    0.1018577173E+01    0.7510278554E+00
    0.4576357721E+01    0.1018359548E+01    0.7507623426E+00
    0.4584544009E+01    0.1018203801E+01    0.7505723731E+00
    0.4588906540E+01    0.1018124723E+01    0.7504759363E+00
    0.4597092828E+01    0.1017983701E+01    0.7503039831E+00
    0.4607773647E+01    0.1017814172E+01    0.7500973166E+00
    0.4615959935E+01    0.1017695337E+01    0.7499524796E+00
    0.4620322466E+01    0.1017635948E+01    0.7498801042E+00
    0.4628508754E+01    0.1017531899E+01    0.7497533194E+00
    0.4639189574E+01    0.1017410665E+01    0.7496056169E+00
    0.4647375862E+01    0.1017328882E+01    0.7495059947E+00
    0.4651738393E+01    0.1017289251E+01    0.7494577216E+00
    0.4659924681E+01    0.1017222298E+01    0.7493761772E+00
    0.4670605500E+01    0.1017149500E+01    0.7492875223E+00
    0.4678791788E+01    0.1017104867E+01    0.7492331713E+00
    0.4683154320E+01    0.1017085039E+01    0.7492090279E+00
    0.4691340607E+01    0.1017055261E+01    0.7491727701E+00
    0.4702021427E+01    0.1017030986E+01    0.7491432129E+00
    0.4710207715E+01    0.1017023554E+01    0.7491341637E+00
    0.4714570246E+01    0.1017023554E+01    0.7491341637E+00
    0.4722756534E+01    0.1017030986E+01    0.7491432129E+00
    0.4733437353E+01    0.1017055261E+01    0.7491727701E+00
    0.4741623641E+01    0.1017085039E+01    0.7492090279E+00
    0.4745986173E+01    0.1017104867E+01    0.7492331713E+00
    0.4754172460E+01    0.1017149500E+01    0.7492875223E+00
    0.4764853280E+01    0.1017222298E+01    0.7493761772E+00
    0.4773039568E+01    0.1017289251E+01    0.7494577216E+00
    0.4777402099E+01    0.1017328882E+01    0.7495059947E+00
    0.4785588387E+01    0.1017410665E+01    0.7496056169E+00
    0.4796269206E+01    0.1017531899E+01    0.7497533194E+00
    0.4804455494E+01    0.1017635948E+01    0.7498801042E+00
    0.4808818026E+01    0.1017695337E+01    0.7499524796E+00
    0.4817004314E+01    0.1017814172E+01    0.7500973166E+00
    0.4827685133E+01    0.1017983701E+01    0.7503039831E+00
    0.4835871421E+01    0.1018124723E+01    0.7504759363E+00
    0.4840233952E+01    0.1018203801E+01    0.7505723731E+00
    0.4848420240E+01    0.1018359548E+01    0.7507623426E+00
    0.4859101060E+01    0.1018577173E+01    0.7510278554E+00
    0.4867287347E+01    0.1018755003E+01    0.7512448793E+00
    0.4871649879E+01    0.1018853676E+01    0.7513653224E+00
    0.4879836167E+01    0.1019046153E+01    0.7516003161E+00
    0.4890516986E+01    0.1019311617E+01    0.7519245237E+00
    0.4898703274E+01    0.1019526048E+01    0.7521864941E+00
    0.4903065805E+01    0.1019644199E+01    0.7523308747E+00
    0.4911252093E+01    0.1019873182E+01    0.7526107579E+00
    0.4921932913E+01    0.1020186174E+01    0.7529934741E+00
    0.4930119200E+01    0.1020436953E+01    0.7533002402E+00
    0.4934481732E+01    0.1020574446E+01    0.7534684751E+00
    0.4942668020E+01    0.1020839665E+01    0.7537930863E+00
    0.4953348839E+01    0.1021199821E+01    0.7542340900E+00
    0.4961535127E+01    0.1021486655E+01    0.7545854742E+00
    0.4965897658E+01    0.1021643329E+01    0.7547774658E+00
    0.4974083946E+01    0.1021944474E+01    0.7551466165E+00
    0.4984764766E+01    0.1022351372E+01    0.7556456508E+00
    0.4992951053E+01    0.1022673928E+01    0.7560414480E+00
    0.4997313585E+01    0.1022849599E+01    0.7562570839E+00
    0.5005499873E+01    0.1023186321E+01    0.7566705579E+00
    0.5016180692E+01    0.1023639488E+01    0.7572273297E+00
    0.5024366980E+01    0.1023997389E+01    0.7576673068E+00
    0.5028729511E+01    0.1024191854E+01    0.7579064600E+00
    0.5036915799E+01    0.1024563760E+01    0.7583640128E+00
    0.5047596619E+01    0.1025062669E+01    0.7589781920E+00
    0.5055782907E+01    0.1025455501E+01    0.7594620874E+00
    0.5060145438E+01    0.1025668534E+01    0.7597246152E+00
    0.5068331726E+01    0.1026075194E+01    0.7602259736E+00
    0.5079012545E+01    0.1026619268E+01    0.7608971924E+00
    0.5087198833E+01    0.1027046576E+01    0.7614247151E+00
    0.5091561365E+01    0.1027277930E+01    0.7617104595E+00
    0.5099747652E+01    0.1027718874E+01    0.7622553209E+00
    0.5110428472E+01    0.1028307485E+01    0.7629831725E+00
    0.5118614760E+01    0.1028768776E+01    0.7635540020E+00
    0.5122977291E+01    0.1029018185E+01    0.7638627888E+00
    0.5131163579E+01    0.1029492904E+01    0.7644508204E+00
    0.5141844398E+01    0.1030125375E+01    0.7652348587E+00
    0.5150030686E+01    0.1030620118E+01    0.7658486436E+00
    0.5154393218E+01    0.1030887296E+01    0.7661802823E+00
    0.5162579505E+01    0.1031395246E+01    0.7668111203E+00
    0.5173260325E+01    0.1032070851E+01    0.7676508584E+00
    0.5181446613E+01    0.1032598481E+01    0.7683072161E+00
    0.5185809144E+01    0.1032883122E+01    0.7686614995E+00
    0.5193995432E+01    0.1033423722E+01    0.7693347484E+00
    0.5204676251E+01    0.1034141689E+01    0.7702296579E+00
    0.5212862539E+01    0.1034701603E+01    0.7709281736E+00
    0.5217225071E+01    0.1035003382E+01    0.7713048771E+00
    0.5225411358E+01    0.1035576016E+01    0.7720201092E+00
    0.5236092178E+01    0.1036335529E+01    0.7729696188E+00
    0.5244278466E+01    0.1036927091E+01    0.7737098448E+00
    0.5248640997E+01    0.1037245666E+01    0.7741087261E+00
    0.5256827285E+01    0.1037849684E+01    0.7748654802E+00
    0.5267508105E+01    0.1038649882E+01    0.7758689749E+00
    0.5275694392E+01    0.1039272423E+01    0.7766504295E+00
    0.5280056924E+01    0.1039607433E+01    0.7770712285E+00
    0.5288243212E+01    0.1040242154E+01    0.7778690092E+00
    0.5298924031E+01    0.1041082133E+01    0.7789258290E+00
    0.5307110319E+01    0.1041734951E+01    0.7797479960E+00
    0.5311472850E+01    0.1042086020E+01    0.7801904337E+00
    0.5319659138E+01    0.1042750729E+01    0.7810287106E+00
    0.5330339958E+01    0.1043629547E+01    0.7821381497E+00
    0.5338526245E+01    0.1044311910E+01    0.7830004771E+00
    0.5342888777E+01    0.1044678643E+01    0.7834642556E+00
    0.5351075065E+01    0.1045372596E+01    0.7843424624E+00
    0.5361755884E+01    0.1046289271E+01    0.7855037676E+00
    0.5369942172E+01    0.1047000417E+01    0.7864056672E+00
    0.5374304703E+01    0.1047382406E+01    0.7868904691E+00
    0.5382490991E+01    0.1048104830E+01    0.7878080028E+00
    0.5393171811E+01    0.1049058341E+01    0.7890203727E+00
    0.5401358098E+01    0.1049797480E+01    0.7899612190E+00
    0.5405720630E+01    0.1050194301E+01    0.7904667068E+00
    0.5413906918E+01    0.1050944394E+01    0.7914229267E+00
    0.5424587737E+01    0.1051933686E+01    0.7926855104E+00
    0.5432774025E+01    0.1052700001E+01    0.7936646398E+00
    0.5437136556E+01    0.1053111215E+01    0.7941904559E+00
    0.5445322844E+01    0.1053888151E+01    0.7951846829E+00
    0.5456003664E+01    0.1054912134E+01    0.7964965792E+00
    0.5464189952E+01    0.1055704781E+01    0.7975132891E+00
    0.5468552483E+01    0.1056129937E+01    0.7980590548E+00
    0.5476738771E+01    0.1056932863E+01    0.7990905707E+00
    0.5487419590E+01    0.1057990413E+01    0.8004508270E+00
    0.5495605878E+01    0.1058808526E+01    0.8015043751E+00
    0.5499968409E+01    0.1059247159E+01    0.8020696908E+00
    0.5508154697E+01    0.1060075197E+01    0.8031377372E+00
    0.5518835517E+01    0.1061165162E+01    0.8045453482E+00
    0.5527021805E+01    0.1062007850E+01    0.8056349521E+00
    0.5531384336E+01    0.1062459483E+01    0.8062193963E+00
    0.5539570624E+01    0.1063311733E+01    0.8073231744E+00
    0.5550251443E+01    0.1064432931E+01    0.8087770817E+00
    0.5558437731E+01    0.1065299281E+01    0.8099019177E+00
    0.5562800263E+01    0.1065763425E+01    0.8105050470E+00
    0.5570986550E+01    0.1066638967E+01    0.8116437167E+00
    0.5581667370E+01    0.1067790188E+01    0.8131428078E+00
    0.5589853658E+01    0.1068679267E+01    0.8143020106E+00
    0.5594216189E+01    0.1069155422E+01    0.8149233595E+00
    0.5602402477E+01    0.1070053314E+01    0.8160960387E+00
    0.5613083296E+01    0.1071233323E+01    0.8176391461E+00
    0.5621269584E+01    0.1072144177E+01    0.8188318084E+00
    0.5625632116E+01    0.1072631835E+01    0.8194708889E+00
    0.5633818403E+01    0.1073551117E+01    0.8206766531E+00
    0.5644499223E+01    0.1074758653E+01    0.8222625542E+00
    0.5652685511E+01    0.1075690313E+01    0.8234877260E+00
    0.5657048042E+01    0.1076188953E+01    0.8241440271E+00
    0.5665234330E+01    0.1077128648E+01    0.8253819094E+00
    0.5675915149E+01    0.1078362429E+01    0.8270093255E+00
    0.5684101437E+01    0.1079313906E+01    0.8282660138E+00
    0.5688463969E+01    0.1079823001E+01    0.8289390019E+00
    0.5696650257E+01    0.1080782114E+01    0.8302079921E+00
    0.5707331076E+01    0.1082040837E+01    0.8318755885E+00
    0.5715517364E+01    0.1083011128E+01    0.8331627573E+00
    0.5719879895E+01    0.1083530141E+01    0.8338518757E+00
    0.5728066183E+01    0.1084507664E+01    0.8351509204E+00
    0.5738747003E+01    0.1085790006E+01    0.8368573059E+00
    0.5746933290E+01    0.1086778093E+01    0.8381738759E+00
    0.5751295822E+01    0.1087306481E+01    0.8388785449E+00
    0.5759482110E+01    0.1088301389E+01    0.8402065477E+00
    0.5770162929E+01    0.1089606012E+01    0.8419502746E+00
    0.5778349217E+01    0.1090610864E+01    0.8432951233E+00
    0.5782711748E+01    0.1091148076E+01    0.8440147400E+00
    0.5790898036E+01    0.1092159334E+01    0.8453705611E+00
    0.5801578856E+01    0.1093484879E+01    0.8471501256E+00
    0.5809765143E+01    0.1094505454E+01    0.8485220875E+00
    0.5814127675E+01    0.1095050932E+01    0.8492560263E+00
    0.5822313963E+01    0.1096077493E+01    0.8506384830E+00
    0.5832994782E+01    0.1097422591E+01    0.8524523252E+00
    0.5841181070E+01    0.1098457834E+01    0.8538501920E+00
    0.5845543601E+01    0.1099011017E+01    0.8545978043E+00
    0.5853729889E+01    0.1100051822E+01    0.8560056714E+00
    0.5864410709E+01    0.1101415089E+01    0.8578521760E+00
    0.5872596996E+01    0.1102463937E+01    0.8592746970E+00
    0.5876959528E+01    0.1103024256E+01    0.8600353121E+00
    0.5885145816E+01    0.1104078239E+01    0.8614673220E+00
    0.5895826635E+01    0.1105458279E+01    0.8633448192E+00
    0.5904012923E+01    0.1106519660E+01    0.8647907020E+00
    0.5908375454E+01    0.1107086543E+01    0.8655636265E+00
    0.5916561742E+01    0.1108152629E+01    0.8670184706E+00
    0.5927242562E+01    0.1109548036E+01    0.8689252365E+00
    0.5935428850E+01    0.1110620871E+01    0.8703931477E+00
    0.5939791381E+01    0.1111193743E+01    0.8711776670E+00
    0.5947977669E+01    0.1112270849E+01    0.8726539956E+00
    0.5958658488E+01    0.1113680210E+01    0.8745882540E+00
    0.5966844776E+01    0.1114763412E+01    0.8760768202E+00
    0.5971207308E+01    0.1115341693E+01    0.8768721980E+00
    0.5979393595E+01    0.1116428732E+01    0.8783686221E+00
    0.5990074415E+01    0.1117850624E+01    0.8803285453E+00
    0.5998260703E+01    0.1118943103E+01    0.8818363542E+00
    0.6002623234E+01    0.1119526211E+01    0.8826418338E+00
    0.6010809522E+01    0.1120622089E+01    0.8841569258E+00
    0.6021490341E+01    0.1122055086E+01    0.8861406363E+00
    0.6029676629E+01    0.1123155746E+01    0.8876662378E+00
    0.6034039161E+01    0.1123743098E+01    0.8884810426E+00
    0.6042225448E+01    0.1124846719E+01    0.8900133377E+00
    0.6052906268E+01    0.1126289387E+01    0.8920189104E+00
    0.6061092556E+01    0.1127397130E+01    0.8935608180E+00
    0.6065455087E+01    0.1127988139E+01    0.8943841522E+00
    0.6073641375E+01    0.1129098404E+01    0.8959321500E+00
    0.6084322194E+01    0.1130549309E+01    0.8979576137E+00
    0.6092508482E+01    0.1131663035E+01    0.8995143065E+00
    0.6096871014E+01    0.1132257114E+01    0.9003453558E+00
    0.6105057301E+01    0.1133372922E+01    0.9019075219E+00
    0.6115738121E+01    0.1134830626E+01    0.9039508618E+00
    0.6123924409E+01    0.1135949232E+01    0.9055207859E+00
    0.6128286940E+01    0.1136545795E+01    0.9063587189E+00
    0.6136473228E+01    0.1137666042E+01    0.9079334868E+00
    0.6147154048E+01    0.1139129108E+01    0.9099926468E+00
    0.6155340335E+01    0.1140251492E+01    0.9115742173E+00
    0.6159702867E+01    0.1140849952E+01    0.9124181861E+00
    0.6167889155E+01    0.1141973537E+01    0.9140039591E+00
    0.6178569974E+01    0.1143440527E+01    0.9160768448E+00
    0.6186756262E+01    0.1144565588E+01    0.9176684478E+00
    0.6191118793E+01    0.1145165357E+01    0.9185175896E+00
    0.6199305081E+01    0.1146291180E+01    0.9201127429E+00
    0.6209985901E+01    0.1147760658E+01    0.9221972240E+00
    0.6218172188E+01    0.1148887297E+01    0.9237972190E+00
    0.6222534720E+01    0.1149487789E+01    0.9246506568E+00
    0.6230721008E+01    0.1150614751E+01    0.9262535400E+00
    0.6241401827E+01    0.1152085284E+01    0.9283474537E+00
    0.6249588115E+01    0.1153212403E+01    0.9299541761E+00
    0.6253950646E+01    0.1153813035E+01    0.9308110203E+00
    0.6262136934E+01    0.1154940039E+01    0.9324199596E+00
    0.6272817754E+01    0.1156410200E+01    0.9345211136E+00
    0.6281004041E+01    0.1157536705E+01    0.9361328768E+00
