    0.2181265717E-02    0.1138501587E+01    0.1135275259E+01
    0.1036755352E-01    0.1139453578E+01    0.1136317118E+01
    0.2104837301E-01    0.1140692008E+01    0.1137672115E+01
    0.2923466082E-01    0.1141638327E+01    0.1138707250E+01
    0.3359719225E-01    0.1142141587E+01    0.1139257653E+01
    0.4178348006E-01    0.1143083963E+01    0.1140288142E+01
    0.5246429955E-01    0.1144309518E+01    0.1141627967E+01
    0.6065058736E-01    0.1145245717E+01    0.1142651216E+01
    0.6501311879E-01    0.1145743495E+01    0.1143195195E+01
    0.7319940660E-01    0.1146675422E+01    0.1144213463E+01
    0.8388022608E-01    0.1147887025E+01    0.1145537019E+01
    0.9206651389E-01    0.1148812289E+01    0.1146547554E+01
    0.9642904532E-01    0.1149304155E+01    0.1147084672E+01
    0.1046153331E+00    0.1150224832E+01    0.1148089905E+01
    0.1152961526E+00    0.1151421450E+01    0.1149396146E+01
    0.1234824404E+00    0.1152334999E+01    0.1150393176E+01
    0.1278449719E+00    0.1152820542E+01    0.1150923016E+01
    0.1360312597E+00    0.1153729201E+01    0.1151914439E+01
    0.1467120792E+00    0.1154909849E+01    0.1153202368E+01
    0.1548983670E+00    0.1155810937E+01    0.1154185141E+01
    0.1592608984E+00    0.1156289762E+01    0.1154707304E+01
    0.1674471862E+00    0.1157185672E+01    0.1155684180E+01
    0.1781280057E+00    0.1158349408E+01    0.1156952849E+01
    0.1863142935E+00    0.1159237324E+01    0.1157920649E+01
    0.1906768249E+00    0.1159709055E+01    0.1158434760E+01
    0.1988631127E+00    0.1160591518E+01    0.1159396387E+01
    0.2095439322E+00    0.1161737445E+01    0.1160644895E+01
    0.2177302200E+00    0.1162611512E+01    0.1161597043E+01
    0.2220927515E+00    0.1163075793E+01    0.1162102743E+01
    0.2302790393E+00    0.1163944146E+01    0.1163048457E+01
    0.2409598588E+00    0.1165071411E+01    0.1164275952E+01
    0.2491461466E+00    0.1165930985E+01    0.1165211805E+01
    0.2535086780E+00    0.1166387477E+01    0.1165708754E+01
    0.2616949658E+00    0.1167241089E+01    0.1166637926E+01
    0.2723757853E+00    0.1168348885E+01    0.1167843600E+01
    0.2805620731E+00    0.1169193356E+01    0.1168762550E+01
    0.2849246045E+00    0.1169641737E+01    0.1169250429E+01
    0.2931108923E+00    0.1170480014E+01    0.1170162464E+01
    0.3037917118E+00    0.1171567575E+01    0.1171345555E+01
    0.3119779996E+00    0.1172396368E+01    0.1172247027E+01
    0.3163405311E+00    0.1172836334E+01    0.1172725534E+01
    0.3245268189E+00    0.1173658711E+01    0.1173619871E+01
    0.3352076384E+00    0.1174725315E+01    0.1174779662E+01
    0.3433939262E+00    0.1175537886E+01    0.1175663116E+01
    0.3477564576E+00    0.1175969151E+01    0.1176131965E+01
    0.3559427454E+00    0.1176775097E+01    0.1177008079E+01
    0.3666235649E+00    0.1177820065E+01    0.1178143893E+01
    0.3748098527E+00    0.1178615902E+01    0.1179008822E+01
    0.3791723841E+00    0.1179038197E+01    0.1179467746E+01
    0.3873586720E+00    0.1179827214E+01    0.1180325140E+01
    0.3980394914E+00    0.1180849906E+01    0.1181436345E+01
    0.4062257792E+00    0.1181628529E+01    0.1182282272E+01
    0.4105883107E+00    0.1182041602E+01    0.1182731022E+01
    0.4187745985E+00    0.1182813221E+01    0.1183569233E+01
    0.4294554180E+00    0.1183813039E+01    0.1184655235E+01
    0.4376417058E+00    0.1184573998E+01    0.1185481715E+01
    0.4420042372E+00    0.1184977612E+01    0.1185920056E+01
    0.4501905250E+00    0.1185731397E+01    0.1186738651E+01
    0.4608713445E+00    0.1186707782E+01    0.1187798897E+01
    0.4690576323E+00    0.1187450658E+01    0.1188605515E+01
    0.4734201638E+00    0.1187844593E+01    0.1189033229E+01
    0.4816064516E+00    0.1188580135E+01    0.1189831803E+01
    0.4922872711E+00    0.1189532567E+01    0.1190865778E+01
    0.5004735589E+00    0.1190256970E+01    0.1191652147E+01
    0.5048360903E+00    0.1190641020E+01    0.1192069031E+01
    0.5130223781E+00    0.1191357941E+01    0.1192847210E+01
    0.5237031976E+00    0.1192285936E+01    0.1193854435E+01
    0.5318894854E+00    0.1192991504E+01    0.1194620196E+01
    0.5362520168E+00    0.1193365480E+01    0.1195026062E+01
    0.5444383046E+00    0.1194063429E+01    0.1195783497E+01
    0.5551191241E+00    0.1194966539E+01    0.1196763529E+01
    0.5633054119E+00    0.1195652937E+01    0.1197508351E+01
    0.5676679434E+00    0.1196016663E+01    0.1197903024E+01
    0.5758542312E+00    0.1196695315E+01    0.1198639396E+01
    0.5865350507E+00    0.1197573130E+01    0.1199591825E+01
    0.5947213385E+00    0.1198240049E+01    0.1200315402E+01
    0.5990838699E+00    0.1198593364E+01    0.1200698722E+01
    0.6072701577E+00    0.1199252422E+01    0.1201413734E+01
    0.6179509772E+00    0.1200104561E+01    0.1202338184E+01
    0.6261372650E+00    0.1200751718E+01    0.1203040235E+01
    0.6304997964E+00    0.1201094474E+01    0.1203412055E+01
    0.6386860842E+00    0.1201733665E+01    0.1204105435E+01
    0.6493669037E+00    0.1202559782E+01    0.1205001561E+01
    0.6575531915E+00    0.1203186920E+01    0.1205681828E+01
    0.6619157230E+00    0.1203518981E+01    0.1206042014E+01
    0.6701020108E+00    0.1204138055E+01    0.1206713513E+01
    0.6807828303E+00    0.1204937834E+01    0.1207581001E+01
    0.6889691181E+00    0.1205544718E+01    0.1208239250E+01
    0.6933316495E+00    0.1205865961E+01    0.1208587678E+01
    0.7015179373E+00    0.1206464693E+01    0.1209237072E+01
    0.7121987568E+00    0.1207237848E+01    0.1210075634E+01
    0.7203850446E+00    0.1207824264E+01    0.1210711651E+01
    0.7247475760E+00    0.1208134578E+01    0.1211048211E+01
    0.7329338638E+00    0.1208712764E+01    0.1211675293E+01
    0.7436146833E+00    0.1209459036E+01    0.1212484670E+01
    0.7518009711E+00    0.1210024793E+01    0.1213098263E+01
    0.7561635026E+00    0.1210324079E+01    0.1213422853E+01
    0.7643497904E+00    0.1210881534E+01    0.1214027439E+01
    0.7750306099E+00    0.1211600693E+01    0.1214807398E+01
    0.7832168977E+00    0.1212145618E+01    0.1215398393E+01
    0.7875794291E+00    0.1212433786E+01    0.1215710923E+01
    0.7957657169E+00    0.1212970346E+01    0.1216292847E+01
    0.8064465364E+00    0.1213662184E+01    0.1217043178E+01
    0.8146328242E+00    0.1214186126E+01    0.1217611419E+01
    0.8189953557E+00    0.1214463096E+01    0.1217911809E+01
    0.8271816435E+00    0.1214978617E+01    0.1218470922E+01
    0.8378624629E+00    0.1215642951E+01    0.1219191438E+01
    0.8460487508E+00    0.1216145773E+01    0.1219736788E+01
    0.8504112822E+00    0.1216411475E+01    0.1220024965E+01
    0.8585975700E+00    0.1216905828E+01    0.1220561136E+01
    0.8692783895E+00    0.1217542497E+01    0.1221251671E+01
    0.8774646773E+00    0.1218024082E+01    0.1221774008E+01
    0.8818272087E+00    0.1218278455E+01    0.1222049909E+01
    0.8900134965E+00    0.1218751527E+01    0.1222563022E+01
    0.9006943160E+00    0.1219360391E+01    0.1223223431E+01
    0.9088806038E+00    0.1219820635E+01    0.1223722646E+01
    0.9132431353E+00    0.1220063626E+01    0.1223986215E+01
    0.9214294231E+00    0.1220515320E+01    0.1224476169E+01
    0.9321102426E+00    0.1221096258E+01    0.1225106324E+01
    0.9402965304E+00    0.1221535072E+01    0.1225582326E+01
    0.9446590618E+00    0.1221766634E+01    0.1225833514E+01
    0.9528453496E+00    0.1222196867E+01    0.1226300219E+01
    0.9635261691E+00    0.1222749775E+01    0.1226900011E+01
    0.9717124569E+00    0.1223167084E+01    0.1227352717E+01
    0.9760749883E+00    0.1223387178E+01    0.1227591484E+01
    0.9842612761E+00    0.1223795879E+01    0.1228034865E+01
    0.9949420956E+00    0.1224320669E+01    0.1228604199E+01
    0.1003128383E+01    0.1224716409E+01    0.1229033540E+01
    0.1007490915E+01    0.1224925003E+01    0.1229259849E+01
    0.1015677203E+01    0.1225312113E+01    0.1229679842E+01
    0.1026358022E+01    0.1225808711E+01    0.1230218636E+01
    0.1034544310E+01    0.1226182830E+01    0.1230624555E+01
    0.1038906841E+01    0.1226379897E+01    0.1230838377E+01
    0.1047093129E+01    0.1226745367E+01    0.1231234925E+01
    0.1057773949E+01    0.1227213714E+01    0.1231743114E+01
    0.1065960237E+01    0.1227566168E+01    0.1232125561E+01
    0.1070322768E+01    0.1227751686E+01    0.1232326870E+01
    0.1078509056E+01    0.1228095476E+01    0.1232699930E+01
    0.1089189875E+01    0.1228535525E+01    0.1233177456E+01
    0.1097376163E+01    0.1228866280E+01    0.1233536392E+01
    0.1101738694E+01    0.1229040231E+01    0.1233725166E+01
    0.1109924982E+01    0.1229362310E+01    0.1234074700E+01
    0.1120605802E+01    0.1229774023E+01    0.1234521520E+01
    0.1128792090E+01    0.1230083052E+01    0.1234856910E+01
    0.1133154621E+01    0.1230245423E+01    0.1235033135E+01
    0.1141340909E+01    0.1230545769E+01    0.1235359113E+01
    0.1152021728E+01    0.1230929116E+01    0.1235775189E+01
    0.1160208016E+01    0.1231216400E+01    0.1236087008E+01
    0.1164570548E+01    0.1231367181E+01    0.1236250670E+01
    0.1172756835E+01    0.1231645775E+01    0.1236553068E+01
    0.1183437655E+01    0.1232000737E+01    0.1236938372E+01
    0.1191623943E+01    0.1232266262E+01    0.1237226601E+01
    0.1195986474E+01    0.1232405445E+01    0.1237377689E+01
    0.1204172762E+01    0.1232662276E+01    0.1237656490E+01
    0.1214853581E+01    0.1232988839E+01    0.1238011000E+01
    0.1223039869E+01    0.1233232595E+01    0.1238275623E+01
    0.1227402401E+01    0.1233360177E+01    0.1238414130E+01
    0.1235588688E+01    0.1233595236E+01    0.1238669321E+01
    0.1246269508E+01    0.1233893392E+01    0.1238993021E+01
    0.1254455796E+01    0.1234115374E+01    0.1239234028E+01
    0.1258818327E+01    0.1234231352E+01    0.1239359948E+01
    0.1267004615E+01    0.1234444636E+01    0.1239591519E+01
    0.1277685434E+01    0.1234714381E+01    0.1239884399E+01
    0.1285871722E+01    0.1234914587E+01    0.1240101782E+01
    0.1290234254E+01    0.1235018961E+01    0.1240215112E+01
    0.1298420541E+01    0.1235210468E+01    0.1240423057E+01
    0.1309101361E+01    0.1235451802E+01    0.1240685110E+01
    0.1317287649E+01    0.1235630232E+01    0.1240878864E+01
    0.1321650180E+01    0.1235723002E+01    0.1240979602E+01
    0.1329836468E+01    0.1235892735E+01    0.1241163917E+01
    0.1340517288E+01    0.1236105659E+01    0.1241395138E+01
    0.1348703575E+01    0.1236262317E+01    0.1241565261E+01
    0.1353066107E+01    0.1236343483E+01    0.1241653406E+01
    0.1361252395E+01    0.1236491444E+01    0.1241814090E+01
    0.1371933214E+01    0.1236675964E+01    0.1242014479E+01
    0.1380119502E+01    0.1236810851E+01    0.1242160970E+01
    0.1384482033E+01    0.1236880417E+01    0.1242236521E+01
    0.1392668321E+01    0.1237006610E+01    0.1242373573E+01
    0.1403349141E+01    0.1237162729E+01    0.1242543129E+01
    0.1411535428E+01    0.1237275850E+01    0.1242665989E+01
    0.1415897960E+01    0.1237333817E+01    0.1242728947E+01
    0.1424084248E+01    0.1237438246E+01    0.1242842367E+01
    0.1434765067E+01    0.1237565970E+01    0.1242981092E+01
    0.1442951355E+01    0.1237657330E+01    0.1243080321E+01
    0.1447313886E+01    0.1237703700E+01    0.1243130686E+01
    0.1455500174E+01    0.1237786369E+01    0.1243220477E+01
    0.1466180994E+01    0.1237885704E+01    0.1243328371E+01
    0.1474367281E+01    0.1237955306E+01    0.1243403971E+01
    0.1478729813E+01    0.1237990081E+01    0.1243441744E+01
    0.1486916101E+01    0.1238050993E+01    0.1243507906E+01
    0.1497596920E+01    0.1238121943E+01    0.1243584972E+01
    0.1505783208E+01    0.1238169791E+01    0.1243636944E+01
    0.1510145739E+01    0.1238192974E+01    0.1243662126E+01
    0.1518332027E+01    0.1238232132E+01    0.1243704660E+01
    0.1529012847E+01    0.1238274700E+01    0.1243750899E+01
    0.1537199135E+01    0.1238300795E+01    0.1243779244E+01
    0.1541561666E+01    0.1238312386E+01    0.1243791835E+01
    0.1549747954E+01    0.1238329793E+01    0.1243810742E+01
    0.1560428773E+01    0.1238343982E+01    0.1243826155E+01
    0.1568615061E+01    0.1238348326E+01    0.1243830874E+01
    0.1572977593E+01    0.1238348326E+01    0.1243830874E+01
    0.1581163880E+01    0.1238343982E+01    0.1243826155E+01
    0.1591844700E+01    0.1238329793E+01    0.1243810742E+01
    0.1600030988E+01    0.1238312386E+01    0.1243791835E+01
    0.1604393519E+01    0.1238300795E+01    0.1243779244E+01
    0.1612579807E+01    0.1238274700E+01    0.1243750899E+01
    0.1623260626E+01    0.1238232132E+01    0.1243704660E+01
    0.1631446914E+01    0.1238192973E+01    0.1243662126E+01
    0.1635809446E+01    0.1238169791E+01    0.1243636944E+01
    0.1643995733E+01    0.1238121943E+01    0.1243584972E+01
    0.1654676553E+01    0.1238050993E+01    0.1243507906E+01
    0.1662862841E+01    0.1237990081E+01    0.1243441744E+01
    0.1667225372E+01    0.1237955306E+01    0.1243403971E+01
    0.1675411660E+01    0.1237885704E+01    0.1243328371E+01
    0.1686092479E+01    0.1237786369E+01    0.1243220477E+01
    0.1694278767E+01    0.1237703700E+01    0.1243130686E+01
    0.1698641299E+01    0.1237657330E+01    0.1243080321E+01
    0.1706827586E+01    0.1237565970E+01    0.1242981092E+01
    0.1717508406E+01    0.1237438246E+01    0.1242842367E+01
    0.1725694694E+01    0.1237333817E+01    0.1242728947E+01
    0.1730057225E+01    0.1237275850E+01    0.1242665989E+01
    0.1738243513E+01    0.1237162729E+01    0.1242543129E+01
    0.1748924332E+01    0.1237006610E+01    0.1242373573E+01
    0.1757110620E+01    0.1236880417E+01    0.1242236521E+01
    0.1761473152E+01    0.1236810851E+01    0.1242160970E+01
    0.1769659440E+01    0.1236675963E+01    0.1242014479E+01
    0.1780340259E+01    0.1236491444E+01    0.1241814090E+01
    0.1788526547E+01    0.1236343483E+01    0.1241653406E+01
    0.1792889078E+01    0.1236262317E+01    0.1241565261E+01
    0.1801075366E+01    0.1236105659E+01    0.1241395138E+01
    0.1811756186E+01    0.1235892735E+01    0.1241163917E+01
    0.1819942473E+01    0.1235723002E+01    0.1240979602E+01
    0.1824305005E+01    0.1235630232E+01    0.1240878864E+01
    0.1832491293E+01    0.1235451802E+01    0.1240685110E+01
    0.1843172112E+01    0.1235210468E+01    0.1240423057E+01
    0.1851358400E+01    0.1235018961E+01    0.1240215112E+01
    0.1855720931E+01    0.1234914587E+01    0.1240101782E+01
    0.1863907219E+01    0.1234714381E+01    0.1239884399E+01
    0.1874588039E+01    0.1234444636E+01    0.1239591519E+01
    0.1882774326E+01    0.1234231352E+01    0.1239359948E+01
    0.1887136858E+01    0.1234115374E+01    0.1239234028E+01
    0.1895323146E+01    0.1233893392E+01    0.1238993021E+01
    0.1906003965E+01    0.1233595236E+01    0.1238669321E+01
    0.1914190253E+01    0.1233360177E+01    0.1238414130E+01
    0.1918552784E+01    0.1233232595E+01    0.1238275623E+01
    0.1926739072E+01    0.1232988839E+01    0.1238011000E+01
    0.1937419892E+01    0.1232662276E+01    0.1237656490E+01
    0.1945606180E+01    0.1232405445E+01    0.1237377689E+01
    0.1949968711E+01    0.1232266262E+01    0.1237226601E+01
    0.1958154999E+01    0.1232000737E+01    0.1236938372E+01
    0.1968835818E+01    0.1231645775E+01    0.1236553068E+01
    0.1977022106E+01    0.1231367181E+01    0.1236250669E+01
    0.1981384637E+01    0.1231216400E+01    0.1236087008E+01
    0.1989570925E+01    0.1230929116E+01    0.1235775188E+01
    0.2000251745E+01    0.1230545769E+01    0.1235359113E+01
    0.2008438033E+01    0.1230245423E+01    0.1235033135E+01
    0.2012800564E+01    0.1230083052E+01    0.1234856910E+01
    0.2020986852E+01    0.1229774023E+01    0.1234521520E+01
    0.2031667671E+01    0.1229362311E+01    0.1234074700E+01
    0.2039853959E+01    0.1229040231E+01    0.1233725166E+01
    0.2044216491E+01    0.1228866280E+01    0.1233536392E+01
    0.2052402778E+01    0.1228535525E+01    0.1233177456E+01
    0.2063083598E+01    0.1228095476E+01    0.1232699930E+01
    0.2071269886E+01    0.1227751686E+01    0.1232326870E+01
    0.2075632417E+01    0.1227566168E+01    0.1232125561E+01
    0.2083818705E+01    0.1227213714E+01    0.1231743114E+01
    0.2094499524E+01    0.1226745367E+01    0.1231234925E+01
    0.2102685812E+01    0.1226379897E+01    0.1230838377E+01
    0.2107048344E+01    0.1226182830E+01    0.1230624555E+01
    0.2115234631E+01    0.1225808711E+01    0.1230218636E+01
    0.2125915451E+01    0.1225312113E+01    0.1229679842E+01
    0.2134101739E+01    0.1224925003E+01    0.1229259849E+01
    0.2138464270E+01    0.1224716409E+01    0.1229033540E+01
    0.2146650558E+01    0.1224320669E+01    0.1228604199E+01
    0.2157331377E+01    0.1223795879E+01    0.1228034865E+01
    0.2165517665E+01    0.1223387178E+01    0.1227591484E+01
    0.2169880197E+01    0.1223167084E+01    0.1227352717E+01
    0.2178066485E+01    0.1222749775E+01    0.1226900011E+01
    0.2188747304E+01    0.1222196867E+01    0.1226300219E+01
    0.2196933592E+01    0.1221766634E+01    0.1225833514E+01
    0.2201296123E+01    0.1221535072E+01    0.1225582326E+01
    0.2209482411E+01    0.1221096258E+01    0.1225106324E+01
    0.2220163231E+01    0.1220515320E+01    0.1224476169E+01
    0.2228349518E+01    0.1220063626E+01    0.1223986215E+01
    0.2232712050E+01    0.1219820636E+01    0.1223722647E+01
    0.2240898338E+01    0.1219360391E+01    0.1223223431E+01
    0.2251579157E+01    0.1218751527E+01    0.1222563022E+01
    0.2259765445E+01    0.1218278455E+01    0.1222049909E+01
    0.2264127976E+01    0.1218024082E+01    0.1221774008E+01
    0.2272314264E+01    0.1217542497E+01    0.1221251671E+01
    0.2282995084E+01    0.1216905828E+01    0.1220561136E+01
    0.2291181371E+01    0.1216411475E+01    0.1220024965E+01
    0.2295543903E+01    0.1216145773E+01    0.1219736788E+01
    0.2303730191E+01    0.1215642951E+01    0.1219191438E+01
    0.2314411010E+01    0.1214978617E+01    0.1218470922E+01
    0.2322597298E+01    0.1214463096E+01    0.1217911809E+01
    0.2326959829E+01    0.1214186126E+01    0.1217611419E+01
    0.2335146117E+01    0.1213662184E+01    0.1217043178E+01
    0.2345826937E+01    0.1212970346E+01    0.1216292847E+01
    0.2354013224E+01    0.1212433786E+01    0.1215710923E+01
    0.2358375756E+01    0.1212145618E+01    0.1215398393E+01
    0.2366562044E+01    0.1211600692E+01    0.1214807398E+01
    0.2377242863E+01    0.1210881534E+01    0.1214027439E+01
    0.2385429151E+01    0.1210324079E+01    0.1213422853E+01
    0.2389791682E+01    0.1210024793E+01    0.1213098263E+01
    0.2397977970E+01    0.1209459036E+01    0.1212484670E+01
    0.2408658790E+01    0.1208712764E+01    0.1211675293E+01
    0.2416845078E+01    0.1208134578E+01    0.1211048211E+01
    0.2421207609E+01    0.1207824264E+01    0.1210711651E+01
    0.2429393897E+01    0.1207237848E+01    0.1210075634E+01
    0.2440074716E+01    0.1206464693E+01    0.1209237072E+01
    0.2448261004E+01    0.1205865961E+01    0.1208587678E+01
    0.2452623536E+01    0.1205544718E+01    0.1208239250E+01
    0.2460809823E+01    0.1204937834E+01    0.1207581001E+01
    0.2471490643E+01    0.1204138055E+01    0.1206713513E+01
    0.2479676931E+01    0.1203518981E+01    0.1206042014E+01
    0.2484039462E+01    0.1203186920E+01    0.1205681828E+01
    0.2492225750E+01    0.1202559782E+01    0.1205001561E+01
    0.2502906569E+01    0.1201733665E+01    0.1204105435E+01
    0.2511092857E+01    0.1201094474E+01    0.1203412055E+01
    0.2515455389E+01    0.1200751718E+01    0.1203040235E+01
    0.2523641676E+01    0.1200104561E+01    0.1202338184E+01
    0.2534322496E+01    0.1199252422E+01    0.1201413734E+01
    0.2542508784E+01    0.1198593363E+01    0.1200698722E+01
    0.2546871315E+01    0.1198240049E+01    0.1200315402E+01
    0.2555057603E+01    0.1197573130E+01    0.1199591825E+01
    0.2565738422E+01    0.1196695315E+01    0.1198639396E+01
    0.2573924710E+01    0.1196016663E+01    0.1197903024E+01
    0.2578287242E+01    0.1195652937E+01    0.1197508351E+01
    0.2586473529E+01    0.1194966539E+01    0.1196763529E+01
    0.2597154349E+01    0.1194063429E+01    0.1195783497E+01
    0.2605340637E+01    0.1193365480E+01    0.1195026062E+01
    0.2609703168E+01    0.1192991504E+01    0.1194620196E+01
    0.2617889456E+01    0.1192285936E+01    0.1193854435E+01
    0.2628570275E+01    0.1191357941E+01    0.1192847210E+01
    0.2636756563E+01    0.1190641020E+01    0.1192069031E+01
    0.2641119095E+01    0.1190256970E+01    0.1191652147E+01
    0.2649305383E+01    0.1189532567E+01    0.1190865778E+01
    0.2659986202E+01    0.1188580136E+01    0.1189831803E+01
    0.2668172490E+01    0.1187844593E+01    0.1189033229E+01
    0.2672535021E+01    0.1187450658E+01    0.1188605515E+01
    0.2680721309E+01    0.1186707782E+01    0.1187798897E+01
    0.2691402129E+01    0.1185731397E+01    0.1186738651E+01
    0.2699588416E+01    0.1184977612E+01    0.1185920056E+01
    0.2703950948E+01    0.1184573998E+01    0.1185481715E+01
    0.2712137236E+01    0.1183813039E+01    0.1184655235E+01
    0.2722818055E+01    0.1182813221E+01    0.1183569233E+01
    0.2731004343E+01    0.1182041602E+01    0.1182731022E+01
    0.2735366874E+01    0.1181628529E+01    0.1182282272E+01
    0.2743553162E+01    0.1180849906E+01    0.1181436345E+01
    0.2754233982E+01    0.1179827214E+01    0.1180325140E+01
    0.2762420269E+01    0.1179038197E+01    0.1179467746E+01
    0.2766782801E+01    0.1178615902E+01    0.1179008822E+01
    0.2774969089E+01    0.1177820065E+01    0.1178143893E+01
    0.2785649908E+01    0.1176775097E+01    0.1177008079E+01
    0.2793836196E+01    0.1175969151E+01    0.1176131965E+01
    0.2798198727E+01    0.1175537886E+01    0.1175663116E+01
    0.2806385015E+01    0.1174725315E+01    0.1174779662E+01
    0.2817065835E+01    0.1173658711E+01    0.1173619871E+01
    0.2825252123E+01    0.1172836334E+01    0.1172725533E+01
    0.2829614654E+01    0.1172396368E+01    0.1172247027E+01
    0.2837800942E+01    0.1171567575E+01    0.1171345555E+01
    0.2848481761E+01    0.1170480014E+01    0.1170162464E+01
    0.2856668049E+01    0.1169641737E+01    0.1169250429E+01
    0.2861030580E+01    0.1169193356E+01    0.1168762550E+01
    0.2869216868E+01    0.1168348885E+01    0.1167843600E+01
    0.2879897688E+01    0.1167241089E+01    0.1166637926E+01
    0.2888083976E+01    0.1166387477E+01    0.1165708754E+01
    0.2892446507E+01    0.1165930985E+01    0.1165211805E+01
    0.2900632795E+01    0.1165071411E+01    0.1164275952E+01
    0.2911313614E+01    0.1163944146E+01    0.1163048457E+01
    0.2919499902E+01    0.1163075793E+01    0.1162102743E+01
    0.2923862434E+01    0.1162611512E+01    0.1161597043E+01
    0.2932048721E+01    0.1161737445E+01    0.1160644895E+01
    0.2942729541E+01    0.1160591518E+01    0.1159396387E+01
    0.2950915829E+01    0.1159709055E+01    0.1158434760E+01
    0.2955278360E+01    0.1159237324E+01    0.1157920649E+01
    0.2963464648E+01    0.1158349408E+01    0.1156952849E+01
    0.2974145467E+01    0.1157185672E+01    0.1155684180E+01
    0.2982331755E+01    0.1156289762E+01    0.1154707304E+01
    0.2986694287E+01    0.1155810937E+01    0.1154185141E+01
    0.2994880574E+01    0.1154909849E+01    0.1153202368E+01
    0.3005561394E+01    0.1153729201E+01    0.1151914439E+01
    0.3013747682E+01    0.1152820542E+01    0.1150923016E+01
    0.3018110213E+01    0.1152334999E+01    0.1150393176E+01
    0.3026296501E+01    0.1151421450E+01    0.1149396146E+01
    0.3036977320E+01    0.1150224832E+01    0.1148089905E+01
    0.3045163608E+01    0.1149304155E+01    0.1147084672E+01
    0.3049526140E+01    0.1148812289E+01    0.1146547554E+01
    0.3057712428E+01    0.1147887025E+01    0.1145537019E+01
    0.3068393247E+01    0.1146675422E+01    0.1144213463E+01
    0.3076579535E+01    0.1145743495E+01    0.1143195195E+01
    0.3080942066E+01    0.1145245717E+01    0.1142651216E+01
    0.3089128354E+01    0.1144309518E+01    0.1141627967E+01
    0.3099809174E+01    0.1143083963E+01    0.1140288142E+01
    0.3107995461E+01    0.1142141587E+01    0.1139257653E+01
    0.3112357993E+01    0.1141638327E+01    0.1138707250E+01
    0.3120544281E+01    0.1140692008E+01    0.1137672115E+01
    0.3131225100E+01    0.1139453578E+01    0.1136317118E+01
    0.3139411388E+01    0.1138501587E+01    0.1135275259E+01
    0.3143773919E+01    0.1137993296E+01    0.1134718891E+01
    0.3151960207E+01    0.1137037706E+01    0.1133672738E+01
    0.3162641027E+01    0.1135787522E+01    0.1132303714E+01
    0.3170827314E+01    0.1134826787E+01    0.1131251377E+01
    0.3175189846E+01    0.1134313930E+01    0.1130689522E+01
    0.3183376134E+01    0.1133349954E+01    0.1129633257E+01
    0.3194056953E+01    0.1132089182E+01    0.1128251405E+01
    0.3202243241E+01    0.1131120607E+01    0.1127189519E+01
    0.3206605772E+01    0.1130603670E+01    0.1126622676E+01
    0.3214792060E+01    0.1129632224E+01    0.1125557245E+01
    0.3225472880E+01    0.1128362074E+01    0.1124163815E+01
    0.3233659167E+01    0.1127386597E+01    0.1123093349E+01
    0.3238021699E+01    0.1126866084E+01    0.1122522040E+01
    0.3246207987E+01    0.1125888119E+01    0.1121448428E+01
    0.3256888806E+01    0.1124609845E+01    0.1120044719E+01
    0.3265075094E+01    0.1123628436E+01    0.1118966683E+01
    0.3269437625E+01    0.1123104867E+01    0.1118391449E+01
    0.3277623913E+01    0.1122121367E+01    0.1117310680E+01
    0.3288304733E+01    0.1120836266E+01    0.1115898045E+01
    0.3296491021E+01    0.1119849928E+01    0.1114813487E+01
    0.3300853552E+01    0.1119323842E+01    0.1114234891E+01
    0.3309039840E+01    0.1118335824E+01    0.1113148029E+01
    0.3319720659E+01    0.1117045233E+01    0.1111727872E+01
    0.3327906947E+01    0.1116055002E+01    0.1110637878E+01
    0.3332269479E+01    0.1115526953E+01    0.1110056504E+01
    0.3340455766E+01    0.1114535463E+01    0.1108964653E+01
    0.3351136586E+01    0.1113240761E+01    0.1107538428E+01
    0.3359322874E+01    0.1112247703E+01    0.1106444126E+01
    0.3363685405E+01    0.1111718263E+01    0.1105860579E+01
    0.3371871693E+01    0.1110724380E+01    0.1104764879E+01
    0.3382552512E+01    0.1109426986E+01    0.1103334092E+01
    0.3390738800E+01    0.1108432196E+01    0.1102236647E+01
    0.3395101332E+01    0.1107901951E+01    0.1101651551E+01
    0.3403287619E+01    0.1106906783E+01    0.1100553184E+01
    0.3413968439E+01    0.1105608152E+01    0.1099119389E+01
    0.3422154727E+01    0.1104612756E+01    0.1098020004E+01
    0.3426517258E+01    0.1104082309E+01    0.1097434005E+01
    0.3434703546E+01    0.1103086990E+01    0.1096334189E+01
    0.3445384365E+01    0.1101788616E+01    0.1094898990E+01
    0.3453570653E+01    0.1100793765E+01    0.1093798905E+01
    0.3457933185E+01    0.1100263733E+01    0.1093212666E+01
    0.3466119472E+01    0.1099269426E+01    0.1092112656E+01
    0.3476800292E+01    0.1097972836E+01    0.1090677704E+01
    0.3484986580E+01    0.1096979707E+01    0.1089578196E+01
    0.3489349111E+01    0.1096450720E+01    0.1088992403E+01
    0.3497535399E+01    0.1095458614E+01    0.1087893489E+01
    0.3508216218E+01    0.1094165366E+01    0.1086460482E+01
    0.3516402506E+01    0.1093175162E+01    0.1085362861E+01
    0.3520765038E+01    0.1092647864E+01    0.1084778216E+01
    0.3528951326E+01    0.1091659170E+01    0.1083681723E+01
    0.3539632145E+01    0.1090370853E+01    0.1082252402E+01
    0.3547818433E+01    0.1089384800E+01    0.1081158013E+01
    0.3552180964E+01    0.1088859845E+01    0.1080575236E+01
    0.3560367252E+01    0.1087875796E+01    0.1079482522E+01
    0.3571048072E+01    0.1086594030E+01    0.1078058671E+01
    0.3579234359E+01    0.1085613372E+01    0.1076968892E+01
    0.3583596891E+01    0.1085091426E+01    0.1076388719E+01
    0.3591783179E+01    0.1084113277E+01    0.1075301173E+01
    0.3602463998E+01    0.1082839702E+01    0.1073884616E+01
    0.3610650286E+01    0.1081865705E+01    0.1072800853E+01
    0.3615012817E+01    0.1081347444E+01    0.1072224037E+01
    0.3623199105E+01    0.1080376465E+01    0.1071143076E+01
    0.3633879925E+01    0.1079112747E+01    0.1069735675E+01
    0.3642066212E+01    0.1078146692E+01    0.1068659362E+01
    0.3646428744E+01    0.1077632800E+01    0.1068086671E+01
    0.3654615032E+01    0.1076670278E+01    0.1067013741E+01
    0.3665295851E+01    0.1075418103E+01    0.1065617390E+01
    0.3673482139E+01    0.1074461284E+01    0.1064549987E+01
    0.3677844670E+01    0.1073952453E+01    0.1063982201E+01
    0.3686030958E+01    0.1072999688E+01    0.1062918771E+01
    0.3696711778E+01    0.1071760755E+01    0.1061535396E+01
    0.3704898066E+01    0.1070814480E+01    0.1060478386E+01
    0.3709260597E+01    0.1070311408E+01    0.1059916299E+01
    0.3717446885E+01    0.1069369711E+01    0.1058863859E+01
    0.3728127704E+01    0.1068145736E+01    0.1057495414E+01
    0.3736313992E+01    0.1067211320E+01    0.1056450300E+01
    0.3740676523E+01    0.1066714709E+01    0.1055894713E+01
    0.3748862811E+01    0.1065785400E+01    0.1054854774E+01
    0.3759543631E+01    0.1064578105E+01    0.1053503235E+01
    0.3767729919E+01    0.1063656872E+01    0.1052471536E+01
    0.3772092450E+01    0.1063167427E+01    0.1051923261E+01
    0.3780278738E+01    0.1062251830E+01    0.1050897349E+01
    0.3790959557E+01    0.1061062945E+01    0.1049564710E+01
    0.3799145845E+01    0.1060156221E+01    0.1048547960E+01
    0.3803508377E+01    0.1059674649E+01    0.1048007815E+01
    0.3811694664E+01    0.1058774091E+01    0.1046997467E+01
    0.3822375484E+01    0.1057605348E+01    0.1045685739E+01
    0.3830561772E+01    0.1056714460E+01    0.1044685480E+01
    0.3834924303E+01    0.1056241468E+01    0.1044154288E+01
    0.3843110591E+01    0.1055357276E+01    0.1043161049E+01
    0.3853791410E+01    0.1054210405E+01    0.1041872252E+01
    0.3861977698E+01    0.1053336678E+01    0.1040890033E+01
    0.3866340230E+01    0.1052872972E+01    0.1040368619E+01
    0.3874526517E+01    0.1052006468E+01    0.1039394040E+01
    0.3885207337E+01    0.1050883193E+01    0.1038130196E+01
    0.3893393625E+01    0.1050027945E+01    0.1037167569E+01
    0.3897756156E+01    0.1049574227E+01    0.1036656761E+01
    0.3905942444E+01    0.1048726729E+01    0.1035702392E+01
    0.3916623263E+01    0.1047628763E+01    0.1034465524E+01
    0.3924809551E+01    0.1046793306E+01    0.1033524036E+01
    0.3929172083E+01    0.1046350274E+01    0.1033024658E+01
    0.3937358371E+01    0.1045523086E+01    0.1032092046E+01
    0.3948039190E+01    0.1044452129E+01    0.1030884169E+01
    0.3956225478E+01    0.1043637762E+01    0.1029965364E+01
    0.3960588009E+01    0.1043206105E+01    0.1029478237E+01
    0.3968774297E+01    0.1042400522E+01    0.1028568921E+01
    0.3979455117E+01    0.1041358254E+01    0.1027392037E+01
    0.3987641404E+01    0.1040566260E+01    0.1026497446E+01
    0.3992003936E+01    0.1040146661E+01    0.1026023384E+01
    0.4000190224E+01    0.1039363958E+01    0.1025138889E+01
    0.4010871043E+01    0.1038352038E+01    0.1023994983E+01
    0.4019057331E+01    0.1037583681E+01    0.1023126120E+01
    0.4023419862E+01    0.1037176812E+01    0.1022665930E+01
    0.4031606150E+01    0.1036418245E+01    0.1021807763E+01
    0.4042286970E+01    0.1035438302E+01    0.1020698795E+01
    0.4050473257E+01    0.1034694824E+01    0.1019857156E+01
    0.4054835789E+01    0.1034301345E+01    0.1019411631E+01
    0.4063022077E+01    0.1033568147E+01    0.1018581279E+01
    0.4073702896E+01    0.1032621779E+01    0.1017509175E+01
    0.4081889184E+01    0.1031904398E+01    0.1016696230E+01
    0.4086251715E+01    0.1031524953E+01    0.1016266151E+01
    0.4094438003E+01    0.1030818329E+01    0.1015465072E+01
    0.4105118823E+01    0.1029907099E+01    0.1014431724E+01
    0.4113305110E+01    0.1029217001E+01    0.1013648913E+01
    0.4117667642E+01    0.1028852220E+01    0.1013235043E+01
    0.4125853930E+01    0.1028173346E+01    0.1012464663E+01
    0.4136534749E+01    0.1027298772E+01    0.1011471919E+01
    0.4144721037E+01    0.1026637114E+01    0.1010720646E+01
    0.4149083568E+01    0.1026287609E+01    0.1010323731E+01
    0.4157269856E+01    0.1025637626E+01    0.1009585439E+01
    0.4167950676E+01    0.1024801183E+01    0.1008635097E+01
    0.4176136964E+01    0.1024169083E+01    0.1007916727E+01
    0.4180499495E+01    0.1023835447E+01    0.1007537489E+01
    0.4188685783E+01    0.1023215457E+01    0.1006832634E+01
    0.4199366602E+01    0.1022418571E+01    0.1005926434E+01
    0.4207552890E+01    0.1021817109E+01    0.1005242289E+01
    0.4211915422E+01    0.1021499912E+01    0.1004881427E+01
    0.4220101709E+01    0.1020910980E+01    0.1004211311E+01
    0.4230782529E+01    0.1020155020E+01    0.1003350932E+01
    0.4238968817E+01    0.1019585233E+01    0.1002702283E+01
    0.4243331348E+01    0.1019285023E+01    0.1002360469E+01
    0.4251517636E+01    0.1018728168E+01    0.1001726342E+01
    0.4262198455E+01    0.1018014446E+01    0.1000913395E+01
    0.4270384743E+01    0.1017477325E+01    0.1000301461E+01
    0.4274747275E+01    0.1017194626E+01    0.9999793381E+00
    0.4282933562E+01    0.1016670818E+01    0.9993823965E+00
    0.4293614382E+01    0.1016000584E+01    0.9986184186E+00
    0.4301800670E+01    0.1015497071E+01    0.9980443585E+00
    0.4306163201E+01    0.1015232378E+01    0.9977425388E+00
    0.4314349489E+01    0.1014742541E+01    0.9971839177E+00
    0.4325030308E+01    0.1014116976E+01    0.9964703661E+00
    0.4333216596E+01    0.1013647961E+01    0.9959352782E+00
    0.4337579128E+01    0.1013401744E+01    0.9956543398E+00
    0.4345765415E+01    0.1012946746E+01    0.9951351110E+00
    0.4356446235E+01    0.1012366961E+01    0.9944733581E+00
    0.4364632523E+01    0.1011933279E+01    0.9939782738E+00
    0.4368995054E+01    0.1011705977E+01    0.9937187591E+00
    0.4377181342E+01    0.1011286629E+01    0.9932399267E+00
    0.4387862162E+01    0.1010753661E+01    0.9926312548E+00
    0.4396048449E+01    0.1010356090E+01    0.9921771356E+00
    0.4400410981E+01    0.1010148110E+01    0.9919395493E+00
    0.4408597269E+01    0.1009765167E+01    0.9915020455E+00
    0.4419278088E+01    0.1009279976E+01    0.9909476423E+00
    0.4427464376E+01    0.1008919232E+01    0.9905353759E+00
    0.4431826907E+01    0.1008730951E+01    0.9903201829E+00
    0.4440013195E+01    0.1008385103E+01    0.9899248653E+00
    0.4450694015E+01    0.1007948568E+01    0.9894258190E+00
    0.4458880302E+01    0.1007625305E+01    0.9890562162E+00
    0.4463242834E+01    0.1007457063E+01    0.9888638403E+00
    0.4471429122E+01    0.1007148941E+01    0.9885114878E+00
    0.4482109941E+01    0.1006761855E+01    0.9880687837E+00
    0.4490296229E+01    0.1006476663E+01    0.9877425752E+00
    0.4494658760E+01    0.1006328768E+01    0.9875733971E+00
    0.4502845048E+01    0.1006058932E+01    0.9872647078E+00
    0.4513525868E+01    0.1005722003E+01    0.9868792240E+00
    0.4521712155E+01    0.1005475404E+01    0.9865970578E+00
    0.4526074687E+01    0.1005348126E+01    0.9864514137E+00
    0.4534260975E+01    0.1005117072E+01    0.9861870019E+00
    0.4544941794E+01    0.1004830919E+01    0.9858595063E+00
    0.4553128082E+01    0.1004623365E+01    0.9856219450E+00
    0.4557490613E+01    0.1004516939E+01    0.9855001257E+00
    0.4565676901E+01    0.1004325092E+01    0.9852805193E+00
    0.4576357721E+01    0.1004090242E+01    0.9850116667E+00
    0.4584544009E+01    0.1003922116E+01    0.9848191858E+00
    0.4588906540E+01    0.1003836737E+01    0.9847214352E+00
    0.4597092828E+01    0.1003684451E+01    0.9845470742E+00
    0.4607773647E+01    0.1003501337E+01    0.9843374037E+00
    0.4615959935E+01    0.1003372950E+01    0.9841903894E+00
    0.4620322466E+01    0.1003308777E+01    0.9841169037E+00
    0.4628508754E+01    0.1003196334E+01    0.9839881385E+00
    0.4639189574E+01    0.1003065295E+01    0.9838380714E+00
    0.4647375862E+01    0.1002976885E+01    0.9837368195E+00
    0.4651738393E+01    0.1002934037E+01    0.9836877466E+00
    0.4659924681E+01    0.1002861645E+01    0.9836048362E+00
    0.4670605500E+01    0.1002782924E+01    0.9835146748E+00
    0.4678791788E+01    0.1002734655E+01    0.9834593892E+00
    0.4683154320E+01    0.1002713211E+01    0.9834348279E+00
    0.4691340607E+01    0.1002681004E+01    0.9833979395E+00
    0.4702021427E+01    0.1002654748E+01    0.9833678654E+00
    0.4710207715E+01    0.1002646709E+01    0.9833586576E+00
    0.4714570246E+01    0.1002646709E+01    0.9833586576E+00
    0.4722756534E+01    0.1002654748E+01    0.9833678655E+00
    0.4733437353E+01    0.1002681004E+01    0.9833979395E+00
    0.4741623641E+01    0.1002713211E+01    0.9834348280E+00
    0.4745986173E+01    0.1002734655E+01    0.9834593891E+00
    0.4754172460E+01    0.1002782924E+01    0.9835146748E+00
    0.4764853280E+01    0.1002861645E+01    0.9836048362E+00
    0.4773039568E+01    0.1002934037E+01    0.9836877466E+00
    0.4777402099E+01    0.1002976885E+01    0.9837368195E+00
    0.4785588387E+01    0.1003065295E+01    0.9838380714E+00
    0.4796269206E+01    0.1003196334E+01    0.9839881385E+00
    0.4804455494E+01    0.1003308777E+01    0.9841169038E+00
    0.4808818026E+01    0.1003372950E+01    0.9841903894E+00
    0.4817004314E+01    0.1003501337E+01    0.9843374037E+00
    0.4827685133E+01    0.1003684451E+01    0.9845470742E+00
    0.4835871421E+01    0.1003836737E+01    0.9847214352E+00
    0.4840233952E+01    0.1003922116E+01    0.9848191858E+00
    0.4848420240E+01    0.1004090242E+01    0.9850116667E+00
    0.4859101060E+01    0.1004325092E+01    0.9852805193E+00
    0.4867287347E+01    0.1004516939E+01    0.9855001257E+00
    0.4871649879E+01    0.1004623365E+01    0.9856219450E+00
    0.4879836167E+01    0.1004830919E+01    0.9858595063E+00
    0.4890516986E+01    0.1005117072E+01    0.9861870018E+00
    0.4898703274E+01    0.1005348126E+01    0.9864514137E+00
    0.4903065805E+01    0.1005475404E+01    0.9865970578E+00
    0.4911252093E+01    0.1005722003E+01    0.9868792241E+00
    0.4921932913E+01    0.1006058932E+01    0.9872647078E+00
    0.4930119200E+01    0.1006328768E+01    0.9875733971E+00
    0.4934481732E+01    0.1006476663E+01    0.9877425752E+00
    0.4942668020E+01    0.1006761855E+01    0.9880687838E+00
    0.4953348839E+01    0.1007148941E+01    0.9885114878E+00
    0.4961535127E+01    0.1007457063E+01    0.9888638403E+00
    0.4965897658E+01    0.1007625305E+01    0.9890562162E+00
    0.4974083946E+01    0.1007948568E+01    0.9894258190E+00
    0.4984764766E+01    0.1008385103E+01    0.9899248652E+00
    0.4992951053E+01    0.1008730951E+01    0.9903201829E+00
    0.4997313585E+01    0.1008919232E+01    0.9905353758E+00
    0.5005499873E+01    0.1009279976E+01    0.9909476423E+00
    0.5016180692E+01    0.1009765167E+01    0.9915020455E+00
    0.5024366980E+01    0.1010148111E+01    0.9919395493E+00
    0.5028729511E+01    0.1010356090E+01    0.9921771356E+00
    0.5036915799E+01    0.1010753661E+01    0.9926312549E+00
    0.5047596619E+01    0.1011286629E+01    0.9932399267E+00
    0.5055782907E+01    0.1011705977E+01    0.9937187592E+00
    0.5060145438E+01    0.1011933279E+01    0.9939782738E+00
    0.5068331726E+01    0.1012366961E+01    0.9944733582E+00
    0.5079012545E+01    0.1012946745E+01    0.9951351110E+00
    0.5087198833E+01    0.1013401744E+01    0.9956543398E+00
    0.5091561365E+01    0.1013647961E+01    0.9959352781E+00
    0.5099747652E+01    0.1014116976E+01    0.9964703662E+00
    0.5110428472E+01    0.1014742541E+01    0.9971839177E+00
    0.5118614760E+01    0.1015232378E+01    0.9977425388E+00
    0.5122977291E+01    0.1015497071E+01    0.9980443584E+00
    0.5131163579E+01    0.1016000584E+01    0.9986184186E+00
    0.5141844398E+01    0.1016670818E+01    0.9993823964E+00
    0.5150030686E+01    0.1017194626E+01    0.9999793382E+00
    0.5154393218E+01    0.1017477325E+01    0.1000301461E+01
    0.5162579505E+01    0.1018014446E+01    0.1000913395E+01
    0.5173260325E+01    0.1018728168E+01    0.1001726342E+01
    0.5181446613E+01    0.1019285023E+01    0.1002360469E+01
    0.5185809144E+01    0.1019585233E+01    0.1002702283E+01
    0.5193995432E+01    0.1020155021E+01    0.1003350932E+01
    0.5204676251E+01    0.1020910980E+01    0.1004211311E+01
    0.5212862539E+01    0.1021499912E+01    0.1004881427E+01
    0.5217225071E+01    0.1021817109E+01    0.1005242289E+01
    0.5225411358E+01    0.1022418571E+01    0.1005926434E+01
    0.5236092178E+01    0.1023215457E+01    0.1006832634E+01
    0.5244278466E+01    0.1023835447E+01    0.1007537489E+01
    0.5248640997E+01    0.1024169083E+01    0.1007916727E+01
    0.5256827285E+01    0.1024801183E+01    0.1008635097E+01
    0.5267508105E+01    0.1025637626E+01    0.1009585439E+01
    0.5275694392E+01    0.1026287609E+01    0.1010323731E+01
    0.5280056924E+01    0.1026637114E+01    0.1010720646E+01
    0.5288243212E+01    0.1027298772E+01    0.1011471919E+01
    0.5298924031E+01    0.1028173346E+01    0.1012464663E+01
    0.5307110319E+01    0.1028852220E+01    0.1013235043E+01
    0.5311472850E+01    0.1029217001E+01    0.1013648913E+01
    0.5319659138E+01    0.1029907099E+01    0.1014431725E+01
    0.5330339958E+01    0.1030818329E+01    0.1015465072E+01
    0.5338526245E+01    0.1031524953E+01    0.1016266151E+01
    0.5342888777E+01    0.1031904398E+01    0.1016696230E+01
    0.5351075065E+01    0.1032621779E+01    0.1017509175E+01
    0.5361755884E+01    0.1033568147E+01    0.1018581279E+01
    0.5369942172E+01    0.1034301345E+01    0.1019411631E+01
    0.5374304703E+01    0.1034694824E+01    0.1019857156E+01
    0.5382490991E+01    0.1035438302E+01    0.1020698795E+01
    0.5393171811E+01    0.1036418245E+01    0.1021807763E+01
    0.5401358098E+01    0.1037176812E+01    0.1022665930E+01
    0.5405720630E+01    0.1037583680E+01    0.1023126120E+01
    0.5413906918E+01    0.1038352038E+01    0.1023994983E+01
    0.5424587737E+01    0.1039363958E+01    0.1025138889E+01
    0.5432774025E+01    0.1040146661E+01    0.1026023384E+01
    0.5437136556E+01    0.1040566260E+01    0.1026497446E+01
    0.5445322844E+01    0.1041358254E+01    0.1027392037E+01
    0.5456003664E+01    0.1042400522E+01    0.1028568921E+01
    0.5464189952E+01    0.1043206105E+01    0.1029478237E+01
    0.5468552483E+01    0.1043637762E+01    0.1029965364E+01
    0.5476738771E+01    0.1044452129E+01    0.1030884169E+01
    0.5487419590E+01    0.1045523086E+01    0.1032092046E+01
    0.5495605878E+01    0.1046350274E+01    0.1033024658E+01
    0.5499968409E+01    0.1046793306E+01    0.1033524036E+01
    0.5508154697E+01    0.1047628763E+01    0.1034465524E+01
    0.5518835517E+01    0.1048726729E+01    0.1035702392E+01
    0.5527021805E+01    0.1049574227E+01    0.1036656761E+01
    0.5531384336E+01    0.1050027945E+01    0.1037167569E+01
    0.5539570624E+01    0.1050883193E+01    0.1038130197E+01
    0.5550251443E+01    0.1052006468E+01    0.1039394040E+01
    0.5558437731E+01    0.1052872972E+01    0.1040368619E+01
    0.5562800263E+01    0.1053336678E+01    0.1040890033E+01
    0.5570986550E+01    0.1054210405E+01    0.1041872252E+01
    0.5581667370E+01    0.1055357276E+01    0.1043161049E+01
    0.5589853658E+01    0.1056241468E+01    0.1044154288E+01
    0.5594216189E+01    0.1056714460E+01    0.1044685480E+01
    0.5602402477E+01    0.1057605348E+01    0.1045685739E+01
    0.5613083296E+01    0.1058774091E+01    0.1046997466E+01
    0.5621269584E+01    0.1059674649E+01    0.1048007815E+01
    0.5625632116E+01    0.1060156221E+01    0.1048547960E+01
    0.5633818403E+01    0.1061062945E+01    0.1049564711E+01
    0.5644499223E+01    0.1062251830E+01    0.1050897349E+01
    0.5652685511E+01    0.1063167427E+01    0.1051923261E+01
    0.5657048042E+01    0.1063656872E+01    0.1052471536E+01
    0.5665234330E+01    0.1064578105E+01    0.1053503235E+01
    0.5675915149E+01    0.1065785400E+01    0.1054854774E+01
    0.5684101437E+01    0.1066714709E+01    0.1055894713E+01
    0.5688463969E+01    0.1067211320E+01    0.1056450300E+01
    0.5696650257E+01    0.1068145736E+01    0.1057495414E+01
    0.5707331076E+01    0.1069369711E+01    0.1058863859E+01
    0.5715517364E+01    0.1070311408E+01    0.1059916299E+01
    0.5719879895E+01    0.1070814480E+01    0.1060478386E+01
    0.5728066183E+01    0.1071760755E+01    0.1061535396E+01
    0.5738747003E+01    0.1072999688E+01    0.1062918771E+01
    0.5746933290E+01    0.1073952453E+01    0.1063982201E+01
    0.5751295822E+01    0.1074461283E+01    0.1064549987E+01
    0.5759482110E+01    0.1075418103E+01    0.1065617390E+01
    0.5770162929E+01    0.1076670278E+01    0.1067013741E+01
    0.5778349217E+01    0.1077632800E+01    0.1068086671E+01
    0.5782711748E+01    0.1078146692E+01    0.1068659362E+01
    0.5790898036E+01    0.1079112747E+01    0.1069735675E+01
    0.5801578856E+01    0.1080376465E+01    0.1071143076E+01
    0.5809765143E+01    0.1081347444E+01    0.1072224037E+01
    0.5814127675E+01    0.1081865705E+01    0.1072800853E+01
    0.5822313963E+01    0.1082839702E+01    0.1073884616E+01
    0.5832994782E+01    0.1084113277E+01    0.1075301173E+01
    0.5841181070E+01    0.1085091426E+01    0.1076388719E+01
    0.5845543601E+01    0.1085613372E+01    0.1076968892E+01
    0.5853729889E+01    0.1086594030E+01    0.1078058671E+01
    0.5864410709E+01    0.1087875796E+01    0.1079482522E+01
    0.5872596996E+01    0.1088859845E+01    0.1080575236E+01
    0.5876959528E+01    0.1089384800E+01    0.1081158013E+01
    0.5885145816E+01    0.1090370853E+01    0.1082252402E+01
    0.5895826635E+01    0.1091659170E+01    0.1083681723E+01
    0.5904012923E+01    0.1092647864E+01    0.1084778216E+01
    0.5908375454E+01    0.1093175162E+01    0.1085362861E+01
    0.5916561742E+01    0.1094165366E+01    0.1086460482E+01
    0.5927242562E+01    0.1095458614E+01    0.1087893489E+01
    0.5935428850E+01    0.1096450720E+01    0.1088992403E+01
    0.5939791381E+01    0.1096979707E+01    0.1089578196E+01
    0.5947977669E+01    0.1097972836E+01    0.1090677705E+01
    0.5958658488E+01    0.1099269426E+01    0.1092112656E+01
    0.5966844776E+01    0.1100263733E+01    0.1093212666E+01
    0.5971207308E+01    0.1100793765E+01    0.1093798905E+01
    0.5979393595E+01    0.1101788616E+01    0.1094898990E+01
    0.5990074415E+01    0.1103086990E+01    0.1096334189E+01
    0.5998260703E+01    0.1104082309E+01    0.1097434005E+01
    0.6002623234E+01    0.1104612756E+01    0.1098020004E+01
    0.6010809522E+01    0.1105608152E+01    0.1099119389E+01
    0.6021490341E+01    0.1106906783E+01    0.1100553184E+01
    0.6029676629E+01    0.1107901951E+01    0.1101651551E+01
    0.6034039161E+01    0.1108432196E+01    0.1102236647E+01
    0.6042225448E+01    0.1109426986E+01    0.1103334092E+01
    0.6052906268E+01    0.1110724380E+01    0.1104764879E+01
    0.6061092556E+01    0.1111718263E+01    0.1105860579E+01
    0.6065455087E+01    0.1112247703E+01    0.1106444126E+01
    0.6073641375E+01    0.1113240761E+01    0.1107538428E+01
    0.6084322194E+01    0.1114535463E+01    0.1108964653E+01
    0.6092508482E+01    0.1115526953E+01    0.1110056504E+01
    0.6096871014E+01    0.1116055002E+01    0.1110637878E+01
    0.6105057301E+01    0.1117045233E+01    0.1111727872E+01
    0.6115738121E+01    0.1118335824E+01    0.1113148029E+01
    0.6123924409E+01    0.1119323842E+01    0.1114234891E+01
    0.6128286940E+01    0.1119849928E+01    0.1114813486E+01
    0.6136473228E+01    0.1120836266E+01    0.1115898045E+01
    0.6147154048E+01    0.1122121367E+01    0.1117310680E+01
    0.6155340335E+01    0.1123104867E+01    0.1118391449E+01
    0.6159702867E+01    0.1123628436E+01    0.1118966683E+01
    0.6167889155E+01    0.1124609845E+01    0.1120044719E+01
    0.6178569974E+01    0.1125888119E+01    0.1121448428E+01
    0.6186756262E+01    0.1126866084E+01    0.1122522040E+01
    0.6191118793E+01    0.1127386597E+01    0.1123093349E+01
    0.6199305081E+01    0.1128362074E+01    0.1124163815E+01
    0.6209985901E+01    0.1129632224E+01    0.1125557245E+01
    0.6218172188E+01    0.1130603670E+01    0.1126622676E+01
    0.6222534720E+01    0.1131120607E+01    0.1127189519E+01
    0.6230721008E+01    0.1132089182E+01    0.1128251405E+01
    0.6241401827E+01    0.1133349954E+01    0.1129633257E+01
    0.6249588115E+01    0.1134313930E+01    0.1130689522E+01
    0.6253950646E+01    0.1134826787E+01    0.1131251377E+01
    0.6262136934E+01    0.1135787522E+01    0.1132303714E+01
    0.6272817754E+01    0.1137037706E+01    0.1133672738E+01
    0.6281004041E+01    0.1137993296E+01    0.1134718891E+01
