    0.2181265717E-02    0.1140071576E+01    0.1070109052E+01
    0.1036755352E-01    0.1141173225E+01    0.1071686961E+01
    0.2104837301E-01    0.1142609337E+01    0.1073742627E+01
    0.2923466082E-01    0.1143709004E+01    0.1075315693E+01
    0.3359719225E-01    0.1144294628E+01    0.1076153064E+01
    0.4178348006E-01    0.1145392762E+01    0.1077722577E+01
    0.5246429955E-01    0.1146823868E+01    0.1079766635E+01
    0.6065058736E-01    0.1147919378E+01    0.1081330309E+01
    0.6501311879E-01    0.1148502674E+01    0.1082162499E+01
    0.7319940660E-01    0.1149596227E+01    0.1083721963E+01
    0.8388022608E-01    0.1151020941E+01    0.1085752274E+01
    0.9206651389E-01    0.1152111235E+01    0.1087304926E+01
    0.9642904532E-01    0.1152691639E+01    0.1088131072E+01
    0.1046153331E+00    0.1153779555E+01    0.1089678875E+01
    0.1152961526E+00    0.1155196505E+01    0.1091693351E+01
    0.1234824404E+00    0.1156280535E+01    0.1093233394E+01
    0.1278449719E+00    0.1156857491E+01    0.1094052654E+01
    0.1360312597E+00    0.1157938729E+01    0.1095587225E+01
    0.1467120792E+00    0.1159346561E+01    0.1097583833E+01
    0.1548983670E+00    0.1160423293E+01    0.1099109722E+01
    0.1592608984E+00    0.1160996250E+01    0.1099921278E+01
    0.1674471862E+00    0.1162069782E+01    0.1101441091E+01
    0.1781280057E+00    0.1163467158E+01    0.1103417857E+01
    0.1863142935E+00    0.1164535572E+01    0.1104928092E+01
    0.1906768249E+00    0.1165103989E+01    0.1105731148E+01
    0.1988631127E+00    0.1166168799E+01    0.1107234722E+01
    0.2095439322E+00    0.1167554403E+01    0.1109189730E+01
    0.2177302200E+00    0.1168613493E+01    0.1110682858E+01
    0.2220927515E+00    0.1169176836E+01    0.1111476647E+01
    0.2302790393E+00    0.1170231925E+01    0.1112962546E+01
    0.2409598588E+00    0.1171604459E+01    0.1114893945E+01
    0.2491461466E+00    0.1172653236E+01    0.1116368561E+01
    0.2535086780E+00    0.1173210978E+01    0.1117152338E+01
    0.2616949658E+00    0.1174255364E+01    0.1118619176E+01
    0.2723757853E+00    0.1175613552E+01    0.1120525177E+01
    0.2805620731E+00    0.1176651043E+01    0.1121979924E+01
    0.2849246045E+00    0.1177202669E+01    0.1122752972E+01
    0.2931108923E+00    0.1178235384E+01    0.1124199414E+01
    0.3037917118E+00    0.1179577973E+01    0.1126078292E+01
    0.3119779996E+00    0.1180603223E+01    0.1127511864E+01
    0.3163405311E+00    0.1181148224E+01    0.1128273491E+01
    0.3245268189E+00    0.1182168322E+01    0.1129698250E+01
    0.3352076384E+00    0.1183494081E+01    0.1131548347E+01
    0.3433939262E+00    0.1184506152E+01    0.1132959487E+01
    0.3477564576E+00    0.1185044032E+01    0.1133709030E+01
    0.3559427454E+00    0.1186050582E+01    0.1135110870E+01
    0.3666235649E+00    0.1187358305E+01    0.1136930593E+01
    0.3748098527E+00    0.1188356280E+01    0.1138318096E+01
    0.3791723841E+00    0.1188886551E+01    0.1139054917E+01
    0.3873586720E+00    0.1189878642E+01    0.1140432653E+01
    0.3980394914E+00    0.1191167149E+01    0.1142220475E+01
    0.4062257792E+00    0.1192150128E+01    0.1143583187E+01
    0.4105883107E+00    0.1192672313E+01    0.1144306676E+01
    0.4187745985E+00    0.1193649055E+01    0.1145659174E+01
    0.4294554180E+00    0.1194917192E+01    0.1147413635E+01
    0.4376417058E+00    0.1195884296E+01    0.1148750450E+01
    0.4420042372E+00    0.1196397929E+01    0.1149460025E+01
    0.4501905250E+00    0.1197358452E+01    0.1150786199E+01
    0.4608713445E+00    0.1198605091E+01    0.1152505904E+01
    0.4690576323E+00    0.1199555463E+01    0.1153815770E+01
    0.4734201638E+00    0.1200060089E+01    0.1154510874E+01
    0.4816064516E+00    0.1201003543E+01    0.1155809691E+01
    0.4922872711E+00    0.1202227585E+01    0.1157493310E+01
    0.5004735589E+00    0.1203160388E+01    0.1158775220E+01
    0.5048360903E+00    0.1203655564E+01    0.1159455324E+01
    0.5130223781E+00    0.1204581120E+01    0.1160725798E+01
    0.5237031976E+00    0.1205781493E+01    0.1162372065E+01
    0.5318894854E+00    0.1206695913E+01    0.1163625065E+01
    0.5362520168E+00    0.1207181207E+01    0.1164289663E+01
    0.5444383046E+00    0.1208088061E+01    0.1165530859E+01
    0.5551191241E+00    0.1209263722E+01    0.1167138571E+01
    0.5633054119E+00    0.1210158965E+01    0.1168361752E+01
    0.5676679434E+00    0.1210633958E+01    0.1169010366E+01
    0.5758542312E+00    0.1211521325E+01    0.1170221394E+01
    0.5865350507E+00    0.1212671262E+01    0.1171789409E+01
    0.5947213385E+00    0.1213546560E+01    0.1172981912E+01
    0.5990838699E+00    0.1214010842E+01    0.1173614088E+01
    0.6072701577E+00    0.1214877964E+01    0.1174794106E+01
    0.6179509772E+00    0.1216001192E+01    0.1176321342E+01
    0.6261372650E+00    0.1216855798E+01    0.1177482351E+01
    0.6304997964E+00    0.1217308975E+01    0.1178097659E+01
    0.6386860842E+00    0.1218155112E+01    0.1179245869E+01
    0.6493669037E+00    0.1219250679E+01    0.1180731305E+01
    0.6575531915E+00    0.1220083870E+01    0.1181860048E+01
    0.6619157230E+00    0.1220525560E+01    0.1182458083E+01
    0.6701020108E+00    0.1221349999E+01    0.1183573732E+01
    0.6807828303E+00    0.1222416983E+01    0.1185016400E+01
    0.6889691181E+00    0.1223228058E+01    0.1186112150E+01
    0.6933316495E+00    0.1223657890E+01    0.1186692528E+01
    0.7015179373E+00    0.1224459941E+01    0.1187774905E+01
    0.7121987568E+00    0.1225497451E+01    0.1189173895E+01
    0.7203850446E+00    0.1226285735E+01    0.1190235966E+01
    0.7247475760E+00    0.1226703351E+01    0.1190798326E+01
    0.7329338638E+00    0.1227482348E+01    0.1191846761E+01
    0.7436146833E+00    0.1228489524E+01    0.1193201216E+01
    0.7518009711E+00    0.1229254366E+01    0.1194228962E+01
    0.7561635026E+00    0.1229659421E+01    0.1194772964E+01
    0.7643497904E+00    0.1230414722E+01    0.1195786828E+01
    0.7750306099E+00    0.1231390736E+01    0.1197095939E+01
    0.7832168977E+00    0.1232131507E+01    0.1198088754E+01
    0.7875794291E+00    0.1232523670E+01    0.1198614078E+01
    0.7957657169E+00    0.1233254658E+01    0.1199592779E+01
    0.8064465364E+00    0.1234198713E+01    0.1200855789E+01
    0.8146328242E+00    0.1234914812E+01    0.1201813103E+01
    0.8189953557E+00    0.1235293763E+01    0.1202319450E+01
    0.8271816435E+00    0.1235999844E+01    0.1203262433E+01
    0.8378624629E+00    0.1236911176E+01    0.1204478632E+01
    0.8460487508E+00    0.1237602023E+01    0.1205399912E+01
    0.8504112822E+00    0.1237967458E+01    0.1205887001E+01
    0.8585975700E+00    0.1238648062E+01    0.1206793746E+01
    0.8692783895E+00    0.1239525939E+01    0.1207962470E+01
    0.8774646773E+00    0.1240190980E+01    0.1208847215E+01
    0.8818272087E+00    0.1240542605E+01    0.1209314784E+01
    0.8900134965E+00    0.1241197190E+01    0.1210184804E+01
    0.9006943160E+00    0.1242040910E+01    0.1211305432E+01
    0.9088806038E+00    0.1242679616E+01    0.1212153177E+01
    0.9132431353E+00    0.1243017153E+01    0.1212600980E+01
    0.9214294231E+00    0.1243645197E+01    0.1213433822E+01
    0.9321102426E+00    0.1244454093E+01    0.1214505773E+01
    0.9402965304E+00    0.1245065959E+01    0.1215316083E+01
    0.9446590618E+00    0.1245389140E+01    0.1215743892E+01
    0.9528453496E+00    0.1245990149E+01    0.1216539134E+01
    0.9635261691E+00    0.1246763585E+01    0.1217561868E+01
    0.9717124569E+00    0.1247348130E+01    0.1218334337E+01
    0.9760749883E+00    0.1247656702E+01    0.1218741940E+01
    0.9842612761E+00    0.1248230206E+01    0.1219499187E+01
    0.9949420956E+00    0.1248967576E+01    0.1220472202E+01
    0.1003128383E+01    0.1249524345E+01    0.1221206454E+01
    0.1007490915E+01    0.1249818068E+01    0.1221593653E+01
    0.1015677203E+01    0.1250363620E+01    0.1222312541E+01
    0.1026358022E+01    0.1251064353E+01    0.1223235372E+01
    0.1034544310E+01    0.1251592914E+01    0.1223931058E+01
    0.1038906841E+01    0.1251871560E+01    0.1224297669E+01
    0.1047093129E+01    0.1252388739E+01    0.1224977859E+01
    0.1057773949E+01    0.1253052294E+01    0.1225850075E+01
    0.1065960237E+01    0.1253552241E+01    0.1226506873E+01
    0.1070322768E+01    0.1253815596E+01    0.1226852728E+01
    0.1078509056E+01    0.1254304005E+01    0.1227493907E+01
    0.1089189875E+01    0.1254929873E+01    0.1228315109E+01
    0.1097376163E+01    0.1255400823E+01    0.1228932721E+01
    0.1101738694E+01    0.1255648687E+01    0.1229257663E+01
    0.1109924982E+01    0.1256107952E+01    0.1229859544E+01
    0.1120605802E+01    0.1256695657E+01    0.1230629366E+01
    0.1128792090E+01    0.1257137251E+01    0.1231207518E+01
    0.1133154621E+01    0.1257369434E+01    0.1231511403E+01
    0.1141340909E+01    0.1257799208E+01    0.1232073721E+01
    0.1152021728E+01    0.1258348304E+01    0.1232791827E+01
    0.1160208016E+01    0.1258760209E+01    0.1233330267E+01
    0.1164570548E+01    0.1258976536E+01    0.1233612965E+01
    0.1172756835E+01    0.1259376494E+01    0.1234135478E+01
    0.1183437655E+01    0.1259886567E+01    0.1234801559E+01
    0.1191623943E+01    0.1260268472E+01    0.1235300059E+01
    0.1195986474E+01    0.1260468781E+01    0.1235561449E+01
    0.1204172762E+01    0.1260838622E+01    0.1236043936E+01
    0.1214853581E+01    0.1261309290E+01    0.1236657712E+01
    0.1223039869E+01    0.1261660909E+01    0.1237116064E+01
    0.1227402401E+01    0.1261845050E+01    0.1237356037E+01
    0.1235588688E+01    0.1262184498E+01    0.1237798298E+01
    0.1246269508E+01    0.1262615409E+01    0.1238359517E+01
    0.1254455796E+01    0.1262936481E+01    0.1238777531E+01
    0.1258818327E+01    0.1263104316E+01    0.1238995990E+01
    0.1267004615E+01    0.1263413118E+01    0.1239397843E+01
    0.1277685434E+01    0.1263803952E+01    0.1239906277E+01
    0.1285871722E+01    0.1264094238E+01    0.1240283785E+01
    0.1290234254E+01    0.1264245643E+01    0.1240480641E+01
    0.1298420541E+01    0.1264523570E+01    0.1240841926E+01
    0.1309101361E+01    0.1264874038E+01    0.1241297371E+01
    0.1317287649E+01    0.1265133323E+01    0.1241634222E+01
    0.1321650180E+01    0.1265268187E+01    0.1241809397E+01
    0.1329836468E+01    0.1265515034E+01    0.1242129970E+01
    0.1340517288E+01    0.1265824877E+01    0.1242532246E+01
    0.1348703575E+01    0.1266052970E+01    0.1242828309E+01
    0.1353066107E+01    0.1266171192E+01    0.1242981734E+01
    0.1361252395E+01    0.1266386778E+01    0.1243261470E+01
    0.1371933214E+01    0.1266655768E+01    0.1243610420E+01
    0.1380119502E+01    0.1266852503E+01    0.1243865579E+01
    0.1384482033E+01    0.1266953997E+01    0.1243997195E+01
    0.1392668321E+01    0.1267138163E+01    0.1244235986E+01
    0.1403349141E+01    0.1267366103E+01    0.1244531476E+01
    0.1411535428E+01    0.1267531334E+01    0.1244745632E+01
    0.1415897960E+01    0.1267616025E+01    0.1244855388E+01
    0.1424084248E+01    0.1267768637E+01    0.1245053143E+01
    0.1434765067E+01    0.1267955361E+01    0.1245295059E+01
    0.1442951355E+01    0.1268088967E+01    0.1245468132E+01
    0.1447313886E+01    0.1268156795E+01    0.1245555986E+01
    0.1455500174E+01    0.1268277741E+01    0.1245712629E+01
    0.1466180994E+01    0.1268423111E+01    0.1245900881E+01
    0.1474367281E+01    0.1268524996E+01    0.1246032804E+01
    0.1478729813E+01    0.1268575910E+01    0.1246098724E+01
    0.1486916101E+01    0.1268665102E+01    0.1246214195E+01
    0.1497596920E+01    0.1268769013E+01    0.1246348711E+01
    0.1505783208E+01    0.1268839102E+01    0.1246439435E+01
    0.1510145739E+01    0.1268873065E+01    0.1246483395E+01
    0.1518332027E+01    0.1268930438E+01    0.1246557652E+01
    0.1529012847E+01    0.1268992815E+01    0.1246638382E+01
    0.1537199135E+01    0.1269031057E+01    0.1246687873E+01
    0.1541561666E+01    0.1269048045E+01    0.1246709858E+01
    0.1549747954E+01    0.1269073557E+01    0.1246742872E+01
    0.1560428773E+01    0.1269094355E+01    0.1246769786E+01
    0.1568615061E+01    0.1269100722E+01    0.1246778025E+01
    0.1572977593E+01    0.1269100722E+01    0.1246778025E+01
    0.1581163880E+01    0.1269094354E+01    0.1246769786E+01
    0.1591844700E+01    0.1269073557E+01    0.1246742872E+01
    0.1600030988E+01    0.1269048045E+01    0.1246709857E+01
    0.1604393519E+01    0.1269031057E+01    0.1246687873E+01
    0.1612579807E+01    0.1268992815E+01    0.1246638382E+01
    0.1623260626E+01    0.1268930438E+01    0.1246557653E+01
    0.1631446914E+01    0.1268873065E+01    0.1246483395E+01
    0.1635809446E+01    0.1268839102E+01    0.1246439435E+01
    0.1643995733E+01    0.1268769013E+01    0.1246348711E+01
    0.1654676553E+01    0.1268665102E+01    0.1246214195E+01
    0.1662862841E+01    0.1268575910E+01    0.1246098723E+01
    0.1667225372E+01    0.1268524996E+01    0.1246032804E+01
    0.1675411660E+01    0.1268423111E+01    0.1245900881E+01
    0.1686092479E+01    0.1268277741E+01    0.1245712629E+01
    0.1694278767E+01    0.1268156795E+01    0.1245555986E+01
    0.1698641299E+01    0.1268088967E+01    0.1245468132E+01
    0.1706827586E+01    0.1267955361E+01    0.1245295059E+01
    0.1717508406E+01    0.1267768637E+01    0.1245053143E+01
    0.1725694694E+01    0.1267616025E+01    0.1244855388E+01
    0.1730057225E+01    0.1267531334E+01    0.1244745632E+01
    0.1738243513E+01    0.1267366103E+01    0.1244531476E+01
    0.1748924332E+01    0.1267138163E+01    0.1244235986E+01
    0.1757110620E+01    0.1266953997E+01    0.1243997195E+01
    0.1761473152E+01    0.1266852503E+01    0.1243865579E+01
    0.1769659440E+01    0.1266655768E+01    0.1243610420E+01
    0.1780340259E+01    0.1266386778E+01    0.1243261470E+01
    0.1788526547E+01    0.1266171192E+01    0.1242981734E+01
    0.1792889078E+01    0.1266052970E+01    0.1242828309E+01
    0.1801075366E+01    0.1265824877E+01    0.1242532246E+01
    0.1811756186E+01    0.1265515034E+01    0.1242129970E+01
    0.1819942473E+01    0.1265268186E+01    0.1241809397E+01
    0.1824305005E+01    0.1265133323E+01    0.1241634222E+01
    0.1832491293E+01    0.1264874038E+01    0.1241297370E+01
    0.1843172112E+01    0.1264523570E+01    0.1240841926E+01
    0.1851358400E+01    0.1264245643E+01    0.1240480641E+01
    0.1855720931E+01    0.1264094238E+01    0.1240283785E+01
    0.1863907219E+01    0.1263803952E+01    0.1239906277E+01
    0.1874588039E+01    0.1263413118E+01    0.1239397843E+01
    0.1882774326E+01    0.1263104316E+01    0.1238995990E+01
    0.1887136858E+01    0.1262936481E+01    0.1238777531E+01
    0.1895323146E+01    0.1262615409E+01    0.1238359517E+01
    0.1906003965E+01    0.1262184498E+01    0.1237798298E+01
    0.1914190253E+01    0.1261845050E+01    0.1237356037E+01
    0.1918552784E+01    0.1261660909E+01    0.1237116064E+01
    0.1926739072E+01    0.1261309290E+01    0.1236657712E+01
    0.1937419892E+01    0.1260838622E+01    0.1236043936E+01
    0.1945606180E+01    0.1260468781E+01    0.1235561449E+01
    0.1949968711E+01    0.1260268472E+01    0.1235300059E+01
    0.1958154999E+01    0.1259886567E+01    0.1234801559E+01
    0.1968835818E+01    0.1259376494E+01    0.1234135478E+01
    0.1977022106E+01    0.1258976536E+01    0.1233612965E+01
    0.1981384637E+01    0.1258760209E+01    0.1233330267E+01
    0.1989570925E+01    0.1258348304E+01    0.1232791827E+01
    0.2000251745E+01    0.1257799208E+01    0.1232073722E+01
    0.2008438033E+01    0.1257369434E+01    0.1231511403E+01
    0.2012800564E+01    0.1257137251E+01    0.1231207518E+01
    0.2020986852E+01    0.1256695657E+01    0.1230629366E+01
    0.2031667671E+01    0.1256107952E+01    0.1229859544E+01
    0.2039853959E+01    0.1255648687E+01    0.1229257663E+01
    0.2044216491E+01    0.1255400823E+01    0.1228932721E+01
    0.2052402778E+01    0.1254929873E+01    0.1228315109E+01
    0.2063083598E+01    0.1254304005E+01    0.1227493907E+01
    0.2071269886E+01    0.1253815596E+01    0.1226852728E+01
    0.2075632417E+01    0.1253552241E+01    0.1226506873E+01
    0.2083818705E+01    0.1253052294E+01    0.1225850075E+01
    0.2094499524E+01    0.1252388739E+01    0.1224977860E+01
    0.2102685812E+01    0.1251871560E+01    0.1224297669E+01
    0.2107048344E+01    0.1251592914E+01    0.1223931058E+01
    0.2115234631E+01    0.1251064353E+01    0.1223235372E+01
    0.2125915451E+01    0.1250363620E+01    0.1222312541E+01
    0.2134101739E+01    0.1249818068E+01    0.1221593653E+01
    0.2138464270E+01    0.1249524345E+01    0.1221206454E+01
    0.2146650558E+01    0.1248967576E+01    0.1220472202E+01
    0.2157331377E+01    0.1248230206E+01    0.1219499187E+01
    0.2165517665E+01    0.1247656702E+01    0.1218741940E+01
    0.2169880197E+01    0.1247348130E+01    0.1218334337E+01
    0.2178066485E+01    0.1246763584E+01    0.1217561868E+01
    0.2188747304E+01    0.1245990149E+01    0.1216539134E+01
    0.2196933592E+01    0.1245389140E+01    0.1215743892E+01
    0.2201296123E+01    0.1245065959E+01    0.1215316083E+01
    0.2209482411E+01    0.1244454093E+01    0.1214505773E+01
    0.2220163231E+01    0.1243645197E+01    0.1213433823E+01
    0.2228349518E+01    0.1243017153E+01    0.1212600980E+01
    0.2232712050E+01    0.1242679616E+01    0.1212153177E+01
    0.2240898338E+01    0.1242040910E+01    0.1211305432E+01
    0.2251579157E+01    0.1241197190E+01    0.1210184804E+01
    0.2259765445E+01    0.1240542605E+01    0.1209314784E+01
    0.2264127976E+01    0.1240190980E+01    0.1208847215E+01
    0.2272314264E+01    0.1239525939E+01    0.1207962470E+01
    0.2282995084E+01    0.1238648062E+01    0.1206793746E+01
    0.2291181371E+01    0.1237967458E+01    0.1205887001E+01
    0.2295543903E+01    0.1237602023E+01    0.1205399912E+01
    0.2303730191E+01    0.1236911176E+01    0.1204478632E+01
    0.2314411010E+01    0.1235999844E+01    0.1203262433E+01
    0.2322597298E+01    0.1235293763E+01    0.1202319450E+01
    0.2326959829E+01    0.1234914812E+01    0.1201813103E+01
    0.2335146117E+01    0.1234198713E+01    0.1200855789E+01
    0.2345826937E+01    0.1233254658E+01    0.1199592779E+01
    0.2354013224E+01    0.1232523670E+01    0.1198614078E+01
    0.2358375756E+01    0.1232131507E+01    0.1198088754E+01
    0.2366562044E+01    0.1231390736E+01    0.1197095939E+01
    0.2377242863E+01    0.1230414722E+01    0.1195786828E+01
    0.2385429151E+01    0.1229659421E+01    0.1194772964E+01
    0.2389791682E+01    0.1229254366E+01    0.1194228962E+01
    0.2397977970E+01    0.1228489524E+01    0.1193201215E+01
    0.2408658790E+01    0.1227482348E+01    0.1191846761E+01
    0.2416845078E+01    0.1226703351E+01    0.1190798326E+01
    0.2421207609E+01    0.1226285735E+01    0.1190235966E+01
    0.2429393897E+01    0.1225497451E+01    0.1189173895E+01
    0.2440074716E+01    0.1224459941E+01    0.1187774905E+01
    0.2448261004E+01    0.1223657890E+01    0.1186692528E+01
    0.2452623536E+01    0.1223228058E+01    0.1186112150E+01
    0.2460809823E+01    0.1222416983E+01    0.1185016400E+01
    0.2471490643E+01    0.1221349999E+01    0.1183573732E+01
    0.2479676931E+01    0.1220525560E+01    0.1182458083E+01
    0.2484039462E+01    0.1220083870E+01    0.1181860048E+01
    0.2492225750E+01    0.1219250679E+01    0.1180731305E+01
    0.2502906569E+01    0.1218155112E+01    0.1179245869E+01
    0.2511092857E+01    0.1217308975E+01    0.1178097659E+01
    0.2515455389E+01    0.1216855798E+01    0.1177482351E+01
    0.2523641676E+01    0.1216001192E+01    0.1176321342E+01
    0.2534322496E+01    0.1214877964E+01    0.1174794106E+01
    0.2542508784E+01    0.1214010842E+01    0.1173614088E+01
    0.2546871315E+01    0.1213546560E+01    0.1172981912E+01
    0.2555057603E+01    0.1212671262E+01    0.1171789409E+01
    0.2565738422E+01    0.1211521325E+01    0.1170221394E+01
    0.2573924710E+01    0.1210633958E+01    0.1169010366E+01
    0.2578287242E+01    0.1210158965E+01    0.1168361752E+01
    0.2586473529E+01    0.1209263722E+01    0.1167138571E+01
    0.2597154349E+01    0.1208088061E+01    0.1165530859E+01
    0.2605340637E+01    0.1207181207E+01    0.1164289663E+01
    0.2609703168E+01    0.1206695913E+01    0.1163625065E+01
    0.2617889456E+01    0.1205781493E+01    0.1162372065E+01
    0.2628570275E+01    0.1204581120E+01    0.1160725798E+01
    0.2636756563E+01    0.1203655564E+01    0.1159455324E+01
    0.2641119095E+01    0.1203160388E+01    0.1158775220E+01
    0.2649305383E+01    0.1202227585E+01    0.1157493310E+01
    0.2659986202E+01    0.1201003543E+01    0.1155809691E+01
    0.2668172490E+01    0.1200060089E+01    0.1154510874E+01
    0.2672535021E+01    0.1199555463E+01    0.1153815770E+01
    0.2680721309E+01    0.1198605091E+01    0.1152505905E+01
    0.2691402129E+01    0.1197358452E+01    0.1150786199E+01
    0.2699588416E+01    0.1196397929E+01    0.1149460025E+01
    0.2703950948E+01    0.1195884296E+01    0.1148750450E+01
    0.2712137236E+01    0.1194917192E+01    0.1147413635E+01
    0.2722818055E+01    0.1193649055E+01    0.1145659173E+01
    0.2731004343E+01    0.1192672313E+01    0.1144306677E+01
    0.2735366874E+01    0.1192150128E+01    0.1143583187E+01
    0.2743553162E+01    0.1191167149E+01    0.1142220475E+01
    0.2754233982E+01    0.1189878642E+01    0.1140432653E+01
    0.2762420269E+01    0.1188886551E+01    0.1139054917E+01
    0.2766782801E+01    0.1188356280E+01    0.1138318096E+01
    0.2774969089E+01    0.1187358305E+01    0.1136930593E+01
    0.2785649908E+01    0.1186050582E+01    0.1135110870E+01
    0.2793836196E+01    0.1185044032E+01    0.1133709030E+01
    0.2798198727E+01    0.1184506152E+01    0.1132959487E+01
    0.2806385015E+01    0.1183494081E+01    0.1131548347E+01
    0.2817065835E+01    0.1182168322E+01    0.1129698250E+01
    0.2825252123E+01    0.1181148224E+01    0.1128273491E+01
    0.2829614654E+01    0.1180603223E+01    0.1127511864E+01
    0.2837800942E+01    0.1179577973E+01    0.1126078292E+01
    0.2848481761E+01    0.1178235384E+01    0.1124199414E+01
    0.2856668049E+01    0.1177202669E+01    0.1122752972E+01
    0.2861030580E+01    0.1176651043E+01    0.1121979924E+01
    0.2869216868E+01    0.1175613552E+01    0.1120525178E+01
    0.2879897688E+01    0.1174255364E+01    0.1118619176E+01
    0.2888083976E+01    0.1173210978E+01    0.1117152338E+01
    0.2892446507E+01    0.1172653236E+01    0.1116368561E+01
    0.2900632795E+01    0.1171604459E+01    0.1114893945E+01
    0.2911313614E+01    0.1170231924E+01    0.1112962546E+01
    0.2919499902E+01    0.1169176836E+01    0.1111476647E+01
    0.2923862434E+01    0.1168613493E+01    0.1110682858E+01
    0.2932048721E+01    0.1167554403E+01    0.1109189731E+01
    0.2942729541E+01    0.1166168799E+01    0.1107234722E+01
    0.2950915829E+01    0.1165103989E+01    0.1105731148E+01
    0.2955278360E+01    0.1164535572E+01    0.1104928091E+01
    0.2963464648E+01    0.1163467158E+01    0.1103417857E+01
    0.2974145467E+01    0.1162069781E+01    0.1101441091E+01
    0.2982331755E+01    0.1160996251E+01    0.1099921278E+01
    0.2986694287E+01    0.1160423293E+01    0.1099109722E+01
    0.2994880574E+01    0.1159346561E+01    0.1097583834E+01
    0.3005561394E+01    0.1157938729E+01    0.1095587225E+01
    0.3013747682E+01    0.1156857491E+01    0.1094052654E+01
    0.3018110213E+01    0.1156280535E+01    0.1093233393E+01
    0.3026296501E+01    0.1155196506E+01    0.1091693351E+01
    0.3036977320E+01    0.1153779555E+01    0.1089678875E+01
    0.3045163608E+01    0.1152691639E+01    0.1088131072E+01
    0.3049526140E+01    0.1152111235E+01    0.1087304926E+01
    0.3057712428E+01    0.1151020941E+01    0.1085752274E+01
    0.3068393247E+01    0.1149596227E+01    0.1083721963E+01
    0.3076579535E+01    0.1148502674E+01    0.1082162499E+01
    0.3080942066E+01    0.1147919378E+01    0.1081330308E+01
    0.3089128354E+01    0.1146823869E+01    0.1079766635E+01
    0.3099809174E+01    0.1145392762E+01    0.1077722577E+01
    0.3107995461E+01    0.1144294628E+01    0.1076153064E+01
    0.3112357993E+01    0.1143709004E+01    0.1075315693E+01
    0.3120544281E+01    0.1142609337E+01    0.1073742627E+01
    0.3131225100E+01    0.1141173225E+01    0.1071686961E+01
    0.3139411388E+01    0.1140071576E+01    0.1070109052E+01
    0.3143773919E+01    0.1139484193E+01    0.1069267385E+01
    0.3151960207E+01    0.1138381440E+01    0.1067686592E+01
    0.3162641027E+01    0.1136941723E+01    0.1065621508E+01
    0.3170827314E+01    0.1135837636E+01    0.1064036891E+01
    0.3175189846E+01    0.1135249068E+01    0.1063191830E+01
    0.3183376134E+01    0.1134144309E+01    0.1061605014E+01
    0.3194056953E+01    0.1132702402E+01    0.1059532745E+01
    0.3202243241E+01    0.1131596962E+01    0.1057943142E+01
    0.3206605772E+01    0.1131007790E+01    0.1057095610E+01
    0.3214792060E+01    0.1129902116E+01    0.1055504504E+01
    0.3225472880E+01    0.1128459443E+01    0.1053427327E+01
    0.3233659167E+01    0.1127353746E+01    0.1051834492E+01
    0.3238021699E+01    0.1126764553E+01    0.1050985425E+01
    0.3246207987E+01    0.1125659061E+01    0.1049391794E+01
    0.3256888806E+01    0.1124217057E+01    0.1047312021E+01
    0.3265075094E+01    0.1123112205E+01    0.1045717732E+01
    0.3269437625E+01    0.1122523580E+01    0.1044868083E+01
    0.3277623913E+01    0.1121419374E+01    0.1043273717E+01
    0.3288304733E+01    0.1119979484E+01    0.1041193692E+01
    0.3296491021E+01    0.1118876584E+01    0.1039599754E+01
    0.3300853552E+01    0.1118289119E+01    0.1038750485E+01
    0.3309039840E+01    0.1117187310E+01    0.1037157197E+01
    0.3319720659E+01    0.1115750983E+01    0.1035079292E+01
    0.3327906947E+01    0.1114651150E+01    0.1033487530E+01
    0.3332269479E+01    0.1114065438E+01    0.1032639615E+01
    0.3340455766E+01    0.1112967142E+01    0.1031049235E+01
    0.3351136586E+01    0.1111535836E+01    0.1028975846E+01
    0.3359322874E+01    0.1110440186E+01    0.1027388098E+01
    0.3363685405E+01    0.1109856823E+01    0.1026542520E+01
    0.3371871693E+01    0.1108763158E+01    0.1024956893E+01
    0.3382552512E+01    0.1107338334E+01    0.1022890432E+01
    0.3390738800E+01    0.1106247989E+01    0.1021308552E+01
    0.3395101332E+01    0.1105667571E+01    0.1020466297E+01
    0.3403287619E+01    0.1104579659E+01    0.1018887280E+01
    0.3413968439E+01    0.1103162780E+01    0.1016830171E+01
    0.3422154727E+01    0.1102078862E+01    0.1015256017E+01
    0.3426517258E+01    0.1101501989E+01    0.1014418079E+01
    0.3434703546E+01    0.1100420952E+01    0.1012847533E+01
    0.3445384365E+01    0.1099013484E+01    0.1010802207E+01
    0.3453570653E+01    0.1097937115E+01    0.1009237644E+01
    0.3457933185E+01    0.1097364385E+01    0.1008405015E+01
    0.3466119472E+01    0.1096291346E+01    0.1006844804E+01
    0.3476800292E+01    0.1094894752E+01    0.1004813693E+01
    0.3484986580E+01    0.1093827056E+01    0.1003260585E+01
    0.3489349111E+01    0.1093259066E+01    0.1002434258E+01
    0.3497535399E+01    0.1092195147E+01    0.1000886244E+01
    0.3508216218E+01    0.1090810891E+01    0.9988717758E+00
    0.3516402506E+01    0.1089752988E+01    0.9973319801E+00
    0.3520765038E+01    0.1089190335E+01    0.9965129452E+00
    0.3528951326E+01    0.1088136656E+01    0.9949789849E+00
    0.3539632145E+01    0.1086766197E+01    0.9929835764E+00
    0.3547818433E+01    0.1085719203E+01    0.9914589436E+00
    0.3552180964E+01    0.1085162484E+01    0.9906481852E+00
    0.3560367252E+01    0.1084120160E+01    0.9891301233E+00
    0.3571048072E+01    0.1082764953E+01    0.9871561773E+00
    0.3579234359E+01    0.1081729982E+01    0.9856485443E+00
    0.3583596891E+01    0.1081179789E+01    0.9848470398E+00
    0.3591783179E+01    0.1080149931E+01    0.9833467070E+00
    0.3602463998E+01    0.1078811424E+01    0.9813966050E+00
    0.3610650286E+01    0.1077789585E+01    0.9799077918E+00
    0.3615012817E+01    0.1077246507E+01    0.9791165089E+00
    0.3623199105E+01    0.1076230221E+01    0.9776357173E+00
    0.3633879925E+01    0.1074909853E+01    0.9757118154E+00
    0.3642066212E+01    0.1073902248E+01    0.9742436210E+00
    0.3646428744E+01    0.1073366871E+01    0.9734635160E+00
    0.3654615032E+01    0.1072365256E+01    0.9720040549E+00
    0.3665295851E+01    0.1071064457E+01    0.9701086782E+00
    0.3673482139E+01    0.1070072178E+01    0.9686628768E+00
    0.3677844670E+01    0.1069545084E+01    0.9678948923E+00
    0.3686030958E+01    0.1068559230E+01    0.9664585253E+00
    0.3696711778E+01    0.1067279419E+01    0.9645939631E+00
    0.3704898066E+01    0.1066303550E+01    0.9631723006E+00
    0.3709260597E+01    0.1065785316E+01    0.9624173637E+00
    0.3717446885E+01    0.1064816303E+01    0.9610058242E+00
    0.3728127704E+01    0.1063558884E+01    0.9591743257E+00
    0.3736313992E+01    0.1062600499E+01    0.9577785159E+00
    0.3740676523E+01    0.1062091696E+01    0.9570375365E+00
    0.3748862811E+01    0.1061140592E+01    0.9556525247E+00
    0.3759543631E+01    0.1059906957E+01    0.9538562945E+00
    0.3767729919E+01    0.1058967117E+01    0.9524880163E+00
    0.3772092450E+01    0.1058468310E+01    0.9517618850E+00
    0.3780278738E+01    0.1057536172E+01    0.9504050648E+00
    0.3790959557E+01    0.1056327693E+01    0.9486462587E+00
    0.3799145845E+01    0.1055407447E+01    0.9473071526E+00
    0.3803508377E+01    0.1054919193E+01    0.9465967394E+00
    0.3811694664E+01    0.1054007064E+01    0.9452697353E+00
    0.3822375484E+01    0.1052825095E+01    0.9435504567E+00
    0.3830561772E+01    0.1051925478E+01    0.9422421222E+00
    0.3834924303E+01    0.1051448325E+01    0.9415482750E+00
    0.3843110591E+01    0.1050557233E+01    0.9402526693E+00
    0.3853791410E+01    0.1049403110E+01    0.9385749654E+00
    0.3861977698E+01    0.1048525139E+01    0.9372989583E+00
    0.3866340230E+01    0.1048059629E+01    0.9366225013E+00
    0.3874526517E+01    0.1047190585E+01    0.9353598317E+00
    0.3885207337E+01    0.1046065619E+01    0.9337256907E+00
    0.3893393625E+01    0.1045210294E+01    0.9324835207E+00
    0.3897756156E+01    0.1044756958E+01    0.9318252534E+00
    0.3905942444E+01    0.1043910954E+01    0.9305970106E+00
    0.3916623263E+01    0.1042816435E+01    0.9290083584E+00
    0.3924809551E+01    0.1041984738E+01    0.9278014870E+00
    0.3929172083E+01    0.1041544096E+01    0.9271621830E+00
    0.3937358371E+01    0.1040722107E+01    0.9259698086E+00
    0.3948039190E+01    0.1039659295E+01    0.9244285066E+00
    0.3956225478E+01    0.1038852187E+01    0.9232583450E+00
    0.3960588009E+01    0.1038424750E+01    0.9226387510E+00
    0.3968774297E+01    0.1037627727E+01    0.9214836359E+00
    0.3979455117E+01    0.1036597858E+01    0.9199914783E+00
    0.3987641404E+01    0.1035816278E+01    0.9188593861E+00
    0.3992003936E+01    0.1035402543E+01    0.9182602210E+00
    0.4000190224E+01    0.1034631418E+01    0.9171437035E+00
    0.4010871043E+01    0.1033635695E+01    0.9157024156E+00
    0.4019057331E+01    0.1032880559E+01    0.9146096992E+00
    0.4023419862E+01    0.1032481013E+01    0.9140316532E+00
    0.4031606150E+01    0.1031736690E+01    0.9129550179E+00
    0.4042286970E+01    0.1030776286E+01    0.9115662545E+00
    0.4050473257E+01    0.1030048485E+01    0.9105141655E+00
    0.4054835789E+01    0.1029663599E+01    0.9099578999E+00
    0.4063022077E+01    0.1028946960E+01    0.9089223765E+00
    0.4073702896E+01    0.1028023014E+01    0.9075877201E+00
    0.4081889184E+01    0.1027323413E+01    0.9065774547E+00
    0.4086251715E+01    0.1026953645E+01    0.9060436010E+00
    0.4094438003E+01    0.1026265543E+01    0.9050503634E+00
    0.4105118823E+01    0.1025379157E+01    0.9037713234E+00
    0.4113305110E+01    0.1024708592E+01    0.9028040214E+00
    0.4117667642E+01    0.1024354385E+01    0.9022931810E+00
    0.4125853930E+01    0.1023695646E+01    0.9013433463E+00
    0.4136534749E+01    0.1022847885E+01    0.9001213579E+00
    0.4144721037E+01    0.1022207164E+01    0.8991981022E+00
    0.4149083568E+01    0.1021868944E+01    0.8987108461E+00
    0.4157269856E+01    0.1021240362E+01    0.8978054742E+00
    0.4167950676E+01    0.1020432252E+01    0.8966418979E+00
    0.4176136964E+01    0.1019822150E+01    0.8957637140E+00
    0.4180499495E+01    0.1019500328E+01    0.8953005824E+00
    0.4188685783E+01    0.1018902667E+01    0.8944406758E+00
    0.4199366602E+01    0.1018135190E+01    0.8933367967E+00
    0.4207552890E+01    0.1017556451E+01    0.8925046522E+00
    0.4211915422E+01    0.1017251421E+01    0.8920661547E+00
    0.4220101709E+01    0.1016685410E+01    0.8912526578E+00
    0.4230782529E+01    0.1015959506E+01    0.8902096855E+00
    0.4238968817E+01    0.1015412840E+01    0.8894244901E+00
    0.4243331348E+01    0.1015124975E+01    0.8890111053E+00
    0.4251517636E+01    0.1014591311E+01    0.8882449047E+00
    0.4262198455E+01    0.1013907874E+01    0.8872639733E+00
    0.4270384743E+01    0.1013393955E+01    0.8865265787E+00
    0.4274747275E+01    0.1013123610E+01    0.8861387543E+00
    0.4282933562E+01    0.1012622953E+01    0.8854206785E+00
    0.4293614382E+01    0.1011982828E+01    0.8845028463E+00
    0.4301800670E+01    0.1011502294E+01    0.8838140463E+00
    0.4306163201E+01    0.1011249806E+01    0.8834521992E+00
    0.4314349489E+01    0.1010782777E+01    0.8827830188E+00
    0.4325030308E+01    0.1010186762E+01    0.8819292687E+00
    0.4333216596E+01    0.1009740212E+01    0.8812897993E+00
    0.4337579128E+01    0.1009505895E+01    0.8809543155E+00
    0.4345765415E+01    0.1009073077E+01    0.8803347436E+00
    0.4356446235E+01    0.1008521918E+01    0.8795459832E+00
    0.4364632523E+01    0.1008109911E+01    0.8789565228E+00
    0.4368995054E+01    0.1007894059E+01    0.8786477578E+00
    0.4377181342E+01    0.1007495997E+01    0.8780784499E+00
    0.4387862162E+01    0.1006990385E+01    0.8773555119E+00
    0.4396048449E+01    0.1006613440E+01    0.8768166817E+00
    0.4400410981E+01    0.1006416325E+01    0.8765349603E+00
    0.4408597269E+01    0.1006053521E+01    0.8760165147E+00
    0.4419278088E+01    0.1005594096E+01    0.8753601576E+00
    0.4427464376E+01    0.1005252688E+01    0.8748725216E+00
    0.4431826907E+01    0.1005074560E+01    0.8746181385E+00
    0.4440013195E+01    0.1004747472E+01    0.8741510966E+00
    0.4450694015E+01    0.1004334816E+01    0.8735620046E+00
    0.4458880302E+01    0.1004029380E+01    0.8731260703E+00
    0.4463242834E+01    0.1003870465E+01    0.8728992900E+00
    0.4471429122E+01    0.1003579509E+01    0.8724841368E+00
    0.4482109941E+01    0.1003214147E+01    0.8719629205E+00
    0.4490296229E+01    0.1002945072E+01    0.8715791391E+00
    0.4494658760E+01    0.1002805573E+01    0.8713801959E+00
    0.4502845048E+01    0.1002551120E+01    0.8710173602E+00
    0.4513525868E+01    0.1002233519E+01    0.8705645572E+00
    0.4521712155E+01    0.1002001148E+01    0.8702333240E+00
    0.4526074687E+01    0.1001881242E+01    0.8700624226E+00
    0.4534260975E+01    0.1001663619E+01    0.8697522773E+00
    0.4544941794E+01    0.1001394185E+01    0.8693683525E+00
    0.4553128082E+01    0.1001198817E+01    0.8690900070E+00
    0.4557490613E+01    0.1001098658E+01    0.8689473225E+00
    0.4565676901E+01    0.1000918143E+01    0.8686901852E+00
    0.4576357721E+01    0.1000697222E+01    0.8683755310E+00
    0.4584544009E+01    0.1000539107E+01    0.8681503575E+00
    0.4588906540E+01    0.1000458825E+01    0.8680360356E+00
    0.4597092828E+01    0.1000315650E+01    0.8678321684E+00
    0.4607773647E+01    0.1000143526E+01    0.8675871055E+00
    0.4615959935E+01    0.1000022868E+01    0.8674153333E+00
    0.4620322466E+01    0.9999625661E+00    0.8673294903E+00
    0.4628508754E+01    0.9998569160E+00    0.8671791006E+00
    0.4639189574E+01    0.9997338116E+00    0.8670038780E+00
    0.4647375862E+01    0.9996507659E+00    0.8668856815E+00
    0.4651738393E+01    0.9996105210E+00    0.8668284044E+00
    0.4659924681E+01    0.9995425320E+00    0.8667316449E+00
    0.4670605500E+01    0.9994686057E+00    0.8666264403E+00
    0.4678791788E+01    0.9994232797E+00    0.8665619393E+00
    0.4683154320E+01    0.9994031442E+00    0.8665332863E+00
    0.4691340607E+01    0.9993729041E+00    0.8664902548E+00
    0.4702021427E+01    0.9993482514E+00    0.8664551748E+00
    0.4710207715E+01    0.9993407036E+00    0.8664444346E+00
    0.4714570246E+01    0.9993407036E+00    0.8664444346E+00
    0.4722756534E+01    0.9993482514E+00    0.8664551748E+00
    0.4733437353E+01    0.9993729041E+00    0.8664902548E+00
    0.4741623641E+01    0.9994031442E+00    0.8665332863E+00
    0.4745986173E+01    0.9994232797E+00    0.8665619393E+00
    0.4754172460E+01    0.9994686057E+00    0.8666264403E+00
    0.4764853280E+01    0.9995425320E+00    0.8667316449E+00
    0.4773039568E+01    0.9996105210E+00    0.8668284044E+00
    0.4777402099E+01    0.9996507659E+00    0.8668856815E+00
    0.4785588387E+01    0.9997338116E+00    0.8670038780E+00
    0.4796269206E+01    0.9998569160E+00    0.8671791006E+00
    0.4804455494E+01    0.9999625661E+00    0.8673294902E+00
    0.4808818026E+01    0.1000022868E+01    0.8674153333E+00
    0.4817004314E+01    0.1000143526E+01    0.8675871055E+00
    0.4827685133E+01    0.1000315650E+01    0.8678321684E+00
    0.4835871421E+01    0.1000458825E+01    0.8680360356E+00
    0.4840233952E+01    0.1000539107E+01    0.8681503575E+00
    0.4848420240E+01    0.1000697222E+01    0.8683755309E+00
    0.4859101060E+01    0.1000918143E+01    0.8686901852E+00
    0.4867287347E+01    0.1001098658E+01    0.8689473225E+00
    0.4871649879E+01    0.1001198817E+01    0.8690900070E+00
    0.4879836167E+01    0.1001394185E+01    0.8693683525E+00
    0.4890516986E+01    0.1001663619E+01    0.8697522773E+00
    0.4898703274E+01    0.1001881242E+01    0.8700624226E+00
    0.4903065805E+01    0.1002001148E+01    0.8702333240E+00
    0.4911252093E+01    0.1002233519E+01    0.8705645572E+00
    0.4921932913E+01    0.1002551120E+01    0.8710173602E+00
    0.4930119200E+01    0.1002805573E+01    0.8713801959E+00
    0.4934481732E+01    0.1002945072E+01    0.8715791391E+00
    0.4942668020E+01    0.1003214147E+01    0.8719629205E+00
    0.4953348839E+01    0.1003579509E+01    0.8724841368E+00
    0.4961535127E+01    0.1003870465E+01    0.8728992900E+00
    0.4965897658E+01    0.1004029380E+01    0.8731260703E+00
    0.4974083946E+01    0.1004334816E+01    0.8735620046E+00
    0.4984764766E+01    0.1004747472E+01    0.8741510966E+00
    0.4992951053E+01    0.1005074560E+01    0.8746181385E+00
    0.4997313585E+01    0.1005252688E+01    0.8748725216E+00
    0.5005499873E+01    0.1005594096E+01    0.8753601576E+00
    0.5016180692E+01    0.1006053521E+01    0.8760165147E+00
    0.5024366980E+01    0.1006416325E+01    0.8765349603E+00
    0.5028729511E+01    0.1006613440E+01    0.8768166817E+00
    0.5036915799E+01    0.1006990385E+01    0.8773555119E+00
    0.5047596619E+01    0.1007495997E+01    0.8780784499E+00
    0.5055782907E+01    0.1007894059E+01    0.8786477578E+00
    0.5060145438E+01    0.1008109911E+01    0.8789565228E+00
    0.5068331726E+01    0.1008521918E+01    0.8795459832E+00
    0.5079012545E+01    0.1009073077E+01    0.8803347436E+00
    0.5087198833E+01    0.1009505895E+01    0.8809543155E+00
    0.5091561365E+01    0.1009740212E+01    0.8812897993E+00
    0.5099747652E+01    0.1010186762E+01    0.8819292687E+00
    0.5110428472E+01    0.1010782777E+01    0.8827830188E+00
    0.5118614760E+01    0.1011249806E+01    0.8834521992E+00
    0.5122977291E+01    0.1011502294E+01    0.8838140463E+00
    0.5131163579E+01    0.1011982828E+01    0.8845028463E+00
    0.5141844398E+01    0.1012622953E+01    0.8854206785E+00
    0.5150030686E+01    0.1013123610E+01    0.8861387543E+00
    0.5154393218E+01    0.1013393955E+01    0.8865265787E+00
    0.5162579505E+01    0.1013907874E+01    0.8872639733E+00
    0.5173260325E+01    0.1014591311E+01    0.8882449047E+00
    0.5181446613E+01    0.1015124975E+01    0.8890111054E+00
    0.5185809144E+01    0.1015412840E+01    0.8894244901E+00
    0.5193995432E+01    0.1015959506E+01    0.8902096855E+00
    0.5204676251E+01    0.1016685410E+01    0.8912526577E+00
    0.5212862539E+01    0.1017251421E+01    0.8920661547E+00
    0.5217225071E+01    0.1017556451E+01    0.8925046522E+00
    0.5225411358E+01    0.1018135190E+01    0.8933367967E+00
    0.5236092178E+01    0.1018902667E+01    0.8944406757E+00
    0.5244278466E+01    0.1019500328E+01    0.8953005824E+00
    0.5248640997E+01    0.1019822150E+01    0.8957637140E+00
    0.5256827285E+01    0.1020432252E+01    0.8966418979E+00
    0.5267508105E+01    0.1021240362E+01    0.8978054742E+00
    0.5275694392E+01    0.1021868944E+01    0.8987108461E+00
    0.5280056924E+01    0.1022207163E+01    0.8991981022E+00
    0.5288243212E+01    0.1022847885E+01    0.9001213579E+00
    0.5298924031E+01    0.1023695646E+01    0.9013433462E+00
    0.5307110319E+01    0.1024354385E+01    0.9022931810E+00
    0.5311472850E+01    0.1024708592E+01    0.9028040214E+00
    0.5319659138E+01    0.1025379157E+01    0.9037713234E+00
    0.5330339958E+01    0.1026265543E+01    0.9050503634E+00
    0.5338526245E+01    0.1026953645E+01    0.9060436010E+00
    0.5342888777E+01    0.1027323413E+01    0.9065774547E+00
    0.5351075065E+01    0.1028023014E+01    0.9075877202E+00
    0.5361755884E+01    0.1028946960E+01    0.9089223765E+00
    0.5369942172E+01    0.1029663599E+01    0.9099578999E+00
    0.5374304703E+01    0.1030048485E+01    0.9105141654E+00
    0.5382490991E+01    0.1030776286E+01    0.9115662545E+00
    0.5393171811E+01    0.1031736690E+01    0.9129550179E+00
    0.5401358098E+01    0.1032481013E+01    0.9140316532E+00
    0.5405720630E+01    0.1032880559E+01    0.9146096991E+00
    0.5413906918E+01    0.1033635695E+01    0.9157024157E+00
    0.5424587737E+01    0.1034631418E+01    0.9171437034E+00
    0.5432774025E+01    0.1035402543E+01    0.9182602210E+00
    0.5437136556E+01    0.1035816278E+01    0.9188593861E+00
    0.5445322844E+01    0.1036597858E+01    0.9199914783E+00
    0.5456003664E+01    0.1037627727E+01    0.9214836358E+00
    0.5464189952E+01    0.1038424750E+01    0.9226387510E+00
    0.5468552483E+01    0.1038852187E+01    0.9232583450E+00
    0.5476738771E+01    0.1039659295E+01    0.9244285066E+00
    0.5487419590E+01    0.1040722106E+01    0.9259698085E+00
    0.5495605878E+01    0.1041544096E+01    0.9271621830E+00
    0.5499968409E+01    0.1041984738E+01    0.9278014869E+00
    0.5508154697E+01    0.1042816435E+01    0.9290083585E+00
    0.5518835517E+01    0.1043910954E+01    0.9305970105E+00
    0.5527021805E+01    0.1044756958E+01    0.9318252535E+00
    0.5531384336E+01    0.1045210294E+01    0.9324835207E+00
    0.5539570624E+01    0.1046065619E+01    0.9337256908E+00
    0.5550251443E+01    0.1047190585E+01    0.9353598316E+00
    0.5558437731E+01    0.1048059629E+01    0.9366225014E+00
    0.5562800263E+01    0.1048525139E+01    0.9372989583E+00
    0.5570986550E+01    0.1049403110E+01    0.9385749655E+00
    0.5581667370E+01    0.1050557233E+01    0.9402526692E+00
    0.5589853658E+01    0.1051448326E+01    0.9415482750E+00
    0.5594216189E+01    0.1051925478E+01    0.9422421222E+00
    0.5602402477E+01    0.1052825095E+01    0.9435504568E+00
    0.5613083296E+01    0.1054007064E+01    0.9452697352E+00
    0.5621269584E+01    0.1054919193E+01    0.9465967395E+00
    0.5625632116E+01    0.1055407447E+01    0.9473071526E+00
    0.5633818403E+01    0.1056327693E+01    0.9486462588E+00
    0.5644499223E+01    0.1057536172E+01    0.9504050647E+00
    0.5652685511E+01    0.1058468310E+01    0.9517618850E+00
    0.5657048042E+01    0.1058967117E+01    0.9524880162E+00
    0.5665234330E+01    0.1059906957E+01    0.9538562946E+00
    0.5675915149E+01    0.1061140592E+01    0.9556525246E+00
    0.5684101437E+01    0.1062091696E+01    0.9570375366E+00
    0.5688463969E+01    0.1062600499E+01    0.9577785159E+00
    0.5696650257E+01    0.1063558884E+01    0.9591743258E+00
    0.5707331076E+01    0.1064816303E+01    0.9610058241E+00
    0.5715517364E+01    0.1065785316E+01    0.9624173638E+00
    0.5719879895E+01    0.1066303550E+01    0.9631723005E+00
    0.5728066183E+01    0.1067279419E+01    0.9645939632E+00
    0.5738747003E+01    0.1068559230E+01    0.9664585252E+00
    0.5746933290E+01    0.1069545084E+01    0.9678948924E+00
    0.5751295822E+01    0.1070072178E+01    0.9686628767E+00
    0.5759482110E+01    0.1071064458E+01    0.9701086783E+00
    0.5770162929E+01    0.1072365256E+01    0.9720040549E+00
    0.5778349217E+01    0.1073366871E+01    0.9734635160E+00
    0.5782711748E+01    0.1073902248E+01    0.9742436209E+00
    0.5790898036E+01    0.1074909854E+01    0.9757118155E+00
    0.5801578856E+01    0.1076230221E+01    0.9776357172E+00
    0.5809765143E+01    0.1077246507E+01    0.9791165090E+00
    0.5814127675E+01    0.1077789585E+01    0.9799077917E+00
    0.5822313963E+01    0.1078811424E+01    0.9813966051E+00
    0.5832994782E+01    0.1080149931E+01    0.9833467069E+00
    0.5841181070E+01    0.1081179789E+01    0.9848470398E+00
    0.5845543601E+01    0.1081729982E+01    0.9856485442E+00
    0.5853729889E+01    0.1082764953E+01    0.9871561774E+00
    0.5864410709E+01    0.1084120159E+01    0.9891301232E+00
    0.5872596996E+01    0.1085162484E+01    0.9906481853E+00
    0.5876959528E+01    0.1085719203E+01    0.9914589435E+00
    0.5885145816E+01    0.1086766197E+01    0.9929835765E+00
    0.5895826635E+01    0.1088136656E+01    0.9949789848E+00
    0.5904012923E+01    0.1089190335E+01    0.9965129452E+00
    0.5908375454E+01    0.1089752987E+01    0.9973319800E+00
    0.5916561742E+01    0.1090810891E+01    0.9988717759E+00
    0.5927242562E+01    0.1092195147E+01    0.1000886244E+01
    0.5935428850E+01    0.1093259066E+01    0.1002434258E+01
    0.5939791381E+01    0.1093827056E+01    0.1003260585E+01
    0.5947977669E+01    0.1094894752E+01    0.1004813693E+01
    0.5958658488E+01    0.1096291346E+01    0.1006844804E+01
    0.5966844776E+01    0.1097364385E+01    0.1008405015E+01
    0.5971207308E+01    0.1097937115E+01    0.1009237644E+01
    0.5979393595E+01    0.1099013484E+01    0.1010802207E+01
    0.5990074415E+01    0.1100420952E+01    0.1012847532E+01
    0.5998260703E+01    0.1101501989E+01    0.1014418079E+01
    0.6002623234E+01    0.1102078862E+01    0.1015256017E+01
    0.6010809522E+01    0.1103162780E+01    0.1016830171E+01
    0.6021490341E+01    0.1104579659E+01    0.1018887279E+01
    0.6029676629E+01    0.1105667572E+01    0.1020466297E+01
    0.6034039161E+01    0.1106247989E+01    0.1021308551E+01
    0.6042225448E+01    0.1107338334E+01    0.1022890432E+01
    0.6052906268E+01    0.1108763158E+01    0.1024956893E+01
    0.6061092556E+01    0.1109856823E+01    0.1026542520E+01
    0.6065455087E+01    0.1110440186E+01    0.1027388098E+01
    0.6073641375E+01    0.1111535836E+01    0.1028975846E+01
    0.6084322194E+01    0.1112967141E+01    0.1031049235E+01
    0.6092508482E+01    0.1114065438E+01    0.1032639615E+01
    0.6096871014E+01    0.1114651150E+01    0.1033487530E+01
    0.6105057301E+01    0.1115750983E+01    0.1035079292E+01
    0.6115738121E+01    0.1117187310E+01    0.1037157196E+01
    0.6123924409E+01    0.1118289119E+01    0.1038750485E+01
    0.6128286940E+01    0.1118876584E+01    0.1039599754E+01
    0.6136473228E+01    0.1119979484E+01    0.1041193692E+01
    0.6147154048E+01    0.1121419374E+01    0.1043273717E+01
    0.6155340335E+01    0.1122523580E+01    0.1044868083E+01
    0.6159702867E+01    0.1123112205E+01    0.1045717732E+01
    0.6167889155E+01    0.1124217057E+01    0.1047312021E+01
    0.6178569974E+01    0.1125659061E+01    0.1049391794E+01
    0.6186756262E+01    0.1126764553E+01    0.1050985425E+01
    0.6191118793E+01    0.1127353746E+01    0.1051834491E+01
    0.6199305081E+01    0.1128459443E+01    0.1053427327E+01
    0.6209985901E+01    0.1129902116E+01    0.1055504504E+01
    0.6218172188E+01    0.1131007790E+01    0.1057095611E+01
    0.6222534720E+01    0.1131596962E+01    0.1057943142E+01
    0.6230721008E+01    0.1132702402E+01    0.1059532745E+01
    0.6241401827E+01    0.1134144309E+01    0.1061605014E+01
    0.6249588115E+01    0.1135249068E+01    0.1063191831E+01
    0.6253950646E+01    0.1135837636E+01    0.1064036891E+01
    0.6262136934E+01    0.1136941723E+01    0.1065621508E+01
    0.6272817754E+01    0.1138381440E+01    0.1067686592E+01
    0.6281004041E+01    0.1139484193E+01    0.1069267385E+01
