    0.2181265717E-02    0.1140612464E+01    0.1137592652E+01
    0.1036755352E-01    0.1140923203E+01    0.1137930368E+01
    0.2104837301E-01    0.1141328230E+01    0.1138370428E+01
    0.2923466082E-01    0.1141638327E+01    0.1138707250E+01
    0.3359719225E-01    0.1141803454E+01    0.1138886574E+01
    0.4178348006E-01    0.1142113065E+01    0.1139222738E+01
    0.5246429955E-01    0.1142516502E+01    0.1139660650E+01
    0.6065058736E-01    0.1142825292E+01    0.1139995732E+01
    0.6501311879E-01    0.1142989692E+01    0.1140174094E+01
    0.7319940660E-01    0.1143297878E+01    0.1140508394E+01
    0.8388022608E-01    0.1143699341E+01    0.1140943752E+01
    0.9206651389E-01    0.1144006531E+01    0.1141276783E+01
    0.9642904532E-01    0.1144170046E+01    0.1141454021E+01
    0.1046153331E+00    0.1144476515E+01    0.1141786148E+01
    0.1152961526E+00    0.1144875625E+01    0.1142218551E+01
    0.1234824404E+00    0.1145180924E+01    0.1142549228E+01
    0.1278449719E+00    0.1145343401E+01    0.1142725178E+01
    0.1360312597E+00    0.1145647865E+01    0.1143054831E+01
    0.1467120792E+00    0.1146044247E+01    0.1143483888E+01
    0.1548983670E+00    0.1146347371E+01    0.1143811911E+01
    0.1592608984E+00    0.1146508658E+01    0.1143986416E+01
    0.1674471862E+00    0.1146810834E+01    0.1144313297E+01
    0.1781280057E+00    0.1147204120E+01    0.1144738623E+01
    0.1863142935E+00    0.1147504787E+01    0.1145063699E+01
    0.1906768249E+00    0.1147664735E+01    0.1145236603E+01
    0.1988631127E+00    0.1147964343E+01    0.1145560421E+01
    0.2095439322E+00    0.1148354171E+01    0.1145981640E+01
    0.2177302200E+00    0.1148652105E+01    0.1146303481E+01
    0.2220927515E+00    0.1148810568E+01    0.1146474631E+01
    0.2302790393E+00    0.1149107334E+01    0.1146795101E+01
    0.2409598588E+00    0.1149493348E+01    0.1147211842E+01
    0.2491461466E+00    0.1149788277E+01    0.1147530168E+01
    0.2535086780E+00    0.1149945110E+01    0.1147699415E+01
    0.2616949658E+00    0.1150238765E+01    0.1148016259E+01
    0.2723757853E+00    0.1150620615E+01    0.1148428160E+01
    0.2805620731E+00    0.1150912274E+01    0.1148742694E+01
    0.2849246045E+00    0.1151067336E+01    0.1148909892E+01
    0.2931108923E+00    0.1151357615E+01    0.1149222836E+01
    0.3037917118E+00    0.1151734958E+01    0.1149629544E+01
    0.3119779996E+00    0.1152023085E+01    0.1149940018E+01
    0.3163405311E+00    0.1152176238E+01    0.1150105023E+01
    0.3245268189E+00    0.1152462882E+01    0.1150413801E+01
    0.3352076384E+00    0.1152835382E+01    0.1150814970E+01
    0.3433939262E+00    0.1153119721E+01    0.1151121120E+01
    0.3477564576E+00    0.1153270828E+01    0.1151283793E+01
    0.3559427454E+00    0.1153553584E+01    0.1151588144E+01
    0.3666235649E+00    0.1153920913E+01    0.1151983437E+01
    0.3748098527E+00    0.1154201213E+01    0.1152285006E+01
    0.3791723841E+00    0.1154350142E+01    0.1152445212E+01
    0.3873586720E+00    0.1154628760E+01    0.1152744881E+01
    0.3980394914E+00    0.1154990596E+01    0.1153133968E+01
    0.4062257792E+00    0.1155266612E+01    0.1153430707E+01
    0.4105883107E+00    0.1155413233E+01    0.1153588311E+01
    0.4187745985E+00    0.1155687471E+01    0.1153883051E+01
    0.4294554180E+00    0.1156043499E+01    0.1154265611E+01
    0.4376417058E+00    0.1156314993E+01    0.1154557275E+01
    0.4420042372E+00    0.1156459178E+01    0.1154712149E+01
    0.4501905250E+00    0.1156728800E+01    0.1155001719E+01
    0.4608713445E+00    0.1157078713E+01    0.1155377439E+01
    0.4690576323E+00    0.1157345450E+01    0.1155663790E+01
    0.4734201638E+00    0.1157487076E+01    0.1155815808E+01
    0.4816064516E+00    0.1157751850E+01    0.1156099972E+01
    0.4922872711E+00    0.1158095348E+01    0.1156468549E+01
    0.5004735589E+00    0.1158357101E+01    0.1156749356E+01
    0.5048360903E+00    0.1158496047E+01    0.1156898396E+01
    0.5130223781E+00    0.1158755748E+01    0.1157176925E+01
    0.5237031976E+00    0.1159092540E+01    0.1157538063E+01
    0.5318894854E+00    0.1159349087E+01    0.1157813101E+01
    0.5362520168E+00    0.1159485235E+01    0.1157959044E+01
    0.5444383046E+00    0.1159739643E+01    0.1158231716E+01
    0.5551191241E+00    0.1160069445E+01    0.1158585128E+01
    0.5633054119E+00    0.1160320570E+01    0.1158854180E+01
    0.5676679434E+00    0.1160453807E+01    0.1158996909E+01
    0.5758542312E+00    0.1160702708E+01    0.1159263510E+01
    0.5865350507E+00    0.1161025243E+01    0.1159608917E+01
    0.5947213385E+00    0.1161270737E+01    0.1159871771E+01
    0.5990838699E+00    0.1161400951E+01    0.1160011175E+01
    0.6072701577E+00    0.1161644138E+01    0.1160271495E+01
    0.6179509772E+00    0.1161959139E+01    0.1160608627E+01
    0.6261372650E+00    0.1162198798E+01    0.1160865078E+01
    0.6304997964E+00    0.1162325881E+01    0.1161001048E+01
    0.6386860842E+00    0.1162563154E+01    0.1161254885E+01
    0.6493669037E+00    0.1162870360E+01    0.1161583482E+01
    0.6575531915E+00    0.1163103987E+01    0.1161833331E+01
    0.6619157230E+00    0.1163227834E+01    0.1161965763E+01
    0.6701020108E+00    0.1163458997E+01    0.1162212922E+01
    0.6807828303E+00    0.1163758157E+01    0.1162532729E+01
    0.6889691181E+00    0.1163985560E+01    0.1162775786E+01
    0.6933316495E+00    0.1164106070E+01    0.1162904577E+01
    0.7015179373E+00    0.1164330935E+01    0.1163144868E+01
    0.7121987568E+00    0.1164621806E+01    0.1163455643E+01
    0.7203850446E+00    0.1164842800E+01    0.1163691722E+01
    0.7247475760E+00    0.1164959876E+01    0.1163816776E+01
    0.7329338638E+00    0.1165178259E+01    0.1164050017E+01
    0.7436146833E+00    0.1165460605E+01    0.1164351523E+01
    0.7518009711E+00    0.1165675011E+01    0.1164580446E+01
    0.7561635026E+00    0.1165788558E+01    0.1164701667E+01
    0.7643497904E+00    0.1166000285E+01    0.1164927682E+01
    0.7750306099E+00    0.1166273878E+01    0.1165219694E+01
    0.7832168977E+00    0.1166481526E+01    0.1165441288E+01
    0.7875794291E+00    0.1166591453E+01    0.1165558587E+01
    0.7957657169E+00    0.1166796353E+01    0.1165777207E+01
    0.8064465364E+00    0.1167060975E+01    0.1166059507E+01
    0.8146328242E+00    0.1167261697E+01    0.1166273607E+01
    0.8189953557E+00    0.1167367917E+01    0.1166386896E+01
    0.8271816435E+00    0.1167565828E+01    0.1166597959E+01
    0.8378624629E+00    0.1167821268E+01    0.1166870336E+01
    0.8460487508E+00    0.1168014906E+01    0.1167076785E+01
    0.8504112822E+00    0.1168117333E+01    0.1167185979E+01
    0.8585975700E+00    0.1168308098E+01    0.1167389329E+01
    0.8692783895E+00    0.1168554154E+01    0.1167651583E+01
    0.8774646773E+00    0.1168740555E+01    0.1167850229E+01
    0.8818272087E+00    0.1168839110E+01    0.1167955249E+01
    0.8900134965E+00    0.1169022578E+01    0.1168150736E+01
    0.9006943160E+00    0.1169259058E+01    0.1168402676E+01
    0.9088806038E+00    0.1169438075E+01    0.1168593373E+01
    0.9132431353E+00    0.1169532679E+01    0.1168694141E+01
    0.9214294231E+00    0.1169708708E+01    0.1168881624E+01
    0.9321102426E+00    0.1169935425E+01    0.1169123065E+01
    0.9402965304E+00    0.1170106919E+01    0.1169305675E+01
    0.9446590618E+00    0.1170197500E+01    0.1169402120E+01
    0.9528453496E+00    0.1170365950E+01    0.1169581462E+01
    0.9635261691E+00    0.1170582729E+01    0.1169812230E+01
    0.9717124569E+00    0.1170746566E+01    0.1169986620E+01
    0.9760749883E+00    0.1170833053E+01    0.1170078671E+01
    0.9842612761E+00    0.1170993796E+01    0.1170249743E+01
    0.9949420956E+00    0.1171200468E+01    0.1170469672E+01
    0.1003128383E+01    0.1171356521E+01    0.1170635718E+01
    0.1007490915E+01    0.1171438847E+01    0.1170723309E+01
    0.1015677203E+01    0.1171591758E+01    0.1170885988E+01
    0.1026358022E+01    0.1171788164E+01    0.1171094920E+01
    0.1034544310E+01    0.1171936314E+01    0.1171252503E+01
    0.1038906841E+01    0.1172014415E+01    0.1171335571E+01
    0.1047093129E+01    0.1172159376E+01    0.1171489742E+01
    0.1057773949E+01    0.1172345365E+01    0.1171687528E+01
    0.1065960237E+01    0.1172485498E+01    0.1171836535E+01
    0.1070322768E+01    0.1172559315E+01    0.1171915023E+01
    0.1078509056E+01    0.1172696215E+01    0.1172060574E+01
    0.1089189875E+01    0.1172871646E+01    0.1172247075E+01
    0.1097376163E+01    0.1173003654E+01    0.1172387401E+01
    0.1101738694E+01    0.1173073131E+01    0.1172461252E+01
    0.1109924982E+01    0.1173201865E+01    0.1172598082E+01
    0.1120605802E+01    0.1173366603E+01    0.1172773166E+01
    0.1128792090E+01    0.1173490386E+01    0.1172904712E+01
    0.1133154621E+01    0.1173555470E+01    0.1172973873E+01
    0.1141340909E+01    0.1173675941E+01    0.1173101886E+01
    0.1152021728E+01    0.1173829862E+01    0.1173265428E+01
    0.1160208016E+01    0.1173945326E+01    0.1173388102E+01
    0.1164570548E+01    0.1174005967E+01    0.1173452526E+01
    0.1172756835E+01    0.1174118084E+01    0.1173571631E+01
    0.1183437655E+01    0.1174261070E+01    0.1173723518E+01
    0.1191623943E+01    0.1174368129E+01    0.1173837234E+01
    0.1195986474E+01    0.1174424281E+01    0.1173896875E+01
    0.1204172762E+01    0.1174527959E+01    0.1174006989E+01
    0.1214853581E+01    0.1174659903E+01    0.1174147115E+01
    0.1223039869E+01    0.1174758475E+01    0.1174251793E+01
    0.1227402401E+01    0.1174810097E+01    0.1174306610E+01
    0.1235588688E+01    0.1174905258E+01    0.1174407657E+01
    0.1246269508E+01    0.1175026061E+01    0.1174535924E+01
    0.1254455796E+01    0.1175116072E+01    0.1174631491E+01
    0.1258818327E+01    0.1175163125E+01    0.1174681446E+01
    0.1267004615E+01    0.1175249697E+01    0.1174773355E+01
    0.1277685434E+01    0.1175359268E+01    0.1174889675E+01
    0.1285871722E+01    0.1175440651E+01    0.1174976065E+01
    0.1290234254E+01    0.1175483099E+01    0.1175021123E+01
    0.1298420541E+01    0.1175561018E+01    0.1175103831E+01
    0.1309101361E+01    0.1175659276E+01    0.1175208122E+01
    0.1317287649E+01    0.1175731970E+01    0.1175285277E+01
    0.1321650180E+01    0.1175769781E+01    0.1175325406E+01
    0.1329836468E+01    0.1175838989E+01    0.1175398856E+01
    0.1340517288E+01    0.1175925859E+01    0.1175491047E+01
    0.1348703575E+01    0.1175989810E+01    0.1175558912E+01
    0.1353066107E+01    0.1176022956E+01    0.1175594086E+01
    0.1361252395E+01    0.1176083401E+01    0.1175658226E+01
    0.1371933214E+01    0.1176158819E+01    0.1175738253E+01
    0.1380119502E+01    0.1176213979E+01    0.1175796782E+01
    0.1384482033E+01    0.1176242436E+01    0.1175826976E+01
    0.1392668321E+01    0.1176294073E+01    0.1175881763E+01
    0.1403349141E+01    0.1176357984E+01    0.1175949572E+01
    0.1411535428E+01    0.1176404312E+01    0.1175998724E+01
    0.1415897960E+01    0.1176428058E+01    0.1176023917E+01
    0.1424084248E+01    0.1176470849E+01    0.1176069314E+01
    0.1434765067E+01    0.1176523204E+01    0.1176124857E+01
    0.1442951355E+01    0.1176560666E+01    0.1176164599E+01
    0.1447313886E+01    0.1176579684E+01    0.1176184774E+01
    0.1455500174E+01    0.1176613597E+01    0.1176220749E+01
    0.1466180994E+01    0.1176654358E+01    0.1176263989E+01
    0.1474367281E+01    0.1176682926E+01    0.1176294293E+01
    0.1478729813E+01    0.1176697202E+01    0.1176309437E+01
    0.1486916101E+01    0.1176722211E+01    0.1176335965E+01
    0.1497596920E+01    0.1176751347E+01    0.1176366872E+01
    0.1505783208E+01    0.1176771000E+01    0.1176387718E+01
    0.1510145739E+01    0.1176780523E+01    0.1176397820E+01
    0.1518332027E+01    0.1176796610E+01    0.1176414884E+01
    0.1529012847E+01    0.1176814101E+01    0.1176433436E+01
    0.1537199135E+01    0.1176824824E+01    0.1176444810E+01
    0.1541561666E+01    0.1176829588E+01    0.1176449862E+01
    0.1549747954E+01    0.1176836741E+01    0.1176457450E+01
    0.1560428773E+01    0.1176842573E+01    0.1176463636E+01
    0.1568615061E+01    0.1176844358E+01    0.1176465529E+01
    0.1572977593E+01    0.1176844358E+01    0.1176465529E+01
    0.1581163880E+01    0.1176842573E+01    0.1176463636E+01
    0.1591844700E+01    0.1176836741E+01    0.1176457450E+01
    0.1600030988E+01    0.1176829587E+01    0.1176449862E+01
    0.1604393519E+01    0.1176824824E+01    0.1176444810E+01
    0.1612579807E+01    0.1176814101E+01    0.1176433436E+01
    0.1623260626E+01    0.1176796611E+01    0.1176414884E+01
    0.1631446914E+01    0.1176780523E+01    0.1176397820E+01
    0.1635809446E+01    0.1176771000E+01    0.1176387718E+01
    0.1643995733E+01    0.1176751347E+01    0.1176366872E+01
    0.1654676553E+01    0.1176722211E+01    0.1176335965E+01
    0.1662862841E+01    0.1176697202E+01    0.1176309437E+01
    0.1667225372E+01    0.1176682926E+01    0.1176294293E+01
    0.1675411660E+01    0.1176654358E+01    0.1176263989E+01
    0.1686092479E+01    0.1176613597E+01    0.1176220749E+01
    0.1694278767E+01    0.1176579684E+01    0.1176184774E+01
    0.1698641299E+01    0.1176560666E+01    0.1176164599E+01
    0.1706827586E+01    0.1176523204E+01    0.1176124857E+01
    0.1717508406E+01    0.1176470849E+01    0.1176069314E+01
    0.1725694694E+01    0.1176428058E+01    0.1176023917E+01
    0.1730057225E+01    0.1176404312E+01    0.1175998724E+01
    0.1738243513E+01    0.1176357984E+01    0.1175949572E+01
    0.1748924332E+01    0.1176294073E+01    0.1175881763E+01
    0.1757110620E+01    0.1176242436E+01    0.1175826976E+01
    0.1761473152E+01    0.1176213979E+01    0.1175796782E+01
    0.1769659440E+01    0.1176158819E+01    0.1175738253E+01
    0.1780340259E+01    0.1176083401E+01    0.1175658226E+01
    0.1788526547E+01    0.1176022956E+01    0.1175594086E+01
    0.1792889078E+01    0.1175989810E+01    0.1175558912E+01
    0.1801075366E+01    0.1175925859E+01    0.1175491047E+01
    0.1811756186E+01    0.1175838989E+01    0.1175398856E+01
    0.1819942473E+01    0.1175769781E+01    0.1175325406E+01
    0.1824305005E+01    0.1175731970E+01    0.1175285277E+01
    0.1832491293E+01    0.1175659276E+01    0.1175208122E+01
    0.1843172112E+01    0.1175561018E+01    0.1175103831E+01
    0.1851358400E+01    0.1175483099E+01    0.1175021123E+01
    0.1855720931E+01    0.1175440651E+01    0.1174976065E+01
    0.1863907219E+01    0.1175359268E+01    0.1174889675E+01
    0.1874588039E+01    0.1175249697E+01    0.1174773355E+01
    0.1882774326E+01    0.1175163125E+01    0.1174681446E+01
    0.1887136858E+01    0.1175116072E+01    0.1174631491E+01
    0.1895323146E+01    0.1175026061E+01    0.1174535924E+01
    0.1906003965E+01    0.1174905258E+01    0.1174407657E+01
    0.1914190253E+01    0.1174810097E+01    0.1174306610E+01
    0.1918552784E+01    0.1174758475E+01    0.1174251793E+01
    0.1926739072E+01    0.1174659903E+01    0.1174147115E+01
    0.1937419892E+01    0.1174527959E+01    0.1174006989E+01
    0.1945606180E+01    0.1174424281E+01    0.1173896875E+01
    0.1949968711E+01    0.1174368129E+01    0.1173837234E+01
    0.1958154999E+01    0.1174261070E+01    0.1173723518E+01
    0.1968835818E+01    0.1174118084E+01    0.1173571631E+01
    0.1977022106E+01    0.1174005967E+01    0.1173452526E+01
    0.1981384637E+01    0.1173945326E+01    0.1173388102E+01
    0.1989570925E+01    0.1173829862E+01    0.1173265428E+01
    0.2000251745E+01    0.1173675941E+01    0.1173101886E+01
    0.2008438033E+01    0.1173555470E+01    0.1172973873E+01
    0.2012800564E+01    0.1173490386E+01    0.1172904712E+01
    0.2020986852E+01    0.1173366603E+01    0.1172773166E+01
    0.2031667671E+01    0.1173201865E+01    0.1172598082E+01
    0.2039853959E+01    0.1173073131E+01    0.1172461252E+01
    0.2044216491E+01    0.1173003654E+01    0.1172387401E+01
    0.2052402778E+01    0.1172871646E+01    0.1172247075E+01
    0.2063083598E+01    0.1172696215E+01    0.1172060575E+01
    0.2071269886E+01    0.1172559315E+01    0.1171915023E+01
    0.2075632417E+01    0.1172485498E+01    0.1171836535E+01
    0.2083818705E+01    0.1172345365E+01    0.1171687528E+01
    0.2094499524E+01    0.1172159376E+01    0.1171489742E+01
    0.2102685812E+01    0.1172014415E+01    0.1171335571E+01
    0.2107048344E+01    0.1171936314E+01    0.1171252503E+01
    0.2115234631E+01    0.1171788164E+01    0.1171094920E+01
    0.2125915451E+01    0.1171591758E+01    0.1170885988E+01
    0.2134101739E+01    0.1171438847E+01    0.1170723309E+01
    0.2138464270E+01    0.1171356521E+01    0.1170635718E+01
    0.2146650558E+01    0.1171200468E+01    0.1170469672E+01
    0.2157331377E+01    0.1170993796E+01    0.1170249743E+01
    0.2165517665E+01    0.1170833053E+01    0.1170078671E+01
    0.2169880197E+01    0.1170746566E+01    0.1169986620E+01
    0.2178066485E+01    0.1170582729E+01    0.1169812230E+01
    0.2188747304E+01    0.1170365950E+01    0.1169581462E+01
    0.2196933592E+01    0.1170197500E+01    0.1169402120E+01
    0.2201296123E+01    0.1170106919E+01    0.1169305675E+01
    0.2209482411E+01    0.1169935425E+01    0.1169123065E+01
    0.2220163231E+01    0.1169708708E+01    0.1168881624E+01
    0.2228349518E+01    0.1169532679E+01    0.1168694141E+01
    0.2232712050E+01    0.1169438075E+01    0.1168593373E+01
    0.2240898338E+01    0.1169259058E+01    0.1168402676E+01
    0.2251579157E+01    0.1169022578E+01    0.1168150736E+01
    0.2259765445E+01    0.1168839110E+01    0.1167955249E+01
    0.2264127976E+01    0.1168740555E+01    0.1167850229E+01
    0.2272314264E+01    0.1168554154E+01    0.1167651583E+01
    0.2282995084E+01    0.1168308098E+01    0.1167389329E+01
    0.2291181371E+01    0.1168117333E+01    0.1167185979E+01
    0.2295543903E+01    0.1168014906E+01    0.1167076785E+01
    0.2303730191E+01    0.1167821268E+01    0.1166870336E+01
    0.2314411010E+01    0.1167565828E+01    0.1166597959E+01
    0.2322597298E+01    0.1167367916E+01    0.1166386896E+01
    0.2326959829E+01    0.1167261697E+01    0.1166273607E+01
    0.2335146117E+01    0.1167060975E+01    0.1166059507E+01
    0.2345826937E+01    0.1166796353E+01    0.1165777207E+01
    0.2354013224E+01    0.1166591453E+01    0.1165558587E+01
    0.2358375756E+01    0.1166481526E+01    0.1165441288E+01
    0.2366562044E+01    0.1166273878E+01    0.1165219694E+01
    0.2377242863E+01    0.1166000286E+01    0.1164927682E+01
    0.2385429151E+01    0.1165788558E+01    0.1164701667E+01
    0.2389791682E+01    0.1165675011E+01    0.1164580446E+01
    0.2397977970E+01    0.1165460605E+01    0.1164351523E+01
    0.2408658790E+01    0.1165178259E+01    0.1164050017E+01
    0.2416845078E+01    0.1164959876E+01    0.1163816776E+01
    0.2421207609E+01    0.1164842800E+01    0.1163691722E+01
    0.2429393897E+01    0.1164621806E+01    0.1163455643E+01
    0.2440074716E+01    0.1164330935E+01    0.1163144868E+01
    0.2448261004E+01    0.1164106070E+01    0.1162904577E+01
    0.2452623536E+01    0.1163985560E+01    0.1162775786E+01
    0.2460809823E+01    0.1163758157E+01    0.1162532729E+01
    0.2471490643E+01    0.1163458997E+01    0.1162212922E+01
    0.2479676931E+01    0.1163227834E+01    0.1161965763E+01
    0.2484039462E+01    0.1163103987E+01    0.1161833331E+01
    0.2492225750E+01    0.1162870360E+01    0.1161583482E+01
    0.2502906569E+01    0.1162563154E+01    0.1161254885E+01
    0.2511092857E+01    0.1162325881E+01    0.1161001048E+01
    0.2515455389E+01    0.1162198799E+01    0.1160865078E+01
    0.2523641676E+01    0.1161959139E+01    0.1160608627E+01
    0.2534322496E+01    0.1161644138E+01    0.1160271495E+01
    0.2542508784E+01    0.1161400951E+01    0.1160011175E+01
    0.2546871315E+01    0.1161270738E+01    0.1159871771E+01
    0.2555057603E+01    0.1161025243E+01    0.1159608917E+01
    0.2565738422E+01    0.1160702708E+01    0.1159263510E+01
    0.2573924710E+01    0.1160453807E+01    0.1158996909E+01
    0.2578287242E+01    0.1160320570E+01    0.1158854180E+01
    0.2586473529E+01    0.1160069445E+01    0.1158585128E+01
    0.2597154349E+01    0.1159739643E+01    0.1158231716E+01
    0.2605340637E+01    0.1159485235E+01    0.1157959044E+01
    0.2609703168E+01    0.1159349087E+01    0.1157813101E+01
    0.2617889456E+01    0.1159092540E+01    0.1157538063E+01
    0.2628570275E+01    0.1158755748E+01    0.1157176925E+01
    0.2636756563E+01    0.1158496047E+01    0.1156898396E+01
    0.2641119095E+01    0.1158357101E+01    0.1156749356E+01
    0.2649305383E+01    0.1158095348E+01    0.1156468549E+01
    0.2659986202E+01    0.1157751850E+01    0.1156099972E+01
    0.2668172490E+01    0.1157487076E+01    0.1155815808E+01
    0.2672535021E+01    0.1157345450E+01    0.1155663790E+01
    0.2680721309E+01    0.1157078713E+01    0.1155377439E+01
    0.2691402129E+01    0.1156728800E+01    0.1155001719E+01
    0.2699588416E+01    0.1156459178E+01    0.1154712149E+01
    0.2703950948E+01    0.1156314993E+01    0.1154557275E+01
    0.2712137236E+01    0.1156043499E+01    0.1154265611E+01
    0.2722818055E+01    0.1155687471E+01    0.1153883051E+01
    0.2731004343E+01    0.1155413233E+01    0.1153588311E+01
    0.2735366874E+01    0.1155266612E+01    0.1153430707E+01
    0.2743553162E+01    0.1154990596E+01    0.1153133968E+01
    0.2754233982E+01    0.1154628760E+01    0.1152744881E+01
    0.2762420269E+01    0.1154350142E+01    0.1152445212E+01
    0.2766782801E+01    0.1154201213E+01    0.1152285006E+01
    0.2774969089E+01    0.1153920913E+01    0.1151983437E+01
    0.2785649908E+01    0.1153553584E+01    0.1151588144E+01
    0.2793836196E+01    0.1153270828E+01    0.1151283793E+01
    0.2798198727E+01    0.1153119721E+01    0.1151121120E+01
    0.2806385015E+01    0.1152835382E+01    0.1150814970E+01
    0.2817065835E+01    0.1152462882E+01    0.1150413801E+01
    0.2825252123E+01    0.1152176238E+01    0.1150105023E+01
    0.2829614654E+01    0.1152023085E+01    0.1149940018E+01
    0.2837800942E+01    0.1151734958E+01    0.1149629544E+01
    0.2848481761E+01    0.1151357615E+01    0.1149222836E+01
    0.2856668049E+01    0.1151067336E+01    0.1148909892E+01
    0.2861030580E+01    0.1150912274E+01    0.1148742694E+01
    0.2869216868E+01    0.1150620615E+01    0.1148428160E+01
    0.2879897688E+01    0.1150238765E+01    0.1148016259E+01
    0.2888083976E+01    0.1149945110E+01    0.1147699415E+01
    0.2892446507E+01    0.1149788277E+01    0.1147530168E+01
    0.2900632795E+01    0.1149493348E+01    0.1147211842E+01
    0.2911313614E+01    0.1149107334E+01    0.1146795101E+01
    0.2919499902E+01    0.1148810568E+01    0.1146474631E+01
    0.2923862434E+01    0.1148652105E+01    0.1146303481E+01
    0.2932048721E+01    0.1148354171E+01    0.1145981640E+01
    0.2942729541E+01    0.1147964343E+01    0.1145560421E+01
    0.2950915829E+01    0.1147664735E+01    0.1145236603E+01
    0.2955278360E+01    0.1147504787E+01    0.1145063699E+01
    0.2963464648E+01    0.1147204120E+01    0.1144738623E+01
    0.2974145467E+01    0.1146810834E+01    0.1144313297E+01
    0.2982331755E+01    0.1146508658E+01    0.1143986416E+01
    0.2986694287E+01    0.1146347371E+01    0.1143811911E+01
    0.2994880574E+01    0.1146044247E+01    0.1143483888E+01
    0.3005561394E+01    0.1145647865E+01    0.1143054831E+01
    0.3013747682E+01    0.1145343401E+01    0.1142725178E+01
    0.3018110213E+01    0.1145180924E+01    0.1142549228E+01
    0.3026296501E+01    0.1144875625E+01    0.1142218551E+01
    0.3036977320E+01    0.1144476515E+01    0.1141786148E+01
    0.3045163608E+01    0.1144170046E+01    0.1141454021E+01
    0.3049526140E+01    0.1144006531E+01    0.1141276783E+01
    0.3057712428E+01    0.1143699341E+01    0.1140943752E+01
    0.3068393247E+01    0.1143297878E+01    0.1140508394E+01
    0.3076579535E+01    0.1142989692E+01    0.1140174094E+01
    0.3080942066E+01    0.1142825292E+01    0.1139995732E+01
    0.3089128354E+01    0.1142516502E+01    0.1139660650E+01
    0.3099809174E+01    0.1142113065E+01    0.1139222738E+01
    0.3107995461E+01    0.1141803454E+01    0.1138886574E+01
    0.3112357993E+01    0.1141638327E+01    0.1138707250E+01
    0.3120544281E+01    0.1141328230E+01    0.1138370428E+01
    0.3131225100E+01    0.1140923203E+01    0.1137930368E+01
    0.3139411388E+01    0.1140612464E+01    0.1137592652E+01
    0.3143773919E+01    0.1140446767E+01    0.1137412535E+01
    0.3151960207E+01    0.1140135661E+01    0.1137074288E+01
    0.3162641027E+01    0.1139729435E+01    0.1136632493E+01
    0.3170827314E+01    0.1139417867E+01    0.1136293543E+01
    0.3175189846E+01    0.1139251761E+01    0.1136112803E+01
    0.3183376134E+01    0.1138939947E+01    0.1135773451E+01
    0.3194056953E+01    0.1138532917E+01    0.1135330341E+01
    0.3202243241E+01    0.1138220823E+01    0.1134990481E+01
    0.3206605772E+01    0.1138054470E+01    0.1134809291E+01
    0.3214792060E+01    0.1137742252E+01    0.1134469159E+01
    0.3225472880E+01    0.1137334816E+01    0.1134025160E+01
    0.3233659167E+01    0.1137022504E+01    0.1133684717E+01
    0.3238021699E+01    0.1136856067E+01    0.1133503252E+01
    0.3246207987E+01    0.1136543754E+01    0.1133162669E+01
    0.3256888806E+01    0.1136136315E+01    0.1132718213E+01
    0.3265075094E+01    0.1135824094E+01    0.1132377521E+01
    0.3269437625E+01    0.1135657738E+01    0.1132195958E+01
    0.3277623913E+01    0.1135345641E+01    0.1131855259E+01
    0.3288304733E+01    0.1134938606E+01    0.1131410784E+01
    0.3296491021E+01    0.1134626788E+01    0.1131070178E+01
    0.3300853552E+01    0.1134460681E+01    0.1130888698E+01
    0.3309039840E+01    0.1134149112E+01    0.1130548221E+01
    0.3319720659E+01    0.1133742890E+01    0.1130104170E+01
    0.3327906947E+01    0.1133431791E+01    0.1129763992E+01
    0.3332269479E+01    0.1133266100E+01    0.1129582775E+01
    0.3340455766E+01    0.1132955376E+01    0.1129242864E+01
    0.3351136586E+01    0.1132550380E+01    0.1128799684E+01
    0.3359322874E+01    0.1132240315E+01    0.1128460278E+01
    0.3363685405E+01    0.1132075209E+01    0.1128279510E+01
    0.3371871693E+01    0.1131765647E+01    0.1127940509E+01
    0.3382552512E+01    0.1131362292E+01    0.1127498654E+01
    0.3390738800E+01    0.1131053581E+01    0.1127160367E+01
    0.3395101332E+01    0.1130889231E+01    0.1126980233E+01
    0.3403287619E+01    0.1130581150E+01    0.1126642492E+01
    0.3413968439E+01    0.1130179854E+01    0.1126202418E+01
    0.3422154727E+01    0.1129872817E+01    0.1125865603E+01
    0.3426517258E+01    0.1129709392E+01    0.1125686290E+01
    0.3434703546E+01    0.1129403113E+01    0.1125350161E+01
    0.3445384365E+01    0.1129004294E+01    0.1124912329E+01
    0.3453570653E+01    0.1128699251E+01    0.1124577338E+01
    0.3457933185E+01    0.1128536925E+01    0.1124399036E+01
    0.3466119472E+01    0.1128232769E+01    0.1124064874E+01
    0.3476800292E+01    0.1127836846E+01    0.1123629748E+01
    0.3484986580E+01    0.1127534120E+01    0.1123296938E+01
    0.3489349111E+01    0.1127373062E+01    0.1123119836E+01
    0.3497535399E+01    0.1127071352E+01    0.1122787998E+01
    0.3508216218E+01    0.1126678746E+01    0.1122356045E+01
    0.3516402506E+01    0.1126378660E+01    0.1122025775E+01
    0.3520765038E+01    0.1126219043E+01    0.1121850064E+01
    0.3528951326E+01    0.1125920101E+01    0.1121520909E+01
    0.3539632145E+01    0.1125531232E+01    0.1121092597E+01
    0.3547818433E+01    0.1125234107E+01    0.1120765227E+01
    0.3552180964E+01    0.1125076102E+01    0.1120591100E+01
    0.3560367252E+01    0.1124780250E+01    0.1120264988E+01
    0.3571048072E+01    0.1124395539E+01    0.1119840789E+01
    0.3579234359E+01    0.1124101698E+01    0.1119516679E+01
    0.3583596891E+01    0.1123945477E+01    0.1119344328E+01
    0.3591783179E+01    0.1123653036E+01    0.1119021622E+01
    0.3602463998E+01    0.1123272902E+01    0.1118602007E+01
    0.3610650286E+01    0.1122982664E+01    0.1118281520E+01
    0.3615012817E+01    0.1122828398E+01    0.1118111138E+01
    0.3623199105E+01    0.1122539690E+01    0.1117792198E+01
    0.3633879925E+01    0.1122164550E+01    0.1117377641E+01
    0.3642066212E+01    0.1121878237E+01    0.1117061138E+01
    0.3646428744E+01    0.1121726096E+01    0.1116892918E+01
    0.3654615032E+01    0.1121441439E+01    0.1116578108E+01
    0.3665295851E+01    0.1121071709E+01    0.1116169080E+01
    0.3673482139E+01    0.1120789638E+01    0.1115856924E+01
    0.3677844670E+01    0.1120639791E+01    0.1115691059E+01
    0.3686030958E+01    0.1120359502E+01    0.1115380740E+01
    0.3696711778E+01    0.1119995596E+01    0.1114977714E+01
    0.3704898066E+01    0.1119718082E+01    0.1114670265E+01
    0.3709260597E+01    0.1119570698E+01    0.1114506948E+01
    0.3717446885E+01    0.1119295092E+01    0.1114201481E+01
    0.3728127704E+01    0.1118937419E+01    0.1113804926E+01
    0.3736313992E+01    0.1118664776E+01    0.1113502545E+01
    0.3740676523E+01    0.1118520021E+01    0.1113341967E+01
    0.3748862811E+01    0.1118249411E+01    0.1113041711E+01
    0.3759543631E+01    0.1117898377E+01    0.1112652095E+01
    0.3767729919E+01    0.1117630916E+01    0.1112355142E+01
    0.3772092450E+01    0.1117488954E+01    0.1112197493E+01
    0.3780278738E+01    0.1117223648E+01    0.1111902806E+01
    0.3790959557E+01    0.1116879655E+01    0.1111520595E+01
    0.3799145845E+01    0.1116617681E+01    0.1111229423E+01
    0.3803508377E+01    0.1116478677E+01    0.1111074893E+01
    0.3811694664E+01    0.1116218980E+01    0.1110786129E+01
    0.3822375484E+01    0.1115882424E+01    0.1110411784E+01
    0.3830561772E+01    0.1115626241E+01    0.1110126747E+01
    0.3834924303E+01    0.1115490354E+01    0.1109975523E+01
    0.3843110591E+01    0.1115236568E+01    0.1109693034E+01
    0.3853791410E+01    0.1114907840E+01    0.1109327013E+01
    0.3861977698E+01    0.1114657746E+01    0.1109048460E+01
    0.3866340230E+01    0.1114525135E+01    0.1108900728E+01
    0.3874526517E+01    0.1114277555E+01    0.1108624862E+01
    0.3885207337E+01    0.1113957040E+01    0.1108267616E+01
    0.3893393625E+01    0.1113713327E+01    0.1107995891E+01
    0.3897756156E+01    0.1113584149E+01    0.1107851835E+01
    0.3905942444E+01    0.1113343066E+01    0.1107582934E+01
    0.3916623263E+01    0.1113031141E+01    0.1107234909E+01
    0.3924809551E+01    0.1112794098E+01    0.1106970353E+01
    0.3929172083E+01    0.1112668504E+01    0.1106830153E+01
    0.3937358371E+01    0.1112434205E+01    0.1106568555E+01
    0.3948039190E+01    0.1112131239E+01    0.1106230189E+01
    0.3956225478E+01    0.1111901148E+01    0.1105973137E+01
    0.3960588009E+01    0.1111779288E+01    0.1105836971E+01
    0.3968774297E+01    0.1111552051E+01    0.1105583008E+01
    0.3979455117E+01    0.1111258407E+01    0.1105254733E+01
    0.3987641404E+01    0.1111035542E+01    0.1105005513E+01
    0.3992003936E+01    0.1110917562E+01    0.1104873555E+01
    0.4000190224E+01    0.1110697660E+01    0.1104627553E+01
    0.4010871043E+01    0.1110413691E+01    0.1104309790E+01
    0.4019057331E+01    0.1110198321E+01    0.1104068723E+01
    0.4023419862E+01    0.1110084364E+01    0.1103941144E+01
    0.4031606150E+01    0.1109872061E+01    0.1103703421E+01
    0.4042286970E+01    0.1109598111E+01    0.1103396584E+01
    0.4050473257E+01    0.1109390497E+01    0.1103163984E+01
    0.4054835789E+01    0.1109280700E+01    0.1103040950E+01
    0.4063022077E+01    0.1109076256E+01    0.1102811817E+01
    0.4073702896E+01    0.1108812657E+01    0.1102516307E+01
    0.4081889184E+01    0.1108613052E+01    0.1102292480E+01
    0.4086251715E+01    0.1108507550E+01    0.1102174153E+01
    0.4094438003E+01    0.1108311213E+01    0.1101953913E+01
    0.4105118823E+01    0.1108058288E+01    0.1101670121E+01
    0.4113305110E+01    0.1107866938E+01    0.1101455363E+01
    0.4117667642E+01    0.1107765859E+01    0.1101341900E+01
    0.4125853930E+01    0.1107577872E+01    0.1101130845E+01
    0.4136534749E+01    0.1107335932E+01    0.1100859150E+01
    0.4144721037E+01    0.1107153072E+01    0.1100653749E+01
    0.4149083568E+01    0.1107056542E+01    0.1100545302E+01
    0.4157269856E+01    0.1106877136E+01    0.1100343716E+01
    0.4167950676E+01    0.1106646481E+01    0.1100084483E+01
    0.4176136964E+01    0.1106472337E+01    0.1099888715E+01
    0.4180499495E+01    0.1106380475E+01    0.1099785431E+01
    0.4188685783E+01    0.1106209874E+01    0.1099593586E+01
    0.4199366602E+01    0.1105990791E+01    0.1099347167E+01
    0.4207552890E+01    0.1105825579E+01    0.1099161299E+01
    0.4211915422E+01    0.1105738501E+01    0.1099063318E+01
    0.4220101709E+01    0.1105576916E+01    0.1098881476E+01
    0.4230782529E+01    0.1105369679E+01    0.1098648206E+01
    0.4238968817E+01    0.1105213607E+01    0.1098472492E+01
    0.4243331348E+01    0.1105131421E+01    0.1098379949E+01
    0.4251517636E+01    0.1104979056E+01    0.1098208360E+01
    0.4262198455E+01    0.1104783924E+01    0.1097988561E+01
    0.4270384743E+01    0.1104637189E+01    0.1097823244E+01
    0.4274747275E+01    0.1104559998E+01    0.1097736266E+01
    0.4282933562E+01    0.1104417044E+01    0.1097575166E+01
    0.4293614382E+01    0.1104234264E+01    0.1097369143E+01
    0.4301800670E+01    0.1104097050E+01    0.1097214451E+01
    0.4306163201E+01    0.1104024952E+01    0.1097133160E+01
    0.4314349489E+01    0.1103891591E+01    0.1096982773E+01
    0.4325030308E+01    0.1103721393E+01    0.1096790814E+01
    0.4333216596E+01    0.1103593875E+01    0.1096646964E+01
    0.4337579128E+01    0.1103526961E+01    0.1096571472E+01
    0.4345765415E+01    0.1103403361E+01    0.1096432010E+01
    0.4356446235E+01    0.1103245963E+01    0.1096254382E+01
    0.4364632523E+01    0.1103128302E+01    0.1096121577E+01
    0.4368995054E+01    0.1103066658E+01    0.1096051991E+01
    0.4377181342E+01    0.1102952977E+01    0.1095923650E+01
    0.4387862162E+01    0.1102808579E+01    0.1095760605E+01
    0.4396048449E+01    0.1102700926E+01    0.1095639031E+01
    0.4400410981E+01    0.1102644630E+01    0.1095575449E+01
    0.4408597269E+01    0.1102541013E+01    0.1095458411E+01
    0.4419278088E+01    0.1102409800E+01    0.1095310180E+01
    0.4427464376E+01    0.1102312292E+01    0.1095200010E+01
    0.4431826907E+01    0.1102261417E+01    0.1095142523E+01
    0.4440013195E+01    0.1102167997E+01    0.1095036954E+01
    0.4450694015E+01    0.1102050137E+01    0.1094903747E+01
    0.4458880302E+01    0.1101962900E+01    0.1094805139E+01
    0.4463242834E+01    0.1101917511E+01    0.1094753829E+01
    0.4471429122E+01    0.1101834408E+01    0.1094659879E+01
    0.4482109941E+01    0.1101730052E+01    0.1094541889E+01
    0.4490296229E+01    0.1101653198E+01    0.1094454983E+01
    0.4494658760E+01    0.1101613353E+01    0.1094409924E+01
    0.4502845048E+01    0.1101540675E+01    0.1094327728E+01
    0.4513525868E+01    0.1101449958E+01    0.1094225123E+01
    0.4521712155E+01    0.1101383586E+01    0.1094150044E+01
    0.4526074687E+01    0.1101349337E+01    0.1094111301E+01
    0.4534260975E+01    0.1101287177E+01    0.1094040978E+01
    0.4544941794E+01    0.1101210217E+01    0.1093953905E+01
    0.4553128082E+01    0.1101154413E+01    0.1093890763E+01
    0.4557490613E+01    0.1101125804E+01    0.1093858390E+01
    0.4565676901E+01    0.1101074242E+01    0.1093800042E+01
    0.4576357721E+01    0.1101011138E+01    0.1093728627E+01
    0.4584544009E+01    0.1100965974E+01    0.1093677512E+01
    0.4588906540E+01    0.1100943042E+01    0.1093651557E+01
    0.4597092828E+01    0.1100902145E+01    0.1093605268E+01
    0.4607773647E+01    0.1100852980E+01    0.1093549615E+01
    0.4615959935E+01    0.1100818514E+01    0.1093510601E+01
    0.4620322466E+01    0.1100801289E+01    0.1093491102E+01
    0.4628508754E+01    0.1100771111E+01    0.1093456938E+01
    0.4639189574E+01    0.1100735947E+01    0.1093417129E+01
    0.4647375862E+01    0.1100712225E+01    0.1093390273E+01
    0.4651738393E+01    0.1100700729E+01    0.1093377257E+01
    0.4659924681E+01    0.1100681309E+01    0.1093355269E+01
    0.4670605500E+01    0.1100660192E+01    0.1093331360E+01
    0.4678791788E+01    0.1100647245E+01    0.1093316701E+01
    0.4683154320E+01    0.1100641493E+01    0.1093310189E+01
    0.4691340607E+01    0.1100632855E+01    0.1093300408E+01
    0.4702021427E+01    0.1100625813E+01    0.1093292435E+01
    0.4710207715E+01    0.1100623657E+01    0.1093289993E+01
    0.4714570246E+01    0.1100623657E+01    0.1093289993E+01
    0.4722756534E+01    0.1100625813E+01    0.1093292435E+01
    0.4733437353E+01    0.1100632855E+01    0.1093300408E+01
    0.4741623641E+01    0.1100641493E+01    0.1093310189E+01
    0.4745986173E+01    0.1100647245E+01    0.1093316701E+01
    0.4754172460E+01    0.1100660192E+01    0.1093331360E+01
    0.4764853280E+01    0.1100681309E+01    0.1093355269E+01
    0.4773039568E+01    0.1100700729E+01    0.1093377257E+01
    0.4777402099E+01    0.1100712225E+01    0.1093390273E+01
    0.4785588387E+01    0.1100735947E+01    0.1093417129E+01
    0.4796269206E+01    0.1100771111E+01    0.1093456938E+01
    0.4804455494E+01    0.1100801289E+01    0.1093491102E+01
    0.4808818026E+01    0.1100818514E+01    0.1093510601E+01
    0.4817004314E+01    0.1100852980E+01    0.1093549615E+01
    0.4827685133E+01    0.1100902145E+01    0.1093605268E+01
    0.4835871421E+01    0.1100943042E+01    0.1093651557E+01
    0.4840233952E+01    0.1100965974E+01    0.1093677512E+01
    0.4848420240E+01    0.1101011138E+01    0.1093728627E+01
    0.4859101060E+01    0.1101074242E+01    0.1093800041E+01
    0.4867287347E+01    0.1101125804E+01    0.1093858390E+01
    0.4871649879E+01    0.1101154413E+01    0.1093890763E+01
    0.4879836167E+01    0.1101210217E+01    0.1093953905E+01
    0.4890516986E+01    0.1101287177E+01    0.1094040978E+01
    0.4898703274E+01    0.1101349337E+01    0.1094111301E+01
    0.4903065805E+01    0.1101383586E+01    0.1094150044E+01
    0.4911252093E+01    0.1101449958E+01    0.1094225123E+01
    0.4921932913E+01    0.1101540675E+01    0.1094327728E+01
    0.4930119200E+01    0.1101613353E+01    0.1094409924E+01
    0.4934481732E+01    0.1101653198E+01    0.1094454983E+01
    0.4942668020E+01    0.1101730052E+01    0.1094541889E+01
    0.4953348839E+01    0.1101834408E+01    0.1094659879E+01
    0.4961535127E+01    0.1101917511E+01    0.1094753829E+01
    0.4965897658E+01    0.1101962900E+01    0.1094805139E+01
    0.4974083946E+01    0.1102050137E+01    0.1094903747E+01
    0.4984764766E+01    0.1102167997E+01    0.1095036953E+01
    0.4992951053E+01    0.1102261417E+01    0.1095142523E+01
    0.4997313585E+01    0.1102312292E+01    0.1095200010E+01
    0.5005499873E+01    0.1102409800E+01    0.1095310180E+01
    0.5016180692E+01    0.1102541013E+01    0.1095458411E+01
    0.5024366980E+01    0.1102644630E+01    0.1095575449E+01
    0.5028729511E+01    0.1102700926E+01    0.1095639031E+01
    0.5036915799E+01    0.1102808579E+01    0.1095760605E+01
    0.5047596619E+01    0.1102952977E+01    0.1095923650E+01
    0.5055782907E+01    0.1103066658E+01    0.1096051991E+01
    0.5060145438E+01    0.1103128302E+01    0.1096121577E+01
    0.5068331726E+01    0.1103245963E+01    0.1096254382E+01
    0.5079012545E+01    0.1103403361E+01    0.1096432010E+01
    0.5087198833E+01    0.1103526961E+01    0.1096571472E+01
    0.5091561365E+01    0.1103593875E+01    0.1096646964E+01
    0.5099747652E+01    0.1103721393E+01    0.1096790814E+01
    0.5110428472E+01    0.1103891591E+01    0.1096982773E+01
    0.5118614760E+01    0.1104024952E+01    0.1097133160E+01
    0.5122977291E+01    0.1104097050E+01    0.1097214451E+01
    0.5131163579E+01    0.1104234264E+01    0.1097369143E+01
    0.5141844398E+01    0.1104417044E+01    0.1097575166E+01
    0.5150030686E+01    0.1104559998E+01    0.1097736266E+01
    0.5154393218E+01    0.1104637189E+01    0.1097823244E+01
    0.5162579505E+01    0.1104783924E+01    0.1097988561E+01
    0.5173260325E+01    0.1104979056E+01    0.1098208359E+01
    0.5181446613E+01    0.1105131421E+01    0.1098379949E+01
    0.5185809144E+01    0.1105213607E+01    0.1098472492E+01
    0.5193995432E+01    0.1105369679E+01    0.1098648207E+01
    0.5204676251E+01    0.1105576916E+01    0.1098881476E+01
    0.5212862539E+01    0.1105738501E+01    0.1099063318E+01
    0.5217225071E+01    0.1105825579E+01    0.1099161299E+01
    0.5225411358E+01    0.1105990791E+01    0.1099347167E+01
    0.5236092178E+01    0.1106209874E+01    0.1099593586E+01
    0.5244278466E+01    0.1106380475E+01    0.1099785431E+01
    0.5248640997E+01    0.1106472337E+01    0.1099888715E+01
    0.5256827285E+01    0.1106646481E+01    0.1100084483E+01
    0.5267508105E+01    0.1106877136E+01    0.1100343716E+01
    0.5275694392E+01    0.1107056542E+01    0.1100545302E+01
    0.5280056924E+01    0.1107153072E+01    0.1100653749E+01
    0.5288243212E+01    0.1107335932E+01    0.1100859150E+01
    0.5298924031E+01    0.1107577872E+01    0.1101130845E+01
    0.5307110319E+01    0.1107765859E+01    0.1101341900E+01
    0.5311472850E+01    0.1107866938E+01    0.1101455363E+01
    0.5319659138E+01    0.1108058288E+01    0.1101670121E+01
    0.5330339958E+01    0.1108311213E+01    0.1101953913E+01
    0.5338526245E+01    0.1108507550E+01    0.1102174153E+01
    0.5342888777E+01    0.1108613052E+01    0.1102292480E+01
    0.5351075065E+01    0.1108812657E+01    0.1102516307E+01
    0.5361755884E+01    0.1109076256E+01    0.1102811817E+01
    0.5369942172E+01    0.1109280700E+01    0.1103040950E+01
    0.5374304703E+01    0.1109390497E+01    0.1103163984E+01
    0.5382490991E+01    0.1109598111E+01    0.1103396584E+01
    0.5393171811E+01    0.1109872061E+01    0.1103703421E+01
    0.5401358098E+01    0.1110084364E+01    0.1103941144E+01
    0.5405720630E+01    0.1110198321E+01    0.1104068723E+01
    0.5413906918E+01    0.1110413691E+01    0.1104309790E+01
    0.5424587737E+01    0.1110697660E+01    0.1104627553E+01
    0.5432774025E+01    0.1110917562E+01    0.1104873555E+01
    0.5437136556E+01    0.1111035542E+01    0.1105005513E+01
    0.5445322844E+01    0.1111258407E+01    0.1105254733E+01
    0.5456003664E+01    0.1111552051E+01    0.1105583008E+01
    0.5464189952E+01    0.1111779288E+01    0.1105836971E+01
    0.5468552483E+01    0.1111901148E+01    0.1105973137E+01
    0.5476738771E+01    0.1112131239E+01    0.1106230189E+01
    0.5487419590E+01    0.1112434205E+01    0.1106568555E+01
    0.5495605878E+01    0.1112668504E+01    0.1106830153E+01
    0.5499968409E+01    0.1112794098E+01    0.1106970353E+01
    0.5508154697E+01    0.1113031141E+01    0.1107234909E+01
    0.5518835517E+01    0.1113343066E+01    0.1107582934E+01
    0.5527021805E+01    0.1113584149E+01    0.1107851835E+01
    0.5531384336E+01    0.1113713327E+01    0.1107995891E+01
    0.5539570624E+01    0.1113957040E+01    0.1108267616E+01
    0.5550251443E+01    0.1114277555E+01    0.1108624862E+01
    0.5558437731E+01    0.1114525135E+01    0.1108900728E+01
    0.5562800263E+01    0.1114657746E+01    0.1109048460E+01
    0.5570986550E+01    0.1114907840E+01    0.1109327013E+01
    0.5581667370E+01    0.1115236568E+01    0.1109693034E+01
    0.5589853658E+01    0.1115490354E+01    0.1109975523E+01
    0.5594216189E+01    0.1115626241E+01    0.1110126747E+01
    0.5602402477E+01    0.1115882424E+01    0.1110411784E+01
    0.5613083296E+01    0.1116218980E+01    0.1110786129E+01
    0.5621269584E+01    0.1116478677E+01    0.1111074893E+01
    0.5625632116E+01    0.1116617681E+01    0.1111229423E+01
    0.5633818403E+01    0.1116879655E+01    0.1111520595E+01
    0.5644499223E+01    0.1117223648E+01    0.1111902806E+01
    0.5652685511E+01    0.1117488954E+01    0.1112197493E+01
    0.5657048042E+01    0.1117630916E+01    0.1112355142E+01
    0.5665234330E+01    0.1117898377E+01    0.1112652095E+01
    0.5675915149E+01    0.1118249411E+01    0.1113041711E+01
    0.5684101437E+01    0.1118520021E+01    0.1113341967E+01
    0.5688463969E+01    0.1118664776E+01    0.1113502545E+01
    0.5696650257E+01    0.1118937419E+01    0.1113804926E+01
    0.5707331076E+01    0.1119295092E+01    0.1114201481E+01
    0.5715517364E+01    0.1119570698E+01    0.1114506948E+01
    0.5719879895E+01    0.1119718082E+01    0.1114670265E+01
    0.5728066183E+01    0.1119995596E+01    0.1114977714E+01
    0.5738747003E+01    0.1120359502E+01    0.1115380740E+01
    0.5746933290E+01    0.1120639791E+01    0.1115691059E+01
    0.5751295822E+01    0.1120789638E+01    0.1115856924E+01
    0.5759482110E+01    0.1121071709E+01    0.1116169080E+01
    0.5770162929E+01    0.1121441439E+01    0.1116578108E+01
    0.5778349217E+01    0.1121726096E+01    0.1116892918E+01
    0.5782711748E+01    0.1121878237E+01    0.1117061138E+01
    0.5790898036E+01    0.1122164551E+01    0.1117377641E+01
    0.5801578856E+01    0.1122539690E+01    0.1117792198E+01
    0.5809765143E+01    0.1122828399E+01    0.1118111138E+01
    0.5814127675E+01    0.1122982664E+01    0.1118281520E+01
    0.5822313963E+01    0.1123272902E+01    0.1118602007E+01
    0.5832994782E+01    0.1123653036E+01    0.1119021622E+01
    0.5841181070E+01    0.1123945477E+01    0.1119344328E+01
    0.5845543601E+01    0.1124101698E+01    0.1119516679E+01
    0.5853729889E+01    0.1124395539E+01    0.1119840789E+01
    0.5864410709E+01    0.1124780250E+01    0.1120264988E+01
    0.5872596996E+01    0.1125076102E+01    0.1120591100E+01
    0.5876959528E+01    0.1125234107E+01    0.1120765227E+01
    0.5885145816E+01    0.1125531232E+01    0.1121092597E+01
    0.5895826635E+01    0.1125920101E+01    0.1121520909E+01
    0.5904012923E+01    0.1126219043E+01    0.1121850064E+01
    0.5908375454E+01    0.1126378660E+01    0.1122025774E+01
    0.5916561742E+01    0.1126678746E+01    0.1122356045E+01
    0.5927242562E+01    0.1127071352E+01    0.1122787998E+01
    0.5935428850E+01    0.1127373062E+01    0.1123119836E+01
    0.5939791381E+01    0.1127534120E+01    0.1123296938E+01
    0.5947977669E+01    0.1127836846E+01    0.1123629748E+01
    0.5958658488E+01    0.1128232769E+01    0.1124064874E+01
    0.5966844776E+01    0.1128536925E+01    0.1124399036E+01
    0.5971207308E+01    0.1128699251E+01    0.1124577338E+01
    0.5979393595E+01    0.1129004294E+01    0.1124912329E+01
    0.5990074415E+01    0.1129403113E+01    0.1125350161E+01
    0.5998260703E+01    0.1129709392E+01    0.1125686290E+01
    0.6002623234E+01    0.1129872817E+01    0.1125865603E+01
    0.6010809522E+01    0.1130179854E+01    0.1126202418E+01
    0.6021490341E+01    0.1130581150E+01    0.1126642492E+01
    0.6029676629E+01    0.1130889231E+01    0.1126980233E+01
    0.6034039161E+01    0.1131053581E+01    0.1127160367E+01
    0.6042225448E+01    0.1131362292E+01    0.1127498654E+01
    0.6052906268E+01    0.1131765647E+01    0.1127940509E+01
    0.6061092556E+01    0.1132075209E+01    0.1128279510E+01
    0.6065455087E+01    0.1132240315E+01    0.1128460278E+01
    0.6073641375E+01    0.1132550380E+01    0.1128799684E+01
    0.6084322194E+01    0.1132955376E+01    0.1129242864E+01
    0.6092508482E+01    0.1133266100E+01    0.1129582775E+01
    0.6096871014E+01    0.1133431791E+01    0.1129763992E+01
    0.6105057301E+01    0.1133742890E+01    0.1130104170E+01
    0.6115738121E+01    0.1134149112E+01    0.1130548221E+01
    0.6123924409E+01    0.1134460681E+01    0.1130888698E+01
    0.6128286940E+01    0.1134626788E+01    0.1131070178E+01
    0.6136473228E+01    0.1134938606E+01    0.1131410784E+01
    0.6147154048E+01    0.1135345641E+01    0.1131855259E+01
    0.6155340335E+01    0.1135657738E+01    0.1132195958E+01
    0.6159702867E+01    0.1135824094E+01    0.1132377521E+01
    0.6167889155E+01    0.1136136315E+01    0.1132718213E+01
    0.6178569974E+01    0.1136543754E+01    0.1133162669E+01
    0.6186756262E+01    0.1136856067E+01    0.1133503252E+01
    0.6191118793E+01    0.1137022504E+01    0.1133684717E+01
    0.6199305081E+01    0.1137334816E+01    0.1134025160E+01
    0.6209985901E+01    0.1137742252E+01    0.1134469159E+01
    0.6218172188E+01    0.1138054470E+01    0.1134809291E+01
    0.6222534720E+01    0.1138220823E+01    0.1134990481E+01
    0.6230721008E+01    0.1138532917E+01    0.1135330341E+01
    0.6241401827E+01    0.1138939947E+01    0.1135773451E+01
    0.6249588115E+01    0.1139251761E+01    0.1136112803E+01
    0.6253950646E+01    0.1139417867E+01    0.1136293543E+01
    0.6262136934E+01    0.1139729435E+01    0.1136632493E+01
    0.6272817754E+01    0.1140135661E+01    0.1137074288E+01
    0.6281004041E+01    0.1140446767E+01    0.1137412535E+01
