 TITLE=RHEsVARIABLES=="X","DENSITY"
 ZONE I=         400
  0.12500E-02  0.99227E+00
  0.37500E-02  0.98455E+00
  0.62500E-02  0.97683E+00
  0.87500E-02  0.96911E+00
  0.11250E-01  0.96139E+00
  0.13750E-01  0.95367E+00
  0.16250E-01  0.94596E+00
  0.18750E-01  0.93826E+00
  0.21250E-01  0.93056E+00
  0.23750E-01  0.92287E+00
  0.26250E-01  0.91518E+00
  0.28750E-01  0.90751E+00
  0.31250E-01  0.89984E+00
  0.33750E-01  0.89218E+00
  0.36250E-01  0.88453E+00
  0.38750E-01  0.87689E+00
  0.41250E-01  0.86926E+00
  0.43750E-01  0.86165E+00
  0.46250E-01  0.85404E+00
  0.48750E-01  0.84646E+00
  0.51250E-01  0.83888E+00
  0.53750E-01  0.83132E+00
  0.56250E-01  0.82378E+00
  0.58750E-01  0.81625E+00
  0.61250E-01  0.80874E+00
  0.63750E-01  0.80125E+00
  0.66250E-01  0.79377E+00
  0.68750E-01  0.78631E+00
  0.71250E-01  0.77888E+00
  0.73750E-01  0.77146E+00
  0.76250E-01  0.76407E+00
  0.78750E-01  0.75669E+00
  0.81250E-01  0.74934E+00
  0.83750E-01  0.74201E+00
  0.86250E-01  0.73470E+00
  0.88750E-01  0.72742E+00
  0.91250E-01  0.72016E+00
  0.93750E-01  0.71293E+00
  0.96250E-01  0.70573E+00
  0.98750E-01  0.69855E+00
  0.10125E+00  0.69139E+00
  0.10375E+00  0.68427E+00
  0.10625E+00  0.67717E+00
  0.10875E+00  0.67010E+00
  0.11125E+00  0.66306E+00
  0.11375E+00  0.65605E+00
  0.11625E+00  0.64907E+00
  0.11875E+00  0.64212E+00
  0.12125E+00  0.63520E+00
  0.12375E+00  0.62831E+00
  0.12625E+00  0.62146E+00
  0.12875E+00  0.61463E+00
  0.13125E+00  0.60784E+00
  0.13375E+00  0.60109E+00
  0.13625E+00  0.59437E+00
  0.13875E+00  0.58768E+00
  0.14125E+00  0.58103E+00
  0.14375E+00  0.57441E+00
  0.14625E+00  0.56783E+00
  0.14875E+00  0.56129E+00
  0.15125E+00  0.55478E+00
  0.15375E+00  0.54831E+00
  0.15625E+00  0.54188E+00
  0.15875E+00  0.53548E+00
  0.16125E+00  0.52913E+00
  0.16375E+00  0.52281E+00
  0.16625E+00  0.51653E+00
  0.16875E+00  0.51029E+00
  0.17125E+00  0.50409E+00
  0.17375E+00  0.49793E+00
  0.17625E+00  0.49181E+00
  0.17875E+00  0.48573E+00
  0.18125E+00  0.47969E+00
  0.18375E+00  0.47370E+00
  0.18625E+00  0.46774E+00
  0.18875E+00  0.46183E+00
  0.19125E+00  0.45595E+00
  0.19375E+00  0.45012E+00
  0.19625E+00  0.44434E+00
  0.19875E+00  0.43859E+00
  0.20125E+00  0.43289E+00
  0.20375E+00  0.42723E+00
  0.20625E+00  0.42162E+00
  0.20875E+00  0.41605E+00
  0.21125E+00  0.41052E+00
  0.21375E+00  0.40503E+00
  0.21625E+00  0.39959E+00
  0.21875E+00  0.39420E+00
  0.22125E+00  0.38885E+00
  0.22375E+00  0.38354E+00
  0.22625E+00  0.37828E+00
  0.22875E+00  0.37306E+00
  0.23125E+00  0.36789E+00
  0.23375E+00  0.36276E+00
  0.23625E+00  0.35767E+00
  0.23875E+00  0.35264E+00
  0.24125E+00  0.34764E+00
  0.24375E+00  0.34270E+00
  0.24625E+00  0.33779E+00
  0.24875E+00  0.33294E+00
  0.25125E+00  0.32812E+00
  0.25375E+00  0.32336E+00
  0.25625E+00  0.31864E+00
  0.25875E+00  0.31396E+00
  0.26125E+00  0.30933E+00
  0.26375E+00  0.30474E+00
  0.26625E+00  0.30020E+00
  0.26875E+00  0.29571E+00
  0.27125E+00  0.29126E+00
  0.27375E+00  0.28686E+00
  0.27625E+00  0.28250E+00
  0.27875E+00  0.27818E+00
  0.28125E+00  0.27392E+00
  0.28375E+00  0.26969E+00
  0.28625E+00  0.26551E+00
  0.28875E+00  0.26138E+00
  0.29125E+00  0.25729E+00
  0.29375E+00  0.25325E+00
  0.29625E+00  0.24925E+00
  0.29875E+00  0.24529E+00
  0.30125E+00  0.24138E+00
  0.30375E+00  0.23751E+00
  0.30625E+00  0.23369E+00
  0.30875E+00  0.22991E+00
  0.31125E+00  0.22617E+00
  0.31375E+00  0.22248E+00
  0.31625E+00  0.21883E+00
  0.31875E+00  0.21523E+00
  0.32125E+00  0.21166E+00
  0.32375E+00  0.20814E+00
  0.32625E+00  0.20467E+00
  0.32875E+00  0.20123E+00
  0.33125E+00  0.19784E+00
  0.33375E+00  0.19449E+00
  0.33625E+00  0.19118E+00
  0.33875E+00  0.18791E+00
  0.34125E+00  0.18469E+00
  0.34375E+00  0.18150E+00
  0.34625E+00  0.17836E+00
  0.34875E+00  0.17525E+00
  0.35125E+00  0.17219E+00
  0.35375E+00  0.16917E+00
  0.35625E+00  0.16619E+00
  0.35875E+00  0.16324E+00
  0.36125E+00  0.16034E+00
  0.36375E+00  0.15748E+00
  0.36625E+00  0.15465E+00
  0.36875E+00  0.15187E+00
  0.37125E+00  0.14912E+00
  0.37375E+00  0.14641E+00
  0.37625E+00  0.14374E+00
  0.37875E+00  0.14110E+00
  0.38125E+00  0.13850E+00
  0.38375E+00  0.13594E+00
  0.38625E+00  0.13342E+00
  0.38875E+00  0.13093E+00
  0.39125E+00  0.12848E+00
  0.39375E+00  0.12607E+00
  0.39625E+00  0.12369E+00
  0.39875E+00  0.12134E+00
  0.40125E+00  0.11903E+00
  0.40375E+00  0.11676E+00
  0.40625E+00  0.11452E+00
  0.40875E+00  0.11231E+00
  0.41125E+00  0.11014E+00
  0.41375E+00  0.10800E+00
  0.41625E+00  0.10589E+00
  0.41875E+00  0.10382E+00
  0.42125E+00  0.10178E+00
  0.42375E+00  0.99766E-01
  0.42625E+00  0.97788E-01
  0.42875E+00  0.95842E-01
  0.43125E+00  0.93927E-01
  0.43375E+00  0.92043E-01
  0.43625E+00  0.90189E-01
  0.43875E+00  0.88365E-01
  0.44125E+00  0.86571E-01
  0.44375E+00  0.84807E-01
  0.44625E+00  0.83072E-01
  0.44875E+00  0.81366E-01
  0.45125E+00  0.79688E-01
  0.45375E+00  0.78039E-01
  0.45625E+00  0.76417E-01
  0.45875E+00  0.74823E-01
  0.46125E+00  0.73256E-01
  0.46375E+00  0.71717E-01
  0.46625E+00  0.70203E-01
  0.46875E+00  0.68717E-01
  0.47125E+00  0.67256E-01
  0.47375E+00  0.65821E-01
  0.47625E+00  0.64411E-01
  0.47875E+00  0.63026E-01
  0.48125E+00  0.61666E-01
  0.48375E+00  0.60330E-01
  0.48625E+00  0.59018E-01
  0.48875E+00  0.57730E-01
  0.49125E+00  0.56466E-01
  0.49375E+00  0.55224E-01
  0.49625E+00  0.54006E-01
  0.49875E+00  0.52810E-01
  0.50125E+00  0.51636E-01
  0.50375E+00  0.50484E-01
  0.50625E+00  0.49354E-01
  0.50875E+00  0.48245E-01
  0.51125E+00  0.47157E-01
  0.51375E+00  0.46090E-01
  0.51625E+00  0.45043E-01
  0.51875E+00  0.44016E-01
  0.52125E+00  0.43009E-01
  0.52375E+00  0.42022E-01
  0.52625E+00  0.41054E-01
  0.52875E+00  0.40105E-01
  0.53125E+00  0.39174E-01
  0.53375E+00  0.38262E-01
  0.53625E+00  0.37368E-01
  0.53875E+00  0.36492E-01
  0.54125E+00  0.35634E-01
  0.54375E+00  0.34793E-01
  0.54625E+00  0.33968E-01
  0.54875E+00  0.33161E-01
  0.55125E+00  0.32370E-01
  0.55375E+00  0.31595E-01
  0.55625E+00  0.30836E-01
  0.55875E+00  0.30093E-01
  0.56125E+00  0.29365E-01
  0.56375E+00  0.28653E-01
  0.56625E+00  0.27955E-01
  0.56875E+00  0.27273E-01
  0.57125E+00  0.26604E-01
  0.57375E+00  0.25950E-01
  0.57625E+00  0.25310E-01
  0.57875E+00  0.24683E-01
  0.58125E+00  0.24070E-01
  0.58375E+00  0.23470E-01
  0.58625E+00  0.22883E-01
  0.58875E+00  0.22309E-01
  0.59125E+00  0.21748E-01
  0.59375E+00  0.21199E-01
  0.59625E+00  0.20662E-01
  0.59875E+00  0.20137E-01
  0.60125E+00  0.19623E-01
  0.60375E+00  0.19121E-01
  0.60625E+00  0.18631E-01
  0.60875E+00  0.18151E-01
  0.61125E+00  0.17682E-01
  0.61375E+00  0.17224E-01
  0.61625E+00  0.16776E-01
  0.61875E+00  0.16339E-01
  0.62125E+00  0.15911E-01
  0.62375E+00  0.15494E-01
  0.62625E+00  0.15086E-01
  0.62875E+00  0.14688E-01
  0.63125E+00  0.14298E-01
  0.63375E+00  0.13919E-01
  0.63625E+00  0.13547E-01
  0.63875E+00  0.13185E-01
  0.64125E+00  0.12832E-01
  0.64375E+00  0.12486E-01
  0.64625E+00  0.12149E-01
  0.64875E+00  0.11820E-01
  0.65125E+00  0.11499E-01
  0.65375E+00  0.11186E-01
  0.65625E+00  0.10881E-01
  0.65875E+00  0.10582E-01
  0.66125E+00  0.10291E-01
  0.66375E+00  0.10008E-01
  0.66625E+00  0.97309E-02
  0.66875E+00  0.94610E-02
  0.67125E+00  0.91977E-02
  0.67375E+00  0.89410E-02
  0.67625E+00  0.86908E-02
  0.67875E+00  0.84468E-02
  0.68125E+00  0.82089E-02
  0.68375E+00  0.79771E-02
  0.68625E+00  0.77511E-02
  0.68875E+00  0.75309E-02
  0.69125E+00  0.73163E-02
  0.69375E+00  0.71073E-02
  0.69625E+00  0.69035E-02
  0.69875E+00  0.67051E-02
  0.70125E+00  0.65118E-02
  0.70375E+00  0.63235E-02
  0.70625E+00  0.61401E-02
  0.70875E+00  0.59616E-02
  0.71125E+00  0.57877E-02
  0.71375E+00  0.56184E-02
  0.71625E+00  0.54535E-02
  0.71875E+00  0.52931E-02
  0.72125E+00  0.51369E-02
  0.72375E+00  0.49849E-02
  0.72625E+00  0.48370E-02
  0.72875E+00  0.46930E-02
  0.73125E+00  0.45530E-02
  0.73375E+00  0.44167E-02
  0.73625E+00  0.42841E-02
  0.73875E+00  0.41552E-02
  0.74125E+00  0.40297E-02
  0.74375E+00  0.39077E-02
  0.74625E+00  0.37891E-02
  0.74875E+00  0.36737E-02
  0.75125E+00  0.35616E-02
  0.75375E+00  0.34525E-02
  0.75625E+00  0.33465E-02
  0.75875E+00  0.32435E-02
  0.76125E+00  0.31433E-02
  0.76375E+00  0.30460E-02
  0.76625E+00  0.29514E-02
  0.76875E+00  0.28595E-02
  0.77125E+00  0.27702E-02
  0.77375E+00  0.26834E-02
  0.77625E+00  0.25992E-02
  0.77875E+00  0.25173E-02
  0.78125E+00  0.24378E-02
  0.78375E+00  0.23606E-02
  0.78625E+00  0.22856E-02
  0.78875E+00  0.22128E-02
  0.79125E+00  0.21421E-02
  0.79375E+00  0.20734E-02
  0.79625E+00  0.20068E-02
  0.79875E+00  0.19421E-02
  0.80125E+00  0.18794E-02
  0.80375E+00  0.18184E-02
  0.80625E+00  0.17593E-02
  0.80875E+00  0.17020E-02
  0.81125E+00  0.16463E-02
  0.81375E+00  0.15923E-02
  0.81625E+00  0.15399E-02
  0.81875E+00  0.14890E-02
  0.82125E+00  0.14397E-02
  0.82375E+00  0.13919E-02
  0.82625E+00  0.13455E-02
  0.82875E+00  0.13005E-02
  0.83125E+00  0.12569E-02
  0.83375E+00  0.12146E-02
  0.83625E+00  0.11736E-02
  0.83875E+00  0.11338E-02
  0.84125E+00  0.10953E-02
  0.84375E+00  0.10579E-02
  0.84625E+00  0.10217E-02
  0.84875E+00  0.98653E-03
  0.85125E+00  0.95248E-03
  0.85375E+00  0.91947E-03
  0.85625E+00  0.88748E-03
  0.85875E+00  0.85647E-03
  0.86125E+00  0.82641E-03
  0.86375E+00  0.79728E-03
  0.86625E+00  0.76904E-03
  0.86875E+00  0.74167E-03
  0.87125E+00  0.71515E-03
  0.87375E+00  0.68944E-03
  0.87625E+00  0.66452E-03
  0.87875E+00  0.64037E-03
  0.88125E+00  0.61696E-03
  0.88375E+00  0.59426E-03
  0.88625E+00  0.57226E-03
  0.88875E+00  0.55093E-03
  0.89125E+00  0.53026E-03
  0.89375E+00  0.51020E-03
  0.89625E+00  0.49076E-03
  0.89875E+00  0.47190E-03
  0.90125E+00  0.45361E-03
  0.90375E+00  0.43586E-03
  0.90625E+00  0.41864E-03
  0.90875E+00  0.40193E-03
  0.91125E+00  0.38570E-03
  0.91375E+00  0.36995E-03
  0.91625E+00  0.35466E-03
  0.91875E+00  0.33980E-03
  0.92125E+00  0.32536E-03
  0.92375E+00  0.31133E-03
  0.92625E+00  0.29768E-03
  0.92875E+00  0.28441E-03
  0.93125E+00  0.27149E-03
  0.93375E+00  0.25891E-03
  0.93625E+00  0.24667E-03
  0.93875E+00  0.23473E-03
  0.94125E+00  0.22309E-03
  0.94375E+00  0.21174E-03
  0.94625E+00  0.20066E-03
  0.94875E+00  0.18983E-03
  0.95125E+00  0.17925E-03
  0.95375E+00  0.16890E-03
  0.95625E+00  0.15876E-03
  0.95875E+00  0.14883E-03
  0.96125E+00  0.13910E-03
  0.96375E+00  0.12955E-03
  0.96625E+00  0.12016E-03
  0.96875E+00  0.11093E-03
  0.97125E+00  0.10185E-03
  0.97375E+00  0.92896E-04
  0.97625E+00  0.84067E-04
  0.97875E+00  0.75348E-04
  0.98125E+00  0.66729E-04
  0.98375E+00  0.58196E-04
  0.98625E+00  0.49741E-04
  0.98875E+00  0.41351E-04
  0.99125E+00  0.33015E-04
  0.99375E+00  0.24724E-04
  0.99625E+00  0.16464E-04
  0.99875E+00  0.82267E-05
