 TITLE=RHEsVARIABLES=="X","DENSITY"
 ZONE I=         400
  0.12500E-02  0.99554E+00
  0.37500E-02  0.99108E+00
  0.62500E-02  0.98662E+00
  0.87500E-02  0.98216E+00
  0.11250E-01  0.97770E+00
  0.13750E-01  0.97324E+00
  0.16250E-01  0.96878E+00
  0.18750E-01  0.96433E+00
  0.21250E-01  0.95987E+00
  0.23750E-01  0.95542E+00
  0.26250E-01  0.95096E+00
  0.28750E-01  0.94651E+00
  0.31250E-01  0.94206E+00
  0.33750E-01  0.93761E+00
  0.36250E-01  0.93317E+00
  0.38750E-01  0.92872E+00
  0.41250E-01  0.92428E+00
  0.43750E-01  0.91984E+00
  0.46250E-01  0.91541E+00
  0.48750E-01  0.91097E+00
  0.51250E-01  0.90654E+00
  0.53750E-01  0.90211E+00
  0.56250E-01  0.89769E+00
  0.58750E-01  0.89326E+00
  0.61250E-01  0.88885E+00
  0.63750E-01  0.88443E+00
  0.66250E-01  0.88002E+00
  0.68750E-01  0.87561E+00
  0.71250E-01  0.87121E+00
  0.73750E-01  0.86680E+00
  0.76250E-01  0.86241E+00
  0.78750E-01  0.85802E+00
  0.81250E-01  0.85363E+00
  0.83750E-01  0.84925E+00
  0.86250E-01  0.84487E+00
  0.88750E-01  0.84049E+00
  0.91250E-01  0.83612E+00
  0.93750E-01  0.83176E+00
  0.96250E-01  0.82740E+00
  0.98750E-01  0.82305E+00
  0.10125E+00  0.81870E+00
  0.10375E+00  0.81436E+00
  0.10625E+00  0.81002E+00
  0.10875E+00  0.80569E+00
  0.11125E+00  0.80137E+00
  0.11375E+00  0.79705E+00
  0.11625E+00  0.79273E+00
  0.11875E+00  0.78843E+00
  0.12125E+00  0.78413E+00
  0.12375E+00  0.77983E+00
  0.12625E+00  0.77555E+00
  0.12875E+00  0.77127E+00
  0.13125E+00  0.76699E+00
  0.13375E+00  0.76273E+00
  0.13625E+00  0.75847E+00
  0.13875E+00  0.75422E+00
  0.14125E+00  0.74997E+00
  0.14375E+00  0.74574E+00
  0.14625E+00  0.74151E+00
  0.14875E+00  0.73729E+00
  0.15125E+00  0.73307E+00
  0.15375E+00  0.72887E+00
  0.15625E+00  0.72467E+00
  0.15875E+00  0.72048E+00
  0.16125E+00  0.71630E+00
  0.16375E+00  0.71213E+00
  0.16625E+00  0.70797E+00
  0.16875E+00  0.70381E+00
  0.17125E+00  0.69967E+00
  0.17375E+00  0.69553E+00
  0.17625E+00  0.69140E+00
  0.17875E+00  0.68728E+00
  0.18125E+00  0.68317E+00
  0.18375E+00  0.67907E+00
  0.18625E+00  0.67498E+00
  0.18875E+00  0.67090E+00
  0.19125E+00  0.66683E+00
  0.19375E+00  0.66277E+00
  0.19625E+00  0.65871E+00
  0.19875E+00  0.65467E+00
  0.20125E+00  0.65064E+00
  0.20375E+00  0.64662E+00
  0.20625E+00  0.64261E+00
  0.20875E+00  0.63861E+00
  0.21125E+00  0.63461E+00
  0.21375E+00  0.63063E+00
  0.21625E+00  0.62666E+00
  0.21875E+00  0.62271E+00
  0.22125E+00  0.61876E+00
  0.22375E+00  0.61482E+00
  0.22625E+00  0.61089E+00
  0.22875E+00  0.60698E+00
  0.23125E+00  0.60308E+00
  0.23375E+00  0.59918E+00
  0.23625E+00  0.59530E+00
  0.23875E+00  0.59143E+00
  0.24125E+00  0.58757E+00
  0.24375E+00  0.58373E+00
  0.24625E+00  0.57989E+00
  0.24875E+00  0.57607E+00
  0.25125E+00  0.57226E+00
  0.25375E+00  0.56846E+00
  0.25625E+00  0.56467E+00
  0.25875E+00  0.56090E+00
  0.26125E+00  0.55713E+00
  0.26375E+00  0.55338E+00
  0.26625E+00  0.54965E+00
  0.26875E+00  0.54592E+00
  0.27125E+00  0.54221E+00
  0.27375E+00  0.53851E+00
  0.27625E+00  0.53482E+00
  0.27875E+00  0.53114E+00
  0.28125E+00  0.52748E+00
  0.28375E+00  0.52383E+00
  0.28625E+00  0.52019E+00
  0.28875E+00  0.51657E+00
  0.29125E+00  0.51296E+00
  0.29375E+00  0.50936E+00
  0.29625E+00  0.50578E+00
  0.29875E+00  0.50220E+00
  0.30125E+00  0.49865E+00
  0.30375E+00  0.49510E+00
  0.30625E+00  0.49157E+00
  0.30875E+00  0.48805E+00
  0.31125E+00  0.48455E+00
  0.31375E+00  0.48106E+00
  0.31625E+00  0.47758E+00
  0.31875E+00  0.47412E+00
  0.32125E+00  0.47067E+00
  0.32375E+00  0.46723E+00
  0.32625E+00  0.46381E+00
  0.32875E+00  0.46040E+00
  0.33125E+00  0.45701E+00
  0.33375E+00  0.45363E+00
  0.33625E+00  0.45026E+00
  0.33875E+00  0.44691E+00
  0.34125E+00  0.44357E+00
  0.34375E+00  0.44025E+00
  0.34625E+00  0.43694E+00
  0.34875E+00  0.43364E+00
  0.35125E+00  0.43036E+00
  0.35375E+00  0.42709E+00
  0.35625E+00  0.42384E+00
  0.35875E+00  0.42060E+00
  0.36125E+00  0.41738E+00
  0.36375E+00  0.41417E+00
  0.36625E+00  0.41097E+00
  0.36875E+00  0.40779E+00
  0.37125E+00  0.40463E+00
  0.37375E+00  0.40148E+00
  0.37625E+00  0.39834E+00
  0.37875E+00  0.39522E+00
  0.38125E+00  0.39211E+00
  0.38375E+00  0.38902E+00
  0.38625E+00  0.38594E+00
  0.38875E+00  0.38287E+00
  0.39125E+00  0.37983E+00
  0.39375E+00  0.37679E+00
  0.39625E+00  0.37377E+00
  0.39875E+00  0.37077E+00
  0.40125E+00  0.36778E+00
  0.40375E+00  0.36480E+00
  0.40625E+00  0.36184E+00
  0.40875E+00  0.35890E+00
  0.41125E+00  0.35597E+00
  0.41375E+00  0.35305E+00
  0.41625E+00  0.35015E+00
  0.41875E+00  0.34727E+00
  0.42125E+00  0.34440E+00
  0.42375E+00  0.34154E+00
  0.42625E+00  0.33870E+00
  0.42875E+00  0.33587E+00
  0.43125E+00  0.33306E+00
  0.43375E+00  0.33027E+00
  0.43625E+00  0.32749E+00
  0.43875E+00  0.32472E+00
  0.44125E+00  0.32197E+00
  0.44375E+00  0.31923E+00
  0.44625E+00  0.31651E+00
  0.44875E+00  0.31380E+00
  0.45125E+00  0.31111E+00
  0.45375E+00  0.30844E+00
  0.45625E+00  0.30577E+00
  0.45875E+00  0.30313E+00
  0.46125E+00  0.30050E+00
  0.46375E+00  0.29788E+00
  0.46625E+00  0.29528E+00
  0.46875E+00  0.29269E+00
  0.47125E+00  0.29012E+00
  0.47375E+00  0.28756E+00
  0.47625E+00  0.28502E+00
  0.47875E+00  0.28249E+00
  0.48125E+00  0.27997E+00
  0.48375E+00  0.27748E+00
  0.48625E+00  0.27499E+00
  0.48875E+00  0.27252E+00
  0.49125E+00  0.27007E+00
  0.49375E+00  0.26763E+00
  0.49625E+00  0.26520E+00
  0.49875E+00  0.26279E+00
  0.50125E+00  0.26040E+00
  0.50375E+00  0.25802E+00
  0.50625E+00  0.25565E+00
  0.50875E+00  0.25330E+00
  0.51125E+00  0.25096E+00
  0.51375E+00  0.24864E+00
  0.51625E+00  0.24633E+00
  0.51875E+00  0.24404E+00
  0.52125E+00  0.24176E+00
  0.52375E+00  0.23949E+00
  0.52625E+00  0.23724E+00
  0.52875E+00  0.23500E+00
  0.53125E+00  0.23278E+00
  0.53375E+00  0.23057E+00
  0.53625E+00  0.22838E+00
  0.53875E+00  0.22620E+00
  0.54125E+00  0.22404E+00
  0.54375E+00  0.22188E+00
  0.54625E+00  0.21975E+00
  0.54875E+00  0.21762E+00
  0.55125E+00  0.21551E+00
  0.55375E+00  0.21342E+00
  0.55625E+00  0.21134E+00
  0.55875E+00  0.20927E+00
  0.56125E+00  0.20722E+00
  0.56375E+00  0.20518E+00
  0.56625E+00  0.20315E+00
  0.56875E+00  0.20114E+00
  0.57125E+00  0.19914E+00
  0.57375E+00  0.19715E+00
  0.57625E+00  0.19518E+00
  0.57875E+00  0.19322E+00
  0.58125E+00  0.19128E+00
  0.58375E+00  0.18935E+00
  0.58625E+00  0.18743E+00
  0.58875E+00  0.18553E+00
  0.59125E+00  0.18363E+00
  0.59375E+00  0.18176E+00
  0.59625E+00  0.17989E+00
  0.59875E+00  0.17804E+00
  0.60125E+00  0.17620E+00
  0.60375E+00  0.17437E+00
  0.60625E+00  0.17256E+00
  0.60875E+00  0.17076E+00
  0.61125E+00  0.16897E+00
  0.61375E+00  0.16720E+00
  0.61625E+00  0.16544E+00
  0.61875E+00  0.16369E+00
  0.62125E+00  0.16195E+00
  0.62375E+00  0.16023E+00
  0.62625E+00  0.15851E+00
  0.62875E+00  0.15681E+00
  0.63125E+00  0.15513E+00
  0.63375E+00  0.15345E+00
  0.63625E+00  0.15179E+00
  0.63875E+00  0.15014E+00
  0.64125E+00  0.14850E+00
  0.64375E+00  0.14688E+00
  0.64625E+00  0.14526E+00
  0.64875E+00  0.14366E+00
  0.65125E+00  0.14207E+00
  0.65375E+00  0.14049E+00
  0.65625E+00  0.13892E+00
  0.65875E+00  0.13737E+00
  0.66125E+00  0.13582E+00
  0.66375E+00  0.13429E+00
  0.66625E+00  0.13277E+00
  0.66875E+00  0.13126E+00
  0.67125E+00  0.12976E+00
  0.67375E+00  0.12828E+00
  0.67625E+00  0.12680E+00
  0.67875E+00  0.12533E+00
  0.68125E+00  0.12388E+00
  0.68375E+00  0.12244E+00
  0.68625E+00  0.12101E+00
  0.68875E+00  0.11958E+00
  0.69125E+00  0.11817E+00
  0.69375E+00  0.11677E+00
  0.69625E+00  0.11539E+00
  0.69875E+00  0.11401E+00
  0.70125E+00  0.11264E+00
  0.70375E+00  0.11128E+00
  0.70625E+00  0.10993E+00
  0.70875E+00  0.10860E+00
  0.71125E+00  0.10727E+00
  0.71375E+00  0.10595E+00
  0.71625E+00  0.10464E+00
  0.71875E+00  0.10335E+00
  0.72125E+00  0.10206E+00
  0.72375E+00  0.10078E+00
  0.72625E+00  0.99514E-01
  0.72875E+00  0.98255E-01
  0.73125E+00  0.97007E-01
  0.73375E+00  0.95767E-01
  0.73625E+00  0.94537E-01
  0.73875E+00  0.93316E-01
  0.74125E+00  0.92104E-01
  0.74375E+00  0.90902E-01
  0.74625E+00  0.89709E-01
  0.74875E+00  0.88524E-01
  0.75125E+00  0.87348E-01
  0.75375E+00  0.86182E-01
  0.75625E+00  0.85024E-01
  0.75875E+00  0.83874E-01
  0.76125E+00  0.82733E-01
  0.76375E+00  0.81601E-01
  0.76625E+00  0.80477E-01
  0.76875E+00  0.79361E-01
  0.77125E+00  0.78254E-01
  0.77375E+00  0.77154E-01
  0.77625E+00  0.76063E-01
  0.77875E+00  0.74980E-01
  0.78125E+00  0.73904E-01
  0.78375E+00  0.72837E-01
  0.78625E+00  0.71777E-01
  0.78875E+00  0.70725E-01
  0.79125E+00  0.69680E-01
  0.79375E+00  0.68643E-01
  0.79625E+00  0.67613E-01
  0.79875E+00  0.66591E-01
  0.80125E+00  0.65576E-01
  0.80375E+00  0.64567E-01
  0.80625E+00  0.63566E-01
  0.80875E+00  0.62572E-01
  0.81125E+00  0.61585E-01
  0.81375E+00  0.60605E-01
  0.81625E+00  0.59631E-01
  0.81875E+00  0.58664E-01
  0.82125E+00  0.57704E-01
  0.82375E+00  0.56749E-01
  0.82625E+00  0.55802E-01
  0.82875E+00  0.54860E-01
  0.83125E+00  0.53925E-01
  0.83375E+00  0.52996E-01
  0.83625E+00  0.52073E-01
  0.83875E+00  0.51156E-01
  0.84125E+00  0.50244E-01
  0.84375E+00  0.49339E-01
  0.84625E+00  0.48439E-01
  0.84875E+00  0.47545E-01
  0.85125E+00  0.46656E-01
  0.85375E+00  0.45772E-01
  0.85625E+00  0.44894E-01
  0.85875E+00  0.44021E-01
  0.86125E+00  0.43154E-01
  0.86375E+00  0.42291E-01
  0.86625E+00  0.41433E-01
  0.86875E+00  0.40580E-01
  0.87125E+00  0.39732E-01
  0.87375E+00  0.38889E-01
  0.87625E+00  0.38050E-01
  0.87875E+00  0.37216E-01
  0.88125E+00  0.36386E-01
  0.88375E+00  0.35560E-01
  0.88625E+00  0.34739E-01
  0.88875E+00  0.33922E-01
  0.89125E+00  0.33109E-01
  0.89375E+00  0.32300E-01
  0.89625E+00  0.31495E-01
  0.89875E+00  0.30694E-01
  0.90125E+00  0.29896E-01
  0.90375E+00  0.29102E-01
  0.90625E+00  0.28312E-01
  0.90875E+00  0.27525E-01
  0.91125E+00  0.26741E-01
  0.91375E+00  0.25960E-01
  0.91625E+00  0.25183E-01
  0.91875E+00  0.24409E-01
  0.92125E+00  0.23638E-01
  0.92375E+00  0.22870E-01
  0.92625E+00  0.22104E-01
  0.92875E+00  0.21342E-01
  0.93125E+00  0.20581E-01
  0.93375E+00  0.19824E-01
  0.93625E+00  0.19069E-01
  0.93875E+00  0.18316E-01
  0.94125E+00  0.17566E-01
  0.94375E+00  0.16817E-01
  0.94625E+00  0.16071E-01
  0.94875E+00  0.15327E-01
  0.95125E+00  0.14585E-01
  0.95375E+00  0.13844E-01
  0.95625E+00  0.13106E-01
  0.95875E+00  0.12368E-01
  0.96125E+00  0.11633E-01
  0.96375E+00  0.10899E-01
  0.96625E+00  0.10166E-01
  0.96875E+00  0.94346E-02
  0.97125E+00  0.87043E-02
  0.97375E+00  0.79751E-02
  0.97625E+00  0.72469E-02
  0.97875E+00  0.65196E-02
  0.98125E+00  0.57932E-02
  0.98375E+00  0.50674E-02
  0.98625E+00  0.43423E-02
  0.98875E+00  0.36178E-02
  0.99125E+00  0.28937E-02
  0.99375E+00  0.21699E-02
  0.99625E+00  0.14465E-02
  0.99875E+00  0.72319E-03
