 TITLE=RHEsVARIABLES=="X","DENSITY"
 ZONE I=         400
  0.12500E-02  0.99750E+00
  0.37500E-02  0.99500E+00
  0.62500E-02  0.99250E+00
  0.87500E-02  0.99000E+00
  0.11250E-01  0.98750E+00
  0.13750E-01  0.98499E+00
  0.16250E-01  0.98249E+00
  0.18750E-01  0.97999E+00
  0.21250E-01  0.97749E+00
  0.23750E-01  0.97499E+00
  0.26250E-01  0.97249E+00
  0.28750E-01  0.96999E+00
  0.31250E-01  0.96749E+00
  0.33750E-01  0.96499E+00
  0.36250E-01  0.96249E+00
  0.38750E-01  0.95999E+00
  0.41250E-01  0.95748E+00
  0.43750E-01  0.95498E+00
  0.46250E-01  0.95248E+00
  0.48750E-01  0.94998E+00
  0.51250E-01  0.94748E+00
  0.53750E-01  0.94498E+00
  0.56250E-01  0.94248E+00
  0.58750E-01  0.93998E+00
  0.61250E-01  0.93748E+00
  0.63750E-01  0.93498E+00
  0.66250E-01  0.93248E+00
  0.68750E-01  0.92998E+00
  0.71250E-01  0.92748E+00
  0.73750E-01  0.92497E+00
  0.76250E-01  0.92247E+00
  0.78750E-01  0.91997E+00
  0.81250E-01  0.91747E+00
  0.83750E-01  0.91497E+00
  0.86250E-01  0.91247E+00
  0.88750E-01  0.90997E+00
  0.91250E-01  0.90747E+00
  0.93750E-01  0.90497E+00
  0.96250E-01  0.90247E+00
  0.98750E-01  0.89997E+00
  0.10125E+00  0.89747E+00
  0.10375E+00  0.89497E+00
  0.10625E+00  0.89247E+00
  0.10875E+00  0.88997E+00
  0.11125E+00  0.88747E+00
  0.11375E+00  0.88496E+00
  0.11625E+00  0.88246E+00
  0.11875E+00  0.87996E+00
  0.12125E+00  0.87746E+00
  0.12375E+00  0.87496E+00
  0.12625E+00  0.87246E+00
  0.12875E+00  0.86996E+00
  0.13125E+00  0.86746E+00
  0.13375E+00  0.86496E+00
  0.13625E+00  0.86246E+00
  0.13875E+00  0.85996E+00
  0.14125E+00  0.85746E+00
  0.14375E+00  0.85496E+00
  0.14625E+00  0.85246E+00
  0.14875E+00  0.84996E+00
  0.15125E+00  0.84746E+00
  0.15375E+00  0.84496E+00
  0.15625E+00  0.84246E+00
  0.15875E+00  0.83996E+00
  0.16125E+00  0.83746E+00
  0.16375E+00  0.83496E+00
  0.16625E+00  0.83246E+00
  0.16875E+00  0.82996E+00
  0.17125E+00  0.82746E+00
  0.17375E+00  0.82496E+00
  0.17625E+00  0.82246E+00
  0.17875E+00  0.81996E+00
  0.18125E+00  0.81746E+00
  0.18375E+00  0.81496E+00
  0.18625E+00  0.81246E+00
  0.18875E+00  0.80996E+00
  0.19125E+00  0.80746E+00
  0.19375E+00  0.80496E+00
  0.19625E+00  0.80246E+00
  0.19875E+00  0.79996E+00
  0.20125E+00  0.79746E+00
  0.20375E+00  0.79496E+00
  0.20625E+00  0.79246E+00
  0.20875E+00  0.78997E+00
  0.21125E+00  0.78747E+00
  0.21375E+00  0.78497E+00
  0.21625E+00  0.78247E+00
  0.21875E+00  0.77997E+00
  0.22125E+00  0.77747E+00
  0.22375E+00  0.77497E+00
  0.22625E+00  0.77247E+00
  0.22875E+00  0.76997E+00
  0.23125E+00  0.76747E+00
  0.23375E+00  0.76497E+00
  0.23625E+00  0.76247E+00
  0.23875E+00  0.75997E+00
  0.24125E+00  0.75748E+00
  0.24375E+00  0.75498E+00
  0.24625E+00  0.75248E+00
  0.24875E+00  0.74998E+00
  0.25125E+00  0.74748E+00
  0.25375E+00  0.74498E+00
  0.25625E+00  0.74248E+00
  0.25875E+00  0.73998E+00
  0.26125E+00  0.73749E+00
  0.26375E+00  0.73499E+00
  0.26625E+00  0.73249E+00
  0.26875E+00  0.72999E+00
  0.27125E+00  0.72749E+00
  0.27375E+00  0.72499E+00
  0.27625E+00  0.72249E+00
  0.27875E+00  0.72000E+00
  0.28125E+00  0.71750E+00
  0.28375E+00  0.71500E+00
  0.28625E+00  0.71250E+00
  0.28875E+00  0.71000E+00
  0.29125E+00  0.70750E+00
  0.29375E+00  0.70501E+00
  0.29625E+00  0.70251E+00
  0.29875E+00  0.70001E+00
  0.30125E+00  0.69751E+00
  0.30375E+00  0.69501E+00
  0.30625E+00  0.69252E+00
  0.30875E+00  0.69002E+00
  0.31125E+00  0.68752E+00
  0.31375E+00  0.68502E+00
  0.31625E+00  0.68253E+00
  0.31875E+00  0.68003E+00
  0.32125E+00  0.67753E+00
  0.32375E+00  0.67503E+00
  0.32625E+00  0.67254E+00
  0.32875E+00  0.67004E+00
  0.33125E+00  0.66754E+00
  0.33375E+00  0.66504E+00
  0.33625E+00  0.66255E+00
  0.33875E+00  0.66005E+00
  0.34125E+00  0.65755E+00
  0.34375E+00  0.65505E+00
  0.34625E+00  0.65256E+00
  0.34875E+00  0.65006E+00
  0.35125E+00  0.64756E+00
  0.35375E+00  0.64507E+00
  0.35625E+00  0.64257E+00
  0.35875E+00  0.64007E+00
  0.36125E+00  0.63758E+00
  0.36375E+00  0.63508E+00
  0.36625E+00  0.63258E+00
  0.36875E+00  0.63009E+00
  0.37125E+00  0.62759E+00
  0.37375E+00  0.62509E+00
  0.37625E+00  0.62260E+00
  0.37875E+00  0.62010E+00
  0.38125E+00  0.61760E+00
  0.38375E+00  0.61511E+00
  0.38625E+00  0.61261E+00
  0.38875E+00  0.61011E+00
  0.39125E+00  0.60762E+00
  0.39375E+00  0.60512E+00
  0.39625E+00  0.60263E+00
  0.39875E+00  0.60013E+00
  0.40125E+00  0.59763E+00
  0.40375E+00  0.59514E+00
  0.40625E+00  0.59264E+00
  0.40875E+00  0.59015E+00
  0.41125E+00  0.58765E+00
  0.41375E+00  0.58515E+00
  0.41625E+00  0.58266E+00
  0.41875E+00  0.58016E+00
  0.42125E+00  0.57767E+00
  0.42375E+00  0.57517E+00
  0.42625E+00  0.57268E+00
  0.42875E+00  0.57018E+00
  0.43125E+00  0.56769E+00
  0.43375E+00  0.56519E+00
  0.43625E+00  0.56270E+00
  0.43875E+00  0.56020E+00
  0.44125E+00  0.55771E+00
  0.44375E+00  0.55521E+00
  0.44625E+00  0.55272E+00
  0.44875E+00  0.55022E+00
  0.45125E+00  0.54773E+00
  0.45375E+00  0.54523E+00
  0.45625E+00  0.54274E+00
  0.45875E+00  0.54024E+00
  0.46125E+00  0.53775E+00
  0.46375E+00  0.53525E+00
  0.46625E+00  0.53276E+00
  0.46875E+00  0.53026E+00
  0.47125E+00  0.52777E+00
  0.47375E+00  0.52527E+00
  0.47625E+00  0.52278E+00
  0.47875E+00  0.52029E+00
  0.48125E+00  0.51779E+00
  0.48375E+00  0.51530E+00
  0.48625E+00  0.51280E+00
  0.48875E+00  0.51031E+00
  0.49125E+00  0.50782E+00
  0.49375E+00  0.50532E+00
  0.49625E+00  0.50283E+00
  0.49875E+00  0.50033E+00
  0.50125E+00  0.49784E+00
  0.50375E+00  0.49535E+00
  0.50625E+00  0.49285E+00
  0.50875E+00  0.49036E+00
  0.51125E+00  0.48787E+00
  0.51375E+00  0.48537E+00
  0.51625E+00  0.48288E+00
  0.51875E+00  0.48039E+00
  0.52125E+00  0.47789E+00
  0.52375E+00  0.47540E+00
  0.52625E+00  0.47291E+00
  0.52875E+00  0.47041E+00
  0.53125E+00  0.46792E+00
  0.53375E+00  0.46543E+00
  0.53625E+00  0.46293E+00
  0.53875E+00  0.46044E+00
  0.54125E+00  0.45795E+00
  0.54375E+00  0.45545E+00
  0.54625E+00  0.45296E+00
  0.54875E+00  0.45047E+00
  0.55125E+00  0.44798E+00
  0.55375E+00  0.44548E+00
  0.55625E+00  0.44299E+00
  0.55875E+00  0.44050E+00
  0.56125E+00  0.43801E+00
  0.56375E+00  0.43551E+00
  0.56625E+00  0.43302E+00
  0.56875E+00  0.43053E+00
  0.57125E+00  0.42804E+00
  0.57375E+00  0.42555E+00
  0.57625E+00  0.42305E+00
  0.57875E+00  0.42056E+00
  0.58125E+00  0.41807E+00
  0.58375E+00  0.41558E+00
  0.58625E+00  0.41309E+00
  0.58875E+00  0.41059E+00
  0.59125E+00  0.40810E+00
  0.59375E+00  0.40561E+00
  0.59625E+00  0.40312E+00
  0.59875E+00  0.40063E+00
  0.60125E+00  0.39813E+00
  0.60375E+00  0.39564E+00
  0.60625E+00  0.39315E+00
  0.60875E+00  0.39066E+00
  0.61125E+00  0.38817E+00
  0.61375E+00  0.38568E+00
  0.61625E+00  0.38319E+00
  0.61875E+00  0.38070E+00
  0.62125E+00  0.37820E+00
  0.62375E+00  0.37571E+00
  0.62625E+00  0.37322E+00
  0.62875E+00  0.37073E+00
  0.63125E+00  0.36824E+00
  0.63375E+00  0.36575E+00
  0.63625E+00  0.36326E+00
  0.63875E+00  0.36077E+00
  0.64125E+00  0.35828E+00
  0.64375E+00  0.35579E+00
  0.64625E+00  0.35330E+00
  0.64875E+00  0.35081E+00
  0.65125E+00  0.34831E+00
  0.65375E+00  0.34582E+00
  0.65625E+00  0.34333E+00
  0.65875E+00  0.34084E+00
  0.66125E+00  0.33835E+00
  0.66375E+00  0.33586E+00
  0.66625E+00  0.33337E+00
  0.66875E+00  0.33088E+00
  0.67125E+00  0.32839E+00
  0.67375E+00  0.32590E+00
  0.67625E+00  0.32341E+00
  0.67875E+00  0.32092E+00
  0.68125E+00  0.31843E+00
  0.68375E+00  0.31594E+00
  0.68625E+00  0.31345E+00
  0.68875E+00  0.31096E+00
  0.69125E+00  0.30847E+00
  0.69375E+00  0.30598E+00
  0.69625E+00  0.30349E+00
  0.69875E+00  0.30100E+00
  0.70125E+00  0.29851E+00
  0.70375E+00  0.29602E+00
  0.70625E+00  0.29354E+00
  0.70875E+00  0.29105E+00
  0.71125E+00  0.28856E+00
  0.71375E+00  0.28607E+00
  0.71625E+00  0.28358E+00
  0.71875E+00  0.28109E+00
  0.72125E+00  0.27860E+00
  0.72375E+00  0.27611E+00
  0.72625E+00  0.27362E+00
  0.72875E+00  0.27113E+00
  0.73125E+00  0.26864E+00
  0.73375E+00  0.26615E+00
  0.73625E+00  0.26367E+00
  0.73875E+00  0.26118E+00
  0.74125E+00  0.25869E+00
  0.74375E+00  0.25620E+00
  0.74625E+00  0.25371E+00
  0.74875E+00  0.25122E+00
  0.75125E+00  0.24873E+00
  0.75375E+00  0.24624E+00
  0.75625E+00  0.24375E+00
  0.75875E+00  0.24127E+00
  0.76125E+00  0.23878E+00
  0.76375E+00  0.23629E+00
  0.76625E+00  0.23380E+00
  0.76875E+00  0.23131E+00
  0.77125E+00  0.22882E+00
  0.77375E+00  0.22634E+00
  0.77625E+00  0.22385E+00
  0.77875E+00  0.22136E+00
  0.78125E+00  0.21887E+00
  0.78375E+00  0.21638E+00
  0.78625E+00  0.21389E+00
  0.78875E+00  0.21141E+00
  0.79125E+00  0.20892E+00
  0.79375E+00  0.20643E+00
  0.79625E+00  0.20394E+00
  0.79875E+00  0.20145E+00
  0.80125E+00  0.19897E+00
  0.80375E+00  0.19648E+00
  0.80625E+00  0.19399E+00
  0.80875E+00  0.19150E+00
  0.81125E+00  0.18901E+00
  0.81375E+00  0.18653E+00
  0.81625E+00  0.18404E+00
  0.81875E+00  0.18155E+00
  0.82125E+00  0.17906E+00
  0.82375E+00  0.17658E+00
  0.82625E+00  0.17409E+00
  0.82875E+00  0.17160E+00
  0.83125E+00  0.16911E+00
  0.83375E+00  0.16662E+00
  0.83625E+00  0.16414E+00
  0.83875E+00  0.16165E+00
  0.84125E+00  0.15916E+00
  0.84375E+00  0.15667E+00
  0.84625E+00  0.15419E+00
  0.84875E+00  0.15170E+00
  0.85125E+00  0.14921E+00
  0.85375E+00  0.14672E+00
  0.85625E+00  0.14424E+00
  0.85875E+00  0.14175E+00
  0.86125E+00  0.13926E+00
  0.86375E+00  0.13678E+00
  0.86625E+00  0.13429E+00
  0.86875E+00  0.13180E+00
  0.87125E+00  0.12931E+00
  0.87375E+00  0.12683E+00
  0.87625E+00  0.12434E+00
  0.87875E+00  0.12185E+00
  0.88125E+00  0.11937E+00
  0.88375E+00  0.11688E+00
  0.88625E+00  0.11439E+00
  0.88875E+00  0.11190E+00
  0.89125E+00  0.10942E+00
  0.89375E+00  0.10693E+00
  0.89625E+00  0.10444E+00
  0.89875E+00  0.10196E+00
  0.90125E+00  0.99469E-01
  0.90375E+00  0.96982E-01
  0.90625E+00  0.94495E-01
  0.90875E+00  0.92008E-01
  0.91125E+00  0.89521E-01
  0.91375E+00  0.87035E-01
  0.91625E+00  0.84548E-01
  0.91875E+00  0.82061E-01
  0.92125E+00  0.79574E-01
  0.92375E+00  0.77087E-01
  0.92625E+00  0.74600E-01
  0.92875E+00  0.72114E-01
  0.93125E+00  0.69627E-01
  0.93375E+00  0.67140E-01
  0.93625E+00  0.64653E-01
  0.93875E+00  0.62166E-01
  0.94125E+00  0.59680E-01
  0.94375E+00  0.57193E-01
  0.94625E+00  0.54706E-01
  0.94875E+00  0.52220E-01
  0.95125E+00  0.49733E-01
  0.95375E+00  0.47246E-01
  0.95625E+00  0.44759E-01
  0.95875E+00  0.42273E-01
  0.96125E+00  0.39786E-01
  0.96375E+00  0.37299E-01
  0.96625E+00  0.34813E-01
  0.96875E+00  0.32326E-01
  0.97125E+00  0.29839E-01
  0.97375E+00  0.27353E-01
  0.97625E+00  0.24866E-01
  0.97875E+00  0.22380E-01
  0.98125E+00  0.19893E-01
  0.98375E+00  0.17406E-01
  0.98625E+00  0.14920E-01
  0.98875E+00  0.12433E-01
  0.99125E+00  0.99465E-02
  0.99375E+00  0.74598E-02
  0.99625E+00  0.49732E-02
  0.99875E+00  0.24866E-02
