 TITLE=RHEsVARIABLES=="X","DENSITY"
 ZONE I=         400
  0.12500E-02  0.99680E+00
  0.37500E-02  0.99361E+00
  0.62500E-02  0.99041E+00
  0.87500E-02  0.98722E+00
  0.11250E-01  0.98402E+00
  0.13750E-01  0.98083E+00
  0.16250E-01  0.97764E+00
  0.18750E-01  0.97444E+00
  0.21250E-01  0.97125E+00
  0.23750E-01  0.96805E+00
  0.26250E-01  0.96486E+00
  0.28750E-01  0.96167E+00
  0.31250E-01  0.95848E+00
  0.33750E-01  0.95529E+00
  0.36250E-01  0.95209E+00
  0.38750E-01  0.94890E+00
  0.41250E-01  0.94571E+00
  0.43750E-01  0.94253E+00
  0.46250E-01  0.93934E+00
  0.48750E-01  0.93615E+00
  0.51250E-01  0.93296E+00
  0.53750E-01  0.92978E+00
  0.56250E-01  0.92660E+00
  0.58750E-01  0.92341E+00
  0.61250E-01  0.92023E+00
  0.63750E-01  0.91705E+00
  0.66250E-01  0.91387E+00
  0.68750E-01  0.91069E+00
  0.71250E-01  0.90751E+00
  0.73750E-01  0.90433E+00
  0.76250E-01  0.90116E+00
  0.78750E-01  0.89799E+00
  0.81250E-01  0.89481E+00
  0.83750E-01  0.89164E+00
  0.86250E-01  0.88847E+00
  0.88750E-01  0.88530E+00
  0.91250E-01  0.88214E+00
  0.93750E-01  0.87897E+00
  0.96250E-01  0.87581E+00
  0.98750E-01  0.87265E+00
  0.10125E+00  0.86949E+00
  0.10375E+00  0.86633E+00
  0.10625E+00  0.86317E+00
  0.10875E+00  0.86002E+00
  0.11125E+00  0.85687E+00
  0.11375E+00  0.85371E+00
  0.11625E+00  0.85057E+00
  0.11875E+00  0.84742E+00
  0.12125E+00  0.84427E+00
  0.12375E+00  0.84113E+00
  0.12625E+00  0.83799E+00
  0.12875E+00  0.83485E+00
  0.13125E+00  0.83172E+00
  0.13375E+00  0.82858E+00
  0.13625E+00  0.82545E+00
  0.13875E+00  0.82232E+00
  0.14125E+00  0.81919E+00
  0.14375E+00  0.81607E+00
  0.14625E+00  0.81295E+00
  0.14875E+00  0.80983E+00
  0.15125E+00  0.80671E+00
  0.15375E+00  0.80359E+00
  0.15625E+00  0.80048E+00
  0.15875E+00  0.79737E+00
  0.16125E+00  0.79426E+00
  0.16375E+00  0.79116E+00
  0.16625E+00  0.78806E+00
  0.16875E+00  0.78496E+00
  0.17125E+00  0.78186E+00
  0.17375E+00  0.77877E+00
  0.17625E+00  0.77568E+00
  0.17875E+00  0.77259E+00
  0.18125E+00  0.76951E+00
  0.18375E+00  0.76643E+00
  0.18625E+00  0.76335E+00
  0.18875E+00  0.76027E+00
  0.19125E+00  0.75720E+00
  0.19375E+00  0.75413E+00
  0.19625E+00  0.75107E+00
  0.19875E+00  0.74800E+00
  0.20125E+00  0.74494E+00
  0.20375E+00  0.74189E+00
  0.20625E+00  0.73884E+00
  0.20875E+00  0.73579E+00
  0.21125E+00  0.73274E+00
  0.21375E+00  0.72970E+00
  0.21625E+00  0.72666E+00
  0.21875E+00  0.72362E+00
  0.22125E+00  0.72059E+00
  0.22375E+00  0.71756E+00
  0.22625E+00  0.71454E+00
  0.22875E+00  0.71152E+00
  0.23125E+00  0.70850E+00
  0.23375E+00  0.70548E+00
  0.23625E+00  0.70247E+00
  0.23875E+00  0.69947E+00
  0.24125E+00  0.69646E+00
  0.24375E+00  0.69346E+00
  0.24625E+00  0.69047E+00
  0.24875E+00  0.68748E+00
  0.25125E+00  0.68449E+00
  0.25375E+00  0.68151E+00
  0.25625E+00  0.67853E+00
  0.25875E+00  0.67555E+00
  0.26125E+00  0.67258E+00
  0.26375E+00  0.66961E+00
  0.26625E+00  0.66665E+00
  0.26875E+00  0.66369E+00
  0.27125E+00  0.66073E+00
  0.27375E+00  0.65778E+00
  0.27625E+00  0.65484E+00
  0.27875E+00  0.65189E+00
  0.28125E+00  0.64895E+00
  0.28375E+00  0.64602E+00
  0.28625E+00  0.64309E+00
  0.28875E+00  0.64017E+00
  0.29125E+00  0.63724E+00
  0.29375E+00  0.63433E+00
  0.29625E+00  0.63141E+00
  0.29875E+00  0.62851E+00
  0.30125E+00  0.62560E+00
  0.30375E+00  0.62270E+00
  0.30625E+00  0.61981E+00
  0.30875E+00  0.61692E+00
  0.31125E+00  0.61403E+00
  0.31375E+00  0.61115E+00
  0.31625E+00  0.60828E+00
  0.31875E+00  0.60541E+00
  0.32125E+00  0.60254E+00
  0.32375E+00  0.59968E+00
  0.32625E+00  0.59682E+00
  0.32875E+00  0.59397E+00
  0.33125E+00  0.59112E+00
  0.33375E+00  0.58827E+00
  0.33625E+00  0.58544E+00
  0.33875E+00  0.58260E+00
  0.34125E+00  0.57977E+00
  0.34375E+00  0.57695E+00
  0.34625E+00  0.57413E+00
  0.34875E+00  0.57131E+00
  0.35125E+00  0.56851E+00
  0.35375E+00  0.56570E+00
  0.35625E+00  0.56290E+00
  0.35875E+00  0.56011E+00
  0.36125E+00  0.55732E+00
  0.36375E+00  0.55453E+00
  0.36625E+00  0.55175E+00
  0.36875E+00  0.54898E+00
  0.37125E+00  0.54621E+00
  0.37375E+00  0.54344E+00
  0.37625E+00  0.54068E+00
  0.37875E+00  0.53793E+00
  0.38125E+00  0.53518E+00
  0.38375E+00  0.53244E+00
  0.38625E+00  0.52970E+00
  0.38875E+00  0.52696E+00
  0.39125E+00  0.52423E+00
  0.39375E+00  0.52151E+00
  0.39625E+00  0.51879E+00
  0.39875E+00  0.51608E+00
  0.40125E+00  0.51337E+00
  0.40375E+00  0.51067E+00
  0.40625E+00  0.50797E+00
  0.40875E+00  0.50528E+00
  0.41125E+00  0.50259E+00
  0.41375E+00  0.49991E+00
  0.41625E+00  0.49723E+00
  0.41875E+00  0.49456E+00
  0.42125E+00  0.49190E+00
  0.42375E+00  0.48924E+00
  0.42625E+00  0.48658E+00
  0.42875E+00  0.48393E+00
  0.43125E+00  0.48129E+00
  0.43375E+00  0.47865E+00
  0.43625E+00  0.47602E+00
  0.43875E+00  0.47339E+00
  0.44125E+00  0.47077E+00
  0.44375E+00  0.46815E+00
  0.44625E+00  0.46554E+00
  0.44875E+00  0.46293E+00
  0.45125E+00  0.46033E+00
  0.45375E+00  0.45773E+00
  0.45625E+00  0.45514E+00
  0.45875E+00  0.45256E+00
  0.46125E+00  0.44998E+00
  0.46375E+00  0.44740E+00
  0.46625E+00  0.44484E+00
  0.46875E+00  0.44227E+00
  0.47125E+00  0.43972E+00
  0.47375E+00  0.43716E+00
  0.47625E+00  0.43462E+00
  0.47875E+00  0.43208E+00
  0.48125E+00  0.42954E+00
  0.48375E+00  0.42701E+00
  0.48625E+00  0.42449E+00
  0.48875E+00  0.42197E+00
  0.49125E+00  0.41945E+00
  0.49375E+00  0.41694E+00
  0.49625E+00  0.41444E+00
  0.49875E+00  0.41194E+00
  0.50125E+00  0.40945E+00
  0.50375E+00  0.40697E+00
  0.50625E+00  0.40448E+00
  0.50875E+00  0.40201E+00
  0.51125E+00  0.39954E+00
  0.51375E+00  0.39707E+00
  0.51625E+00  0.39462E+00
  0.51875E+00  0.39216E+00
  0.52125E+00  0.38971E+00
  0.52375E+00  0.38727E+00
  0.52625E+00  0.38483E+00
  0.52875E+00  0.38240E+00
  0.53125E+00  0.37998E+00
  0.53375E+00  0.37756E+00
  0.53625E+00  0.37514E+00
  0.53875E+00  0.37273E+00
  0.54125E+00  0.37033E+00
  0.54375E+00  0.36793E+00
  0.54625E+00  0.36553E+00
  0.54875E+00  0.36315E+00
  0.55125E+00  0.36076E+00
  0.55375E+00  0.35839E+00
  0.55625E+00  0.35601E+00
  0.55875E+00  0.35365E+00
  0.56125E+00  0.35129E+00
  0.56375E+00  0.34893E+00
  0.56625E+00  0.34658E+00
  0.56875E+00  0.34423E+00
  0.57125E+00  0.34189E+00
  0.57375E+00  0.33956E+00
  0.57625E+00  0.33723E+00
  0.57875E+00  0.33491E+00
  0.58125E+00  0.33259E+00
  0.58375E+00  0.33028E+00
  0.58625E+00  0.32797E+00
  0.58875E+00  0.32567E+00
  0.59125E+00  0.32337E+00
  0.59375E+00  0.32108E+00
  0.59625E+00  0.31879E+00
  0.59875E+00  0.31651E+00
  0.60125E+00  0.31423E+00
  0.60375E+00  0.31196E+00
  0.60625E+00  0.30969E+00
  0.60875E+00  0.30743E+00
  0.61125E+00  0.30518E+00
  0.61375E+00  0.30293E+00
  0.61625E+00  0.30068E+00
  0.61875E+00  0.29844E+00
  0.62125E+00  0.29620E+00
  0.62375E+00  0.29397E+00
  0.62625E+00  0.29175E+00
  0.62875E+00  0.28953E+00
  0.63125E+00  0.28731E+00
  0.63375E+00  0.28510E+00
  0.63625E+00  0.28290E+00
  0.63875E+00  0.28070E+00
  0.64125E+00  0.27850E+00
  0.64375E+00  0.27631E+00
  0.64625E+00  0.27413E+00
  0.64875E+00  0.27195E+00
  0.65125E+00  0.26977E+00
  0.65375E+00  0.26760E+00
  0.65625E+00  0.26543E+00
  0.65875E+00  0.26327E+00
  0.66125E+00  0.26111E+00
  0.66375E+00  0.25896E+00
  0.66625E+00  0.25682E+00
  0.66875E+00  0.25467E+00
  0.67125E+00  0.25254E+00
  0.67375E+00  0.25040E+00
  0.67625E+00  0.24828E+00
  0.67875E+00  0.24615E+00
  0.68125E+00  0.24403E+00
  0.68375E+00  0.24192E+00
  0.68625E+00  0.23981E+00
  0.68875E+00  0.23770E+00
  0.69125E+00  0.23560E+00
  0.69375E+00  0.23351E+00
  0.69625E+00  0.23142E+00
  0.69875E+00  0.22933E+00
  0.70125E+00  0.22725E+00
  0.70375E+00  0.22517E+00
  0.70625E+00  0.22309E+00
  0.70875E+00  0.22102E+00
  0.71125E+00  0.21896E+00
  0.71375E+00  0.21690E+00
  0.71625E+00  0.21484E+00
  0.71875E+00  0.21279E+00
  0.72125E+00  0.21074E+00
  0.72375E+00  0.20869E+00
  0.72625E+00  0.20665E+00
  0.72875E+00  0.20462E+00
  0.73125E+00  0.20259E+00
  0.73375E+00  0.20056E+00
  0.73625E+00  0.19854E+00
  0.73875E+00  0.19652E+00
  0.74125E+00  0.19450E+00
  0.74375E+00  0.19249E+00
  0.74625E+00  0.19048E+00
  0.74875E+00  0.18848E+00
  0.75125E+00  0.18648E+00
  0.75375E+00  0.18448E+00
  0.75625E+00  0.18249E+00
  0.75875E+00  0.18050E+00
  0.76125E+00  0.17851E+00
  0.76375E+00  0.17653E+00
  0.76625E+00  0.17456E+00
  0.76875E+00  0.17258E+00
  0.77125E+00  0.17061E+00
  0.77375E+00  0.16865E+00
  0.77625E+00  0.16668E+00
  0.77875E+00  0.16472E+00
  0.78125E+00  0.16277E+00
  0.78375E+00  0.16081E+00
  0.78625E+00  0.15887E+00
  0.78875E+00  0.15692E+00
  0.79125E+00  0.15498E+00
  0.79375E+00  0.15304E+00
  0.79625E+00  0.15110E+00
  0.79875E+00  0.14917E+00
  0.80125E+00  0.14724E+00
  0.80375E+00  0.14531E+00
  0.80625E+00  0.14339E+00
  0.80875E+00  0.14147E+00
  0.81125E+00  0.13955E+00
  0.81375E+00  0.13764E+00
  0.81625E+00  0.13573E+00
  0.81875E+00  0.13382E+00
  0.82125E+00  0.13192E+00
  0.82375E+00  0.13002E+00
  0.82625E+00  0.12812E+00
  0.82875E+00  0.12622E+00
  0.83125E+00  0.12433E+00
  0.83375E+00  0.12244E+00
  0.83625E+00  0.12055E+00
  0.83875E+00  0.11866E+00
  0.84125E+00  0.11678E+00
  0.84375E+00  0.11490E+00
  0.84625E+00  0.11302E+00
  0.84875E+00  0.11115E+00
  0.85125E+00  0.10928E+00
  0.85375E+00  0.10741E+00
  0.85625E+00  0.10554E+00
  0.85875E+00  0.10367E+00
  0.86125E+00  0.10181E+00
  0.86375E+00  0.99951E-01
  0.86625E+00  0.98092E-01
  0.86875E+00  0.96236E-01
  0.87125E+00  0.94383E-01
  0.87375E+00  0.92531E-01
  0.87625E+00  0.90681E-01
  0.87875E+00  0.88834E-01
  0.88125E+00  0.86988E-01
  0.88375E+00  0.85145E-01
  0.88625E+00  0.83304E-01
  0.88875E+00  0.81464E-01
  0.89125E+00  0.79626E-01
  0.89375E+00  0.77790E-01
  0.89625E+00  0.75956E-01
  0.89875E+00  0.74124E-01
  0.90125E+00  0.72293E-01
  0.90375E+00  0.70464E-01
  0.90625E+00  0.68637E-01
  0.90875E+00  0.66811E-01
  0.91125E+00  0.64987E-01
  0.91375E+00  0.63165E-01
  0.91625E+00  0.61343E-01
  0.91875E+00  0.59524E-01
  0.92125E+00  0.57705E-01
  0.92375E+00  0.55888E-01
  0.92625E+00  0.54072E-01
  0.92875E+00  0.52258E-01
  0.93125E+00  0.50445E-01
  0.93375E+00  0.48633E-01
  0.93625E+00  0.46822E-01
  0.93875E+00  0.45012E-01
  0.94125E+00  0.43203E-01
  0.94375E+00  0.41395E-01
  0.94625E+00  0.39589E-01
  0.94875E+00  0.37783E-01
  0.95125E+00  0.35978E-01
  0.95375E+00  0.34174E-01
  0.95625E+00  0.32370E-01
  0.95875E+00  0.30568E-01
  0.96125E+00  0.28766E-01
  0.96375E+00  0.26965E-01
  0.96625E+00  0.25164E-01
  0.96875E+00  0.23364E-01
  0.97125E+00  0.21565E-01
  0.97375E+00  0.19766E-01
  0.97625E+00  0.17968E-01
  0.97875E+00  0.16170E-01
  0.98125E+00  0.14372E-01
  0.98375E+00  0.12575E-01
  0.98625E+00  0.10778E-01
  0.98875E+00  0.89812E-02
  0.99125E+00  0.71847E-02
  0.99375E+00  0.53884E-02
  0.99625E+00  0.35922E-02
  0.99875E+00  0.17961E-02
